INSTANCE: "B_4_50_38" 
RELEASES: [0, 0, 0, 0]
DUEDATES: [145, 145, 137, 109]
COMPLETION TIMES: [206, 168, 324, 104]
MAKESPANS: [206, 168, 324, 104]
DELAYS: [61, 23, 187, 0]
COST: 536.5

Solution = { 
START TIMES OF ACTIVITIES OF PROJECT 1:
[0, 83, 84, 93, 94, 98, 106, 125, 106, 132, 140, 144, 146, 162, 165, 166, 40, 174, 163, 110, 30, 146, 67, 60, 163, 152, 110, 100, 143, 140, 143, 148, 150, 110, 76, 166, 162, 173, 140, 124, 115, 165, 174, 66, 50, 158, 181, 191, 191, 201, 198, 206]
START TIMES OF ACTIVITIES OF PROJECT 2:
[0, 43, 51, 55, 57, 59, 71, 78, 82, 85, 88, 27, 108, 120, 120, 137, 88, 144, 97, 70, 88, 165, 137, 92, 116, 91, 30, 98, 135, 148, 158, 158, 62, 153, 72, 161, 70, 35, 35, 35, 137, 144, 126, 144, 27, 160, 35, 94, 165, 140, 161, 168]
START TIMES OF ACTIVITIES OF PROJECT 3:
[0, 217, 220, 37, 229, 240, 227, 247, 248, 262, 263, 272, 200, 282, 22, 287, 251, 291, 283, 295, 303, 314, 229, 210, 190, 38, 252, 303, 283, 230, 307, 282, 323, 291, 48, 263, 321, 320, 303, 254, 22, 305, 294, 310, 305, 310, 320, 305, 305, 28, 308, 324]
START TIMES OF ACTIVITIES OF PROJECT 4:
[0, 17, 24, 17, 6, 22, 30, 6, 24, 40, 6, 48, 36, 58, 34, 34, 44, 48, 66, 17, 34, 46, 54, 75, 26, 17, 77, 84, 54, 48, 17, 94, 91, 64, 66, 66, 75, 69, 97, 66, 59, 56, 64, 102, 34, 34, 75, 54, 78, 77, 84, 104]
TRANSFERS OF GLOBAL RESOURCE G1
(0, 1, 12): 59 
(0, 1, 42): 17 
(0, 2, 12): 15 
(0, 2, 15): 2 
(0, 2, 20): 12 
(0, 3, 6): 105 
(0, 4, 0): 35 
(1, 0, 206): 113 
(1, 2, 118): 1 
(1, 2, 134): 2 
(1, 3, 164): 56 
(1, 3, 174): 3 
(1, 3, 191): 27 
(1, 3, 277): 11 
(2, 0, 168): 2 
(2, 1, 40): 4 
(2, 1, 50): 6 
(2, 1, 84): 6 
(2, 3, 170): 13 
(2, 3, 180): 1 
(3, 0, 324): 130 
(3, 1, 34): 18 
(3, 1, 40): 8 
(3, 1, 41): 5 
(3, 1, 50): 2 
(3, 1, 57): 31 
(3, 1, 84): 33 
(4, 1, 44): 17 
(4, 1, 60): 6 
(4, 1, 94): 1 
(4, 3, 176): 11 
TRANSFERS OF GLOBAL RESOURCE G2
(0, 1, 0): 5 
(0, 1, 10): 3 
(0, 2, 0): 37 
(0, 2, 8): 15 
(0, 3, 0): 55 
(0, 3, 16): 8 
(0, 4, 0): 11 
(0, 4, 11): 10 
(0, 4, 50): 3 
(0, 4, 71): 1 
(1, 0, 206): 15 
(1, 2, 131): 6 
(2, 0, 168): 9 
(2, 1, 44): 1 
(2, 1, 77): 4 
(2, 1, 104): 7 
(2, 1, 109): 1 
(2, 3, 176): 11 
(2, 3, 193): 16 
(2, 3, 259): 9 
(3, 0, 324): 124 
(4, 3, 168): 21 
(4, 3, 178): 4 
}
