INSTANCE: "A_2_60_19" 
RELEASES: [0, 0]
DUEDATES: [142, 143]
COMPLETION TIMES: [159, 292]
MAKESPANS: [159, 292]
DELAYS: [17, 149]
COST: 308.5

Solution = { 
START TIMES OF ACTIVITIES OF PROJECT 1:
[0, 32, 18, 18, 26, 26, 26, 39, 30, 26, 38, 49, 66, 52, 42, 52, 77, 74, 26, 42, 64, 64, 59, 93, 52, 95, 56, 67, 85, 104, 73, 58, 83, 64, 85, 111, 59, 89, 115, 93, 89, 89, 111, 99, 100, 100, 131, 107, 136, 100, 140, 101, 117, 123, 139, 104, 121, 129, 131, 149, 147, 159]
START TIMES OF ACTIVITIES OF PROJECT 2:
[0, 171, 184, 149, 196, 205, 163, 171, 179, 188, 177, 154, 190, 203, 178, 212, 205, 180, 199, 209, 219, 205, 227, 190, 179, 212, 187, 205, 235, 212, 218, 255, 219, 237, 224, 227, 196, 225, 221, 230, 235, 224, 247, 265, 249, 279, 255, 239, 274, 237, 263, 239, 247, 274, 255, 230, 263, 273, 283, 284, 280, 292]
TRANSFERS OF GLOBAL RESOURCE G1
(0, 1, 2): 12 
(0, 1, 10): 6 
(0, 1, 36): 2 
(0, 1, 85): 1 
(1, 2, 119): 7 
(1, 2, 149): 3 
(1, 2, 154): 3 
(1, 2, 160): 3 
(1, 2, 179): 3 
(1, 2, 182): 2 
(2, 0, 292): 21 
TRANSFERS OF GLOBAL RESOURCE G2
(0, 1, 0): 7 
(0, 1, 8): 14 
(0, 1, 14): 1 
(1, 2, 114): 4 
(1, 2, 123): 4 
(1, 2, 147): 5 
(1, 2, 156): 5 
(1, 2, 163): 1 
(1, 2, 165): 2 
(1, 2, 187): 1 
(2, 0, 292): 22 
}
