INSTANCE: "A_8_60_36" 
RELEASES: [0, 0, 0, 0, 0, 0, 0, 0]
DUEDATES: [103, 111, 119, 117, 125, 101, 83, 92]
COMPLETION TIMES: [142, 142, 193, 176, 147, 258, 92, 237]
MAKESPANS: [142, 142, 193, 176, 147, 258, 92, 237]
DELAYS: [39, 31, 74, 59, 22, 157, 9, 145]
COST: 961.5

Solution = { 
START TIMES OF ACTIVITIES OF PROJECT 1:
[0, 26, 26, 26, 42, 32, 32, 40, 51, 52, 52, 76, 52, 94, 55, 28, 62, 62, 79, 40, 61, 61, 70, 80, 34, 100, 105, 42, 62, 86, 70, 70, 86, 94, 83, 68, 91, 105, 83, 101, 61, 78, 72, 112, 91, 100, 117, 115, 109, 109, 114, 110, 123, 126, 95, 116, 124, 103, 136, 121, 130, 142]
START TIMES OF ACTIVITIES OF PROJECT 2:
[0, 25, 25, 25, 30, 30, 50, 38, 33, 61, 33, 38, 53, 38, 30, 73, 53, 73, 45, 58, 42, 58, 49, 88, 71, 45, 69, 77, 64, 93, 108, 48, 65, 103, 79, 84, 101, 82, 117, 107, 86, 76, 97, 111, 97, 114, 111, 125, 120, 83, 121, 133, 121, 125, 131, 131, 87, 109, 117, 139, 139, 142]
START TIMES OF ACTIVITIES OF PROJECT 3:
[0, 75, 44, 48, 62, 63, 76, 51, 95, 51, 101, 99, 86, 86, 108, 107, 120, 129, 121, 121, 101, 110, 53, 58, 133, 132, 92, 102, 141, 151, 121, 131, 137, 128, 147, 133, 116, 134, 180, 107, 131, 152, 159, 172, 143, 162, 173, 159, 141, 143, 164, 168, 177, 123, 162, 181, 181, 172, 185, 187, 185, 193]
START TIMES OF ACTIVITIES OF PROJECT 4:
[0, 32, 10, 44, 52, 18, 27, 53, 77, 87, 120, 42, 48, 62, 35, 125, 55, 62, 92, 60, 89, 48, 77, 99, 125, 87, 140, 107, 60, 99, 142, 123, 69, 142, 69, 120, 164, 35, 112, 132, 132, 142, 97, 154, 149, 126, 156, 111, 131, 141, 108, 170, 148, 158, 148, 147, 164, 152, 169, 160, 174, 176]
START TIMES OF ACTIVITIES OF PROJECT 5:
[0, 22, 22, 22, 31, 41, 30, 65, 74, 112, 84, 30, 97, 48, 83, 42, 39, 44, 80, 96, 48, 39, 60, 92, 84, 98, 38, 50, 92, 89, 105, 55, 53, 70, 68, 105, 54, 108, 89, 103, 119, 46, 108, 105, 78, 122, 134, 68, 125, 133, 119, 115, 124, 117, 124, 127, 137, 127, 137, 137, 138, 147]
START TIMES OF ACTIVITIES OF PROJECT 6:
[0, 143, 164, 28, 182, 183, 168, 173, 32, 170, 161, 193, 184, 178, 181, 171, 187, 214, 144, 241, 203, 187, 193, 176, 187, 208, 192, 197, 210, 205, 214, 228, 237, 242, 203, 158, 206, 192, 206, 211, 223, 174, 201, 200, 224, 210, 220, 218, 247, 224, 223, 249, 232, 245, 199, 233, 231, 241, 254, 250, 249, 258]
START TIMES OF ACTIVITIES OF PROJECT 7:
[0, 11, 2, 2, 11, 11, 21, 11, 16, 25, 16, 40, 21, 16, 22, 30, 17, 17, 31, 23, 46, 32, 22, 40, 37, 27, 23, 42, 46, 52, 44, 52, 39, 46, 60, 66, 44, 60, 52, 49, 37, 60, 44, 44, 67, 71, 56, 68, 77, 54, 74, 66, 76, 71, 54, 71, 76, 80, 85, 80, 90, 92]
START TIMES OF ACTIVITIES OF PROJECT 8:
[0, 29, 119, 143, 167, 150, 152, 161, 135, 171, 127, 170, 165, 161, 190, 177, 179, 185, 161, 185, 171, 120, 186, 177, 161, 165, 198, 185, 177, 193, 189, 185, 189, 175, 199, 208, 202, 209, 195, 191, 199, 196, 214, 201, 201, 206, 199, 209, 209, 206, 204, 205, 214, 206, 216, 219, 216, 220, 224, 209, 227, 237]
TRANSFERS OF GLOBAL RESOURCE G1
(0, 1, 10): 13 
(0, 1, 12): 1 
(0, 2, 1): 17 
(0, 4, 0): 2 
(0, 4, 3): 3 
(0, 4, 12): 2 
(0, 5, 0): 8 
(0, 5, 8): 8 
(0, 5, 9): 4 
(0, 6, 17): 2 
(0, 6, 21): 2 
(0, 7, 0): 30 
(0, 8, 0): 6 
(1, 3, 61): 1 
(1, 3, 127): 2 
(1, 5, 100): 1 
(1, 5, 108): 1 
(1, 6, 124): 1 
(1, 6, 125): 2 
(1, 8, 100): 1 
(1, 8, 108): 2 
(1, 8, 124): 3 
(1, 8, 133): 2 
(1, 8, 142): 7 
(2, 4, 31): 5 
(2, 4, 110): 3 
(2, 4, 127): 4 
(2, 4, 129): 2 
(2, 4, 141): 4 
(2, 6, 136): 1 
(2, 6, 139): 4 
(2, 6, 144): 4 
(2, 6, 155): 1 
(3, 0, 193): 17 
(3, 6, 147): 3 
(3, 6, 150): 7 
(3, 6, 182): 7 
(3, 8, 188): 1 
(4, 0, 176): 23 
(4, 2, 56): 1 
(4, 2, 71): 1 
(4, 2, 73): 1 
(5, 1, 36): 2 
(5, 1, 64): 2 
(5, 3, 140): 4 
(5, 3, 142): 3 
(5, 3, 146): 1 
(5, 3, 158): 3 
(5, 6, 136): 3 
(5, 6, 155): 3 
(5, 8, 147): 2 
(5, 8, 148): 3 
(6, 0, 258): 36 
(6, 3, 33): 4 
(7, 2, 14): 1 
(7, 2, 53): 1 
(7, 2, 77): 1 
(7, 2, 91): 5 
(7, 3, 32): 1 
(7, 3, 46): 1 
(7, 3, 51): 1 
(7, 3, 74): 3 
(7, 3, 90): 6 
(7, 3, 95): 3 
(7, 3, 98): 1 
(7, 4, 98): 1 
(7, 5, 71): 1 
(7, 5, 92): 2 
(7, 5, 100): 1 
(7, 8, 96): 1 
(8, 0, 237): 22 
(8, 1, 32): 2 
(8, 1, 33): 2 
(8, 1, 36): 1 
(8, 3, 47): 1 
TRANSFERS OF GLOBAL RESOURCE G2
(0, 1, 0): 19 
(0, 1, 2): 6 
(0, 2, 0): 20 
(0, 4, 0): 4 
(0, 4, 8): 5 
(0, 5, 13): 9 
(0, 5, 21): 2 
(0, 6, 0): 4 
(0, 7, 0): 13 
(0, 7, 9): 7 
(0, 7, 15): 2 
(0, 7, 19): 5 
(1, 0, 142): 1 
(1, 3, 40): 8 
(1, 3, 44): 2 
(1, 3, 47): 3 
(1, 3, 88): 1 
(1, 3, 91): 2 
(1, 3, 97): 1 
(1, 3, 98): 2 
(1, 3, 103): 1 
(1, 3, 104): 3 
(1, 3, 124): 4 
(1, 3, 125): 3 
(1, 3, 168): 3 
(1, 3, 169): 2 
(1, 3, 176): 2 
(1, 3, 177): 6 
(1, 6, 134): 2 
(1, 8, 124): 1 
(2, 4, 37): 1 
(2, 8, 108): 2 
(2, 8, 116): 4 
(2, 8, 132): 3 
(2, 8, 139): 1 
(2, 8, 154): 9 
(3, 0, 193): 30 
(3, 1, 58): 3 
(3, 1, 75): 3 
(3, 1, 110): 2 
(3, 1, 111): 3 
(3, 1, 119): 2 
(4, 0, 176): 13 
(4, 1, 96): 2 
(4, 5, 55): 1 
(4, 6, 158): 3 
(4, 7, 40): 1 
(4, 8, 106): 5 
(4, 8, 152): 1 
(4, 8, 162): 2 
(5, 4, 74): 1 
(5, 4, 77): 5 
(5, 4, 117): 1 
(5, 4, 127): 1 
(5, 6, 123): 8 
(5, 6, 138): 2 
(5, 6, 141): 1 
(5, 6, 150): 2 
(5, 6, 151): 8 
(5, 6, 167): 3 
(6, 0, 258): 29 
(6, 5, 40): 4 
(7, 1, 85): 2 
(7, 1, 90): 3 
(7, 1, 92): 1 
(7, 1, 98): 1 
(7, 4, 23): 2 
(7, 4, 68): 1 
(7, 4, 80): 2 
(7, 5, 31): 4 
(7, 5, 38): 1 
(7, 5, 60): 2 
(7, 5, 88): 4 
(7, 5, 93): 2 
(7, 5, 95): 2 
(7, 5, 102): 1 
(8, 0, 237): 23 
(8, 4, 129): 5 
}
