INSTANCE: "A_6_60_12" 
RELEASES: [0, 0, 0, 0, 0, 0]
DUEDATES: [107, 111, 118, 106, 69, 69]
COMPLETION TIMES: [141, 131, 254, 140, 151, 231]
MAKESPANS: [141, 131, 254, 140, 151, 231]
DELAYS: [34, 20, 136, 34, 82, 162]
COST: 758.0

Solution = { 
START TIMES OF ACTIVITIES OF PROJECT 1:
[0, 22, 22, 80, 29, 38, 30, 84, 28, 43, 38, 61, 42, 47, 42, 53, 49, 84, 80, 81, 62, 58, 53, 62, 114, 66, 94, 64, 81, 42, 89, 105, 89, 93, 74, 64, 106, 89, 73, 122, 75, 124, 105, 100, 103, 94, 114, 96, 118, 74, 120, 129, 120, 116, 129, 125, 125, 106, 132, 132, 132, 141]
START TIMES OF ACTIVITIES OF PROJECT 2:
[0, 18, 18, 18, 31, 27, 21, 32, 32, 26, 65, 67, 27, 75, 28, 51, 36, 40, 41, 37, 79, 60, 81, 93, 49, 82, 106, 65, 45, 56, 83, 83, 94, 53, 50, 77, 89, 56, 93, 95, 37, 90, 95, 108, 102, 106, 85, 52, 70, 99, 39, 111, 77, 99, 84, 104, 105, 113, 123, 119, 118, 131]
START TIMES OF ACTIVITIES OF PROJECT 3:
[0, 148, 149, 144, 169, 165, 202, 148, 196, 168, 158, 175, 169, 165, 177, 189, 185, 189, 187, 160, 205, 196, 155, 187, 187, 198, 171, 179, 203, 213, 206, 221, 191, 223, 215, 200, 225, 211, 198, 179, 198, 206, 215, 234, 217, 217, 231, 238, 208, 227, 241, 233, 246, 227, 241, 246, 249, 233, 253, 251, 243, 254]
START TIMES OF ACTIVITIES OF PROJECT 4:
[0, 23, 23, 23, 32, 46, 45, 38, 49, 48, 30, 53, 58, 53, 50, 64, 70, 32, 60, 46, 66, 69, 41, 45, 88, 69, 81, 90, 58, 91, 105, 70, 67, 81, 87, 61, 79, 67, 101, 91, 70, 42, 69, 75, 96, 92, 102, 92, 115, 84, 100, 90, 115, 122, 102, 122, 105, 126, 126, 137, 128, 140]
START TIMES OF ACTIVITIES OF PROJECT 5:
[0, 24, 66, 24, 77, 32, 30, 37, 68, 39, 56, 32, 39, 46, 73, 109, 30, 45, 98, 55, 66, 43, 107, 71, 88, 76, 86, 75, 87, 60, 95, 104, 78, 68, 92, 114, 116, 75, 84, 55, 42, 47, 108, 104, 123, 114, 111, 105, 86, 129, 132, 114, 121, 137, 144, 120, 127, 127, 148, 141, 134, 151]
START TIMES OF ACTIVITIES OF PROJECT 6:
[0, 152, 151, 142, 195, 163, 157, 166, 166, 164, 183, 174, 171, 180, 162, 183, 173, 190, 188, 146, 181, 171, 163, 202, 188, 203, 194, 183, 178, 171, 184, 158, 198, 171, 174, 211, 199, 183, 190, 180, 209, 197, 185, 191, 143, 194, 203, 208, 191, 181, 210, 205, 220, 212, 219, 218, 213, 223, 225, 224, 225, 231]
TRANSFERS OF GLOBAL RESOURCE G1
(0, 1, 0): 11 
(0, 1, 6): 1 
(0, 2, 0): 18 
(0, 2, 3): 6 
(0, 4, 0): 16 
(0, 5, 0): 10 
(1, 3, 136): 6 
(1, 3, 140): 3 
(1, 3, 141): 7 
(2, 3, 116): 2 
(2, 3, 121): 1 
(2, 5, 32): 1 
(2, 5, 39): 2 
(2, 5, 43): 1 
(2, 6, 137): 3 
(2, 6, 138): 4 
(2, 6, 141): 6 
(2, 6, 147): 3 
(2, 6, 157): 1 
(3, 0, 254): 28 
(4, 1, 30): 1 
(4, 1, 36): 1 
(4, 1, 107): 1 
(4, 1, 116): 1 
(4, 3, 128): 2 
(4, 3, 148): 7 
(4, 6, 137): 3 
(5, 6, 133): 1 
(5, 6, 150): 9 
(5, 6, 151): 3 
(5, 6, 153): 1 
(6, 0, 231): 34 
TRANSFERS OF GLOBAL RESOURCE G2
(0, 1, 6): 10 
(0, 2, 10): 20 
(0, 2, 19): 7 
(0, 4, 11): 7 
(0, 5, 9): 13 
(0, 5, 15): 6 
(0, 5, 17): 2 
(1, 6, 133): 1 
(1, 6, 139): 7 
(1, 6, 150): 3 
(1, 6, 164): 1 
(2, 1, 98): 2 
(2, 4, 30): 6 
(2, 4, 32): 1 
(2, 5, 95): 2 
(2, 6, 123): 3 
(2, 6, 127): 6 
(2, 6, 132): 7 
(2, 6, 133): 1 
(3, 0, 254): 25 
(4, 2, 77): 1 
(4, 3, 126): 1 
(4, 3, 127): 3 
(4, 3, 143): 6 
(4, 3, 147): 1 
(4, 5, 26): 3 
(4, 5, 35): 1 
(4, 5, 56): 6 
(4, 5, 82): 1 
(4, 5, 110): 5 
(4, 5, 140): 1 
(5, 3, 123): 7 
(5, 3, 148): 7 
(5, 4, 41): 5 
(5, 4, 42): 9 
(5, 4, 66): 1 
(5, 6, 151): 3 
(5, 6, 153): 8 
(6, 0, 231): 40 
}
