INSTANCE: "A_20_60_38" 
RELEASES: [0, 0, 0, 0, 0, 0, 0, 0, 0, 0, 0, 0, 0, 0, 0, 0, 0, 0, 0, 0]
DUEDATES: [139, 75, 148, 114, 120, 74, 91, 92, 93, 140, 83, 119, 103, 101, 118, 149, 90, 95, 66, 128]
COMPLETION TIMES: [157, 108, 175, 138, 219, 94, 114, 210, 117, 192, 105, 227, 218, 273, 239, 175, 202, 152, 124, 253]
MAKESPANS: [157, 108, 175, 138, 219, 94, 114, 210, 117, 192, 105, 227, 218, 273, 239, 175, 202, 152, 124, 253]
DELAYS: [18, 33, 27, 24, 99, 20, 23, 118, 24, 52, 22, 108, 115, 172, 121, 26, 112, 57, 58, 125]
COST: 2423.0

Solution = { 
START TIMES OF ACTIVITIES OF PROJECT 1:
[0, 13, 18, 29, 17, 42, 28, 23, 29, 54, 31, 51, 29, 39, 31, 18, 64, 90, 60, 41, 44, 42, 83, 68, 64, 77, 73, 51, 77, 83, 67, 90, 70, 100, 96, 80, 93, 95, 108, 105, 100, 106, 63, 105, 87, 110, 109, 101, 108, 110, 116, 120, 113, 126, 124, 141, 130, 131, 148, 148, 141, 157]
START TIMES OF ACTIVITIES OF PROJECT 2:
[0, 21, 21, 21, 23, 30, 67, 78, 39, 30, 55, 29, 32, 37, 31, 35, 42, 47, 46, 39, 41, 60, 67, 35, 50, 55, 46, 48, 64, 59, 58, 63, 65, 52, 65, 82, 80, 82, 90, 65, 23, 82, 71, 86, 73, 56, 71, 65, 76, 84, 84, 78, 62, 88, 72, 96, 92, 90, 104, 98, 97, 108]
START TIMES OF ACTIVITIES OF PROJECT 3:
[0, 17, 17, 17, 32, 28, 46, 56, 21, 57, 37, 18, 69, 47, 28, 46, 35, 24, 60, 114, 39, 60, 151, 78, 66, 85, 37, 94, 51, 53, 96, 78, 76, 66, 103, 94, 121, 103, 124, 88, 104, 129, 129, 112, 129, 139, 130, 113, 157, 139, 151, 148, 152, 152, 154, 157, 162, 144, 167, 140, 161, 175]
START TIMES OF ACTIVITIES OF PROJECT 4:
[0, 14, 14, 14, 32, 39, 22, 26, 44, 110, 44, 24, 54, 55, 48, 87, 24, 59, 60, 71, 37, 47, 73, 61, 79, 59, 55, 67, 100, 37, 48, 29, 71, 99, 67, 106, 39, 96, 117, 71, 116, 66, 91, 80, 99, 42, 89, 103, 87, 117, 55, 108, 118, 119, 90, 120, 122, 122, 131, 129, 125, 138]
START TIMES OF ACTIVITIES OF PROJECT 5:
[0, 116, 24, 110, 120, 105, 59, 154, 110, 127, 116, 128, 127, 128, 101, 138, 108, 159, 177, 133, 138, 142, 135, 123, 130, 133, 168, 153, 163, 145, 167, 177, 142, 123, 180, 163, 160, 182, 171, 154, 145, 162, 195, 166, 190, 188, 182, 182, 198, 198, 158, 182, 194, 185, 203, 190, 214, 208, 208, 206, 217, 219]
START TIMES OF ACTIVITIES OF PROJECT 6:
[0, 12, 12, 12, 16, 25, 16, 24, 29, 14, 25, 18, 36, 36, 26, 32, 24, 37, 34, 53, 14, 41, 43, 63, 44, 23, 40, 54, 34, 41, 41, 54, 39, 77, 43, 51, 51, 63, 30, 60, 64, 45, 64, 63, 68, 68, 74, 68, 77, 71, 68, 73, 83, 69, 69, 76, 84, 77, 78, 89, 77, 94]
START TIMES OF ACTIVITIES OF PROJECT 7:
[0, 20, 20, 20, 29, 35, 33, 26, 54, 26, 45, 42, 29, 39, 26, 32, 41, 34, 36, 45, 55, 64, 47, 52, 23, 51, 58, 61, 28, 38, 71, 52, 26, 76, 61, 47, 72, 67, 46, 66, 73, 75, 76, 76, 81, 82, 77, 85, 89, 86, 94, 97, 48, 99, 92, 101, 102, 94, 104, 105, 99, 114]
START TIMES OF ACTIVITIES OF PROJECT 8:
[0, 118, 106, 117, 119, 124, 128, 130, 113, 131, 127, 118, 165, 149, 138, 137, 141, 168, 138, 199, 153, 156, 120, 130, 156, 170, 147, 140, 142, 162, 181, 166, 146, 126, 178, 183, 184, 139, 169, 190, 168, 157, 185, 161, 186, 198, 206, 185, 159, 187, 197, 176, 160, 150, 192, 198, 197, 175, 204, 207, 201, 210]
START TIMES OF ACTIVITIES OF PROJECT 9:
[0, 20, 20, 20, 22, 51, 35, 34, 25, 24, 22, 41, 26, 49, 56, 65, 37, 75, 72, 34, 38, 66, 30, 77, 28, 75, 46, 37, 82, 35, 59, 97, 82, 43, 34, 59, 55, 87, 46, 95, 84, 73, 92, 100, 53, 65, 81, 77, 108, 69, 110, 51, 85, 110, 112, 85, 101, 97, 114, 89, 111, 117]
START TIMES OF ACTIVITIES OF PROJECT 10:
[0, 25, 21, 22, 58, 67, 27, 41, 56, 80, 47, 32, 32, 56, 58, 59, 67, 41, 102, 82, 97, 82, 102, 64, 59, 80, 71, 90, 96, 97, 47, 132, 98, 106, 106, 108, 118, 110, 86, 115, 100, 92, 124, 160, 140, 178, 146, 124, 178, 108, 140, 174, 132, 150, 140, 127, 140, 150, 183, 169, 179, 192]
START TIMES OF ACTIVITIES OF PROJECT 11:
[0, 19, 19, 19, 22, 31, 45, 23, 36, 36, 24, 59, 32, 24, 46, 41, 26, 37, 51, 31, 49, 52, 50, 57, 57, 35, 43, 67, 65, 65, 69, 73, 50, 63, 73, 84, 74, 80, 57, 60, 48, 67, 70, 55, 79, 76, 69, 83, 89, 70, 83, 76, 91, 88, 74, 79, 91, 90, 97, 95, 100, 105]
START TIMES OF ACTIVITIES OF PROJECT 12:
[0, 108, 107, 114, 120, 112, 130, 125, 114, 139, 110, 149, 130, 153, 148, 151, 152, 118, 139, 139, 130, 131, 172, 120, 179, 155, 158, 142, 158, 160, 162, 164, 184, 193, 166, 176, 170, 195, 151, 179, 164, 206, 165, 202, 148, 142, 184, 186, 166, 186, 216, 210, 210, 221, 203, 199, 200, 216, 216, 226, 155, 227]
START TIMES OF ACTIVITIES OF PROJECT 13:
[0, 18, 18, 18, 128, 28, 97, 131, 135, 145, 135, 154, 99, 154, 122, 111, 138, 161, 163, 102, 129, 135, 154, 155, 186, 144, 154, 164, 119, 29, 138, 161, 145, 166, 171, 139, 167, 178, 141, 168, 164, 163, 179, 175, 159, 164, 165, 172, 170, 180, 187, 186, 193, 179, 192, 192, 199, 202, 211, 179, 211, 218]
START TIMES OF ACTIVITIES OF PROJECT 14:
[0, 160, 194, 189, 179, 184, 191, 192, 186, 167, 201, 202, 164, 219, 200, 209, 192, 187, 240, 211, 210, 207, 211, 235, 226, 220, 253, 172, 211, 239, 235, 229, 233, 210, 198, 184, 193, 188, 238, 189, 262, 188, 198, 232, 240, 172, 241, 192, 241, 250, 248, 207, 219, 205, 226, 250, 256, 256, 265, 262, 265, 273]
START TIMES OF ACTIVITIES OF PROJECT 15:
[0, 106, 23, 135, 121, 131, 111, 114, 143, 137, 162, 214, 143, 151, 124, 118, 126, 139, 143, 195, 183, 151, 173, 192, 199, 126, 163, 206, 160, 185, 169, 183, 153, 218, 163, 188, 163, 192, 172, 198, 203, 199, 173, 200, 182, 192, 192, 182, 199, 203, 220, 217, 200, 221, 214, 222, 223, 203, 218, 230, 227, 239]
START TIMES OF ACTIVITIES OF PROJECT 16:
[0, 21, 21, 21, 77, 23, 30, 43, 27, 42, 30, 51, 63, 60, 71, 51, 31, 39, 78, 57, 89, 60, 43, 69, 34, 73, 42, 60, 103, 91, 83, 105, 86, 92, 78, 123, 97, 123, 108, 114, 125, 45, 98, 91, 134, 148, 118, 157, 139, 133, 114, 137, 148, 157, 134, 155, 133, 159, 159, 169, 166, 175]
START TIMES OF ACTIVITIES OF PROJECT 17:
[0, 121, 110, 115, 118, 130, 138, 130, 135, 147, 121, 130, 135, 130, 150, 136, 159, 148, 166, 131, 150, 134, 154, 149, 137, 141, 142, 140, 156, 170, 156, 178, 147, 149, 170, 164, 160, 170, 170, 176, 149, 176, 159, 178, 176, 161, 183, 183, 188, 188, 153, 197, 191, 190, 117, 195, 190, 191, 198, 200, 197, 202]
START TIMES OF ACTIVITIES OF PROJECT 18:
[0, 22, 22, 22, 38, 41, 32, 42, 46, 52, 31, 49, 59, 65, 42, 72, 58, 50, 115, 68, 123, 48, 74, 80, 63, 73, 74, 53, 60, 99, 125, 90, 82, 96, 86, 85, 73, 131, 55, 125, 81, 89, 98, 90, 100, 90, 128, 60, 105, 105, 137, 131, 112, 122, 124, 133, 138, 139, 136, 146, 143, 152]
START TIMES OF ACTIVITIES OF PROJECT 19:
[0, 25, 25, 25, 46, 48, 32, 49, 49, 51, 54, 53, 59, 59, 30, 62, 39, 78, 67, 42, 56, 69, 59, 87, 72, 91, 84, 60, 72, 39, 68, 38, 85, 67, 67, 98, 91, 48, 105, 76, 102, 62, 77, 107, 32, 82, 77, 96, 70, 60, 106, 98, 113, 106, 115, 85, 107, 116, 118, 116, 118, 124]
START TIMES OF ACTIVITIES OF PROJECT 20:
[0, 133, 122, 34, 125, 133, 140, 166, 144, 138, 125, 141, 176, 181, 115, 149, 126, 151, 179, 152, 153, 219, 159, 133, 181, 189, 153, 168, 136, 159, 195, 182, 184, 146, 189, 203, 207, 165, 191, 194, 196, 213, 155, 162, 210, 176, 206, 194, 182, 221, 215, 223, 214, 222, 222, 230, 214, 218, 248, 232, 239, 253]
TRANSFERS OF GLOBAL RESOURCE G1
(0, 1, 0): 5 
(0, 1, 4): 5 
(0, 1, 5): 4 
(0, 2, 3): 18 
(0, 3, 0): 16 
(0, 3, 4): 5 
(0, 3, 7): 4 
(0, 4, 1): 14 
(0, 5, 0): 5 
(0, 6, 9): 10 
(0, 6, 11): 4 
(0, 6, 13): 4 
(0, 6, 22): 4 
(0, 7, 0): 18 
(0, 7, 3): 8 
(0, 9, 0): 17 
(0, 9, 2): 13 
(0, 10, 0): 9 
(0, 10, 3): 4 
(0, 11, 2): 6 
(0, 11, 6): 6 
(0, 11, 7): 7 
(0, 13, 11): 5 
(0, 16, 5): 15 
(0, 16, 7): 6 
(0, 18, 3): 22 
(0, 19, 4): 20 
(1, 3, 82): 2 
(1, 4, 80): 1 
(1, 7, 30): 1 
(1, 11, 41): 4 
(1, 11, 44): 1 
(1, 11, 51): 4 
(1, 14, 154): 1 
(1, 14, 157): 1 
(1, 15, 161): 4 
(1, 16, 54): 2 
(1, 16, 124): 8 
(1, 16, 157): 4 
(1, 17, 106): 7 
(1, 17, 127): 3 
(1, 17, 131): 2 
(1, 17, 187): 3 
(1, 18, 80): 2 
(1, 20, 154): 4 
(2, 8, 93): 5 
(2, 8, 104): 4 
(2, 8, 105): 2 
(2, 8, 107): 5 
(2, 8, 114): 1 
(2, 10, 111): 2 
(2, 12, 97): 7 
(2, 12, 100): 2 
(2, 13, 117): 1 
(3, 0, 175): 15 
(3, 1, 57): 1 
(3, 1, 58): 4 
(3, 1, 104): 2 
(3, 7, 35): 3 
(3, 7, 38): 2 
(3, 7, 39): 2 
(3, 7, 44): 1 
(3, 7, 48): 3 
(3, 7, 78): 3 
(3, 7, 98): 8 
(3, 11, 37): 2 
(3, 11, 39): 1 
(3, 11, 40): 1 
(3, 17, 142): 6 
(4, 6, 19): 4 
(4, 10, 76): 1 
(4, 10, 108): 3 
(4, 10, 117): 1 
(4, 12, 106): 1 
(4, 12, 142): 4 
(4, 13, 120): 1 
(4, 13, 121): 7 
(4, 13, 127): 1 
(4, 13, 146): 8 
(5, 0, 219): 27 
(5, 2, 34): 2 
(5, 2, 36): 1 
(5, 9, 40): 2 
(5, 9, 71): 3 
(5, 9, 76): 7 
(5, 12, 133): 1 
(6, 4, 48): 1 
(6, 4, 58): 1 
(6, 4, 86): 2 
(6, 4, 87): 9 
(6, 5, 94): 1 
(6, 9, 94): 2 
(6, 13, 90): 10 
(6, 18, 94): 7 
(7, 1, 92): 5 
(7, 1, 102): 5 
(7, 3, 29): 4 
(7, 3, 66): 4 
(7, 3, 73): 3 
(7, 3, 85): 2 
(7, 3, 91): 3 
(7, 3, 109): 5 
(7, 3, 110): 2 
(7, 3, 127): 1 
(7, 13, 115): 3 
(7, 16, 119): 3 
(7, 17, 125): 9 
(8, 0, 210): 21 
(8, 12, 144): 1 
(8, 12, 188): 1 
(8, 12, 189): 3 
(8, 12, 191): 2 
(9, 2, 49): 3 
(9, 2, 54): 3 
(9, 2, 57): 1 
(9, 2, 66): 1 
(9, 5, 53): 10 
(9, 5, 99): 3 
(9, 5, 104): 5 
(9, 5, 114): 1 
(9, 5, 117): 10 
(9, 8, 117): 3 
(9, 12, 120): 4 
(10, 0, 192): 2 
(10, 4, 61): 1 
(10, 12, 146): 1 
(10, 12, 148): 1 
(10, 12, 154): 2 
(10, 14, 148): 5 
(10, 14, 179): 1 
(10, 15, 187): 4 
(10, 20, 27): 2 
(10, 20, 108): 4 
(10, 20, 142): 2 
(10, 20, 146): 4 
(10, 20, 148): 2 
(10, 20, 184): 1 
(10, 20, 189): 2 
(11, 1, 31): 3 
(11, 1, 60): 9 
(11, 1, 69): 1 
(11, 3, 102): 2 
(11, 4, 86): 2 
(11, 13, 108): 3 
(11, 15, 96): 3 
(11, 16, 27): 2 
(11, 16, 30): 1 
(11, 16, 82): 1 
(11, 16, 85): 7 
(11, 17, 105): 5 
(11, 20, 93): 1 
(11, 20, 100): 3 
(12, 0, 227): 18 
(12, 8, 119): 2 
(12, 8, 172): 5 
(12, 10, 120): 2 
(12, 14, 167): 1 
(12, 14, 168): 1 
(12, 14, 170): 6 
(12, 14, 172): 3 
(13, 0, 218): 41 
(13, 6, 25): 1 
(13, 6, 34): 4 
(13, 12, 100): 1 
(13, 20, 100): 1 
(14, 0, 273): 30 
(15, 0, 239): 37 
(15, 10, 114): 1 
(15, 10, 119): 1 
(15, 20, 115): 2 
(15, 20, 126): 1 
(16, 0, 175): 5 
(16, 11, 44): 3 
(16, 11, 45): 5 
(16, 11, 55): 3 
(16, 13, 118): 1 
(16, 13, 143): 1 
(16, 15, 93): 3 
(16, 15, 98): 7 
(16, 15, 140): 3 
(16, 15, 170): 10 
(16, 15, 187): 6 
(16, 17, 140): 2 
(17, 0, 202): 22 
(17, 1, 144): 10 
(17, 10, 153): 3 
(17, 13, 154): 4 
(17, 13, 156): 2 
(18, 0, 152): 12 
(18, 3, 142): 1 
(18, 6, 52): 1 
(18, 6, 57): 1 
(18, 10, 139): 2 
(18, 14, 138): 4 
(18, 14, 143): 7 
(18, 19, 41): 1 
(18, 19, 42): 4 
(18, 19, 72): 3 
(18, 19, 73): 3 
(19, 5, 140): 7 
(19, 5, 144): 1 
(19, 8, 125): 1 
(19, 12, 123): 5 
(19, 12, 125): 1 
(19, 12, 131): 1 
(19, 13, 127): 1 
(19, 15, 115): 1 
(19, 15, 128): 1 
(19, 17, 113): 1 
(19, 17, 115): 2 
(19, 17, 117): 1 
(19, 18, 26): 2 
(19, 18, 116): 5 
(19, 18, 125): 1 
(20, 0, 253): 24 
(20, 10, 49): 2 
(20, 10, 167): 3 
TRANSFERS OF GLOBAL RESOURCE G2
(0, 1, 0): 12 
(0, 1, 5): 2 
(0, 2, 0): 13 
(0, 2, 2): 11 
(0, 3, 8): 19 
(0, 3, 9): 3 
(0, 4, 0): 14 
(0, 4, 23): 1 
(0, 6, 0): 14 
(0, 6, 12): 6 
(0, 6, 13): 15 
(0, 7, 2): 28 
(0, 9, 0): 22 
(0, 9, 2): 2 
(0, 10, 0): 3 
(0, 10, 4): 2 
(0, 11, 0): 20 
(0, 11, 5): 4 
(0, 13, 0): 13 
(0, 15, 0): 8 
(0, 16, 0): 8 
(0, 16, 2): 4 
(0, 18, 0): 20 
(0, 19, 0): 12 
(1, 2, 44): 1 
(1, 2, 54): 3 
(1, 2, 57): 1 
(1, 3, 82): 4 
(1, 4, 119): 8 
(1, 17, 136): 4 
(1, 17, 148): 1 
(1, 17, 150): 1 
(1, 20, 29): 2 
(1, 20, 117): 2 
(1, 20, 120): 3 
(1, 20, 128): 2 
(1, 20, 148): 3 
(2, 1, 33): 2 
(2, 1, 71): 1 
(2, 1, 94): 1 
(2, 1, 104): 1 
(2, 1, 107): 6 
(2, 3, 77): 1 
(2, 4, 113): 1 
(2, 17, 103): 5 
(2, 17, 108): 9 
(2, 17, 114): 3 
(3, 0, 175): 5 
(3, 1, 27): 2 
(3, 1, 98): 2 
(3, 2, 42): 1 
(3, 4, 39): 3 
(3, 8, 157): 2 
(3, 8, 163): 3 
(3, 17, 168): 4 
(3, 20, 26): 4 
(3, 20, 107): 3 
(3, 20, 174): 1 
(3, 20, 181): 1 
(3, 20, 183): 2 
(4, 3, 70): 4 
(4, 13, 109): 3 
(4, 13, 141): 17 
(4, 15, 90): 2 
(4, 15, 135): 3 
(4, 16, 89): 1 
(4, 17, 173): 1 
(5, 0, 219): 23 
(6, 3, 77): 1 
(6, 5, 83): 3 
(6, 5, 87): 10 
(6, 5, 92): 1 
(6, 7, 68): 3 
(6, 7, 79): 1 
(6, 7, 81): 4 
(6, 8, 101): 5 
(6, 8, 113): 2 
(6, 10, 78): 1 
(6, 13, 85): 1 
(6, 18, 33): 1 
(6, 18, 75): 2 
(6, 20, 91): 1 
(7, 4, 39): 1 
(7, 5, 112): 3 
(7, 5, 119): 1 
(7, 5, 122): 1 
(7, 6, 51): 1 
(7, 8, 104): 4 
(7, 8, 105): 2 
(7, 8, 106): 5 
(7, 8, 116): 1 
(7, 8, 117): 3 
(7, 8, 124): 2 
(7, 13, 99): 5 
(7, 13, 106): 4 
(7, 16, 97): 3 
(7, 18, 45): 1 
(8, 0, 210): 34 
(8, 14, 177): 2 
(9, 8, 122): 2 
(9, 10, 68): 5 
(9, 10, 93): 2 
(9, 10, 103): 3 
(9, 10, 137): 7 
(9, 11, 41): 2 
(9, 11, 46): 1 
(9, 11, 69): 4 
(9, 12, 94): 2 
(9, 12, 95): 1 
(9, 20, 112): 6 
(10, 0, 192): 22 
(10, 9, 35): 1 
(10, 9, 48): 2 
(10, 9, 56): 2 
(10, 9, 79): 2 
(10, 9, 86): 2 
(10, 18, 120): 2 
(10, 20, 111): 1 
(11, 9, 55): 2 
(11, 10, 35): 6 
(11, 10, 84): 3 
(11, 10, 102): 2 
(11, 12, 95): 7 
(11, 12, 97): 4 
(11, 12, 99): 2 
(11, 12, 101): 5 
(11, 12, 107): 3 
(12, 0, 227): 24 
(13, 0, 218): 19 
(13, 4, 35): 3 
(13, 14, 191): 10 
(13, 15, 146): 2 
(13, 15, 178): 1 
(13, 15, 187): 1 
(13, 15, 194): 4 
(13, 15, 195): 3 
(13, 15, 198): 2 
(13, 16, 25): 2 
(13, 16, 36): 2 
(13, 16, 37): 2 
(13, 16, 39): 1 
(13, 19, 29): 1 
(13, 19, 40): 1 
(13, 19, 42): 1 
(14, 0, 273): 30 
(15, 0, 239): 31 
(15, 13, 159): 2 
(15, 14, 153): 4 
(15, 14, 165): 1 
(15, 16, 159): 5 
(15, 19, 25): 4 
(15, 19, 27): 4 
(16, 3, 60): 1 
(16, 7, 61): 1 
(16, 13, 91): 2 
(16, 13, 96): 2 
(16, 13, 180): 1 
(16, 14, 168): 3 
(16, 14, 173): 6 
(16, 14, 181): 2 
(16, 14, 187): 1 
(16, 14, 190): 1 
(16, 15, 144): 3 
(16, 15, 176): 5 
(16, 19, 60): 2 
(17, 0, 202): 30 
(18, 0, 152): 14 
(18, 5, 147): 4 
(18, 8, 133): 1 
(18, 8, 143): 3 
(18, 8, 153): 1 
(18, 11, 30): 1 
(18, 11, 32): 2 
(19, 13, 113): 1 
(19, 13, 119): 1 
(19, 13, 129): 1 
(19, 13, 132): 2 
(19, 15, 101): 2 
(19, 15, 113): 2 
(19, 15, 116): 6 
(19, 15, 119): 1 
(19, 15, 121): 3 
(19, 15, 130): 1 
(19, 15, 146): 2 
(19, 16, 77): 1 
(19, 16, 127): 1 
(19, 17, 122): 1 
(20, 0, 253): 24 
(20, 1, 46): 6 
(20, 17, 138): 1 
}
