INSTANCE: "B_18_50_17" 
RELEASES: [0, 0, 0, 0, 0, 0, 0, 0, 0, 0, 0, 0, 0, 0, 0, 0, 0, 0]
DUEDATES: [166, 156, 135, 153, 116, 141, 128, 58, 121, 140, 154, 146, 121, 132, 120, 167, 112, 72]
COMPLETION TIMES: [653, 296, 402, 188, 276, 589, 165, 74, 232, 166, 467, 164, 152, 253, 163, 434, 121, 100]
MAKESPANS: [653, 296, 402, 188, 276, 589, 165, 74, 232, 166, 467, 164, 152, 253, 163, 434, 121, 100]
DELAYS: [487, 140, 267, 35, 160, 448, 37, 16, 111, 26, 313, 18, 31, 121, 43, 267, 9, 28]
COST: 3726.0

Solution = { 
START TIMES OF ACTIVITIES OF PROJECT 1:
[0, 503, 526, 528, 544, 573, 583, 586, 508, 587, 596, 600, 602, 608, 617, 619, 496, 629, 615, 83, 488, 602, 563, 473, 609, 609, 525, 534, 79, 596, 554, 601, 583, 480, 638, 619, 508, 615, 647, 537, 585, 583, 615, 596, 456, 518, 625, 635, 635, 646, 646, 653]
START TIMES OF ACTIVITIES OF PROJECT 2:
[0, 150, 189, 37, 202, 210, 197, 220, 228, 230, 231, 240, 156, 251, 206, 254, 89, 257, 130, 263, 271, 285, 166, 211, 170, 90, 142, 271, 252, 179, 289, 292, 250, 261, 166, 231, 282, 240, 261, 144, 228, 206, 266, 252, 271, 271, 277, 285, 281, 102, 277, 296]
START TIMES OF ACTIVITIES OF PROJECT 3:
[0, 278, 281, 286, 315, 327, 302, 329, 336, 339, 340, 357, 258, 367, 287, 368, 284, 378, 338, 382, 390, 323, 289, 296, 316, 286, 336, 390, 368, 237, 390, 367, 376, 377, 255, 343, 399, 372, 355, 349, 308, 368, 380, 393, 390, 390, 401, 385, 355, 268, 395, 402]
START TIMES OF ACTIVITIES OF PROJECT 4:
[0, 42, 41, 70, 42, 48, 75, 60, 81, 94, 39, 60, 112, 57, 70, 53, 118, 48, 63, 80, 82, 82, 141, 158, 152, 170, 160, 82, 90, 70, 79, 81, 141, 178, 152, 126, 118, 90, 170, 84, 118, 178, 79, 134, 97, 103, 145, 145, 120, 151, 42, 188]
START TIMES OF ACTIVITIES OF PROJECT 5:
[0, 192, 198, 199, 202, 206, 210, 211, 213, 221, 229, 235, 238, 244, 260, 257, 221, 244, 267, 78, 248, 96, 229, 224, 221, 200, 250, 66, 248, 44, 86, 204, 233, 234, 236, 257, 52, 221, 262, 252, 223, 199, 200, 236, 166, 257, 173, 183, 233, 42, 267, 276]
START TIMES OF ACTIVITIES OF PROJECT 6:
[0, 454, 463, 23, 464, 487, 498, 492, 499, 516, 523, 537, 13, 548, 498, 556, 511, 559, 499, 564, 574, 484, 23, 474, 504, 464, 511, 572, 549, 24, 581, 547, 547, 564, 511, 523, 586, 551, 535, 532, 513, 523, 567, 584, 576, 572, 578, 537, 516, 465, 579, 589]
START TIMES OF ACTIVITIES OF PROJECT 7:
[0, 37, 48, 55, 46, 26, 65, 75, 0, 75, 26, 50, 34, 112, 81, 114, 107, 91, 132, 142, 81, 159, 65, 2, 26, 81, 147, 96, 122, 96, 81, 81, 104, 90, 135, 48, 98, 114, 107, 162, 50, 149, 91, 50, 147, 118, 119, 93, 42, 115, 132, 165]
START TIMES OF ACTIVITIES OF PROJECT 8:
[0, 12, 17, 24, 29, 12, 12, 0, 24, 13, 12, 26, 27, 24, 24, 24, 34, 25, 25, 13, 24, 36, 24, 41, 47, 35, 27, 12, 38, 45, 36, 31, 35, 57, 54, 41, 59, 34, 60, 38, 34, 64, 64, 60, 52, 67, 52, 44, 47, 36, 52, 74]
START TIMES OF ACTIVITIES OF PROJECT 9:
[0, 123, 133, 140, 144, 147, 152, 165, 181, 188, 194, 89, 199, 205, 133, 210, 218, 220, 156, 202, 45, 223, 97, 197, 223, 206, 54, 97, 192, 111, 174, 184, 165, 216, 177, 206, 115, 152, 0, 194, 144, 147, 197, 140, 99, 45, 185, 210, 105, 174, 216, 232]
START TIMES OF ACTIVITIES OF PROJECT 10:
[0, 16, 40, 41, 68, 80, 85, 90, 104, 109, 116, 46, 124, 134, 26, 148, 143, 156, 99, 58, 26, 165, 59, 148, 156, 112, 40, 134, 109, 31, 89, 85, 109, 95, 15, 148, 76, 90, 113, 116, 120, 163, 49, 26, 134, 46, 119, 53, 95, 95, 157, 166]
START TIMES OF ACTIVITIES OF PROJECT 11:
[0, 336, 340, 341, 349, 350, 351, 367, 351, 388, 395, 403, 412, 417, 428, 429, 418, 439, 418, 274, 278, 412, 292, 302, 418, 428, 412, 370, 403, 395, 403, 404, 436, 287, 378, 426, 354, 433, 438, 357, 322, 366, 439, 369, 312, 329, 445, 452, 452, 458, 460, 467]
START TIMES OF ACTIVITIES OF PROJECT 12:
[0, 19, 30, 37, 39, 43, 46, 59, 66, 71, 75, 22, 101, 106, 12, 111, 68, 151, 68, 22, 75, 155, 106, 76, 82, 111, 85, 39, 139, 2, 114, 95, 50, 154, 46, 143, 24, 22, 154, 46, 143, 133, 117, 153, 75, 153, 126, 95, 101, 133, 133, 164]
START TIMES OF ACTIVITIES OF PROJECT 13:
[0, 23, 40, 23, 52, 56, 44, 72, 87, 91, 94, 99, 27, 104, 91, 107, 72, 110, 27, 116, 121, 122, 112, 63, 44, 130, 122, 131, 109, 125, 104, 107, 104, 121, 139, 95, 130, 33, 80, 63, 64, 104, 52, 140, 72, 78, 24, 116, 119, 142, 128, 152]
START TIMES OF ACTIVITIES OF PROJECT 14:
[0, 167, 172, 173, 181, 185, 187, 196, 202, 216, 219, 133, 223, 229, 223, 230, 139, 240, 98, 221, 148, 250, 76, 222, 237, 212, 38, 139, 207, 158, 202, 219, 187, 232, 187, 229, 116, 148, 185, 194, 173, 207, 83, 203, 124, 164, 232, 188, 236, 44, 174, 253]
START TIMES OF ACTIVITIES OF PROJECT 15:
[0, 46, 55, 84, 74, 53, 94, 74, 82, 103, 0, 100, 57, 104, 82, 106, 116, 70, 115, 127, 101, 127, 118, 48, 48, 46, 132, 102, 153, 100, 132, 112, 101, 94, 96, 61, 82, 70, 104, 159, 76, 132, 51, 117, 112, 116, 141, 50, 57, 118, 143, 163]
START TIMES OF ACTIVITIES OF PROJECT 16:
[0, 306, 310, 316, 317, 319, 321, 337, 19, 339, 353, 361, 370, 378, 405, 409, 36, 418, 46, 370, 331, 303, 56, 65, 377, 340, 370, 338, 375, 370, 341, 409, 385, 341, 29, 372, 375, 380, 343, 391, 31, 375, 401, 321, 390, 397, 407, 409, 416, 418, 428, 434]
START TIMES OF ACTIVITIES OF PROJECT 17:
[0, 26, 28, 53, 30, 34, 63, 69, 72, 68, 26, 68, 22, 78, 74, 80, 70, 39, 100, 103, 79, 103, 91, 32, 30, 34, 108, 71, 80, 68, 72, 74, 81, 83, 63, 44, 86, 40, 83, 108, 42, 108, 39, 89, 86, 91, 70, 49, 26, 93, 111, 121]
START TIMES OF ACTIVITIES OF PROJECT 18:
[0, 42, 29, 40, 29, 38, 0, 33, 29, 48, 0, 24, 43, 24, 28, 43, 54, 62, 47, 47, 50, 56, 45, 54, 59, 34, 52, 43, 73, 50, 67, 71, 56, 81, 88, 71, 48, 81, 43, 81, 93, 71, 81, 88, 93, 71, 68, 59, 91, 55, 52, 100]
TRANSFERS OF GLOBAL RESOURCE G1
(0, 6, 6): 91 
(0, 7, 0): 19 
(0, 8, 0): 33 
(0, 10, 0): 14 
(0, 12, 0): 5 
(0, 12, 17): 7 
(0, 13, 0): 12 
(0, 13, 1): 5 
(0, 13, 4): 12 
(0, 16, 0): 151 
(0, 17, 0): 11 
(0, 17, 2): 8 
(0, 18, 0): 8 
(1, 0, 653): 192 
(1, 2, 87): 6 
(1, 2, 101): 3 
(1, 12, 87): 3 
(1, 12, 120): 1 
(2, 5, 160): 19 
(2, 5, 167): 9 
(2, 5, 232): 4 
(2, 9, 115): 23 
(2, 9, 166): 10 
(2, 9, 173): 14 
(2, 9, 210): 8 
(2, 10, 111): 11 
(2, 11, 259): 10 
(2, 16, 39): 9 
(2, 16, 296): 147 
(3, 1, 424): 20 
(3, 2, 250): 4 
(3, 6, 468): 3 
(3, 6, 482): 7 
(3, 16, 291): 2 
(3, 16, 309): 3 
(4, 5, 71): 7 
(4, 5, 79): 10 
(4, 5, 159): 8 
(4, 9, 84): 14 
(4, 9, 106): 5 
(4, 9, 128): 23 
(4, 9, 176): 4 
(4, 9, 179): 12 
(5, 1, 425): 1 
(5, 2, 96): 17 
(5, 2, 183): 52 
(5, 2, 214): 9 
(5, 2, 251): 23 
(5, 3, 233): 12 
(5, 3, 274): 10 
(5, 3, 323): 5 
(5, 3, 332): 6 
(5, 3, 364): 4 
(5, 3, 386): 2 
(5, 4, 50): 3 
(5, 4, 96): 4 
(5, 4, 105): 4 
(5, 4, 111): 3 
(5, 9, 105): 23 
(5, 9, 117): 3 
(5, 9, 212): 9 
(5, 10, 102): 3 
(5, 11, 265): 1 
(5, 11, 275): 2 
(5, 11, 282): 17 
(5, 11, 289): 49 
(5, 16, 290): 11 
(5, 16, 293): 10 
(5, 16, 308): 2 
(6, 0, 589): 112 
(6, 1, 475): 30 
(6, 1, 594): 3 
(6, 1, 604): 16 
(6, 5, 34): 1 
(6, 7, 23): 16 
(6, 7, 25): 7 
(6, 10, 30): 6 
(6, 12, 33): 3 
(6, 12, 40): 4 
(6, 12, 44): 6 
(6, 15, 23): 13 
(6, 15, 34): 14 
(6, 16, 26): 5 
(6, 16, 36): 12 
(6, 17, 40): 1 
(6, 17, 41): 3 
(7, 1, 62): 1 
(7, 2, 96): 1 
(7, 2, 158): 5 
(7, 9, 144): 8 
(7, 9, 149): 9 
(7, 9, 152): 4 
(7, 9, 165): 9 
(7, 11, 269): 1 
(7, 14, 163): 3 
(7, 15, 86): 3 
(8, 1, 61): 9 
(8, 1, 65): 3 
(8, 2, 48): 1 
(8, 4, 51): 1 
(8, 9, 57): 4 
(8, 17, 68): 6 
(8, 17, 73): 2 
(8, 18, 35): 2 
(8, 18, 42): 2 
(8, 18, 47): 3 
(9, 2, 142): 3 
(9, 2, 220): 5 
(9, 2, 222): 9 
(9, 2, 249): 1 
(9, 4, 48): 8 
(9, 4, 52): 1 
(9, 4, 55): 2 
(9, 4, 58): 8 
(9, 4, 115): 10 
(9, 4, 140): 2 
(9, 4, 147): 1 
(9, 5, 60): 1 
(9, 5, 160): 75 
(9, 5, 186): 73 
(9, 5, 223): 35 
(9, 11, 232): 69 
(10, 2, 122): 12 
(10, 2, 136): 1 
(10, 4, 152): 1 
(10, 9, 31): 2 
(10, 9, 138): 3 
(10, 9, 167): 9 
(10, 12, 126): 2 
(10, 17, 53): 5 
(10, 17, 54): 1 
(10, 17, 65): 1 
(10, 17, 68): 2 
(10, 17, 93): 5 
(11, 0, 467): 72 
(11, 1, 429): 59 
(11, 1, 446): 5 
(11, 1, 469): 1 
(11, 1, 476): 31 
(11, 6, 477): 2 
(12, 2, 64): 1 
(12, 4, 57): 4 
(12, 7, 56): 2 
(12, 9, 155): 8 
(12, 14, 74): 6 
(12, 14, 89): 3 
(12, 14, 124): 7 
(12, 14, 158): 2 
(12, 14, 164): 5 
(12, 14, 185): 1 
(13, 2, 113): 9 
(13, 9, 152): 7 
(13, 12, 77): 3 
(13, 14, 82): 2 
(13, 14, 117): 6 
(13, 18, 31): 5 
(13, 18, 33): 10 
(13, 18, 36): 1 
(13, 18, 38): 1 
(14, 2, 107): 11 
(14, 5, 196): 2 
(14, 11, 250): 21 
(14, 12, 142): 1 
(15, 2, 169): 3 
(15, 4, 123): 9 
(15, 9, 137): 1 
(15, 9, 140): 1 
(15, 9, 150): 8 
(15, 9, 161): 4 
(15, 12, 123): 4 
(16, 1, 435): 26 
(16, 2, 30): 9 
(16, 2, 82): 63 
(16, 5, 29): 12 
(16, 5, 31): 9 
(16, 5, 65): 12 
(16, 5, 73): 8 
(16, 6, 434): 110 
(16, 6, 445): 39 
(16, 9, 31): 16 
(16, 9, 75): 38 
(16, 10, 81): 4 
(16, 10, 85): 6 
(17, 2, 117): 1 
(17, 2, 131): 4 
(17, 4, 30): 3 
(17, 4, 46): 5 
(17, 4, 49): 1 
(17, 4, 86): 4 
(17, 4, 123): 9 
(17, 9, 37): 2 
(17, 9, 91): 13 
(17, 9, 125): 3 
(18, 2, 90): 11 
(18, 9, 61): 6 
(18, 13, 63): 5 
(18, 13, 95): 7 
(18, 13, 100): 1 
(18, 13, 101): 2 
TRANSFERS OF GLOBAL RESOURCE G2
(0, 6, 0): 92 
(0, 7, 0): 8 
(0, 8, 0): 26 
(0, 8, 12): 1 
(0, 10, 0): 2 
(0, 10, 1): 12 
(0, 12, 0): 12 
(0, 12, 3): 7 
(0, 12, 5): 3 
(0, 13, 6): 18 
(0, 16, 3): 108 
(0, 17, 0): 9 
(0, 17, 4): 3 
(0, 18, 0): 13 
(1, 0, 653): 250 
(1, 14, 85): 19 
(1, 14, 102): 8 
(2, 1, 39): 2 
(2, 1, 43): 1 
(2, 3, 296): 12 
(2, 3, 307): 26 
(2, 6, 423): 1 
(2, 11, 298): 2 
(2, 11, 388): 1 
(2, 13, 100): 5 
(2, 16, 289): 80 
(2, 16, 292): 5 
(2, 18, 64): 1 
(3, 0, 402): 2 
(3, 1, 406): 18 
(3, 1, 423): 30 
(3, 6, 416): 138 
(3, 11, 415): 1 
(4, 1, 68): 1 
(4, 2, 104): 6 
(4, 3, 181): 9 
(4, 15, 95): 12 
(5, 3, 234): 11 
(5, 3, 257): 8 
(5, 9, 77): 4 
(5, 10, 94): 2 
(5, 12, 68): 1 
(5, 13, 90): 2 
(5, 16, 294): 8 
(6, 0, 589): 62 
(6, 1, 474): 32 
(6, 1, 489): 42 
(6, 1, 569): 27 
(6, 1, 582): 1 
(6, 1, 601): 38 
(6, 1, 605): 41 
(6, 4, 23): 14 
(6, 7, 23): 13 
(6, 7, 32): 1 
(6, 7, 36): 8 
(6, 10, 38): 2 
(6, 15, 23): 13 
(6, 17, 23): 7 
(6, 17, 28): 1 
(6, 17, 29): 5 
(6, 18, 25): 21 
(6, 18, 27): 7 
(7, 2, 124): 4 
(7, 2, 180): 5 
(7, 5, 183): 3 
(7, 5, 204): 1 
(7, 8, 53): 5 
(7, 10, 76): 3 
(7, 10, 81): 2 
(7, 10, 142): 2 
(7, 10, 143): 2 
(7, 12, 4): 8 
(7, 12, 135): 2 
(7, 14, 56): 6 
(7, 14, 89): 4 
(7, 17, 60): 6 
(8, 7, 39): 12 
(8, 9, 28): 6 
(8, 9, 80): 2 
(8, 9, 82): 2 
(8, 10, 80): 2 
(8, 14, 68): 12 
(9, 3, 235): 10 
(9, 5, 144): 1 
(9, 5, 211): 2 
(9, 14, 48): 1 
(10, 12, 103): 6 
(10, 12, 109): 1 
(10, 14, 61): 10 
(10, 14, 68): 2 
(10, 14, 101): 2 
(10, 14, 124): 7 
(10, 14, 172): 15 
(11, 1, 465): 5 
(11, 1, 480): 3 
(11, 6, 446): 6 
(12, 10, 41): 1 
(12, 10, 45): 3 
(12, 10, 50): 1 
(12, 10, 81): 2 
(12, 10, 82): 4 
(12, 10, 135): 1 
(12, 14, 28): 9 
(12, 14, 34): 4 
(12, 14, 123): 7 
(12, 14, 157): 9 
(12, 14, 177): 11 
(13, 2, 27): 5 
(13, 2, 79): 6 
(13, 2, 80): 4 
(13, 2, 120): 6 
(13, 2, 132): 4 
(13, 2, 140): 9 
(13, 5, 152): 9 
(13, 7, 141): 1 
(14, 3, 203): 17 
(14, 3, 221): 4 
(14, 3, 224): 38 
(14, 3, 234): 18 
(14, 3, 244): 33 
(14, 5, 192): 10 
(14, 11, 253): 2 
(14, 11, 262): 4 
(14, 11, 287): 1 
(14, 11, 297): 1 
(14, 12, 143): 3 
(14, 16, 260): 18 
(15, 2, 106): 6 
(15, 2, 204): 12 
(15, 3, 178): 3 
(15, 4, 75): 1 
(15, 11, 252): 2 
(15, 14, 141): 7 
(15, 14, 142): 1 
(16, 1, 434): 13 
(16, 2, 75): 49 
(16, 2, 76): 3 
(16, 5, 33): 7 
(16, 5, 43): 2 
(16, 6, 437): 47 
(16, 6, 438): 51 
(16, 7, 30): 6 
(16, 8, 44): 1 
(16, 8, 48): 3 
(16, 10, 30): 2 
(16, 12, 67): 5 
(16, 13, 35): 5 
(16, 13, 67): 1 
(16, 13, 86): 2 
(16, 13, 89): 3 
(16, 13, 90): 4 
(16, 13, 99): 4 
(16, 14, 33): 6 
(16, 17, 32): 5 
(17, 1, 69): 1 
(17, 2, 111): 4 
(17, 2, 119): 3 
(17, 4, 53): 1 
(17, 4, 71): 7 
(17, 4, 72): 4 
(17, 5, 130): 1 
(17, 7, 99): 4 
(17, 12, 127): 4 
(17, 14, 98): 9 
(17, 15, 42): 3 
(17, 15, 48): 4 
(17, 18, 42): 1 
(18, 1, 60): 22 
(18, 2, 106): 4 
(18, 2, 118): 6 
(18, 4, 25): 1 
(18, 17, 29): 2 
(18, 17, 58): 8 
}
