INSTANCE: "A_16_60_40" 
RELEASES: [0, 0, 0, 0, 0, 0, 0, 0, 0, 0, 0, 0, 0, 0, 0, 0]
DUEDATES: [92, 149, 66, 113, 93, 149, 91, 66, 90, 92, 124, 113, 128, 119, 159, 70]
COMPLETION TIMES: [133, 167, 212, 128, 105, 273, 226, 87, 103, 221, 146, 141, 163, 163, 265, 143]
MAKESPANS: [133, 167, 212, 128, 105, 273, 226, 87, 103, 221, 146, 141, 163, 163, 265, 143]
DELAYS: [41, 18, 146, 15, 12, 124, 135, 21, 13, 129, 22, 28, 35, 44, 106, 73]
COST: 1819.0

Solution = { 
START TIMES OF ACTIVITIES OF PROJECT 1:
[0, 25, 25, 37, 38, 32, 49, 45, 40, 45, 59, 40, 50, 74, 61, 81, 35, 49, 63, 39, 64, 53, 63, 99, 65, 60, 82, 81, 67, 51, 108, 59, 62, 76, 84, 63, 61, 64, 70, 77, 54, 57, 67, 62, 67, 77, 92, 99, 108, 112, 118, 90, 85, 98, 108, 108, 118, 113, 128, 118, 113, 133]
START TIMES OF ACTIVITIES OF PROJECT 2:
[0, 16, 16, 16, 50, 18, 47, 25, 22, 75, 25, 35, 51, 56, 63, 38, 25, 29, 67, 35, 33, 47, 76, 59, 41, 65, 74, 78, 93, 90, 81, 87, 83, 76, 67, 116, 91, 91, 112, 103, 118, 32, 97, 95, 126, 133, 128, 142, 107, 142, 126, 146, 148, 142, 126, 155, 135, 151, 156, 161, 151, 167]
START TIMES OF ACTIVITIES OF PROJECT 3:
[0, 147, 147, 152, 180, 163, 155, 162, 184, 160, 163, 160, 162, 172, 179, 182, 156, 168, 189, 178, 168, 167, 187, 178, 177, 187, 165, 177, 166, 179, 169, 167, 171, 149, 173, 180, 196, 182, 182, 172, 167, 171, 188, 189, 188, 189, 185, 192, 189, 192, 192, 187, 194, 197, 204, 198, 200, 195, 208, 202, 197, 212]
START TIMES OF ACTIVITIES OF PROJECT 4:
[0, 23, 23, 23, 33, 32, 33, 33, 26, 35, 32, 41, 65, 44, 70, 44, 40, 41, 49, 37, 54, 47, 73, 47, 68, 82, 36, 51, 98, 77, 61, 91, 90, 72, 80, 93, 65, 71, 70, 80, 87, 100, 109, 119, 100, 108, 57, 69, 114, 97, 109, 104, 100, 112, 111, 122, 110, 122, 126, 120, 123, 128]
START TIMES OF ACTIVITIES OF PROJECT 5:
[0, 16, 16, 16, 19, 23, 31, 19, 31, 39, 26, 44, 36, 31, 49, 47, 29, 48, 32, 20, 29, 39, 61, 19, 42, 39, 49, 54, 55, 65, 57, 76, 43, 58, 73, 49, 63, 68, 48, 55, 65, 89, 59, 59, 68, 67, 65, 82, 68, 85, 74, 82, 76, 89, 91, 92, 93, 91, 92, 97, 102, 105]
START TIMES OF ACTIVITIES OF PROJECT 6:
[0, 54, 126, 133, 178, 135, 136, 144, 166, 147, 156, 190, 128, 149, 158, 159, 172, 183, 166, 207, 144, 149, 229, 173, 196, 136, 149, 180, 199, 207, 197, 192, 209, 206, 217, 213, 237, 236, 216, 207, 253, 226, 226, 223, 213, 243, 237, 236, 246, 212, 254, 225, 256, 246, 258, 236, 255, 255, 256, 265, 263, 273]
START TIMES OF ACTIVITIES OF PROJECT 7:
[0, 124, 129, 124, 132, 150, 138, 146, 144, 153, 166, 163, 147, 142, 143, 132, 168, 143, 181, 154, 178, 166, 194, 162, 192, 178, 155, 158, 204, 187, 195, 154, 169, 169, 186, 172, 176, 186, 204, 186, 134, 204, 186, 174, 195, 205, 177, 195, 197, 192, 197, 200, 199, 207, 197, 210, 201, 198, 219, 212, 215, 226]
START TIMES OF ACTIVITIES OF PROJECT 8:
[0, 22, 22, 22, 23, 25, 25, 32, 32, 35, 25, 33, 51, 37, 42, 42, 32, 45, 51, 41, 43, 39, 57, 35, 41, 41, 48, 45, 63, 26, 58, 55, 45, 53, 47, 63, 60, 65, 61, 50, 45, 64, 60, 66, 62, 60, 68, 58, 54, 64, 55, 68, 65, 69, 77, 75, 68, 71, 78, 73, 85, 87]
START TIMES OF ACTIVITIES OF PROJECT 9:
[0, 15, 15, 11, 15, 21, 21, 25, 25, 32, 31, 44, 21, 34, 29, 41, 39, 65, 22, 26, 47, 38, 39, 21, 46, 31, 34, 52, 60, 29, 32, 48, 34, 50, 39, 62, 51, 71, 62, 49, 42, 47, 52, 60, 68, 72, 48, 73, 75, 15, 75, 83, 60, 65, 80, 85, 76, 21, 86, 94, 72, 103]
START TIMES OF ACTIVITIES OF PROJECT 10:
[0, 122, 95, 132, 140, 146, 147, 148, 156, 156, 123, 133, 154, 144, 159, 194, 152, 125, 156, 141, 160, 163, 135, 131, 152, 178, 160, 196, 133, 167, 205, 158, 163, 143, 181, 174, 169, 176, 177, 191, 184, 170, 196, 184, 196, 206, 214, 176, 174, 188, 210, 198, 169, 160, 202, 211, 207, 185, 211, 215, 212, 221]
START TIMES OF ACTIVITIES OF PROJECT 11:
[0, 20, 20, 20, 25, 30, 36, 26, 30, 45, 29, 49, 30, 85, 79, 49, 21, 42, 54, 72, 65, 56, 57, 40, 84, 32, 61, 107, 96, 87, 81, 76, 96, 89, 91, 93, 100, 64, 73, 87, 141, 69, 102, 96, 49, 68, 78, 110, 110, 118, 118, 128, 113, 123, 125, 95, 110, 130, 135, 145, 139, 146]
START TIMES OF ACTIVITIES OF PROJECT 12:
[0, 23, 33, 7, 9, 30, 32, 23, 37, 40, 68, 43, 50, 42, 65, 23, 50, 33, 81, 61, 61, 93, 58, 50, 56, 93, 69, 30, 100, 69, 66, 69, 76, 100, 73, 73, 66, 92, 113, 74, 42, 111, 67, 104, 88, 68, 106, 102, 78, 91, 101, 112, 114, 114, 122, 115, 133, 122, 128, 134, 123, 141]
START TIMES OF ACTIVITIES OF PROJECT 13:
[0, 23, 19, 19, 22, 38, 48, 30, 71, 45, 22, 28, 40, 73, 40, 52, 47, 55, 54, 41, 69, 88, 63, 63, 74, 105, 57, 78, 57, 89, 107, 111, 113, 90, 93, 70, 93, 89, 122, 120, 126, 105, 82, 74, 136, 90, 140, 98, 98, 144, 107, 146, 110, 114, 114, 122, 141, 131, 146, 155, 132, 163]
START TIMES OF ACTIVITIES OF PROJECT 14:
[0, 22, 23, 93, 26, 45, 41, 36, 48, 42, 26, 73, 36, 56, 51, 54, 63, 34, 47, 60, 54, 79, 96, 96, 110, 103, 69, 112, 69, 73, 134, 88, 115, 87, 87, 105, 79, 127, 87, 93, 118, 141, 120, 142, 66, 69, 118, 94, 130, 120, 150, 150, 136, 155, 101, 140, 145, 152, 148, 162, 55, 163]
START TIMES OF ACTIVITIES OF PROJECT 15:
[0, 104, 103, 136, 114, 124, 122, 146, 104, 130, 114, 169, 134, 144, 176, 177, 123, 155, 130, 190, 141, 150, 168, 194, 159, 158, 150, 156, 181, 200, 209, 182, 139, 166, 162, 197, 224, 190, 177, 200, 184, 213, 176, 204, 184, 194, 214, 222, 158, 223, 223, 251, 236, 245, 231, 256, 240, 232, 261, 245, 256, 265]
START TIMES OF ACTIVITIES OF PROJECT 16:
[0, 41, 27, 48, 71, 37, 72, 86, 45, 94, 80, 98, 99, 40, 62, 97, 110, 40, 42, 94, 114, 79, 103, 52, 85, 73, 84, 102, 129, 98, 76, 84, 108, 110, 103, 118, 120, 94, 98, 120, 114, 79, 115, 103, 122, 71, 55, 125, 104, 120, 108, 124, 111, 125, 124, 129, 136, 137, 138, 131, 131, 143]
TRANSFERS OF GLOBAL RESOURCE G1
(0, 1, 0): 3 
(0, 1, 7): 2 
(0, 2, 0): 15 
(0, 2, 2): 6 
(0, 2, 13): 1 
(0, 4, 0): 14 
(0, 4, 3): 1 
(0, 4, 10): 1 
(0, 5, 0): 16 
(0, 5, 3): 8 
(0, 5, 4): 5 
(0, 8, 0): 24 
(0, 8, 3): 12 
(0, 8, 4): 2 
(0, 9, 0): 4 
(0, 9, 4): 20 
(0, 9, 10): 4 
(0, 11, 0): 9 
(0, 11, 1): 6 
(0, 11, 5): 6 
(0, 11, 6): 2 
(0, 12, 0): 1 
(0, 12, 2): 5 
(0, 12, 16): 10 
(0, 13, 11): 13 
(0, 13, 14): 7 
(0, 14, 0): 7 
(0, 14, 3): 2 
(0, 16, 0): 7 
(1, 4, 65): 3 
(1, 4, 66): 1 
(1, 4, 68): 1 
(1, 4, 72): 6 
(1, 4, 75): 1 
(1, 4, 77): 1 
(1, 4, 99): 4 
(1, 7, 112): 1 
(1, 7, 117): 3 
(1, 7, 120): 1 
(1, 7, 135): 6 
(1, 7, 138): 2 
(1, 10, 123): 2 
(1, 10, 124): 1 
(1, 11, 80): 1 
(1, 11, 86): 1 
(2, 0, 167): 6 
(2, 1, 32): 1 
(2, 4, 54): 1 
(2, 4, 90): 2 
(2, 6, 117): 5 
(2, 6, 197): 7 
(2, 6, 198): 1 
(2, 6, 237): 7 
(2, 6, 249): 4 
(2, 7, 97): 2 
(2, 11, 39): 4 
(2, 11, 81): 2 
(2, 11, 97): 2 
(2, 11, 100): 1 
(3, 0, 212): 42 
(4, 0, 128): 4 
(4, 1, 27): 5 
(4, 1, 49): 6 
(4, 1, 52): 1 
(4, 1, 54): 2 
(4, 1, 55): 1 
(4, 1, 93): 8 
(4, 7, 108): 2 
(4, 7, 134): 7 
(4, 10, 127): 9 
(4, 11, 41): 2 
(4, 11, 64): 1 
(4, 11, 87): 2 
(4, 11, 109): 8 
(5, 6, 32): 2 
(5, 7, 101): 4 
(5, 7, 104): 6 
(5, 9, 23): 1 
(5, 10, 97): 4 
(5, 10, 106): 1 
(5, 10, 108): 3 
(5, 10, 118): 1 
(5, 12, 92): 3 
(5, 13, 45): 1 
(5, 13, 80): 1 
(5, 15, 104): 4 
(5, 15, 119): 2 
(6, 0, 273): 32 
(6, 2, 65): 7 
(6, 2, 142): 6 
(6, 11, 63): 2 
(6, 12, 63): 1 
(7, 0, 226): 35 
(7, 10, 134): 3 
(8, 12, 69): 4 
(8, 14, 83): 1 
(8, 15, 90): 9 
(8, 15, 91): 4 
(8, 16, 52): 1 
(8, 16, 54): 1 
(8, 16, 65): 1 
(8, 16, 66): 5 
(8, 16, 75): 2 
(8, 16, 78): 3 
(8, 16, 79): 1 
(8, 16, 83): 3 
(8, 16, 84): 2 
(8, 16, 85): 3 
(9, 1, 74): 1 
(9, 6, 39): 7 
(9, 7, 107): 3 
(9, 10, 73): 1 
(9, 10, 103): 6 
(9, 12, 74): 1 
(9, 12, 75): 1 
(9, 12, 85): 3 
(9, 13, 65): 1 
(9, 13, 80): 2 
(9, 13, 81): 3 
(10, 0, 221): 34 
(10, 7, 186): 1 
(11, 0, 146): 10 
(11, 1, 54): 5 
(11, 2, 116): 7 
(11, 2, 125): 1 
(11, 2, 132): 1 
(11, 2, 141): 1 
(11, 4, 29): 3 
(11, 4, 32): 4 
(11, 4, 33): 3 
(11, 4, 96): 11 
(11, 4, 100): 1 
(11, 6, 120): 1 
(11, 6, 123): 1 
(12, 0, 141): 7 
(12, 6, 115): 1 
(12, 6, 117): 7 
(12, 6, 122): 1 
(12, 6, 125): 1 
(12, 13, 134): 2 
(12, 14, 50): 5 
(12, 14, 114): 2 
(12, 15, 132): 5 
(13, 0, 163): 5 
(13, 5, 56): 1 
(13, 5, 59): 3 
(13, 6, 38): 1 
(13, 6, 117): 2 
(13, 8, 30): 2 
(13, 10, 113): 4 
(13, 12, 100): 2 
(13, 15, 156): 2 
(13, 15, 164): 3 
(13, 15, 170): 5 
(14, 0, 163): 2 
(14, 3, 148): 6 
(14, 3, 151): 2 
(14, 3, 158): 2 
(14, 3, 159): 5 
(14, 3, 188): 1 
(14, 16, 37): 1 
(14, 16, 72): 1 
(14, 16, 76): 1 
(15, 0, 265): 34 
(16, 0, 143): 2 
(16, 3, 141): 8 
(16, 3, 143): 5 
(16, 3, 150): 7 
(16, 3, 157): 6 
(16, 14, 126): 1 
(16, 14, 137): 3 
TRANSFERS OF GLOBAL RESOURCE G2
(0, 1, 15): 7 
(0, 2, 8): 8 
(0, 2, 10): 4 
(0, 2, 17): 10 
(0, 4, 18): 21 
(0, 5, 10): 19 
(0, 5, 13): 18 
(0, 8, 20): 24 
(0, 8, 23): 7 
(0, 9, 0): 28 
(0, 9, 6): 1 
(0, 9, 14): 1 
(0, 11, 10): 21 
(0, 11, 16): 2 
(0, 12, 0): 12 
(0, 12, 7): 1 
(0, 13, 0): 12 
(0, 13, 3): 3 
(0, 14, 0): 8 
(0, 14, 1): 8 
(0, 16, 18): 6 
(1, 2, 68): 7 
(1, 3, 133): 6 
(1, 6, 107): 4 
(1, 10, 130): 5 
(1, 11, 108): 3 
(1, 13, 117): 1 
(1, 16, 114): 6 
(2, 0, 167): 21 
(2, 1, 31): 1 
(2, 1, 43): 2 
(2, 1, 44): 1 
(2, 1, 47): 3 
(2, 1, 75): 1 
(2, 1, 93): 9 
(2, 9, 36): 1 
(2, 10, 118): 2 
(2, 11, 31): 3 
(2, 11, 37): 1 
(2, 11, 91): 1 
(2, 11, 108): 1 
(2, 14, 81): 1 
(2, 16, 33): 2 
(3, 0, 212): 43 
(4, 1, 51): 1 
(4, 2, 58): 2 
(4, 2, 96): 5 
(4, 3, 119): 6 
(4, 3, 124): 4 
(4, 3, 127): 5 
(4, 3, 128): 3 
(4, 5, 40): 3 
(4, 8, 43): 3 
(4, 10, 130): 1 
(4, 10, 132): 2 
(4, 11, 62): 5 
(4, 11, 112): 4 
(5, 1, 49): 1 
(5, 4, 28): 2 
(5, 4, 100): 1 
(5, 7, 97): 6 
(5, 7, 102): 7 
(5, 7, 105): 6 
(5, 7, 107): 1 
(5, 8, 27): 3 
(5, 8, 30): 8 
(5, 8, 32): 2 
(5, 8, 52): 1 
(5, 13, 85): 4 
(5, 16, 72): 4 
(5, 16, 73): 1 
(5, 16, 98): 1 
(6, 0, 273): 32 
(6, 14, 68): 1 
(7, 0, 226): 46 
(8, 4, 63): 2 
(8, 4, 64): 1 
(8, 4, 73): 4 
(8, 4, 75): 3 
(8, 4, 97): 7 
(8, 5, 42): 3 
(8, 5, 60): 1 
(8, 5, 62): 4 
(8, 13, 89): 5 
(8, 16, 40): 3 
(8, 16, 63): 5 
(8, 16, 90): 3 
(8, 16, 94): 7 
(9, 1, 47): 1 
(9, 1, 73): 1 
(9, 2, 59): 1 
(9, 11, 62): 2 
(9, 11, 70): 2 
(9, 11, 107): 1 
(9, 12, 30): 3 
(9, 12, 31): 4 
(9, 12, 92): 4 
(9, 12, 94): 4 
(9, 14, 82): 1 
(9, 15, 85): 4 
(9, 15, 86): 3 
(10, 0, 221): 38 
(10, 15, 105): 1 
(11, 0, 146): 2 
(11, 1, 44): 1 
(11, 1, 47): 1 
(11, 2, 60): 4 
(11, 2, 98): 4 
(11, 2, 146): 5 
(11, 3, 123): 6 
(11, 3, 139): 2 
(11, 3, 142): 5 
(11, 3, 143): 2 
(11, 3, 148): 2 
(11, 3, 153): 1 
(11, 4, 30): 1 
(11, 4, 81): 1 
(11, 4, 102): 1 
(11, 10, 135): 1 
(11, 14, 79): 7 
(12, 10, 86): 1 
(12, 10, 113): 2 
(12, 10, 114): 2 
(12, 10, 116): 7 
(12, 10, 122): 4 
(12, 10, 124): 1 
(12, 10, 138): 1 
(12, 10, 139): 3 
(12, 10, 143): 1 
(12, 15, 86): 4 
(12, 15, 133): 2 
(13, 0, 163): 5 
(13, 6, 41): 1 
(13, 6, 113): 6 
(13, 6, 115): 5 
(13, 6, 203): 7 
(13, 6, 204): 5 
(14, 0, 158): 8 
(14, 1, 32): 1 
(14, 10, 101): 1 
(14, 10, 130): 3 
(14, 10, 132): 1 
(14, 10, 134): 1 
(14, 15, 101): 7 
(14, 15, 129): 3 
(14, 16, 26): 1 
(15, 0, 265): 24 
(16, 0, 143): 2 
(16, 1, 52): 1 
(16, 3, 132): 1 
(16, 6, 126): 4 
(16, 6, 135): 1 
(16, 7, 127): 1 
(16, 7, 131): 2 
(16, 7, 137): 3 
(16, 7, 138): 7 
(16, 7, 141): 3 
(16, 7, 143): 7 
(16, 7, 145): 3 
(16, 13, 59): 2 
(16, 13, 136): 2 
}
