INSTANCE: "A_4_60_10" 
RELEASES: [0, 0, 0, 0]
DUEDATES: [107, 121, 130, 116]
COMPLETION TIMES: [126, 156, 266, 298]
MAKESPANS: [126, 156, 266, 298]
DELAYS: [19, 35, 136, 182]
COST: 609.0

Solution = { 
START TIMES OF ACTIVITIES OF PROJECT 1:
[0, 7, 7, 7, 20, 11, 17, 10, 11, 32, 17, 41, 64, 30, 44, 69, 35, 88, 10, 47, 54, 26, 90, 90, 40, 43, 36, 24, 56, 30, 26, 44, 101, 42, 61, 38, 98, 99, 50, 62, 68, 72, 51, 46, 60, 79, 51, 60, 59, 77, 72, 111, 98, 111, 101, 115, 110, 111, 118, 102, 118, 126]
START TIMES OF ACTIVITIES OF PROJECT 2:
[0, 10, 10, 12, 14, 28, 20, 18, 46, 86, 54, 122, 36, 56, 47, 108, 51, 46, 93, 124, 56, 59, 77, 92, 128, 60, 72, 110, 51, 92, 69, 105, 18, 136, 67, 95, 67, 99, 80, 105, 110, 128, 83, 124, 95, 108, 105, 86, 107, 114, 140, 125, 118, 141, 136, 131, 140, 116, 147, 147, 144, 156]
START TIMES OF ACTIVITIES OF PROJECT 3:
[0, 21, 131, 130, 147, 138, 138, 146, 154, 142, 162, 164, 155, 164, 171, 172, 166, 171, 185, 173, 202, 175, 180, 182, 234, 212, 158, 192, 180, 240, 180, 208, 229, 191, 179, 195, 208, 184, 201, 204, 222, 183, 222, 196, 213, 245, 231, 213, 239, 222, 250, 242, 228, 217, 233, 259, 261, 250, 254, 262, 260, 266]
START TIMES OF ACTIVITIES OF PROJECT 4:
[0, 151, 180, 141, 160, 184, 192, 185, 183, 198, 160, 165, 208, 194, 217, 172, 183, 239, 251, 166, 229, 175, 202, 168, 169, 240, 193, 211, 237, 219, 204, 249, 222, 236, 233, 242, 199, 218, 213, 261, 227, 249, 274, 251, 254, 274, 254, 220, 281, 265, 275, 271, 266, 277, 277, 286, 277, 285, 296, 286, 292, 298]
TRANSFERS OF GLOBAL RESOURCE G1
(0, 1, 0): 17 
(0, 1, 3): 1 
(0, 2, 0): 12 
(0, 2, 8): 1 
(1, 2, 56): 5 
(1, 2, 76): 1 
(1, 3, 11): 2 
(1, 3, 120): 10 
(1, 3, 121): 3 
(1, 3, 128): 1 
(1, 4, 123): 1 
(2, 1, 20): 2 
(2, 1, 27): 1 
(2, 3, 114): 3 
(2, 3, 149): 1 
(2, 4, 137): 3 
(2, 4, 147): 1 
(2, 4, 156): 6 
(2, 4, 161): 2 
(3, 0, 266): 12 
(3, 1, 26): 2 
(3, 4, 184): 3 
(3, 4, 207): 1 
(3, 4, 245): 2 
(4, 0, 298): 19 
TRANSFERS OF GLOBAL RESOURCE G2
(0, 1, 2): 13 
(0, 1, 3): 5 
(0, 1, 9): 2 
(0, 2, 1): 5 
(0, 2, 3): 3 
(1, 2, 36): 3 
(1, 2, 43): 2 
(1, 2, 72): 3 
(1, 2, 103): 1 
(1, 3, 117): 1 
(1, 3, 118): 9 
(1, 4, 126): 1 
(2, 3, 14): 2 
(2, 3, 155): 3 
(2, 3, 157): 8 
(2, 4, 125): 4 
(2, 4, 135): 1 
(2, 4, 153): 1 
(3, 0, 266): 6 
(3, 2, 29): 2 
(3, 4, 140): 1 
(3, 4, 169): 1 
(3, 4, 173): 5 
(3, 4, 216): 2 
(3, 4, 218): 2 
(3, 4, 231): 2 
(3, 4, 250): 1 
(3, 4, 263): 5 
(4, 0, 298): 22 
(4, 3, 193): 3 
(4, 3, 197): 1 
}
