INSTANCE: "B_14_50_17" 
RELEASES: [0, 0, 0, 0, 0, 0, 0, 0, 0, 0, 0, 0, 0, 0]
DUEDATES: [47, 143, 68, 95, 72, 131, 156, 137, 132, 114, 144, 135, 140, 130]
COMPLETION TIMES: [105, 170, 99, 95, 79, 488, 438, 218, 294, 162, 172, 374, 192, 172]
MAKESPANS: [105, 170, 99, 95, 79, 488, 438, 218, 294, 162, 172, 374, 192, 172]
DELAYS: [58, 27, 31, 0, 7, 357, 282, 81, 162, 48, 28, 239, 52, 42]
COST: 2236.0

Solution = { 
START TIMES OF ACTIVITIES OF PROJECT 1:
[0, 44, 63, 24, 24, 37, 77, 27, 37, 43, 46, 37, 24, 56, 24, 86, 67, 44, 67, 67, 88, 0, 76, 61, 0, 46, 46, 0, 88, 67, 67, 98, 98, 88, 86, 87, 98, 86, 86, 96, 71, 88, 98, 79, 86, 86, 74, 46, 71, 75, 72, 105]
START TIMES OF ACTIVITIES OF PROJECT 2:
[0, 0, 20, 15, 30, 51, 19, 20, 71, 168, 20, 52, 82, 15, 30, 36, 88, 78, 15, 62, 43, 62, 96, 84, 106, 64, 124, 91, 52, 88, 78, 72, 123, 158, 72, 97, 114, 105, 165, 138, 62, 160, 43, 134, 123, 109, 147, 153, 119, 119, 130, 170]
START TIMES OF ACTIVITIES OF PROJECT 3:
[0, 25, 42, 46, 25, 17, 56, 63, 17, 25, 17, 69, 25, 74, 36, 63, 28, 28, 46, 82, 89, 63, 46, 94, 78, 69, 88, 63, 70, 74, 69, 63, 70, 69, 51, 77, 37, 53, 54, 28, 53, 35, 28, 42, 25, 17, 28, 26, 25, 27, 25, 99]
START TIMES OF ACTIVITIES OF PROJECT 4:
[0, 5, 5, 17, 34, 17, 17, 26, 31, 17, 27, 30, 17, 45, 17, 20, 8, 37, 17, 72, 51, 39, 45, 5, 67, 54, 37, 46, 64, 76, 45, 32, 37, 49, 77, 55, 75, 56, 80, 59, 69, 83, 17, 69, 17, 91, 69, 23, 44, 23, 52, 95]
START TIMES OF ACTIVITIES OF PROJECT 5:
[0, 10, 6, 0, 6, 30, 12, 5, 6, 22, 6, 22, 23, 22, 25, 23, 31, 26, 18, 11, 57, 35, 35, 51, 15, 22, 33, 22, 43, 39, 57, 44, 39, 69, 54, 35, 39, 51, 25, 62, 74, 62, 71, 58, 62, 62, 62, 62, 41, 62, 39, 79]
START TIMES OF ACTIVITIES OF PROJECT 6:
[0, 378, 381, 54, 391, 403, 401, 417, 420, 422, 423, 432, 355, 441, 20, 442, 420, 452, 392, 467, 475, 458, 365, 409, 445, 321, 452, 478, 444, 391, 475, 467, 478, 458, 365, 423, 483, 441, 465, 462, 471, 474, 465, 486, 470, 476, 485, 470, 474, 369, 479, 488]
START TIMES OF ACTIVITIES OF PROJECT 7:
[0, 334, 344, 27, 357, 361, 352, 371, 379, 385, 386, 395, 258, 407, 381, 411, 257, 415, 294, 419, 427, 340, 268, 362, 303, 315, 325, 427, 408, 268, 432, 433, 414, 415, 268, 386, 435, 405, 405, 327, 312, 312, 422, 420, 427, 422, 437, 408, 408, 285, 431, 438]
START TIMES OF ACTIVITIES OF PROJECT 8:
[0, 114, 122, 25, 126, 145, 135, 146, 152, 153, 157, 166, 104, 173, 153, 174, 155, 189, 78, 192, 200, 207, 176, 126, 94, 84, 176, 200, 178, 152, 200, 178, 217, 186, 176, 162, 203, 173, 184, 187, 185, 180, 189, 205, 194, 192, 194, 202, 203, 65, 202, 218]
START TIMES OF ACTIVITIES OF PROJECT 9:
[0, 184, 189, 197, 198, 206, 208, 217, 219, 228, 236, 246, 250, 264, 272, 219, 19, 200, 283, 256, 241, 20, 239, 228, 121, 17, 272, 277, 217, 274, 200, 236, 207, 210, 249, 30, 23, 197, 272, 210, 197, 286, 273, 235, 125, 274, 19, 39, 283, 39, 198, 294]
START TIMES OF ACTIVITIES OF PROJECT 10:
[0, 35, 40, 52, 43, 34, 62, 46, 67, 87, 41, 77, 96, 105, 47, 107, 123, 42, 116, 128, 100, 119, 71, 92, 37, 47, 133, 78, 133, 104, 67, 88, 107, 126, 69, 87, 128, 100, 109, 159, 45, 139, 67, 94, 119, 142, 131, 100, 77, 144, 149, 162]
START TIMES OF ACTIVITIES OF PROJECT 11:
[0, 16, 56, 26, 57, 66, 29, 79, 87, 95, 102, 106, 28, 112, 95, 117, 106, 124, 20, 130, 132, 158, 59, 72, 57, 39, 124, 144, 142, 144, 47, 132, 126, 116, 120, 132, 150, 158, 171, 87, 72, 106, 112, 110, 99, 59, 163, 116, 38, 20, 166, 172]
START TIMES OF ACTIVITIES OF PROJECT 12:
[0, 236, 239, 239, 241, 254, 272, 263, 273, 278, 288, 307, 226, 317, 242, 319, 152, 333, 245, 342, 350, 327, 258, 297, 258, 163, 322, 350, 318, 278, 318, 323, 178, 321, 241, 287, 365, 368, 331, 339, 324, 322, 342, 351, 347, 355, 355, 350, 331, 153, 352, 374]
START TIMES OF ACTIVITIES OF PROJECT 13:
[0, 62, 70, 72, 88, 98, 106, 111, 114, 118, 126, 137, 20, 143, 153, 124, 72, 163, 70, 20, 180, 131, 143, 163, 126, 119, 118, 174, 111, 106, 112, 106, 134, 104, 20, 98, 166, 186, 79, 49, 118, 131, 70, 163, 172, 20, 98, 54, 178, 72, 180, 192]
START TIMES OF ACTIVITIES OF PROJECT 14:
[0, 33, 73, 92, 75, 25, 102, 58, 41, 114, 25, 75, 48, 118, 76, 126, 114, 76, 140, 144, 140, 163, 115, 134, 94, 80, 149, 84, 127, 113, 109, 115, 126, 102, 103, 85, 68, 109, 127, 169, 83, 149, 92, 145, 133, 143, 159, 46, 35, 149, 159, 172]
TRANSFERS OF GLOBAL RESOURCE G1
(0, 1, 0): 1 
(0, 2, 0): 8 
(0, 3, 0): 20 
(0, 3, 1): 1 
(0, 4, 0): 79 
(0, 5, 0): 17 
(0, 5, 16): 2 
(0, 6, 0): 9 
(0, 8, 0): 1 
(0, 9, 0): 11 
(0, 9, 2): 18 
(0, 11, 0): 39 
(0, 14, 0): 7 
(1, 9, 104): 11 
(1, 9, 108): 1 
(1, 11, 98): 8 
(1, 11, 112): 5 
(2, 1, 24): 1 
(2, 5, 26): 1 
(2, 8, 58): 1 
(2, 8, 71): 1 
(2, 8, 107): 1 
(2, 8, 119): 1 
(2, 8, 138): 3 
(2, 8, 145): 4 
(2, 8, 169): 5 
(2, 8, 193): 2 
(2, 9, 173): 5 
(2, 9, 182): 5 
(2, 11, 92): 3 
(2, 11, 106): 3 
(2, 11, 110): 6 
(3, 2, 127): 1 
(3, 10, 29): 7 
(3, 10, 55): 4 
(3, 10, 59): 7 
(3, 10, 65): 2 
(3, 10, 95): 3 
(3, 10, 119): 4 
(3, 11, 93): 2 
(3, 14, 65): 6 
(3, 14, 77): 2 
(3, 14, 80): 1 
(4, 3, 19): 7 
(4, 3, 37): 11 
(4, 5, 39): 3 
(4, 6, 38): 12 
(4, 8, 38): 2 
(4, 10, 19): 6 
(4, 10, 20): 6 
(4, 10, 25): 14 
(4, 10, 28): 1 
(4, 11, 98): 3 
(4, 11, 100): 4 
(4, 13, 27): 2 
(4, 14, 81): 5 
(4, 14, 83): 3 
(5, 2, 63): 4 
(5, 2, 67): 2 
(5, 2, 69): 11 
(5, 8, 58): 3 
(5, 8, 74): 4 
(6, 0, 488): 159 
(6, 14, 28): 1 
(6, 14, 30): 6 
(6, 14, 55): 11 
(6, 14, 57): 3 
(7, 0, 438): 29 
(7, 11, 29): 5 
(7, 12, 274): 5 
(7, 12, 283): 11 
(7, 12, 313): 3 
(8, 2, 36): 1 
(8, 2, 127): 3 
(8, 9, 208): 3 
(8, 9, 210): 12 
(8, 9, 215): 5 
(8, 9, 241): 5 
(8, 9, 243): 3 
(8, 12, 202): 2 
(9, 1, 20): 6 
(9, 1, 39): 1 
(9, 1, 46): 1 
(9, 5, 40): 1 
(9, 6, 287): 65 
(9, 6, 321): 26 
(9, 6, 335): 1 
(9, 7, 22): 5 
(9, 7, 252): 4 
(9, 7, 253): 3 
(9, 7, 263): 13 
(9, 7, 298): 9 
(9, 11, 23): 2 
(9, 11, 33): 5 
(9, 11, 34): 1 
(9, 11, 42): 7 
(9, 12, 148): 46 
(9, 12, 222): 91 
(9, 12, 232): 26 
(9, 12, 250): 34 
(9, 12, 283): 6 
(9, 12, 293): 5 
(9, 12, 313): 5 
(10, 2, 134): 2 
(10, 2, 139): 6 
(10, 9, 163): 1 
(10, 9, 164): 5 
(10, 9, 203): 17 
(10, 12, 133): 9 
(10, 13, 45): 1 
(10, 13, 53): 7 
(10, 13, 89): 7 
(10, 13, 97): 1 
(10, 13, 154): 7 
(11, 1, 49): 5 
(11, 1, 60): 8 
(11, 1, 72): 1 
(11, 1, 74): 1 
(11, 8, 67): 4 
(11, 9, 116): 20 
(11, 9, 120): 14 
(11, 9, 179): 19 
(11, 9, 192): 8 
(11, 12, 144): 25 
(11, 12, 145): 10 
(11, 14, 70): 1 
(12, 0, 374): 25 
(12, 6, 345): 18 
(12, 6, 359): 49 
(12, 7, 290): 3 
(12, 7, 323): 1 
(12, 7, 348): 4 
(12, 7, 401): 1 
(12, 7, 404): 10 
(12, 9, 180): 95 
(12, 9, 242): 34 
(12, 9, 273): 43 
(12, 11, 163): 12 
(13, 2, 135): 4 
(13, 8, 76): 1 
(13, 8, 134): 1 
(13, 9, 230): 10 
(13, 10, 122): 9 
(14, 9, 175): 18 
(14, 11, 125): 11 
(14, 12, 125): 1 
(14, 12, 150): 16 
TRANSFERS OF GLOBAL RESOURCE G2
(0, 1, 0): 15 
(0, 1, 22): 2 
(0, 2, 0): 21 
(0, 3, 0): 25 
(0, 3, 11): 9 
(0, 4, 0): 27 
(0, 4, 32): 12 
(0, 5, 0): 30 
(0, 5, 1): 2 
(0, 5, 3): 2 
(0, 6, 26): 1 
(0, 7, 0): 7 
(0, 8, 52): 7 
(0, 9, 0): 24 
(0, 9, 1): 1 
(0, 11, 3): 14 
(0, 13, 0): 22 
(0, 14, 8): 4 
(0, 14, 16): 9 
(1, 2, 103): 2 
(1, 2, 108): 4 
(1, 3, 50): 3 
(1, 3, 51): 1 
(1, 11, 103): 1 
(1, 11, 107): 6 
(1, 12, 126): 14 
(1, 13, 59): 5 
(1, 13, 61): 10 
(1, 13, 103): 6 
(2, 11, 18): 2 
(2, 11, 26): 1 
(2, 11, 27): 6 
(2, 11, 122): 6 
(2, 11, 156): 2 
(2, 11, 169): 4 
(2, 12, 136): 3 
(2, 12, 210): 5 
(2, 13, 65): 5 
(2, 13, 67): 4 
(2, 13, 101): 4 
(2, 13, 106): 1 
(2, 13, 107): 3 
(2, 13, 109): 1 
(2, 13, 169): 6 
(2, 13, 173): 2 
(3, 5, 18): 7 
(3, 8, 18): 5 
(3, 8, 58): 12 
(3, 8, 77): 6 
(3, 8, 87): 13 
(3, 8, 107): 5 
(4, 1, 63): 2 
(4, 2, 59): 5 
(4, 3, 49): 4 
(4, 3, 74): 1 
(4, 8, 48): 2 
(4, 8, 87): 2 
(4, 8, 97): 6 
(4, 10, 18): 3 
(4, 10, 19): 6 
(4, 10, 76): 5 
(4, 11, 67): 3 
(5, 3, 63): 1 
(5, 3, 87): 1 
(5, 8, 56): 23 
(5, 8, 69): 8 
(5, 8, 85): 8 
(6, 0, 488): 29 
(6, 1, 56): 6 
(6, 7, 341): 1 
(6, 7, 396): 1 
(7, 0, 438): 140 
(7, 6, 43): 5 
(7, 6, 381): 3 
(7, 6, 431): 6 
(7, 6, 441): 2 
(7, 6, 465): 3 
(7, 10, 37): 2 
(8, 7, 218): 77 
(8, 7, 219): 6 
(8, 7, 229): 12 
(8, 9, 243): 2 
(8, 12, 208): 15 
(8, 12, 293): 3 
(9, 1, 46): 3 
(9, 6, 293): 1 
(9, 7, 237): 9 
(9, 7, 295): 8 
(9, 10, 22): 1 
(9, 10, 23): 7 
(9, 10, 65): 1 
(9, 10, 66): 1 
(9, 10, 80): 3 
(9, 12, 134): 7 
(9, 12, 208): 18 
(9, 12, 218): 1 
(9, 12, 299): 3 
(9, 14, 59): 9 
(10, 9, 109): 7 
(10, 9, 172): 5 
(10, 12, 144): 6 
(10, 12, 155): 9 
(10, 12, 170): 2 
(11, 2, 50): 1 
(11, 2, 60): 2 
(11, 2, 112): 2 
(11, 2, 117): 5 
(11, 2, 163): 6 
(11, 3, 50): 3 
(11, 8, 126): 5 
(11, 12, 137): 2 
(11, 12, 211): 11 
(11, 13, 47): 5 
(11, 13, 63): 1 
(11, 13, 107): 2 
(12, 0, 374): 65 
(12, 6, 342): 7 
(12, 6, 352): 3 
(12, 6, 365): 6 
(12, 7, 273): 6 
(12, 7, 282): 14 
(12, 7, 303): 1 
(12, 7, 322): 11 
(12, 7, 359): 6 
(12, 7, 395): 2 
(12, 9, 182): 5 
(12, 9, 188): 12 
(13, 1, 35): 22 
(13, 1, 75): 2 
(13, 2, 77): 1 
(13, 2, 83): 5 
(13, 2, 160): 1 
(13, 8, 79): 10 
(13, 12, 135): 17 
(13, 12, 146): 2 
(13, 12, 209): 17 
(14, 8, 81): 3 
(14, 9, 170): 4 
(14, 9, 184): 2 
(14, 9, 186): 10 
(14, 12, 125): 3 
}
