INSTANCE: "B_10_50_31" 
RELEASES: [0, 0, 0, 0, 0, 0, 0, 0, 0, 0]
DUEDATES: [135, 133, 139, 138, 153, 57, 156, 131, 119, 121]
COMPLETION TIMES: [186, 313, 165, 180, 366, 92, 204, 130, 151, 147]
MAKESPANS: [186, 313, 165, 180, 366, 92, 204, 130, 151, 147]
DELAYS: [51, 180, 26, 42, 213, 35, 48, 0, 32, 26]
COST: 1293.5

Solution = { 
START TIMES OF ACTIVITIES OF PROJECT 1:
[0, 68, 73, 77, 78, 104, 108, 109, 111, 113, 115, 124, 84, 138, 169, 139, 48, 144, 59, 149, 158, 134, 149, 94, 79, 33, 142, 158, 139, 113, 154, 134, 176, 144, 77, 115, 162, 147, 156, 166, 183, 123, 149, 157, 157, 176, 84, 157, 183, 49, 159, 186]
START TIMES OF ACTIVITIES OF PROJECT 2:
[0, 177, 215, 27, 222, 223, 218, 227, 239, 240, 242, 254, 158, 264, 251, 269, 157, 274, 208, 281, 289, 188, 271, 168, 235, 178, 271, 297, 265, 198, 305, 292, 273, 272, 251, 242, 308, 264, 239, 289, 240, 251, 279, 298, 284, 296, 308, 293, 305, 198, 294, 313]
START TIMES OF ACTIVITIES OF PROJECT 3:
[0, 30, 37, 41, 42, 56, 44, 64, 80, 97, 99, 108, 46, 116, 116, 125, 99, 131, 70, 138, 151, 57, 113, 89, 117, 20, 125, 146, 117, 80, 155, 127, 161, 146, 138, 105, 158, 142, 129, 149, 100, 105, 151, 148, 155, 151, 157, 138, 151, 11, 159, 165]
START TIMES OF ACTIVITIES OF PROJECT 4:
[0, 41, 54, 58, 60, 63, 66, 72, 92, 95, 102, 26, 115, 123, 76, 153, 102, 164, 136, 62, 102, 166, 123, 106, 175, 105, 123, 111, 147, 82, 141, 155, 166, 169, 176, 149, 66, 34, 62, 46, 149, 156, 139, 156, 46, 149, 128, 108, 147, 176, 158, 180]
START TIMES OF ACTIVITIES OF PROJECT 5:
[0, 229, 235, 38, 243, 261, 256, 271, 279, 283, 284, 295, 200, 312, 279, 320, 197, 335, 220, 339, 347, 307, 210, 247, 262, 313, 305, 347, 313, 210, 347, 359, 311, 323, 223, 284, 363, 312, 293, 353, 283, 281, 328, 323, 333, 325, 359, 295, 299, 286, 351, 366]
START TIMES OF ACTIVITIES OF PROJECT 6:
[0, 41, 32, 32, 53, 32, 37, 45, 32, 32, 56, 32, 32, 41, 32, 32, 46, 37, 37, 32, 21, 76, 63, 50, 53, 45, 35, 41, 0, 37, 37, 73, 46, 59, 63, 73, 58, 63, 47, 50, 69, 82, 59, 61, 67, 40, 50, 56, 35, 69, 37, 92]
START TIMES OF ACTIVITIES OF PROJECT 7:
[0, 88, 91, 98, 113, 117, 120, 124, 133, 143, 144, 47, 156, 158, 78, 163, 144, 164, 123, 103, 147, 183, 158, 149, 127, 191, 18, 162, 171, 70, 162, 132, 57, 182, 120, 172, 23, 37, 179, 8, 172, 183, 167, 197, 8, 172, 27, 144, 167, 172, 184, 204]
START TIMES OF ACTIVITIES OF PROJECT 8:
[0, 17, 47, 53, 64, 14, 63, 23, 14, 71, 10, 48, 14, 77, 38, 87, 78, 28, 97, 100, 48, 100, 10, 17, 52, 35, 105, 54, 87, 66, 97, 52, 76, 63, 65, 28, 32, 48, 77, 115, 65, 105, 100, 56, 72, 97, 20, 54, 20, 97, 123, 130]
START TIMES OF ACTIVITIES OF PROJECT 9:
[0, 39, 44, 13, 52, 60, 52, 84, 95, 99, 102, 107, 29, 112, 99, 116, 76, 119, 29, 127, 132, 131, 107, 67, 54, 141, 122, 132, 117, 124, 112, 131, 112, 146, 122, 103, 112, 22, 92, 67, 72, 112, 35, 52, 76, 86, 13, 140, 146, 76, 112, 151]
START TIMES OF ACTIVITIES OF PROJECT 10:
[0, 26, 27, 29, 39, 45, 46, 50, 69, 84, 89, 6, 98, 107, 124, 115, 89, 118, 79, 115, 50, 124, 15, 14, 91, 89, 91, 118, 100, 84, 115, 123, 46, 123, 46, 73, 6, 103, 79, 134, 60, 86, 15, 92, 139, 118, 94, 91, 6, 20, 133, 147]
TRANSFERS OF GLOBAL RESOURCE G1
(0, 1, 0): 1 
(0, 3, 0): 83 
(0, 6, 0): 1 
(0, 6, 11): 2 
(0, 7, 0): 96 
(0, 8, 0): 25 
(0, 8, 6): 13 
(0, 9, 0): 9 
(0, 10, 0): 173 
(0, 10, 8): 37 
(1, 0, 186): 28 
(2, 0, 313): 129 
(2, 4, 32): 12 
(2, 5, 184): 8 
(2, 5, 210): 15 
(2, 5, 266): 15 
(3, 2, 20): 12 
(3, 2, 151): 28 
(3, 2, 170): 15 
(3, 2, 191): 35 
(3, 2, 233): 8 
(3, 4, 73): 1 
(3, 5, 181): 17 
(3, 5, 204): 29 
(3, 7, 71): 12 
(3, 10, 115): 5 
(4, 2, 159): 1 
(4, 5, 180): 19 
(4, 10, 77): 8 
(4, 10, 131): 6 
(4, 10, 132): 5 
(5, 0, 366): 166 
(5, 2, 227): 6 
(5, 7, 40): 9 
(6, 1, 77): 5 
(6, 7, 56): 27 
(6, 7, 64): 1 
(6, 10, 97): 8 
(7, 0, 204): 117 
(7, 2, 258): 1 
(7, 2, 268): 10 
(7, 5, 254): 22 
(7, 6, 18): 28 
(7, 6, 23): 7 
(7, 6, 27): 3 
(7, 9, 18): 11 
(8, 1, 21): 1 
(8, 1, 22): 1 
(8, 1, 41): 8 
(8, 4, 128): 1 
(8, 5, 23): 9 
(8, 5, 182): 1 
(8, 7, 50): 3 
(8, 9, 68): 2 
(8, 10, 111): 14 
(8, 10, 122): 5 
(9, 1, 37): 5 
(9, 1, 46): 2 
(9, 1, 125): 2 
(9, 1, 127): 3 
(9, 4, 122): 6 
(9, 7, 46): 1 
(9, 7, 67): 1 
(9, 7, 156): 9 
(9, 10, 117): 2 
(10, 2, 147): 63 
(10, 3, 22): 48 
(10, 3, 89): 13 
(10, 3, 92): 5 
(10, 3, 153): 13 
(10, 4, 80): 3 
(10, 4, 90): 4 
(10, 4, 121): 4 
(10, 4, 139): 8 
(10, 5, 179): 36 
(10, 5, 182): 10 
(10, 7, 57): 17 
(10, 7, 65): 2 
(10, 7, 154): 16 
(10, 7, 170): 5 
(10, 8, 85): 7 
(10, 9, 95): 9 
TRANSFERS OF GLOBAL RESOURCE G2
(0, 1, 14): 64 
(0, 1, 40): 1 
(0, 1, 49): 48 
(0, 2, 6): 18 
(0, 3, 3): 6 
(0, 3, 13): 12 
(0, 4, 0): 9 
(0, 4, 8): 4 
(0, 4, 15): 17 
(0, 6, 0): 60 
(0, 7, 0): 44 
(0, 8, 0): 33 
(0, 8, 4): 24 
(0, 9, 0): 5 
(0, 9, 7): 4 
(0, 10, 1): 25 
(1, 0, 186): 10 
(1, 2, 137): 7 
(1, 2, 156): 20 
(1, 2, 167): 7 
(1, 2, 177): 2 
(1, 2, 197): 6 
(1, 2, 268): 5 
(1, 3, 99): 2 
(1, 5, 182): 3 
(1, 5, 185): 53 
(1, 5, 248): 31 
(2, 0, 313): 156 
(2, 1, 47): 2 
(2, 1, 63): 16 
(3, 2, 133): 1 
(3, 2, 163): 3 
(3, 5, 162): 16 
(3, 5, 185): 5 
(4, 2, 132): 3 
(4, 5, 186): 37 
(4, 9, 98): 3 
(5, 0, 366): 208 
(5, 8, 86): 5 
(5, 9, 107): 2 
(6, 1, 53): 5 
(6, 2, 145): 6 
(6, 2, 146): 32 
(6, 4, 68): 3 
(6, 9, 66): 14 
(7, 2, 130): 7 
(7, 4, 22): 6 
(7, 4, 27): 3 
(7, 5, 22): 7 
(7, 5, 181): 15 
(7, 5, 184): 6 
(7, 5, 204): 24 
(7, 9, 20): 7 
(8, 1, 55): 2 
(8, 2, 134): 22 
(8, 7, 59): 9 
(8, 7, 77): 9 
(8, 7, 109): 6 
(8, 9, 15): 2 
(8, 10, 82): 12 
(9, 2, 120): 4 
(9, 2, 139): 15 
(9, 5, 192): 18 
(10, 1, 63): 8 
(10, 2, 141): 13 
(10, 2, 151): 1 
(10, 2, 160): 2 
(10, 3, 59): 5 
(10, 4, 95): 1 
(10, 7, 109): 1 
(10, 7, 156): 6 
}
