INSTANCE: "B_8_50_17" 
RELEASES: [0, 0, 0, 0, 0, 0, 0, 0]
DUEDATES: [167, 47, 138, 101, 135, 141, 149, 133]
COMPLETION TIMES: [581, 70, 332, 121, 180, 156, 468, 232]
MAKESPANS: [581, 70, 332, 121, 180, 156, 468, 232]
DELAYS: [414, 23, 194, 20, 45, 15, 319, 99]
COST: 1634.5

Solution = { 
START TIMES OF ACTIVITIES OF PROJECT 1:
[0, 442, 446, 452, 463, 465, 467, 476, 432, 477, 486, 510, 519, 524, 552, 556, 374, 565, 399, 478, 480, 504, 467, 389, 526, 506, 522, 509, 522, 507, 507, 556, 527, 478, 372, 519, 522, 532, 494, 537, 384, 522, 543, 453, 551, 547, 554, 556, 563, 565, 575, 581]
START TIMES OF ACTIVITIES OF PROJECT 2:
[0, 28, 25, 35, 26, 35, 23, 0, 25, 23, 0, 35, 35, 36, 25, 36, 23, 45, 31, 24, 45, 39, 35, 23, 35, 45, 45, 36, 39, 45, 45, 60, 49, 41, 0, 23, 25, 61, 52, 66, 61, 55, 45, 55, 45, 55, 54, 41, 55, 53, 39, 70]
START TIMES OF ACTIVITIES OF PROJECT 3:
[0, 209, 218, 219, 220, 223, 224, 233, 159, 235, 257, 280, 284, 294, 295, 297, 180, 305, 295, 224, 172, 293, 270, 190, 305, 284, 270, 260, 278, 271, 270, 284, 306, 252, 236, 291, 257, 293, 279, 242, 199, 258, 299, 236, 224, 291, 307, 312, 315, 330, 323, 332]
START TIMES OF ACTIVITIES OF PROJECT 4:
[0, 36, 31, 12, 39, 8, 33, 20, 27, 40, 62, 34, 51, 27, 43, 51, 51, 27, 12, 27, 55, 20, 47, 54, 0, 65, 62, 43, 41, 74, 79, 43, 67, 93, 59, 70, 67, 67, 67, 59, 98, 96, 89, 70, 105, 95, 95, 114, 89, 120, 65, 121]
START TIMES OF ACTIVITIES OF PROJECT 5:
[0, 35, 59, 61, 62, 72, 83, 92, 25, 103, 106, 110, 114, 123, 124, 141, 72, 149, 131, 74, 25, 138, 121, 40, 144, 131, 109, 130, 121, 104, 109, 159, 144, 98, 115, 140, 112, 138, 114, 81, 49, 114, 149, 98, 83, 104, 157, 164, 164, 172, 173, 180]
START TIMES OF ACTIVITIES OF PROJECT 6:
[0, 28, 37, 55, 56, 68, 72, 79, 84, 92, 101, 108, 121, 130, 145, 152, 0, 135, 152, 142, 112, 145, 100, 108, 58, 84, 21, 21, 142, 12, 18, 81, 112, 116, 108, 121, 53, 37, 135, 45, 54, 46, 149, 92, 45, 121, 92, 0, 125, 56, 101, 156]
START TIMES OF ACTIVITIES OF PROJECT 7:
[0, 340, 344, 351, 356, 357, 363, 367, 275, 371, 388, 402, 404, 413, 414, 417, 330, 426, 414, 373, 378, 406, 81, 322, 412, 424, 72, 345, 378, 378, 412, 391, 386, 386, 394, 417, 402, 438, 414, 440, 284, 405, 433, 371, 265, 373, 444, 453, 453, 453, 461, 468]
START TIMES OF ACTIVITIES OF PROJECT 8:
[0, 86, 122, 140, 121, 80, 154, 111, 90, 168, 86, 124, 99, 172, 124, 174, 168, 136, 208, 211, 183, 217, 200, 182, 107, 127, 217, 140, 174, 191, 168, 169, 192, 179, 162, 180, 121, 150, 197, 211, 127, 216, 136, 193, 193, 215, 187, 88, 93, 205, 222, 232]
TRANSFERS OF GLOBAL RESOURCE G1
(0, 2, 0): 34 
(0, 4, 0): 11 
(0, 4, 8): 2 
(0, 4, 15): 8 
(0, 5, 0): 207 
(0, 6, 0): 9 
(0, 6, 7): 3 
(0, 6, 25): 1 
(1, 0, 581): 111 
(2, 6, 26): 1 
(2, 7, 65): 27 
(2, 7, 74): 6 
(3, 1, 332): 83 
(3, 1, 392): 21 
(3, 7, 237): 12 
(3, 7, 294): 6 
(3, 7, 302): 21 
(3, 7, 312): 39 
(3, 8, 171): 1 
(3, 8, 176): 4 
(4, 5, 105): 15 
(4, 5, 113): 6 
(5, 1, 333): 1 
(5, 3, 148): 80 
(5, 3, 169): 36 
(5, 3, 198): 29 
(5, 3, 213): 5 
(5, 6, 34): 8 
(5, 7, 34): 20 
(5, 7, 227): 74 
(5, 7, 246): 2 
(5, 8, 69): 2 
(5, 8, 75): 4 
(5, 8, 100): 1 
(5, 8, 111): 4 
(5, 8, 116): 12 
(5, 8, 200): 14 
(6, 3, 147): 2 
(6, 5, 139): 9 
(6, 7, 63): 10 
(6, 7, 247): 2 
(6, 8, 75): 1 
(6, 8, 151): 2 
(6, 8, 157): 6 
(7, 0, 468): 164 
(7, 1, 371): 3 
(7, 1, 381): 3 
(7, 5, 92): 2 
(7, 5, 100): 31 
(7, 5, 102): 16 
(7, 5, 121): 1 
(7, 6, 94): 4 
(7, 6, 112): 6 
(8, 3, 156): 18 
(8, 3, 206): 10 
(8, 3, 221): 3 
(8, 3, 233): 4 
(8, 5, 129): 5 
(8, 7, 237): 11 
TRANSFERS OF GLOBAL RESOURCE G2
(0, 2, 0): 18 
(0, 2, 6): 4 
(0, 4, 0): 23 
(0, 5, 5): 183 
(0, 6, 0): 4 
(0, 6, 6): 5 
(0, 6, 9): 11 
(1, 0, 581): 147 
(2, 4, 60): 1 
(2, 6, 64): 2 
(2, 6, 75): 16 
(2, 8, 63): 9 
(3, 0, 332): 88 
(3, 1, 331): 115 
(3, 1, 358): 14 
(3, 1, 401): 11 
(3, 1, 426): 2 
(4, 2, 39): 6 
(4, 3, 117): 4 
(4, 3, 130): 5 
(4, 3, 257): 2 
(4, 6, 75): 2 
(4, 8, 79): 4 
(4, 8, 120): 1 
(5, 3, 131): 2 
(5, 3, 144): 65 
(5, 3, 162): 5 
(5, 3, 181): 45 
(5, 3, 196): 52 
(5, 3, 271): 1 
(5, 6, 39): 8 
(5, 6, 85): 1 
(5, 8, 34): 4 
(6, 3, 122): 13 
(6, 3, 153): 4 
(6, 7, 57): 3 
(6, 7, 66): 3 
(6, 7, 250): 8 
(6, 8, 56): 8 
(6, 8, 170): 10 
(7, 0, 468): 12 
(7, 1, 404): 3 
(7, 1, 429): 2 
(7, 8, 91): 2 
(7, 8, 95): 4 
(8, 0, 232): 1 
(8, 3, 235): 32 
(8, 7, 259): 1 
(8, 7, 268): 3 
(8, 7, 372): 5 
}
