INSTANCE: "B_2_50_2" 
RELEASES: [0, 0]
DUEDATES: [110, 151]
COMPLETION TIMES: [110, 223]
MAKESPANS: [110, 223]
DELAYS: [0, 72]
COST: 202.5

Solution = { 
START TIMES OF ACTIVITIES OF PROJECT 1:
[0, 13, 21, 13, 0, 11, 11, 13, 11, 33, 10, 48, 37, 27, 40, 62, 43, 25, 25, 19, 13, 25, 14, 20, 57, 43, 34, 28, 55, 18, 85, 51, 61, 60, 51, 67, 70, 101, 67, 70, 72, 93, 81, 93, 101, 81, 67, 43, 76, 40, 85, 110]
START TIMES OF ACTIVITIES OF PROJECT 2:
[0, 115, 117, 123, 127, 128, 130, 135, 17, 137, 145, 160, 170, 183, 184, 205, 64, 215, 212, 145, 34, 178, 54, 7, 184, 170, 127, 199, 163, 145, 17, 151, 181, 153, 45, 192, 160, 178, 44, 157, 74, 180, 184, 176, 24, 83, 189, 173, 205, 212, 215, 223]
TRANSFERS OF GLOBAL RESOURCE G1
(0, 1, 0): 10 
(0, 1, 2): 8 
(0, 1, 8): 2 
(0, 2, 0): 111 
(0, 2, 10): 37 
(0, 2, 67): 7 
(1, 0, 93): 2 
(1, 2, 57): 8 
(1, 2, 98): 10 
(2, 0, 222): 173 
TRANSFERS OF GLOBAL RESOURCE G2
(0, 1, 0): 8 
(0, 1, 1): 19 
(0, 2, 0): 119 
(1, 0, 104): 3 
(1, 2, 43): 2 
(1, 2, 104): 31 
(2, 0, 223): 143 
(2, 1, 17): 9 
}
