INSTANCE: "B_12_50_28" 
RELEASES: [0, 0, 0, 0, 0, 0, 0, 0, 0, 0, 0, 0]
DUEDATES: [136, 143, 74, 158, 127, 83, 157, 161, 157, 67, 129, 122]
COMPLETION TIMES: [200, 145, 79, 205, 155, 103, 314, 321, 162, 69, 153, 134]
MAKESPANS: [200, 145, 79, 205, 155, 103, 314, 321, 162, 69, 153, 134]
DELAYS: [64, 2, 5, 47, 28, 20, 157, 160, 5, 2, 24, 12]
COST: 1283.0

Solution = { 
START TIMES OF ACTIVITIES OF PROJECT 1:
[0, 80, 86, 10, 101, 111, 87, 117, 126, 128, 129, 138, 70, 147, 93, 148, 126, 157, 34, 163, 171, 186, 88, 102, 52, 59, 151, 171, 151, 88, 196, 153, 127, 157, 28, 129, 180, 171, 179, 183, 163, 199, 161, 109, 165, 186, 179, 181, 178, 43, 189, 200]
START TIMES OF ACTIVITIES OF PROJECT 2:
[0, 8, 11, 27, 29, 33, 37, 44, 51, 53, 57, 18, 78, 85, 36, 93, 53, 106, 41, 11, 58, 119, 93, 78, 83, 90, 135, 26, 102, 68, 99, 57, 59, 109, 36, 106, 37, 18, 101, 18, 109, 106, 119, 129, 86, 135, 128, 58, 68, 136, 135, 145]
START TIMES OF ACTIVITIES OF PROJECT 3:
[0, 11, 18, 26, 32, 14, 37, 8, 8, 8, 39, 16, 45, 14, 46, 54, 37, 56, 32, 16, 16, 16, 0, 8, 56, 60, 37, 39, 39, 62, 42, 45, 73, 60, 22, 46, 24, 25, 60, 8, 16, 17, 14, 8, 71, 70, 24, 32, 8, 15, 70, 79]
START TIMES OF ACTIVITIES OF PROJECT 4:
[0, 71, 73, 78, 85, 89, 102, 115, 123, 124, 128, 10, 148, 157, 105, 162, 128, 163, 65, 92, 138, 178, 153, 131, 66, 141, 128, 161, 166, 196, 161, 104, 40, 168, 112, 177, 53, 20, 192, 102, 168, 204, 153, 183, 30, 157, 44, 133, 168, 177, 157, 205]
START TIMES OF ACTIVITIES OF PROJECT 5:
[0, 24, 43, 4, 44, 50, 87, 57, 66, 68, 70, 100, 4, 104, 68, 108, 70, 116, 37, 124, 135, 138, 110, 44, 60, 26, 110, 136, 108, 14, 135, 112, 148, 115, 79, 76, 149, 82, 97, 132, 98, 79, 117, 149, 122, 140, 138, 132, 102, 14, 149, 155]
START TIMES OF ACTIVITIES OF PROJECT 6:
[0, 39, 16, 7, 45, 7, 7, 7, 45, 7, 13, 11, 54, 0, 7, 51, 45, 7, 7, 45, 36, 46, 12, 26, 24, 59, 55, 26, 30, 15, 55, 58, 58, 64, 30, 85, 95, 69, 67, 64, 58, 47, 71, 66, 48, 50, 78, 46, 46, 19, 65, 103]
START TIMES OF ACTIVITIES OF PROJECT 7:
[0, 186, 190, 207, 210, 224, 229, 241, 142, 245, 252, 256, 258, 269, 270, 272, 200, 283, 270, 11, 48, 266, 55, 41, 272, 258, 210, 264, 256, 257, 176, 266, 239, 252, 168, 280, 282, 266, 150, 214, 157, 283, 284, 239, 158, 233, 289, 299, 299, 303, 307, 314]
START TIMES OF ACTIVITIES OF PROJECT 8:
[0, 182, 188, 194, 198, 207, 223, 228, 165, 237, 245, 264, 274, 288, 293, 295, 213, 305, 299, 255, 245, 279, 213, 218, 285, 275, 254, 320, 257, 254, 262, 263, 281, 255, 156, 293, 260, 281, 274, 315, 172, 263, 283, 260, 27, 230, 289, 267, 299, 307, 307, 321]
START TIMES OF ACTIVITIES OF PROJECT 9:
[0, 30, 14, 42, 8, 49, 14, 21, 47, 20, 7, 36, 83, 17, 17, 8, 84, 36, 8, 91, 42, 60, 49, 36, 7, 98, 84, 66, 57, 102, 102, 73, 142, 110, 66, 57, 84, 119, 128, 128, 91, 67, 103, 119, 88, 134, 67, 137, 51, 152, 133, 162]
START TIMES OF ACTIVITIES OF PROJECT 10:
[0, 9, 9, 9, 9, 9, 9, 14, 9, 0, 4, 4, 12, 28, 17, 14, 9, 27, 23, 16, 9, 9, 24, 21, 48, 14, 25, 14, 30, 29, 29, 16, 6, 34, 60, 41, 34, 52, 29, 29, 61, 32, 39, 31, 56, 61, 52, 41, 50, 21, 4, 69]
START TIMES OF ACTIVITIES OF PROJECT 11:
[0, 17, 22, 30, 31, 73, 75, 84, 86, 95, 103, 114, 118, 124, 135, 102, 32, 33, 145, 127, 108, 39, 104, 95, 13, 40, 132, 67, 75, 134, 54, 103, 33, 64, 118, 45, 16, 30, 132, 64, 22, 145, 134, 102, 8, 135, 41, 64, 75, 3, 23, 153]
START TIMES OF ACTIVITIES OF PROJECT 12:
[0, 15, 22, 24, 43, 49, 51, 56, 58, 73, 77, 95, 6, 97, 107, 73, 24, 117, 22, 6, 129, 123, 97, 73, 6, 97, 58, 95, 56, 51, 51, 127, 67, 116, 86, 67, 5, 34, 22, 85, 29, 40, 34, 24, 123, 126, 5, 6, 83, 86, 107, 134]
TRANSFERS OF GLOBAL RESOURCE G1
(0, 1, 2): 12 
(0, 2, 0): 120 
(0, 2, 3): 4 
(0, 3, 0): 3 
(0, 3, 3): 18 
(0, 4, 3): 30 
(0, 5, 0): 103 
(0, 5, 10): 26 
(0, 6, 0): 25 
(0, 7, 0): 3 
(0, 9, 0): 12 
(0, 9, 1): 6 
(0, 10, 0): 67 
(0, 11, 0): 46 
(0, 11, 5): 31 
(0, 11, 9): 25 
(0, 11, 14): 34 
(0, 12, 0): 15 
(0, 12, 1): 10 
(1, 0, 200): 12 
(1, 3, 12): 12 
(1, 3, 56): 8 
(1, 4, 99): 8 
(1, 5, 100): 4 
(1, 5, 108): 7 
(1, 5, 109): 3 
(1, 7, 134): 26 
(1, 7, 168): 22 
(1, 7, 202): 47 
(1, 8, 148): 15 
(1, 8, 174): 10 
(1, 8, 205): 50 
(1, 11, 103): 4 
(1, 11, 109): 17 
(2, 0, 145): 7 
(2, 4, 142): 37 
(2, 5, 28): 1 
(2, 5, 67): 5 
(2, 5, 108): 1 
(2, 6, 43): 14 
(2, 6, 63): 2 
(2, 6, 65): 1 
(2, 7, 150): 36 
(2, 8, 139): 8 
(2, 8, 148): 58 
(2, 8, 155): 15 
(2, 9, 16): 1 
(2, 9, 65): 7 
(2, 9, 136): 2 
(3, 1, 24): 27 
(3, 1, 66): 10 
(3, 1, 76): 3 
(3, 1, 83): 5 
(3, 5, 65): 9 
(3, 8, 20): 1 
(3, 10, 25): 7 
(3, 11, 49): 14 
(4, 0, 205): 129 
(4, 1, 170): 9 
(4, 1, 173): 2 
(4, 2, 129): 27 
(4, 3, 44): 4 
(4, 5, 93): 2 
(4, 5, 133): 21 
(4, 6, 42): 8 
(4, 6, 43): 1 
(4, 7, 169): 9 
(4, 9, 42): 10 
(4, 9, 123): 3 
(4, 9, 132): 2 
(4, 11, 131): 43 
(5, 1, 26): 35 
(5, 1, 149): 30 
(5, 1, 153): 3 
(5, 1, 155): 11 
(5, 4, 25): 22 
(5, 4, 60): 63 
(5, 4, 66): 9 
(5, 4, 100): 1 
(5, 4, 143): 30 
(5, 4, 148): 21 
(5, 4, 152): 8 
(5, 7, 155): 1 
(5, 8, 152): 27 
(6, 2, 35): 8 
(6, 2, 56): 3 
(6, 4, 15): 14 
(6, 4, 25): 1 
(6, 4, 60): 4 
(6, 4, 99): 1 
(6, 4, 100): 7 
(6, 5, 29): 2 
(6, 5, 68): 8 
(6, 5, 79): 3 
(6, 9, 55): 3 
(6, 9, 100): 8 
(7, 0, 314): 184 
(7, 2, 88): 1 
(7, 4, 88): 2 
(7, 5, 63): 20 
(7, 8, 155): 26 
(7, 8, 164): 2 
(7, 8, 212): 47 
(7, 8, 262): 29 
(7, 11, 13): 3 
(7, 11, 50): 25 
(7, 11, 63): 62 
(8, 0, 321): 256 
(8, 7, 40): 59 
(8, 7, 257): 36 
(8, 7, 265): 7 
(9, 0, 162): 2 
(9, 2, 52): 4 
(9, 2, 77): 2 
(9, 2, 84): 2 
(9, 2, 101): 4 
(9, 2, 105): 3 
(9, 2, 118): 1 
(9, 2, 134): 16 
(9, 4, 143): 4 
(9, 5, 29): 5 
(9, 5, 68): 1 
(9, 6, 44): 10 
(10, 1, 25): 19 
(10, 1, 67): 7 
(10, 3, 11): 2 
(10, 3, 13): 5 
(10, 3, 49): 2 
(10, 3, 55): 5 
(10, 5, 35): 9 
(10, 8, 17): 2 
(10, 11, 14): 17 
(10, 12, 16): 6 
(11, 1, 75): 13 
(11, 1, 82): 7 
(11, 1, 88): 43 
(11, 1, 156): 8 
(11, 3, 32): 17 
(11, 4, 91): 4 
(11, 5, 33): 11 
(11, 5, 34): 12 
(11, 6, 33): 1 
(11, 7, 37): 51 
(11, 7, 138): 74 
(11, 7, 153): 30 
(11, 8, 23): 56 
(11, 8, 152): 12 
(11, 12, 48): 3 
(11, 12, 82): 6 
(12, 1, 28): 1 
(12, 4, 94): 4 
(12, 5, 29): 7 
(12, 5, 68): 1 
(12, 11, 14): 10 
(12, 11, 19): 4 
(12, 11, 64): 3 
(12, 11, 111): 7 
(12, 11, 131): 3 
TRANSFERS OF GLOBAL RESOURCE G2
(0, 1, 0): 5 
(0, 2, 5): 12 
(0, 2, 8): 7 
(0, 3, 0): 44 
(0, 3, 3): 4 
(0, 4, 0): 22 
(0, 5, 0): 110 
(0, 5, 10): 2 
(0, 6, 0): 43 
(0, 9, 0): 25 
(0, 9, 6): 1 
(0, 10, 0): 19 
(0, 10, 5): 18 
(0, 11, 0): 7 
(0, 11, 5): 10 
(0, 12, 0): 25 
(1, 0, 200): 56 
(1, 2, 107): 2 
(1, 2, 116): 1 
(1, 3, 12): 2 
(1, 4, 60): 13 
(1, 4, 100): 6 
(1, 4, 107): 6 
(1, 8, 205): 46 
(1, 8, 210): 13 
(1, 9, 13): 3 
(1, 9, 62): 3 
(1, 11, 108): 3 
(1, 12, 109): 2 
(1, 12, 113): 6 
(2, 1, 58): 1 
(2, 3, 26): 2 
(2, 5, 97): 9 
(2, 5, 133): 1 
(2, 6, 37): 4 
(2, 7, 26): 3 
(2, 8, 154): 20 
(2, 9, 32): 3 
(2, 10, 46): 2 
(2, 11, 99): 4 
(3, 1, 26): 39 
(3, 1, 32): 3 
(3, 1, 50): 23 
(3, 1, 78): 8 
(3, 9, 15): 1 
(3, 9, 64): 1 
(4, 0, 205): 36 
(4, 1, 23): 4 
(4, 2, 41): 1 
(4, 3, 56): 1 
(4, 5, 119): 2 
(4, 7, 42): 1 
(4, 7, 49): 2 
(4, 7, 136): 8 
(4, 7, 152): 2 
(4, 7, 180): 1 
(4, 7, 204): 1 
(4, 7, 246): 3 
(4, 7, 250): 2 
(4, 9, 54): 3 
(4, 9, 95): 2 
(4, 9, 116): 1 
(5, 1, 82): 14 
(5, 2, 85): 3 
(5, 2, 88): 4 
(5, 2, 104): 2 
(5, 2, 124): 9 
(5, 3, 63): 6 
(5, 8, 152): 79 
(5, 8, 178): 44 
(5, 8, 209): 25 
(5, 8, 214): 9 
(5, 11, 11): 3 
(5, 11, 65): 2 
(5, 11, 71): 3 
(5, 11, 73): 2 
(5, 11, 93): 2 
(5, 11, 122): 6 
(5, 12, 73): 1 
(5, 12, 79): 8 
(5, 12, 103): 7 
(6, 1, 61): 25 
(6, 1, 78): 1 
(6, 1, 84): 4 
(6, 3, 28): 2 
(6, 5, 18): 16 
(6, 5, 96): 6 
(6, 8, 18): 1 
(6, 10, 20): 2 
(6, 11, 17): 1 
(6, 12, 16): 3 
(7, 0, 314): 18 
(7, 2, 91): 2 
(7, 4, 65): 2 
(7, 11, 87): 1 
(8, 0, 321): 244 
(8, 5, 40): 18 
(8, 6, 37): 3 
(8, 6, 39): 5 
(9, 1, 24): 13 
(9, 1, 48): 2 
(9, 1, 76): 3 
(9, 1, 83): 4 
(9, 1, 89): 2 
(9, 4, 27): 8 
(9, 4, 62): 5 
(9, 4, 68): 4 
(9, 4, 102): 4 
(9, 8, 207): 7 
(10, 1, 21): 4 
(10, 1, 63): 1 
(10, 3, 31): 2 
(10, 3, 33): 9 
(10, 3, 67): 2 
(10, 8, 20): 15 
(10, 9, 12): 3 
(10, 9, 68): 6 
(11, 1, 83): 6 
(11, 3, 30): 1 
(11, 5, 115): 7 
(11, 5, 130): 2 
(11, 5, 136): 13 
(11, 6, 43): 3 
(11, 8, 23): 10 
(11, 8, 214): 1 
(11, 10, 36): 1 
(12, 2, 13): 6 
(12, 5, 10): 5 
(12, 5, 20): 3 
(12, 5, 98): 19 
(12, 5, 134): 16 
(12, 6, 37): 1 
(12, 6, 38): 2 
}
