INSTANCE: "A_8_60_13" 
RELEASES: [0, 0, 0, 0, 0, 0, 0, 0]
DUEDATES: [86, 105, 142, 121, 107, 73, 128, 84]
COMPLETION TIMES: [117, 338, 293, 165, 264, 137, 315, 152]
MAKESPANS: [117, 338, 293, 165, 264, 137, 315, 152]
DELAYS: [31, 233, 151, 44, 157, 64, 187, 68]
COST: 1358.0

Solution = { 
START TIMES OF ACTIVITIES OF PROJECT 1:
[0, 13, 13, 13, 14, 21, 27, 32, 21, 30, 27, 24, 40, 35, 60, 37, 14, 41, 58, 57, 81, 17, 64, 43, 29, 96, 17, 71, 24, 71, 70, 30, 61, 74, 87, 94, 82, 81, 90, 97, 34, 50, 61, 35, 50, 88, 99, 92, 80, 100, 75, 102, 90, 100, 106, 97, 106, 106, 111, 110, 112, 117]
START TIMES OF ACTIVITIES OF PROJECT 2:
[0, 270, 214, 229, 244, 303, 260, 236, 269, 217, 273, 274, 278, 245, 257, 245, 275, 276, 284, 245, 237, 260, 281, 286, 313, 293, 311, 282, 277, 303, 292, 303, 251, 313, 286, 248, 290, 314, 322, 311, 288, 307, 221, 298, 313, 302, 259, 292, 250, 313, 293, 322, 287, 295, 301, 315, 323, 315, 333, 329, 325, 338]
START TIMES OF ACTIVITIES OF PROJECT 3:
[0, 179, 163, 153, 161, 171, 161, 192, 171, 164, 170, 189, 171, 192, 177, 192, 239, 196, 171, 179, 225, 208, 187, 218, 211, 231, 217, 219, 187, 247, 227, 205, 202, 222, 235, 254, 218, 235, 275, 247, 225, 229, 239, 243, 239, 247, 269, 249, 274, 244, 278, 244, 261, 255, 259, 258, 265, 274, 276, 283, 285, 293]
START TIMES OF ACTIVITIES OF PROJECT 4:
[0, 0, 5, 18, 19, 19, 23, 18, 42, 23, 20, 27, 30, 52, 23, 40, 29, 37, 15, 43, 43, 37, 30, 104, 50, 47, 124, 60, 132, 42, 73, 42, 69, 114, 125, 113, 128, 75, 53, 126, 69, 143, 123, 135, 137, 128, 137, 142, 130, 139, 151, 142, 142, 146, 152, 156, 144, 152, 160, 151, 157, 165]
START TIMES OF ACTIVITIES OF PROJECT 5:
[0, 158, 14, 166, 166, 177, 166, 176, 182, 191, 166, 173, 198, 186, 199, 196, 190, 206, 175, 188, 182, 196, 214, 231, 197, 198, 190, 173, 221, 177, 175, 181, 222, 208, 225, 206, 241, 239, 224, 204, 246, 207, 212, 212, 231, 237, 225, 222, 228, 239, 237, 235, 248, 249, 246, 256, 254, 255, 256, 247, 258, 264]
START TIMES OF ACTIVITIES OF PROJECT 6:
[0, 17, 17, 17, 30, 23, 26, 20, 52, 60, 47, 41, 22, 48, 52, 81, 66, 30, 68, 70, 76, 34, 74, 90, 87, 42, 91, 58, 76, 57, 66, 58, 93, 107, 101, 35, 57, 41, 84, 89, 82, 112, 92, 109, 84, 59, 111, 101, 116, 120, 109, 121, 84, 79, 125, 117, 72, 130, 131, 134, 112, 137]
START TIMES OF ACTIVITIES OF PROJECT 7:
[0, 178, 200, 184, 186, 209, 186, 197, 206, 206, 227, 192, 251, 242, 242, 210, 225, 200, 213, 235, 212, 218, 213, 270, 246, 235, 191, 227, 247, 232, 259, 236, 243, 260, 202, 268, 227, 261, 259, 272, 282, 221, 281, 274, 277, 287, 287, 252, 293, 301, 290, 262, 288, 290, 265, 292, 305, 298, 305, 305, 306, 315]
START TIMES OF ACTIVITIES OF PROJECT 8:
[0, 15, 15, 15, 40, 29, 49, 25, 24, 48, 57, 104, 29, 66, 33, 54, 51, 66, 43, 72, 38, 50, 62, 38, 21, 80, 50, 57, 72, 38, 112, 91, 99, 82, 107, 80, 81, 75, 92, 90, 95, 66, 112, 113, 113, 118, 122, 101, 133, 126, 123, 122, 121, 134, 138, 129, 137, 147, 144, 131, 148, 152]
TRANSFERS OF GLOBAL RESOURCE G1
(0, 1, 0): 13 
(0, 1, 4): 3 
(0, 1, 8): 1 
(0, 4, 0): 3 
(0, 4, 1): 10 
(0, 6, 0): 12 
(0, 6, 5): 2 
(0, 8, 3): 10 
(0, 8, 9): 9 
(1, 4, 32): 1 
(1, 4, 105): 1 
(1, 4, 106): 10 
(1, 4, 116): 8 
(1, 4, 117): 4 
(1, 4, 120): 5 
(2, 0, 338): 27 
(2, 7, 230): 1 
(2, 7, 234): 1 
(2, 7, 257): 2 
(2, 7, 259): 1 
(2, 7, 263): 2 
(2, 7, 303): 1 
(3, 0, 293): 22 
(4, 1, 22): 1 
(4, 1, 49): 1 
(4, 1, 73): 3 
(4, 1, 74): 2 
(4, 1, 79): 2 
(4, 1, 82): 2 
(4, 2, 167): 2 
(4, 3, 135): 1 
(4, 3, 143): 4 
(4, 3, 161): 5 
(4, 5, 156): 1 
(4, 5, 157): 2 
(4, 5, 158): 3 
(4, 5, 167): 1 
(4, 5, 185): 1 
(4, 6, 47): 2 
(4, 6, 54): 1 
(4, 7, 152): 1 
(4, 7, 155): 3 
(4, 7, 165): 4 
(5, 2, 260): 2 
(5, 2, 263): 1 
(5, 2, 264): 2 
(5, 2, 265): 2 
(5, 7, 169): 3 
(5, 7, 175): 1 
(5, 7, 209): 2 
(5, 7, 252): 1 
(5, 7, 263): 5 
(5, 7, 273): 1 
(5, 7, 278): 4 
(5, 7, 279): 1 
(6, 1, 86): 1 
(6, 3, 135): 3 
(6, 3, 137): 9 
(6, 7, 137): 1 
(6, 7, 143): 3 
(7, 0, 315): 14 
(7, 2, 212): 6 
(7, 2, 242): 1 
(7, 2, 243): 4 
(7, 2, 248): 2 
(7, 2, 268): 3 
(7, 2, 275): 7 
(7, 2, 276): 1 
(7, 2, 293): 1 
(7, 2, 312): 1 
(8, 5, 144): 5 
(8, 5, 152): 12 
(8, 7, 160): 2 
TRANSFERS OF GLOBAL RESOURCE G2
(0, 1, 4): 15 
(0, 1, 5): 1 
(0, 4, 0): 9 
(0, 4, 13): 10 
(0, 4, 14): 6 
(0, 5, 0): 5 
(0, 6, 16): 9 
(0, 8, 0): 8 
(0, 8, 6): 4 
(0, 8, 9): 1 
(0, 8, 10): 1 
(1, 4, 116): 6 
(1, 4, 120): 5 
(1, 4, 130): 2 
(1, 8, 23): 1 
(1, 8, 37): 2 
(1, 8, 42): 1 
(1, 8, 98): 1 
(1, 8, 101): 2 
(1, 8, 106): 4 
(1, 8, 116): 8 
(2, 0, 338): 31 
(3, 0, 293): 17 
(3, 2, 250): 3 
(3, 2, 291): 3 
(4, 1, 20): 2 
(4, 1, 22): 1 
(4, 1, 82): 1 
(4, 5, 148): 7 
(4, 5, 155): 11 
(4, 6, 20): 6 
(4, 6, 35): 3 
(4, 6, 46): 4 
(4, 6, 51): 1 
(4, 6, 70): 2 
(4, 6, 73): 4 
(4, 6, 85): 1 
(4, 7, 148): 1 
(4, 7, 154): 2 
(4, 7, 170): 4 
(4, 7, 172): 5 
(4, 7, 176): 2 
(4, 7, 179): 1 
(5, 2, 192): 4 
(5, 2, 195): 1 
(5, 2, 207): 5 
(5, 2, 223): 1 
(5, 2, 255): 3 
(5, 2, 256): 2 
(5, 2, 259): 3 
(5, 2, 262): 1 
(5, 2, 264): 2 
(5, 2, 271): 3 
(5, 3, 211): 2 
(5, 6, 26): 1 
(5, 8, 27): 4 
(6, 1, 42): 3 
(6, 1, 82): 2 
(6, 4, 98): 10 
(6, 4, 108): 1 
(6, 4, 119): 1 
(6, 4, 136): 4 
(6, 5, 151): 9 
(6, 8, 98): 1 
(7, 0, 315): 21 
(8, 1, 65): 3 
(8, 1, 74): 2 
(8, 1, 81): 2 
(8, 3, 134): 10 
(8, 3, 152): 6 
(8, 3, 158): 1 
(8, 3, 160): 4 
(8, 4, 125): 4 
(8, 7, 137): 1 
(8, 7, 139): 5 
}
