INSTANCE: "A_12_60_24" 
RELEASES: [0, 0, 0, 0, 0, 0, 0, 0, 0, 0, 0, 0]
DUEDATES: [103, 64, 104, 113, 134, 122, 137, 111, 103, 101, 92, 98]
COMPLETION TIMES: [210, 83, 108, 119, 206, 246, 165, 194, 180, 116, 111, 126]
MAKESPANS: [210, 83, 108, 119, 206, 246, 165, 194, 180, 116, 111, 126]
DELAYS: [107, 19, 4, 6, 72, 124, 28, 83, 77, 15, 19, 28]
COST: 1223.0

Solution = { 
START TIMES OF ACTIVITIES OF PROJECT 1:
[0, 6, 20, 11, 121, 17, 124, 132, 123, 137, 124, 148, 134, 140, 124, 22, 134, 139, 133, 146, 143, 130, 130, 143, 26, 137, 169, 148, 148, 152, 158, 156, 163, 156, 168, 158, 158, 184, 160, 195, 146, 166, 160, 166, 176, 168, 176, 194, 173, 180, 181, 177, 191, 185, 161, 195, 194, 180, 199, 200, 200, 210]
START TIMES OF ACTIVITIES OF PROJECT 2:
[0, 10, 10, 10, 14, 14, 24, 22, 30, 21, 16, 17, 35, 31, 32, 31, 38, 22, 40, 36, 27, 41, 42, 25, 48, 33, 38, 54, 46, 63, 57, 63, 38, 25, 41, 48, 37, 48, 70, 43, 37, 12, 34, 44, 53, 59, 70, 61, 59, 54, 46, 75, 73, 61, 69, 66, 71, 71, 80, 80, 78, 83]
START TIMES OF ACTIVITIES OF PROJECT 3:
[0, 0, 6, 0, 10, 10, 8, 19, 20, 20, 15, 17, 40, 28, 44, 36, 36, 47, 10, 44, 66, 24, 50, 50, 26, 26, 47, 15, 35, 28, 24, 33, 88, 40, 55, 57, 78, 58, 65, 48, 59, 58, 60, 30, 42, 70, 67, 69, 67, 79, 76, 99, 97, 81, 88, 97, 98, 99, 100, 89, 103, 108]
START TIMES OF ACTIVITIES OF PROJECT 4:
[0, 3, 3, 3, 5, 9, 15, 29, 20, 19, 33, 22, 44, 20, 28, 5, 34, 15, 59, 28, 29, 69, 58, 9, 41, 80, 50, 38, 75, 34, 36, 61, 68, 69, 51, 53, 54, 76, 72, 54, 25, 77, 55, 81, 87, 52, 90, 87, 68, 79, 85, 91, 93, 86, 101, 96, 111, 96, 101, 112, 106, 119]
START TIMES OF ACTIVITIES OF PROJECT 5:
[0, 39, 32, 72, 75, 119, 83, 75, 61, 86, 121, 121, 131, 94, 45, 63, 103, 132, 87, 126, 82, 127, 135, 75, 116, 134, 112, 119, 139, 129, 147, 138, 71, 140, 163, 149, 147, 159, 173, 137, 182, 164, 165, 160, 151, 192, 146, 197, 177, 169, 147, 178, 182, 177, 155, 170, 187, 195, 202, 203, 197, 206]
START TIMES OF ACTIVITIES OF PROJECT 6:
[0, 38, 126, 114, 125, 130, 136, 135, 141, 141, 145, 130, 168, 150, 150, 198, 149, 127, 159, 150, 195, 159, 202, 124, 184, 159, 168, 165, 176, 154, 176, 188, 133, 205, 158, 139, 188, 160, 170, 209, 215, 173, 201, 210, 195, 188, 223, 178, 177, 236, 210, 221, 231, 231, 215, 218, 219, 223, 238, 238, 236, 246]
START TIMES OF ACTIVITIES OF PROJECT 7:
[0, 8, 8, 19, 48, 25, 18, 15, 36, 18, 25, 37, 41, 51, 25, 64, 23, 42, 19, 42, 49, 41, 49, 54, 28, 56, 90, 55, 56, 102, 45, 65, 74, 73, 91, 110, 59, 112, 108, 66, 99, 67, 80, 108, 115, 90, 108, 93, 129, 131, 140, 114, 118, 135, 119, 129, 150, 140, 131, 156, 147, 165]
START TIMES OF ACTIVITIES OF PROJECT 8:
[0, 74, 22, 78, 86, 94, 83, 88, 81, 107, 89, 95, 111, 105, 66, 102, 102, 111, 114, 99, 99, 121, 118, 141, 115, 112, 130, 129, 123, 119, 135, 130, 127, 157, 118, 141, 157, 140, 160, 158, 144, 134, 164, 171, 154, 151, 164, 174, 160, 150, 164, 173, 167, 180, 179, 187, 144, 171, 186, 190, 187, 194]
START TIMES OF ACTIVITIES OF PROJECT 9:
[0, 10, 10, 10, 18, 93, 33, 16, 102, 116, 24, 106, 20, 26, 27, 98, 100, 109, 99, 107, 12, 124, 92, 99, 135, 116, 144, 141, 108, 138, 123, 161, 141, 102, 108, 99, 122, 109, 115, 154, 129, 143, 132, 137, 160, 150, 141, 116, 144, 162, 148, 155, 163, 163, 157, 163, 168, 164, 172, 169, 173, 180]
START TIMES OF ACTIVITIES OF PROJECT 10:
[0, 10, 10, 10, 11, 14, 23, 38, 15, 20, 39, 59, 34, 28, 28, 52, 28, 57, 19, 63, 39, 56, 12, 46, 42, 84, 48, 42, 52, 63, 66, 86, 88, 86, 80, 14, 92, 37, 57, 66, 82, 16, 70, 66, 76, 74, 83, 79, 95, 84, 86, 105, 100, 94, 55, 93, 98, 101, 106, 110, 110, 116]
START TIMES OF ACTIVITIES OF PROJECT 11:
[0, 9, 9, 9, 10, 15, 18, 33, 44, 23, 10, 10, 23, 36, 35, 21, 27, 40, 50, 49, 54, 57, 36, 10, 52, 29, 67, 26, 19, 61, 101, 50, 44, 28, 82, 76, 68, 54, 86, 69, 54, 85, 91, 78, 85, 78, 96, 84, 77, 89, 97, 94, 61, 58, 91, 98, 98, 41, 106, 106, 102, 111]
START TIMES OF ACTIVITIES OF PROJECT 12:
[0, 24, 1, 1, 48, 26, 32, 51, 48, 27, 35, 38, 53, 41, 63, 3, 28, 61, 70, 48, 25, 76, 64, 87, 71, 85, 28, 96, 32, 28, 79, 62, 101, 51, 77, 54, 47, 57, 71, 67, 76, 104, 106, 79, 102, 93, 70, 87, 92, 82, 106, 113, 38, 101, 99, 111, 104, 113, 116, 120, 113, 126]
TRANSFERS OF GLOBAL RESOURCE G1
(0, 1, 0): 3 
(0, 2, 1): 21 
(0, 3, 0): 5 
(0, 3, 2): 9 
(0, 3, 4): 14 
(0, 4, 1): 10 
(0, 4, 3): 3 
(0, 4, 7): 13 
(0, 7, 0): 10 
(0, 9, 7): 13 
(0, 10, 5): 16 
(0, 11, 6): 24 
(1, 0, 210): 26 
(1, 3, 33): 1 
(1, 7, 15): 1 
(1, 7, 37): 2 
(1, 7, 131): 1 
(1, 8, 146): 1 
(1, 8, 148): 3 
(1, 10, 34): 1 
(1, 10, 37): 3 
(1, 11, 31): 2 
(1, 11, 32): 1 
(2, 3, 48): 1 
(2, 4, 49): 6 
(2, 4, 76): 1 
(2, 4, 83): 4 
(2, 4, 86): 1 
(2, 7, 38): 5 
(2, 7, 76): 3 
(2, 7, 86): 4 
(2, 7, 89): 7 
(2, 8, 76): 3 
(2, 9, 85): 1 
(2, 9, 86): 4 
(2, 9, 92): 3 
(2, 10, 48): 1 
(2, 11, 77): 3 
(2, 11, 78): 3 
(2, 11, 91): 2 
(3, 4, 90): 4 
(3, 8, 68): 1 
(3, 10, 17): 4 
(3, 10, 18): 2 
(3, 10, 72): 1 
(3, 10, 77): 1 
(3, 10, 78): 2 
(3, 10, 80): 1 
(3, 10, 92): 1 
(3, 10, 103): 5 
(3, 11, 70): 5 
(3, 12, 19): 1 
(3, 12, 20): 9 
(3, 12, 21): 1 
(3, 12, 42): 4 
(3, 12, 43): 3 
(3, 12, 72): 2 
(3, 12, 111): 6 
(4, 1, 19): 2 
(4, 2, 14): 1 
(4, 2, 17): 3 
(4, 3, 22): 1 
(4, 3, 34): 1 
(4, 5, 22): 1 
(4, 5, 119): 4 
(4, 6, 103): 3 
(4, 7, 14): 2 
(4, 7, 120): 1 
(4, 8, 14): 2 
(4, 8, 75): 1 
(4, 8, 119): 3 
(4, 8, 122): 1 
(4, 9, 12): 1 
(4, 9, 29): 3 
(4, 9, 88): 5 
(4, 10, 37): 2 
(4, 10, 61): 3 
(4, 10, 77): 3 
(4, 11, 40): 4 
(4, 11, 81): 5 
(4, 11, 102): 2 
(5, 0, 206): 28 
(5, 6, 112): 3 
(5, 6, 158): 3 
(5, 6, 234): 1 
(5, 8, 90): 3 
(5, 9, 85): 1 
(6, 0, 246): 27 
(6, 5, 43): 1 
(6, 5, 132): 4 
(6, 5, 147): 1 
(6, 5, 180): 1 
(7, 0, 165): 10 
(7, 1, 119): 3 
(7, 1, 120): 3 
(7, 1, 191): 2 
(7, 2, 32): 7 
(7, 2, 62): 1 
(7, 2, 66): 5 
(7, 2, 71): 1 
(7, 3, 48): 2 
(7, 4, 50): 1 
(7, 5, 102): 2 
(7, 8, 53): 2 
(7, 8, 141): 2 
(7, 8, 147): 1 
(8, 0, 194): 27 
(8, 5, 30): 1 
(8, 5, 107): 2 
(8, 6, 27): 1 
(8, 6, 103): 1 
(8, 9, 135): 6 
(9, 0, 180): 23 
(9, 1, 22): 4 
(9, 1, 120): 6 
(9, 1, 126): 5 
(9, 2, 18): 7 
(9, 6, 111): 2 
(9, 7, 123): 3 
(9, 8, 110): 2 
(9, 8, 112): 2 
(9, 8, 148): 3 
(9, 11, 25): 1 
(9, 11, 39): 6 
(9, 11, 43): 4 
(9, 11, 100): 1 
(10, 3, 24): 5 
(10, 3, 56): 3 
(10, 3, 86): 3 
(10, 3, 95): 3 
(10, 3, 96): 3 
(10, 3, 98): 1 
(10, 4, 49): 5 
(10, 6, 110): 3 
(10, 6, 111): 1 
(10, 8, 118): 1 
(10, 9, 87): 2 
(10, 9, 97): 3 
(10, 9, 127): 8 
(10, 12, 48): 5 
(10, 12, 110): 4 
(11, 1, 16): 2 
(11, 2, 62): 5 
(11, 2, 68): 1 
(11, 4, 65): 6 
(11, 5, 58): 3 
(11, 5, 61): 1 
(11, 5, 112): 7 
(11, 6, 110): 7 
(11, 6, 112): 5 
(11, 7, 19): 3 
(11, 8, 57): 5 
(11, 8, 65): 1 
(11, 8, 110): 1 
(11, 9, 15): 5 
(11, 9, 91): 1 
(11, 9, 92): 6 
(11, 10, 10): 1 
(11, 10, 58): 1 
(11, 10, 61): 2 
(12, 1, 127): 3 
(12, 1, 133): 9 
(12, 3, 35): 1 
(12, 5, 58): 5 
(12, 5, 99): 5 
(12, 5, 117): 1 
(12, 6, 133): 4 
(12, 9, 130): 5 
(12, 9, 133): 2 
TRANSFERS OF GLOBAL RESOURCE G2
(0, 1, 0): 7 
(0, 2, 0): 11 
(0, 2, 4): 11 
(0, 3, 0): 22 
(0, 4, 0): 9 
(0, 4, 2): 5 
(0, 7, 3): 12 
(0, 9, 0): 10 
(0, 10, 0): 21 
(0, 11, 0): 18 
(0, 11, 1): 4 
(0, 12, 0): 17 
(1, 0, 205): 24 
(1, 6, 35): 5 
(1, 6, 142): 3 
(1, 6, 147): 1 
(1, 6, 165): 8 
(1, 6, 212): 5 
(1, 7, 28): 2 
(2, 4, 42): 1 
(2, 4, 77): 4 
(2, 9, 82): 8 
(2, 9, 83): 9 
(2, 10, 63): 3 
(2, 10, 77): 3 
(2, 10, 79): 1 
(2, 10, 81): 2 
(2, 12, 77): 3 
(3, 1, 106): 1 
(3, 1, 112): 1 
(3, 5, 100): 3 
(3, 8, 74): 2 
(3, 8, 92): 2 
(3, 11, 21): 1 
(3, 11, 42): 1 
(3, 11, 51): 2 
(3, 11, 91): 2 
(3, 11, 99): 4 
(3, 12, 17): 2 
(3, 12, 18): 2 
(3, 12, 19): 1 
(3, 12, 23): 3 
(3, 12, 26): 1 
(3, 12, 38): 1 
(3, 12, 104): 1 
(4, 5, 89): 1 
(4, 5, 121): 5 
(4, 7, 33): 2 
(4, 7, 34): 1 
(4, 7, 63): 1 
(4, 7, 90): 4 
(4, 7, 105): 4 
(4, 7, 107): 2 
(4, 9, 90): 1 
(4, 9, 91): 2 
(4, 9, 94): 1 
(4, 9, 101): 7 
(4, 12, 25): 1 
(4, 12, 29): 4 
(4, 12, 38): 1 
(4, 12, 59): 3 
(4, 12, 89): 2 
(4, 12, 101): 1 
(5, 0, 206): 28 
(5, 1, 149): 1 
(5, 4, 74): 1 
(5, 7, 47): 3 
(5, 7, 64): 8 
(5, 7, 88): 7 
(6, 0, 246): 30 
(6, 1, 130): 6 
(6, 4, 42): 1 
(6, 7, 41): 4 
(7, 0, 165): 9 
(7, 4, 19): 2 
(7, 4, 69): 1 
(7, 4, 73): 1 
(7, 4, 74): 8 
(7, 4, 76): 1 
(7, 5, 30): 4 
(7, 5, 59): 7 
(7, 5, 61): 9 
(7, 5, 70): 2 
(7, 5, 101): 4 
(7, 5, 114): 3 
(7, 5, 127): 1 
(7, 5, 132): 5 
(7, 5, 145): 3 
(7, 6, 117): 6 
(7, 6, 118): 10 
(7, 9, 148): 1 
(7, 12, 26): 1 
(8, 0, 194): 24 
(8, 1, 145): 3 
(8, 11, 38): 1 
(8, 11, 83): 6 
(9, 0, 173): 27 
(9, 1, 110): 8 
(9, 4, 14): 1 
(9, 4, 36): 6 
(9, 7, 11): 2 
(9, 7, 35): 1 
(10, 0, 116): 5 
(10, 1, 110): 7 
(10, 2, 24): 2 
(10, 2, 54): 1 
(10, 6, 93): 2 
(10, 6, 112): 1 
(10, 7, 96): 2 
(10, 7, 115): 2 
(10, 9, 94): 5 
(10, 12, 15): 2 
(10, 12, 23): 1 
(11, 1, 108): 8 
(11, 1, 110): 2 
(11, 1, 111): 1 
(11, 8, 20): 1 
(11, 8, 64): 3 
(11, 8, 72): 4 
(11, 8, 76): 1 
(11, 8, 79): 1 
(11, 8, 86): 1 
(11, 8, 93): 2 
(11, 8, 100): 2 
(11, 8, 103): 2 
(11, 8, 109): 1 
(11, 8, 116): 8 
(11, 8, 119): 2 
(12, 1, 144): 3 
(12, 2, 4): 6 
(12, 2, 6): 3 
(12, 3, 6): 8 
(12, 4, 73): 2 
(12, 5, 95): 1 
(12, 7, 106): 10 
(12, 7, 123): 11 
(12, 8, 63): 2 
(12, 9, 144): 1 
}
