INSTANCE: "A_14_60_15" 
RELEASES: [0, 0, 0, 0, 0, 0, 0, 0, 0, 0, 0, 0, 0, 0]
DUEDATES: [73, 96, 95, 142, 120, 67, 131, 122, 120, 105, 116, 106, 125, 98]
COMPLETION TIMES: [235, 388, 142, 317, 122, 244, 419, 390, 143, 310, 152, 260, 160, 159]
MAKESPANS: [235, 388, 142, 317, 122, 244, 419, 390, 143, 310, 152, 260, 160, 159]
DELAYS: [162, 292, 47, 175, 2, 177, 288, 268, 23, 205, 36, 154, 35, 61]
COST: 2683.0

Solution = { 
START TIMES OF ACTIVITIES OF PROJECT 1:
[0, 131, 139, 171, 159, 149, 160, 140, 152, 189, 160, 199, 178, 165, 178, 171, 194, 164, 134, 148, 199, 169, 182, 162, 162, 187, 174, 191, 215, 193, 164, 160, 208, 203, 182, 211, 211, 174, 193, 201, 198, 193, 199, 200, 206, 187, 200, 218, 183, 218, 178, 215, 206, 220, 220, 220, 227, 228, 229, 229, 221, 235]
START TIMES OF ACTIVITIES OF PROJECT 2:
[0, 159, 272, 277, 301, 244, 293, 285, 285, 306, 321, 311, 322, 326, 316, 328, 311, 321, 327, 276, 315, 311, 328, 280, 333, 326, 316, 320, 322, 335, 323, 338, 332, 345, 339, 316, 331, 355, 338, 344, 348, 372, 326, 330, 355, 349, 345, 362, 338, 367, 354, 348, 363, 355, 374, 374, 375, 374, 358, 380, 384, 388]
START TIMES OF ACTIVITIES OF PROJECT 3:
[0, 18, 29, 23, 48, 36, 33, 39, 73, 43, 58, 44, 50, 59, 52, 52, 29, 49, 58, 36, 53, 58, 86, 53, 66, 76, 65, 67, 96, 68, 67, 73, 65, 39, 93, 99, 108, 108, 105, 83, 90, 94, 69, 111, 91, 92, 122, 78, 99, 116, 84, 121, 121, 115, 64, 115, 116, 131, 123, 123, 135, 142]
START TIMES OF ACTIVITIES OF PROJECT 4:
[0, 22, 180, 170, 144, 190, 190, 138, 196, 199, 198, 199, 169, 233, 223, 161, 243, 247, 208, 208, 211, 236, 223, 252, 237, 257, 257, 208, 209, 268, 238, 243, 216, 270, 264, 268, 246, 246, 273, 268, 271, 272, 236, 256, 256, 261, 275, 269, 285, 275, 277, 285, 275, 293, 285, 294, 297, 301, 311, 301, 311, 317]
START TIMES OF ACTIVITIES OF PROJECT 5:
[0, 8, 0, 13, 18, 18, 33, 49, 23, 48, 36, 32, 8, 28, 13, 71, 27, 59, 18, 32, 38, 38, 52, 59, 48, 51, 72, 50, 52, 64, 84, 61, 61, 95, 41, 96, 107, 41, 63, 84, 55, 92, 73, 105, 75, 100, 107, 83, 74, 91, 85, 114, 104, 98, 99, 100, 105, 112, 113, 110, 120, 122]
START TIMES OF ACTIVITIES OF PROJECT 6:
[0, 143, 141, 141, 159, 147, 147, 168, 172, 184, 154, 150, 198, 222, 189, 154, 180, 171, 161, 223, 166, 179, 195, 154, 163, 186, 172, 189, 220, 200, 211, 204, 180, 157, 187, 210, 164, 192, 211, 189, 201, 201, 183, 190, 211, 219, 222, 229, 217, 198, 213, 231, 215, 211, 232, 224, 234, 234, 238, 241, 234, 244]
START TIMES OF ACTIVITIES OF PROJECT 7:
[0, 275, 285, 287, 288, 306, 280, 298, 296, 327, 308, 296, 308, 330, 315, 322, 309, 313, 331, 306, 325, 341, 316, 346, 333, 364, 343, 331, 316, 327, 369, 341, 343, 322, 325, 354, 358, 330, 350, 358, 369, 360, 362, 358, 380, 369, 379, 349, 373, 383, 362, 402, 380, 384, 385, 393, 385, 390, 402, 411, 407, 419]
START TIMES OF ACTIVITIES OF PROJECT 8:
[0, 265, 262, 262, 280, 289, 270, 273, 266, 265, 276, 281, 283, 266, 299, 301, 299, 310, 304, 322, 304, 282, 267, 272, 317, 298, 270, 292, 307, 316, 316, 300, 339, 326, 333, 318, 312, 324, 369, 314, 324, 337, 330, 337, 344, 356, 345, 348, 330, 351, 344, 335, 353, 331, 352, 380, 374, 360, 374, 384, 384, 390]
START TIMES OF ACTIVITIES OF PROJECT 9:
[0, 10, 10, 10, 19, 70, 27, 16, 28, 78, 29, 33, 14, 36, 51, 21, 22, 48, 38, 60, 55, 16, 60, 36, 20, 34, 99, 84, 44, 54, 71, 70, 21, 20, 98, 40, 55, 49, 121, 86, 61, 78, 79, 41, 68, 91, 40, 111, 92, 71, 91, 102, 111, 101, 102, 126, 48, 118, 116, 126, 136, 143]
START TIMES OF ACTIVITIES OF PROJECT 10:
[0, 231, 182, 203, 230, 185, 190, 226, 199, 213, 224, 203, 237, 231, 253, 224, 217, 209, 220, 234, 217, 256, 210, 245, 199, 222, 269, 241, 259, 227, 251, 271, 251, 266, 239, 237, 226, 279, 271, 286, 267, 279, 251, 229, 283, 277, 258, 257, 259, 288, 274, 291, 269, 278, 247, 286, 296, 289, 306, 298, 284, 310]
START TIMES OF ACTIVITIES OF PROJECT 11:
[0, 21, 21, 28, 40, 46, 30, 30, 31, 43, 43, 34, 46, 46, 52, 60, 52, 37, 69, 55, 130, 31, 83, 80, 62, 78, 122, 39, 71, 88, 72, 57, 57, 48, 107, 92, 90, 66, 118, 123, 137, 62, 109, 100, 112, 79, 87, 137, 92, 73, 83, 90, 121, 133, 141, 107, 145, 125, 146, 144, 123, 152]
START TIMES OF ACTIVITIES OF PROJECT 12:
[0, 18, 152, 148, 154, 154, 191, 156, 163, 163, 164, 172, 191, 175, 164, 171, 171, 174, 201, 199, 202, 164, 182, 200, 158, 215, 187, 175, 179, 205, 205, 201, 222, 216, 210, 183, 199, 240, 211, 218, 172, 207, 209, 223, 227, 222, 231, 250, 227, 231, 233, 231, 243, 240, 211, 251, 244, 233, 251, 256, 250, 260]
START TIMES OF ACTIVITIES OF PROJECT 13:
[0, 18, 18, 18, 37, 19, 28, 25, 37, 46, 42, 19, 144, 106, 58, 154, 33, 61, 43, 60, 81, 65, 91, 28, 49, 43, 55, 53, 82, 24, 80, 70, 55, 101, 64, 40, 99, 74, 87, 115, 133, 125, 116, 110, 87, 116, 137, 91, 125, 154, 117, 127, 137, 140, 130, 137, 105, 109, 158, 144, 150, 160]
START TIMES OF ACTIVITIES OF PROJECT 14:
[0, 39, 21, 21, 47, 40, 53, 63, 54, 62, 47, 66, 88, 72, 92, 62, 93, 74, 62, 115, 83, 78, 93, 99, 77, 107, 102, 85, 98, 103, 113, 109, 116, 111, 116, 122, 124, 135, 104, 110, 121, 126, 131, 58, 110, 124, 121, 115, 125, 126, 121, 120, 140, 132, 143, 131, 148, 140, 153, 156, 141, 159]
TRANSFERS OF GLOBAL RESOURCE G1
(0, 3, 0): 7 
(0, 4, 0): 5 
(0, 5, 0): 4 
(0, 5, 5): 9 
(0, 5, 10): 3 
(0, 5, 15): 1 
(0, 9, 0): 13 
(0, 9, 4): 4 
(0, 9, 6): 1 
(0, 9, 10): 3 
(0, 9, 12): 2 
(0, 11, 0): 16 
(0, 12, 0): 7 
(0, 13, 7): 10 
(0, 13, 8): 9 
(0, 14, 0): 3 
(1, 4, 177): 1 
(1, 4, 233): 4 
(1, 4, 242): 5 
(1, 10, 177): 1 
(1, 10, 229): 11 
(1, 10, 231): 2 
(1, 10, 236): 3 
(1, 12, 223): 1 
(1, 12, 236): 4 
(2, 0, 388): 25 
(2, 7, 296): 1 
(2, 7, 336): 4 
(2, 7, 339): 1 
(2, 7, 340): 2 
(2, 7, 350): 5 
(2, 8, 252): 1 
(2, 8, 341): 5 
(2, 10, 169): 1 
(3, 1, 127): 1 
(3, 1, 130): 2 
(3, 1, 135): 2 
(3, 1, 144): 3 
(3, 1, 145): 5 
(3, 4, 129): 2 
(3, 13, 115): 2 
(3, 14, 121): 1 
(4, 0, 317): 16 
(4, 1, 150): 5 
(4, 1, 202): 1 
(4, 2, 272): 2 
(4, 3, 35): 1 
(4, 7, 314): 1 
(4, 8, 272): 5 
(4, 8, 273): 1 
(4, 12, 151): 1 
(4, 12, 198): 1 
(4, 12, 202): 2 
(4, 13, 28): 1 
(4, 14, 33): 3 
(5, 6, 121): 5 
(5, 9, 39): 1 
(5, 9, 68): 1 
(5, 9, 111): 3 
(5, 13, 111): 5 
(5, 13, 116): 2 
(5, 14, 33): 2 
(5, 14, 120): 5 
(5, 14, 121): 3 
(6, 4, 225): 1 
(6, 7, 245): 2 
(6, 8, 237): 9 
(6, 8, 240): 5 
(6, 8, 241): 2 
(6, 8, 242): 1 
(6, 10, 259): 2 
(7, 0, 419): 27 
(7, 2, 310): 3 
(7, 2, 325): 2 
(7, 8, 325): 2 
(8, 0, 390): 29 
(8, 2, 296): 1 
(8, 2, 323): 2 
(8, 7, 278): 1 
(9, 2, 133): 1 
(9, 5, 53): 2 
(9, 5, 89): 4 
(9, 5, 90): 4 
(9, 6, 127): 4 
(9, 6, 133): 2 
(9, 6, 136): 7 
(9, 6, 143): 3 
(9, 6, 147): 1 
(10, 2, 231): 1 
(10, 2, 259): 3 
(10, 2, 267): 2 
(10, 2, 272): 2 
(10, 2, 293): 4 
(10, 2, 298): 3 
(10, 2, 307): 1 
(10, 2, 309): 1 
(10, 2, 310): 10 
(10, 2, 315): 1 
(10, 7, 259): 2 
(10, 7, 306): 2 
(10, 8, 259): 1 
(10, 8, 293): 1 
(11, 3, 48): 2 
(11, 3, 49): 4 
(11, 12, 140): 2 
(11, 12, 146): 12 
(12, 1, 161): 2 
(12, 1, 163): 2 
(12, 1, 191): 6 
(12, 1, 207): 2 
(12, 2, 250): 5 
(12, 2, 253): 1 
(12, 3, 27): 3 
(12, 4, 250): 3 
(12, 7, 258): 2 
(12, 7, 260): 9 
(12, 7, 261): 2 
(12, 10, 188): 1 
(12, 10, 198): 1 
(12, 10, 202): 4 
(12, 11, 26): 3 
(12, 11, 32): 1 
(13, 1, 144): 1 
(13, 3, 49): 1 
(13, 4, 132): 2 
(13, 10, 160): 2 
(13, 10, 168): 2 
(13, 12, 140): 1 
(13, 12, 157): 3 
(13, 12, 161): 10 
(13, 12, 165): 3 
(13, 14, 46): 2 
(13, 14, 66): 2 
(14, 4, 132): 6 
(14, 4, 184): 11 
(14, 10, 157): 4 
TRANSFERS OF GLOBAL RESOURCE G2
(0, 3, 0): 7 
(0, 5, 3): 9 
(0, 5, 8): 8 
(0, 5, 13): 4 
(0, 9, 0): 18 
(0, 9, 10): 10 
(0, 9, 11): 4 
(0, 11, 2): 17 
(0, 13, 0): 16 
(0, 13, 1): 1 
(0, 13, 7): 1 
(1, 2, 235): 7 
(1, 2, 240): 1 
(1, 2, 248): 1 
(1, 7, 245): 4 
(1, 7, 250): 2 
(1, 7, 257): 4 
(1, 8, 240): 5 
(1, 8, 260): 1 
(2, 0, 388): 30 
(2, 6, 166): 3 
(2, 7, 298): 6 
(2, 7, 338): 4 
(2, 7, 356): 1 
(2, 8, 253): 8 
(3, 1, 120): 2 
(3, 1, 125): 3 
(3, 11, 72): 5 
(3, 12, 134): 1 
(3, 13, 72): 4 
(3, 13, 78): 5 
(3, 13, 79): 1 
(3, 13, 103): 1 
(3, 13, 125): 2 
(3, 13, 128): 7 
(3, 13, 138): 6 
(4, 0, 311): 10 
(4, 8, 288): 2 
(4, 8, 293): 8 
(4, 8, 313): 3 
(4, 12, 145): 2 
(4, 12, 172): 3 
(4, 12, 230): 6 
(5, 1, 110): 2 
(5, 1, 118): 3 
(5, 6, 120): 13 
(5, 9, 32): 2 
(5, 9, 70): 1 
(5, 9, 71): 1 
(5, 9, 76): 4 
(5, 11, 21): 1 
(5, 12, 121): 2 
(5, 13, 23): 3 
(5, 13, 74): 1 
(6, 2, 154): 1 
(6, 2, 239): 8 
(6, 8, 257): 2 
(6, 10, 235): 10 
(6, 10, 237): 1 
(6, 10, 243): 1 
(6, 10, 253): 3 
(7, 0, 419): 23 
(7, 2, 315): 2 
(7, 8, 289): 2 
(8, 0, 390): 21 
(8, 2, 276): 6 
(8, 2, 319): 4 
(8, 2, 345): 2 
(8, 7, 299): 1 
(8, 7, 322): 1 
(8, 7, 324): 2 
(9, 2, 142): 2 
(9, 5, 56): 4 
(9, 5, 88): 5 
(9, 5, 92): 1 
(9, 5, 99): 2 
(9, 6, 130): 2 
(9, 6, 143): 5 
(9, 6, 152): 1 
(9, 14, 24): 5 
(9, 14, 25): 6 
(9, 14, 92): 3 
(9, 14, 95): 1 
(9, 14, 125): 1 
(9, 14, 138): 2 
(10, 0, 310): 11 
(10, 2, 288): 5 
(10, 2, 298): 4 
(10, 2, 305): 1 
(10, 2, 313): 3 
(10, 2, 314): 2 
(10, 6, 195): 2 
(10, 8, 271): 2 
(11, 3, 42): 1 
(11, 3, 57): 3 
(11, 3, 58): 1 
(11, 3, 88): 1 
(11, 4, 125): 2 
(11, 12, 137): 3 
(11, 12, 141): 5 
(11, 12, 145): 4 
(11, 12, 152): 3 
(11, 13, 55): 2 
(11, 13, 85): 1 
(11, 13, 93): 2 
(11, 13, 95): 3 
(12, 2, 242): 3 
(12, 4, 158): 4 
(12, 4, 166): 1 
(12, 4, 177): 1 
(12, 4, 196): 1 
(12, 4, 205): 4 
(12, 4, 220): 6 
(12, 4, 243): 3 
(12, 4, 254): 2 
(12, 4, 272): 5 
(12, 7, 258): 2 
(12, 8, 248): 4 
(13, 1, 144): 4 
(13, 1, 146): 2 
(13, 1, 155): 6 
(13, 3, 21): 1 
(13, 3, 42): 6 
(13, 3, 51): 1 
(13, 3, 63): 4 
(13, 3, 66): 1 
(13, 3, 67): 2 
(13, 3, 82): 1 
(13, 3, 97): 3 
(13, 3, 109): 5 
(13, 4, 151): 1 
(13, 4, 162): 4 
(13, 11, 65): 3 
(13, 11, 106): 1 
(13, 11, 117): 4 
(13, 12, 147): 4 
(13, 12, 159): 2 
(13, 12, 167): 1 
(14, 1, 156): 3 
(14, 10, 163): 8 
(14, 10, 166): 1 
(14, 10, 171): 6 
}
