INSTANCE: "A_16_60_39" 
RELEASES: [0, 0, 0, 0, 0, 0, 0, 0, 0, 0, 0, 0, 0, 0, 0, 0]
DUEDATES: [101, 103, 70, 86, 117, 64, 70, 114, 138, 95, 108, 148, 122, 98, 115, 124]
COMPLETION TIMES: [141, 155, 182, 92, 236, 83, 101, 121, 233, 191, 116, 231, 232, 126, 233, 151]
MAKESPANS: [141, 155, 182, 92, 236, 83, 101, 121, 233, 191, 116, 231, 232, 126, 233, 151]
DELAYS: [40, 52, 112, 6, 119, 19, 31, 7, 95, 96, 8, 83, 110, 28, 118, 27]
COST: 1787.5

Solution = { 
START TIMES OF ACTIVITIES OF PROJECT 1:
[0, 24, 24, 24, 25, 26, 44, 63, 28, 36, 27, 82, 50, 49, 44, 39, 53, 81, 29, 87, 64, 64, 71, 58, 71, 113, 75, 58, 67, 78, 81, 115, 91, 124, 87, 33, 103, 71, 76, 78, 95, 64, 89, 85, 96, 93, 99, 98, 124, 99, 103, 136, 114, 109, 74, 104, 112, 115, 137, 125, 131, 141]
START TIMES OF ACTIVITIES OF PROJECT 2:
[0, 25, 51, 25, 31, 33, 36, 59, 35, 79, 36, 93, 103, 62, 44, 55, 51, 46, 61, 48, 112, 44, 53, 68, 88, 73, 110, 69, 60, 65, 112, 50, 106, 73, 80, 98, 106, 88, 114, 97, 88, 108, 114, 118, 93, 118, 121, 111, 114, 127, 128, 128, 138, 135, 121, 117, 139, 98, 145, 126, 145, 155]
START TIMES OF ACTIVITIES OF PROJECT 3:
[0, 95, 25, 104, 113, 110, 113, 103, 124, 130, 129, 121, 105, 136, 134, 164, 117, 100, 129, 146, 140, 127, 142, 148, 144, 134, 149, 149, 113, 144, 151, 146, 151, 159, 153, 117, 135, 134, 147, 155, 145, 163, 156, 165, 167, 140, 165, 164, 169, 168, 161, 170, 153, 118, 170, 156, 156, 168, 169, 179, 168, 182]
START TIMES OF ACTIVITIES OF PROJECT 4:
[0, 21, 16, 16, 35, 24, 24, 25, 29, 33, 17, 25, 44, 24, 35, 26, 44, 45, 26, 27, 52, 43, 60, 60, 36, 41, 64, 36, 52, 52, 33, 48, 58, 36, 36, 55, 45, 61, 62, 67, 52, 64, 55, 54, 67, 72, 71, 48, 71, 63, 79, 73, 64, 73, 38, 73, 69, 80, 89, 80, 77, 92]
START TIMES OF ACTIVITIES OF PROJECT 5:
[0, 98, 117, 83, 127, 103, 131, 102, 117, 163, 110, 141, 129, 127, 137, 151, 137, 142, 148, 173, 154, 144, 204, 110, 134, 148, 171, 173, 160, 176, 214, 146, 154, 163, 163, 187, 158, 151, 202, 171, 180, 181, 160, 126, 187, 203, 155, 197, 177, 189, 187, 194, 214, 200, 201, 190, 168, 221, 222, 229, 229, 236]
START TIMES OF ACTIVITIES OF PROJECT 6:
[0, 18, 18, 18, 22, 22, 24, 33, 25, 36, 22, 24, 39, 31, 48, 33, 33, 33, 41, 32, 30, 45, 49, 29, 39, 23, 41, 42, 51, 51, 65, 53, 40, 32, 43, 55, 43, 57, 60, 45, 52, 20, 41, 47, 55, 61, 61, 69, 61, 63, 50, 73, 68, 63, 71, 71, 73, 73, 81, 80, 75, 83]
START TIMES OF ACTIVITIES OF PROJECT 7:
[0, 16, 16, 16, 26, 27, 27, 17, 27, 23, 27, 39, 57, 36, 30, 48, 54, 30, 17, 25, 58, 31, 68, 35, 34, 42, 36, 63, 68, 48, 31, 40, 58, 65, 61, 76, 83, 43, 49, 78, 75, 51, 68, 43, 72, 47, 77, 83, 75, 79, 45, 81, 69, 83, 87, 86, 94, 91, 96, 87, 92, 101]
START TIMES OF ACTIVITIES OF PROJECT 8:
[0, 2, 2, 15, 10, 17, 26, 25, 49, 37, 36, 31, 69, 33, 42, 86, 15, 59, 37, 70, 48, 42, 66, 53, 78, 37, 36, 45, 91, 49, 28, 46, 67, 86, 45, 91, 56, 59, 56, 28, 101, 54, 72, 63, 76, 25, 66, 77, 76, 102, 76, 81, 90, 91, 79, 101, 78, 105, 101, 112, 105, 121]
START TIMES OF ACTIVITIES OF PROJECT 9:
[0, 93, 93, 85, 95, 101, 113, 119, 132, 103, 135, 119, 136, 110, 140, 112, 128, 142, 200, 138, 99, 128, 147, 159, 101, 162, 209, 155, 172, 146, 160, 215, 157, 155, 173, 176, 147, 129, 163, 182, 180, 192, 163, 196, 178, 187, 160, 187, 201, 215, 196, 192, 200, 203, 224, 222, 192, 209, 216, 226, 226, 233]
START TIMES OF ACTIVITIES OF PROJECT 10:
[0, 18, 38, 18, 118, 44, 121, 136, 26, 104, 35, 132, 121, 137, 126, 114, 127, 118, 34, 142, 140, 145, 129, 121, 108, 26, 143, 153, 148, 135, 158, 125, 148, 111, 148, 156, 158, 153, 130, 153, 154, 160, 163, 125, 143, 165, 152, 160, 165, 158, 161, 163, 171, 174, 180, 167, 174, 182, 174, 190, 183, 191]
START TIMES OF ACTIVITIES OF PROJECT 11:
[0, 7, 7, 7, 15, 34, 10, 16, 40, 15, 44, 75, 28, 39, 17, 16, 20, 24, 20, 48, 36, 54, 70, 50, 42, 49, 85, 31, 26, 59, 58, 56, 86, 39, 54, 64, 60, 45, 80, 68, 29, 66, 87, 87, 87, 91, 75, 38, 45, 51, 50, 96, 52, 81, 61, 89, 90, 98, 104, 112, 103, 116]
START TIMES OF ACTIVITIES OF PROJECT 12:
[0, 101, 99, 25, 33, 129, 65, 75, 106, 177, 136, 115, 118, 146, 40, 102, 33, 107, 123, 193, 136, 127, 203, 153, 111, 155, 111, 164, 143, 146, 159, 143, 113, 113, 184, 145, 194, 174, 189, 155, 167, 204, 166, 163, 204, 202, 180, 172, 182, 177, 189, 205, 208, 203, 210, 212, 218, 182, 223, 216, 208, 231]
START TIMES OF ACTIVITIES OF PROJECT 13:
[0, 37, 117, 37, 112, 118, 126, 126, 131, 117, 153, 123, 193, 133, 127, 203, 132, 129, 142, 157, 157, 163, 163, 43, 151, 142, 159, 148, 171, 139, 138, 167, 121, 155, 137, 52, 203, 143, 151, 177, 189, 205, 177, 210, 145, 180, 212, 178, 188, 219, 172, 195, 218, 207, 215, 218, 188, 193, 220, 225, 222, 232]
START TIMES OF ACTIVITIES OF PROJECT 14:
[0, 21, 21, 21, 23, 26, 33, 23, 49, 38, 24, 39, 50, 42, 62, 48, 30, 39, 71, 48, 59, 88, 69, 53, 77, 94, 28, 82, 32, 28, 85, 52, 87, 36, 92, 42, 39, 58, 62, 59, 75, 67, 93, 68, 92, 102, 68, 87, 89, 102, 63, 107, 72, 92, 110, 116, 100, 107, 118, 120, 108, 126]
START TIMES OF ACTIVITIES OF PROJECT 15:
[0, 102, 116, 98, 108, 108, 132, 102, 148, 112, 146, 120, 135, 122, 136, 200, 156, 115, 150, 143, 117, 158, 180, 158, 160, 173, 162, 162, 171, 190, 185, 200, 170, 209, 124, 168, 194, 177, 170, 150, 207, 181, 192, 198, 192, 174, 194, 226, 184, 202, 207, 208, 223, 211, 218, 223, 229, 216, 230, 231, 211, 233]
START TIMES OF ACTIVITIES OF PROJECT 16:
[0, 19, 19, 19, 27, 32, 43, 24, 32, 41, 20, 85, 56, 111, 54, 51, 27, 43, 62, 50, 81, 65, 50, 32, 84, 74, 64, 117, 106, 87, 93, 103, 108, 96, 91, 85, 103, 98, 56, 73, 138, 72, 96, 113, 58, 93, 82, 103, 120, 113, 126, 131, 110, 120, 142, 127, 120, 136, 145, 145, 145, 151]
TRANSFERS OF GLOBAL RESOURCE G1
(0, 1, 0): 7 
(0, 1, 1): 6 
(0, 2, 3): 3 
(0, 3, 0): 1 
(0, 4, 0): 12 
(0, 4, 1): 4 
(0, 4, 9): 9 
(0, 6, 0): 21 
(0, 6, 4): 1 
(0, 6, 5): 6 
(0, 6, 6): 5 
(0, 6, 7): 7 
(0, 7, 0): 17 
(0, 7, 1): 11 
(0, 8, 0): 10 
(0, 8, 13): 6 
(0, 11, 0): 18 
(0, 11, 3): 6 
(0, 11, 8): 7 
(0, 11, 9): 6 
(0, 12, 0): 5 
(0, 14, 11): 12 
(0, 14, 13): 5 
(0, 14, 14): 2 
(0, 16, 3): 19 
(1, 3, 89): 6 
(1, 3, 94): 1 
(1, 3, 97): 2 
(1, 3, 99): 1 
(1, 3, 111): 2 
(1, 3, 123): 5 
(1, 3, 136): 2 
(1, 3, 141): 8 
(2, 0, 155): 12 
(2, 5, 131): 1 
(2, 9, 128): 1 
(2, 12, 61): 2 
(2, 12, 141): 8 
(2, 12, 142): 2 
(2, 13, 123): 1 
(3, 0, 182): 36 
(3, 1, 47): 1 
(4, 2, 26): 3 
(4, 2, 38): 2 
(4, 2, 69): 2 
(4, 2, 88): 3 
(4, 2, 98): 4 
(4, 5, 95): 1 
(4, 12, 85): 8 
(4, 12, 87): 6 
(4, 12, 97): 3 
(4, 13, 89): 1 
(5, 0, 236): 28 
(5, 13, 163): 3 
(5, 13, 164): 4 
(6, 1, 43): 9 
(6, 1, 48): 2 
(6, 1, 77): 2 
(6, 3, 85): 3 
(6, 9, 75): 2 
(6, 9, 81): 2 
(6, 9, 83): 2 
(6, 14, 78): 6 
(6, 14, 79): 6 
(6, 15, 81): 8 
(7, 2, 96): 1 
(7, 2, 102): 1 
(7, 8, 90): 1 
(7, 10, 23): 1 
(7, 10, 89): 3 
(7, 10, 93): 6 
(7, 10, 96): 4 
(7, 10, 99): 1 
(7, 12, 98): 1 
(7, 16, 23): 1 
(7, 16, 46): 5 
(7, 16, 47): 1 
(7, 16, 52): 2 
(7, 16, 54): 1 
(7, 16, 69): 2 
(7, 16, 77): 1 
(7, 16, 94): 6 
(7, 16, 99): 2 
(7, 16, 102): 1 
(7, 16, 106): 1 
(7, 16, 107): 1 
(8, 4, 42): 4 
(8, 4, 48): 2 
(8, 5, 90): 4 
(8, 5, 109): 1 
(8, 5, 121): 5 
(8, 7, 48): 3 
(8, 9, 80): 2 
(8, 9, 121): 3 
(8, 9, 123): 2 
(8, 11, 80): 1 
(8, 11, 81): 4 
(8, 11, 83): 5 
(8, 13, 109): 6 
(8, 13, 110): 1 
(8, 13, 115): 3 
(8, 14, 18): 4 
(9, 0, 233): 20 
(9, 5, 141): 1 
(9, 5, 142): 6 
(9, 5, 167): 1 
(9, 13, 139): 2 
(9, 15, 111): 1 
(9, 15, 112): 2 
(9, 15, 166): 6 
(9, 15, 181): 1 
(9, 15, 190): 2 
(10, 0, 190): 27 
(10, 7, 46): 1 
(11, 3, 121): 1 
(11, 4, 20): 2 
(11, 5, 90): 5 
(11, 8, 22): 4 
(11, 8, 27): 4 
(11, 8, 31): 5 
(11, 8, 60): 2 
(11, 8, 63): 3 
(11, 8, 72): 1 
(11, 8, 95): 4 
(11, 8, 99): 5 
(11, 13, 108): 2 
(11, 13, 116): 4 
(11, 14, 55): 1 
(11, 14, 104): 3 
(11, 15, 116): 5 
(11, 16, 41): 1 
(12, 0, 231): 27 
(12, 2, 44): 1 
(12, 2, 49): 1 
(12, 2, 51): 3 
(12, 2, 76): 2 
(12, 2, 104): 1 
(13, 0, 232): 29 
(13, 3, 127): 1 
(13, 3, 128): 1 
(13, 5, 132): 6 
(13, 5, 183): 1 
(13, 9, 187): 1 
(13, 14, 47): 1 
(13, 14, 56): 2 
(13, 14, 59): 5 
(13, 14, 60): 1 
(14, 3, 128): 1 
(14, 5, 68): 2 
(14, 6, 32): 2 
(14, 8, 68): 2 
(14, 8, 69): 3 
(14, 9, 72): 6 
(14, 11, 69): 3 
(14, 13, 34): 4 
(14, 13, 40): 5 
(14, 13, 109): 5 
(14, 13, 118): 3 
(14, 13, 120): 1 
(14, 15, 92): 3 
(14, 15, 126): 8 
(15, 0, 233): 25 
(15, 9, 125): 7 
(15, 9, 158): 2 
(15, 9, 159): 2 
(16, 0, 151): 2 
(16, 3, 112): 1 
(16, 3, 120): 1 
(16, 5, 160): 1 
(16, 7, 35): 4 
(16, 7, 64): 7 
(16, 9, 158): 10 
(16, 10, 112): 3 
(16, 10, 113): 10 
(16, 11, 29): 2 
(16, 13, 144): 1 
(16, 13, 158): 2 
TRANSFERS OF GLOBAL RESOURCE G2
(0, 1, 2): 16 
(0, 1, 5): 1 
(0, 2, 0): 15 
(0, 3, 6): 8 
(0, 4, 0): 4 
(0, 4, 3): 17 
(0, 6, 3): 23 
(0, 6, 8): 1 
(0, 6, 10): 6 
(0, 7, 0): 16 
(0, 7, 1): 6 
(0, 8, 0): 13 
(0, 8, 2): 2 
(0, 10, 0): 7 
(0, 11, 2): 17 
(0, 11, 10): 2 
(0, 11, 11): 1 
(0, 11, 15): 1 
(0, 12, 18): 3 
(0, 14, 0): 19 
(0, 14, 2): 4 
(0, 16, 0): 9 
(0, 16, 1): 5 
(0, 16, 5): 6 
(0, 16, 8): 1 
(1, 3, 124): 5 
(1, 9, 72): 2 
(1, 9, 123): 4 
(1, 9, 147): 9 
(1, 10, 102): 3 
(1, 10, 105): 8 
(1, 10, 152): 3 
(1, 12, 133): 1 
(1, 16, 35): 1 
(1, 16, 104): 1 
(2, 5, 73): 4 
(2, 5, 117): 4 
(2, 5, 153): 3 
(2, 12, 161): 3 
(2, 12, 163): 1 
(2, 13, 31): 7 
(2, 13, 111): 2 
(2, 13, 139): 3 
(2, 13, 142): 1 
(2, 13, 151): 2 
(2, 15, 157): 4 
(3, 0, 182): 43 
(3, 8, 34): 4 
(3, 8, 37): 1 
(3, 14, 48): 3 
(3, 14, 106): 3 
(4, 5, 80): 1 
(4, 11, 31): 5 
(4, 11, 32): 1 
(4, 15, 83): 2 
(4, 15, 87): 4 
(4, 15, 93): 3 
(4, 15, 97): 3 
(4, 15, 100): 1 
(4, 16, 33): 1 
(5, 0, 236): 23 
(5, 13, 206): 3 
(6, 1, 54): 2 
(6, 1, 78): 2 
(6, 3, 83): 8 
(6, 8, 69): 7 
(6, 8, 92): 1 
(6, 9, 75): 2 
(6, 12, 85): 3 
(6, 16, 45): 3 
(6, 16, 46): 5 
(6, 16, 79): 5 
(6, 16, 80): 2 
(6, 16, 82): 4 
(7, 2, 93): 9 
(7, 5, 105): 3 
(7, 13, 96): 6 
(7, 13, 101): 8 
(8, 1, 52): 1 
(8, 1, 104): 8 
(8, 3, 83): 3 
(8, 3, 132): 1 
(8, 9, 80): 8 
(8, 9, 82): 2 
(8, 9, 115): 2 
(8, 9, 116): 1 
(8, 9, 123): 2 
(8, 10, 102): 1 
(8, 10, 105): 1 
(8, 10, 115): 9 
(9, 0, 233): 27 
(9, 1, 102): 3 
(9, 3, 140): 4 
(10, 0, 191): 25 
(10, 6, 26): 1 
(10, 6, 28): 3 
(10, 8, 39): 1 
(10, 8, 42): 2 
(10, 8, 43): 1 
(10, 16, 44): 2 
(11, 2, 74): 1 
(11, 2, 104): 2 
(11, 5, 110): 1 
(11, 5, 113): 3 
(11, 5, 117): 1 
(11, 5, 118): 1 
(11, 7, 69): 1 
(11, 7, 73): 2 
(11, 12, 30): 7 
(11, 12, 62): 3 
(11, 12, 96): 3 
(11, 12, 98): 2 
(11, 12, 99): 5 
(11, 12, 120): 3 
(12, 0, 231): 26 
(12, 5, 77): 4 
(12, 7, 75): 1 
(12, 11, 35): 1 
(12, 11, 36): 2 
(12, 11, 42): 2 
(12, 11, 45): 3 
(13, 0, 232): 24 
(13, 2, 42): 3 
(13, 2, 54): 4 
(13, 5, 123): 1 
(14, 3, 93): 1 
(14, 3, 98): 6 
(14, 3, 101): 2 
(14, 3, 111): 2 
(14, 3, 115): 2 
(14, 3, 132): 8 
(14, 3, 142): 3 
(14, 8, 28): 3 
(14, 9, 69): 2 
(15, 0, 233): 35 
(16, 1, 57): 3 
(16, 1, 93): 1 
(16, 3, 122): 1 
(16, 6, 31): 2 
(16, 6, 34): 8 
(16, 8, 58): 3 
(16, 8, 68): 1 
(16, 10, 29): 3 
(16, 12, 125): 3 
(16, 12, 146): 2 
(16, 15, 112): 2 
(16, 15, 115): 1 
(16, 15, 127): 3 
(16, 15, 149): 9 
(16, 15, 163): 3 
}
