INSTANCE: "A_4_60_6" 
RELEASES: [0, 0, 0, 0]
DUEDATES: [116, 93, 129, 95]
COMPLETION TIMES: [128, 189, 248, 98]
MAKESPANS: [128, 189, 248, 98]
DELAYS: [12, 96, 119, 3]
COST: 446.5

Solution = { 
START TIMES OF ACTIVITIES OF PROJECT 1:
[0, 6, 47, 7, 9, 12, 19, 29, 24, 22, 39, 41, 33, 25, 36, 12, 39, 24, 56, 48, 49, 72, 66, 25, 62, 76, 50, 21, 77, 40, 48, 69, 84, 81, 41, 72, 84, 53, 96, 54, 34, 92, 85, 109, 88, 83, 85, 83, 94, 92, 94, 99, 101, 95, 109, 101, 118, 118, 123, 119, 109, 128]
START TIMES OF ACTIVITIES OF PROJECT 2:
[0, 99, 20, 9, 10, 21, 16, 108, 108, 125, 135, 138, 35, 117, 117, 132, 126, 147, 95, 99, 146, 126, 138, 144, 144, 27, 117, 151, 159, 128, 131, 136, 26, 136, 145, 150, 170, 133, 161, 136, 36, 41, 151, 146, 154, 162, 147, 159, 161, 21, 161, 169, 155, 164, 171, 171, 170, 27, 177, 180, 177, 189]
START TIMES OF ACTIVITIES OF PROJECT 3:
[0, 97, 107, 116, 133, 145, 115, 119, 119, 161, 126, 175, 140, 157, 171, 173, 126, 149, 115, 185, 192, 154, 138, 128, 124, 186, 130, 196, 161, 155, 183, 204, 198, 190, 212, 198, 206, 145, 206, 192, 207, 206, 215, 223, 169, 196, 221, 216, 224, 207, 183, 216, 197, 175, 226, 228, 233, 237, 232, 246, 242, 248]
START TIMES OF ACTIVITIES OF PROJECT 4:
[0, 7, 7, 7, 14, 23, 20, 16, 31, 31, 44, 8, 31, 24, 8, 31, 17, 20, 19, 19, 41, 48, 47, 58, 46, 14, 79, 53, 49, 31, 67, 49, 22, 73, 65, 61, 41, 39, 50, 66, 50, 53, 55, 41, 65, 61, 54, 63, 73, 71, 83, 74, 73, 13, 67, 74, 87, 79, 93, 84, 83, 98]
TRANSFERS OF GLOBAL RESOURCE G1
(0, 1, 0): 9 
(0, 1, 5): 3 
(0, 1, 12): 1 
(0, 2, 0): 9 
(0, 2, 11): 2 
(0, 4, 0): 15 
(0, 4, 7): 1 
(1, 2, 33): 2 
(1, 2, 34): 2 
(1, 2, 97): 7 
(1, 2, 123): 4 
(1, 2, 124): 1 
(1, 2, 126): 8 
(1, 2, 130): 1 
(1, 4, 36): 3 
(1, 4, 40): 4 
(2, 0, 189): 10 
(2, 1, 10): 4 
(2, 1, 23): 2 
(2, 1, 54): 3 
(2, 3, 164): 1 
(2, 3, 173): 1 
(2, 3, 178): 9 
(2, 3, 179): 5 
(2, 4, 39): 6 
(3, 0, 248): 30 
(3, 2, 131): 1 
(4, 1, 68): 1 
(4, 1, 86): 5 
(4, 1, 106): 4 
(4, 2, 85): 2 
(4, 2, 112): 1 
(4, 2, 118): 1 
(4, 3, 84): 9 
(4, 3, 102): 3 
(4, 3, 106): 2 
(4, 3, 115): 1 
TRANSFERS OF GLOBAL RESOURCE G2
(0, 1, 0): 6 
(0, 2, 1): 4 
(0, 4, 2): 25 
(1, 2, 14): 1 
(1, 2, 89): 8 
(1, 2, 119): 2 
(1, 2, 120): 1 
(1, 2, 122): 4 
(1, 2, 130): 2 
(1, 3, 126): 1 
(1, 3, 131): 2 
(1, 3, 135): 3 
(1, 4, 56): 1 
(1, 4, 64): 2 
(2, 0, 189): 9 
(2, 1, 28): 5 
(2, 1, 42): 4 
(2, 3, 139): 1 
(2, 3, 180): 1 
(2, 3, 186): 8 
(3, 0, 248): 26 
(4, 1, 11): 3 
(4, 1, 15): 3 
(4, 1, 19): 1 
(4, 1, 86): 3 
(4, 1, 89): 1 
(4, 1, 99): 1 
(4, 2, 8): 1 
(4, 2, 15): 1 
(4, 2, 24): 2 
(4, 2, 87): 2 
(4, 3, 88): 1 
(4, 3, 98): 9 
}
