INSTANCE: "B_16_50_34" 
RELEASES: [0, 0, 0, 0, 0, 0, 0, 0, 0, 0, 0, 0, 0, 0, 0, 0]
DUEDATES: [136, 137, 146, 163, 140, 122, 157, 107, 154, 145, 82, 118, 98, 109, 106, 146]
COMPLETION TIMES: [244, 216, 196, 377, 165, 147, 350, 127, 219, 198, 98, 145, 117, 150, 128, 352]
MAKESPANS: [244, 216, 196, 377, 165, 147, 350, 127, 219, 198, 98, 145, 117, 150, 128, 352]
DELAYS: [108, 79, 50, 214, 25, 25, 193, 20, 65, 53, 16, 27, 19, 41, 22, 206]
COST: 2196.0

Solution = { 
START TIMES OF ACTIVITIES OF PROJECT 1:
[0, 129, 153, 34, 159, 168, 213, 171, 180, 182, 183, 192, 119, 201, 175, 202, 181, 221, 103, 223, 230, 133, 234, 160, 205, 109, 213, 233, 204, 93, 233, 223, 236, 209, 180, 184, 238, 201, 28, 230, 172, 193, 214, 227, 233, 233, 219, 236, 175, 143, 238, 244]
START TIMES OF ACTIVITIES OF PROJECT 2:
[0, 94, 102, 26, 136, 145, 140, 147, 152, 153, 164, 173, 84, 178, 173, 183, 53, 190, 114, 194, 201, 106, 152, 121, 127, 74, 152, 201, 183, 127, 201, 185, 136, 190, 137, 164, 203, 203, 195, 155, 50, 209, 197, 211, 203, 201, 206, 205, 164, 54, 210, 216]
START TIMES OF ACTIVITIES OF PROJECT 3:
[0, 79, 86, 87, 93, 100, 104, 107, 52, 116, 125, 134, 136, 143, 144, 177, 115, 184, 155, 165, 112, 137, 30, 20, 145, 130, 143, 151, 125, 37, 136, 38, 137, 37, 155, 141, 134, 138, 147, 69, 65, 140, 143, 115, 42, 57, 168, 177, 180, 184, 189, 196]
START TIMES OF ACTIVITIES OF PROJECT 4:
[0, 228, 231, 239, 242, 250, 259, 280, 270, 295, 297, 301, 304, 314, 343, 349, 250, 359, 211, 204, 309, 262, 244, 219, 305, 298, 305, 316, 304, 311, 306, 349, 246, 264, 194, 288, 304, 311, 259, 318, 251, 327, 333, 334, 349, 328, 340, 349, 356, 359, 369, 377]
START TIMES OF ACTIVITIES OF PROJECT 5:
[0, 40, 45, 72, 86, 88, 90, 99, 116, 121, 126, 25, 129, 135, 129, 136, 135, 146, 52, 144, 62, 156, 71, 129, 143, 124, 22, 45, 121, 90, 114, 81, 105, 142, 116, 155, 108, 52, 56, 31, 61, 96, 15, 118, 146, 105, 158, 124, 161, 161, 118, 165]
START TIMES OF ACTIVITIES OF PROJECT 6:
[0, 32, 47, 49, 54, 60, 63, 74, 76, 85, 89, 98, 18, 102, 117, 76, 22, 127, 44, 0, 137, 98, 100, 131, 49, 89, 76, 86, 42, 62, 98, 140, 85, 102, 102, 68, 39, 44, 64, 22, 39, 42, 121, 112, 130, 132, 54, 32, 74, 84, 112, 147]
START TIMES OF ACTIVITIES OF PROJECT 7:
[0, 181, 229, 233, 235, 238, 245, 259, 245, 262, 272, 279, 288, 289, 318, 329, 223, 338, 291, 278, 161, 288, 195, 188, 298, 294, 248, 203, 281, 272, 280, 273, 292, 254, 303, 317, 280, 316, 227, 310, 249, 291, 317, 282, 121, 213, 325, 329, 333, 333, 342, 350]
START TIMES OF ACTIVITIES OF PROJECT 8:
[0, 33, 55, 57, 23, 31, 69, 45, 52, 73, 23, 90, 40, 74, 52, 76, 73, 38, 91, 94, 87, 114, 36, 67, 35, 41, 106, 91, 110, 77, 73, 79, 81, 76, 74, 46, 52, 65, 83, 124, 69, 114, 65, 88, 91, 94, 43, 57, 41, 96, 100, 127]
START TIMES OF ACTIVITIES OF PROJECT 9:
[0, 94, 95, 104, 109, 120, 123, 139, 64, 145, 150, 157, 161, 162, 164, 171, 112, 180, 163, 144, 45, 161, 37, 77, 169, 167, 126, 87, 157, 150, 145, 151, 169, 150, 113, 172, 159, 173, 130, 149, 123, 169, 180, 72, 55, 27, 188, 198, 202, 202, 211, 219]
START TIMES OF ACTIVITIES OF PROJECT 10:
[0, 59, 63, 47, 64, 77, 67, 85, 93, 101, 111, 121, 66, 137, 112, 150, 116, 157, 41, 163, 167, 142, 76, 130, 64, 101, 157, 171, 165, 178, 50, 127, 137, 120, 115, 167, 178, 171, 177, 93, 85, 115, 137, 124, 105, 186, 127, 147, 141, 41, 196, 198]
START TIMES OF ACTIVITIES OF PROJECT 11:
[0, 26, 23, 0, 29, 14, 14, 39, 15, 14, 26, 15, 14, 26, 25, 57, 52, 23, 26, 69, 17, 34, 73, 81, 54, 39, 57, 57, 42, 62, 80, 39, 36, 85, 72, 95, 83, 63, 72, 31, 42, 48, 97, 88, 85, 73, 73, 78, 85, 57, 39, 98]
START TIMES OF ACTIVITIES OF PROJECT 12:
[0, 47, 56, 63, 66, 76, 83, 84, 87, 96, 105, 110, 124, 130, 134, 104, 19, 110, 141, 37, 110, 19, 105, 113, 86, 87, 134, 41, 112, 23, 19, 80, 84, 104, 113, 33, 68, 63, 134, 138, 56, 63, 58, 105, 25, 119, 29, 76, 37, 29, 96, 145]
START TIMES OF ACTIVITIES OF PROJECT 13:
[0, 5, 30, 5, 40, 0, 13, 30, 30, 13, 19, 23, 40, 30, 31, 30, 30, 55, 48, 46, 56, 55, 61, 36, 46, 40, 61, 63, 83, 48, 69, 75, 48, 69, 102, 49, 83, 61, 61, 105, 86, 77, 109, 93, 105, 93, 105, 96, 86, 89, 67, 117]
START TIMES OF ACTIVITIES OF PROJECT 14:
[0, 69, 75, 76, 77, 79, 80, 81, 83, 91, 101, 116, 122, 128, 134, 101, 91, 128, 141, 93, 106, 39, 99, 104, 91, 83, 134, 49, 132, 39, 43, 80, 99, 76, 106, 115, 61, 91, 136, 138, 115, 119, 84, 91, 53, 115, 61, 69, 77, 53, 141, 150]
START TIMES OF ACTIVITIES OF PROJECT 15:
[0, 27, 45, 46, 54, 60, 27, 71, 79, 7, 11, 82, 85, 46, 39, 68, 32, 95, 89, 100, 85, 61, 79, 74, 57, 116, 63, 93, 122, 68, 118, 79, 69, 61, 101, 55, 57, 94, 54, 75, 69, 7, 104, 71, 89, 109, 121, 39, 27, 124, 36, 128]
START TIMES OF ACTIVITIES OF PROJECT 16:
[0, 234, 235, 245, 262, 272, 273, 281, 33, 289, 290, 293, 297, 305, 308, 311, 9, 319, 307, 277, 42, 299, 50, 9, 305, 299, 293, 233, 299, 290, 297, 306, 307, 277, 334, 311, 298, 307, 312, 19, 26, 310, 319, 287, 253, 287, 326, 340, 334, 342, 345, 352]
TRANSFERS OF GLOBAL RESOURCE G1
(0, 1, 3): 9 
(0, 2, 0): 1 
(0, 3, 2): 111 
(0, 5, 0): 10 
(0, 6, 0): 22 
(0, 8, 0): 7 
(0, 8, 2): 3 
(0, 9, 8): 110 
(0, 11, 0): 32 
(0, 12, 0): 9 
(0, 12, 4): 14 
(0, 13, 0): 39 
(0, 15, 0): 25 
(0, 16, 0): 178 
(1, 2, 38): 3 
(1, 2, 115): 5 
(1, 6, 39): 1 
(1, 8, 35): 2 
(1, 10, 34): 3 
(1, 16, 211): 1 
(1, 16, 277): 28 
(2, 0, 216): 11 
(2, 1, 221): 2 
(2, 4, 253): 8 
(2, 6, 40): 1 
(2, 16, 272): 14 
(3, 4, 181): 4 
(3, 5, 37): 4 
(3, 5, 126): 4 
(3, 9, 185): 15 
(3, 16, 223): 154 
(4, 0, 377): 121 
(4, 7, 308): 19 
(5, 3, 62): 12 
(5, 3, 66): 2 
(5, 3, 140): 4 
(5, 7, 173): 7 
(5, 9, 138): 1 
(5, 9, 164): 13 
(6, 1, 172): 2 
(6, 2, 77): 3 
(6, 2, 120): 3 
(6, 2, 196): 4 
(6, 2, 198): 1 
(6, 5, 97): 2 
(6, 7, 154): 11 
(6, 10, 38): 4 
(6, 10, 44): 4 
(6, 10, 118): 10 
(7, 0, 350): 173 
(7, 4, 192): 18 
(7, 4, 217): 10 
(7, 4, 226): 2 
(7, 4, 303): 19 
(8, 1, 87): 12 
(8, 1, 154): 3 
(8, 1, 162): 2 
(8, 2, 79): 5 
(8, 9, 115): 4 
(8, 9, 120): 6 
(8, 10, 47): 4 
(8, 13, 46): 4 
(8, 13, 47): 1 
(8, 13, 81): 2 
(8, 13, 84): 5 
(9, 4, 202): 41 
(9, 4, 219): 38 
(9, 7, 151): 29 
(9, 7, 171): 54 
(9, 7, 219): 12 
(9, 14, 39): 15 
(9, 16, 276): 50 
(10, 1, 173): 7 
(10, 2, 196): 1 
(10, 6, 51): 3 
(10, 6, 124): 4 
(10, 16, 214): 18 
(11, 7, 99): 14 
(11, 9, 34): 8 
(11, 9, 51): 4 
(11, 9, 56): 4 
(11, 15, 27): 1 
(11, 15, 30): 1 
(12, 9, 139): 6 
(12, 9, 146): 5 
(12, 14, 38): 8 
(12, 14, 42): 3 
(12, 14, 88): 2 
(12, 14, 121): 3 
(12, 15, 45): 1 
(12, 15, 75): 2 
(13, 1, 124): 6 
(13, 2, 114): 2 
(13, 2, 123): 2 
(13, 6, 51): 2 
(13, 8, 31): 1 
(13, 8, 36): 8 
(13, 8, 38): 9 
(13, 8, 39): 5 
(13, 8, 72): 3 
(13, 8, 75): 10 
(13, 10, 119): 3 
(14, 7, 100): 9 
(14, 7, 140): 12 
(14, 9, 58): 6 
(14, 9, 73): 5 
(14, 9, 148): 4 
(14, 12, 57): 1 
(14, 12, 102): 2 
(14, 12, 108): 2 
(14, 15, 61): 3 
(15, 7, 106): 21 
(15, 9, 74): 6 
(15, 14, 83): 9 
(15, 14, 120): 4 
(16, 0, 352): 265 
(16, 2, 26): 1 
(16, 2, 67): 5 
(16, 3, 20): 17 
(16, 3, 42): 24 
(16, 3, 59): 11 
(16, 5, 45): 3 
(16, 5, 64): 5 
(16, 5, 65): 3 
(16, 5, 79): 3 
(16, 5, 107): 1 
(16, 5, 114): 3 
(16, 5, 117): 1 
(16, 6, 63): 4 
(16, 6, 65): 7 
(16, 7, 90): 34 
(16, 9, 64): 35 
(16, 9, 71): 7 
(16, 10, 40): 5 
(16, 12, 72): 2 
(16, 15, 60): 7 
TRANSFERS OF GLOBAL RESOURCE G2
(0, 1, 0): 40 
(0, 2, 4): 5 
(0, 3, 0): 110 
(0, 5, 0): 5 
(0, 5, 3): 3 
(0, 6, 0): 3 
(0, 6, 4): 11 
(0, 8, 0): 17 
(0, 9, 0): 8 
(0, 11, 0): 19 
(0, 11, 1): 10 
(0, 11, 3): 2 
(0, 12, 0): 25 
(0, 13, 0): 8 
(0, 13, 8): 5 
(0, 15, 0): 21 
(0, 16, 2): 248 
(1, 0, 244): 47 
(1, 7, 318): 3 
(1, 10, 34): 16 
(1, 10, 59): 2 
(1, 10, 109): 3 
(1, 10, 134): 1 
(1, 14, 34): 16 
(1, 14, 44): 6 
(1, 14, 133): 6 
(1, 14, 136): 2 
(1, 16, 265): 65 
(2, 4, 154): 12 
(2, 4, 211): 5 
(2, 5, 32): 3 
(2, 5, 63): 6 
(2, 5, 108): 1 
(2, 5, 110): 1 
(2, 5, 138): 1 
(2, 12, 54): 2 
(2, 12, 59): 5 
(2, 12, 106): 7 
(2, 16, 209): 79 
(2, 16, 275): 61 
(3, 4, 168): 75 
(3, 4, 193): 9 
(3, 4, 202): 31 
(3, 9, 47): 2 
(3, 9, 142): 9 
(3, 16, 218): 67 
(4, 0, 377): 170 
(4, 16, 282): 9 
(5, 2, 45): 4 
(5, 2, 76): 7 
(5, 2, 187): 2 
(5, 2, 193): 8 
(5, 2, 195): 3 
(5, 4, 156): 8 
(5, 12, 94): 1 
(5, 12, 124): 1 
(6, 1, 107): 9 
(6, 4, 166): 8 
(6, 10, 51): 1 
(6, 10, 114): 2 
(6, 12, 50): 7 
(6, 12, 54): 3 
(6, 14, 119): 6 
(7, 0, 350): 15 
(8, 1, 55): 9 
(8, 2, 88): 1 
(8, 3, 113): 5 
(8, 3, 121): 13 
(8, 4, 180): 8 
(8, 5, 101): 2 
(8, 9, 68): 2 
(8, 9, 120): 3 
(8, 10, 61): 1 
(8, 11, 46): 26 
(8, 12, 42): 7 
(8, 12, 96): 3 
(8, 14, 53): 3 
(8, 14, 83): 2 
(9, 2, 171): 1 
(9, 3, 130): 3 
(9, 4, 163): 2 
(9, 4, 188): 4 
(9, 4, 220): 4 
(9, 16, 211): 10 
(10, 1, 86): 9 
(10, 1, 96): 1 
(10, 1, 122): 6 
(10, 7, 169): 1 
(10, 16, 198): 13 
(11, 1, 78): 16 
(11, 2, 98): 10 
(11, 3, 31): 1 
(11, 3, 46): 7 
(11, 3, 68): 4 
(11, 5, 83): 1 
(11, 8, 22): 4 
(11, 8, 25): 12 
(11, 8, 29): 7 
(12, 2, 46): 18 
(12, 2, 70): 8 
(12, 2, 90): 11 
(12, 2, 123): 22 
(12, 4, 156): 9 
(12, 7, 165): 1 
(13, 1, 69): 13 
(13, 2, 103): 5 
(13, 4, 174): 1 
(13, 6, 123): 1 
(13, 7, 101): 10 
(13, 12, 55): 5 
(13, 15, 110): 4 
(14, 0, 150): 3 
(14, 1, 88): 5 
(14, 1, 114): 5 
(14, 1, 124): 5 
(14, 1, 148): 9 
(14, 1, 163): 5 
(14, 2, 166): 5 
(14, 10, 60): 4 
(14, 16, 195): 1 
(15, 1, 70): 6 
(15, 1, 80): 1 
(15, 4, 169): 3 
(15, 5, 121): 6 
(15, 6, 84): 4 
(15, 12, 118): 2 
(15, 13, 24): 2 
(15, 13, 34): 3 
(15, 13, 87): 6 
(15, 13, 90): 6 
(16, 0, 352): 305 
(16, 1, 59): 21 
(16, 1, 69): 7 
(16, 2, 26): 32 
(16, 2, 50): 12 
(16, 2, 60): 29 
(16, 3, 27): 42 
(16, 3, 42): 1 
(16, 3, 54): 7 
(16, 5, 64): 5 
(16, 6, 19): 15 
(16, 6, 21): 2 
(16, 8, 19): 18 
(16, 8, 21): 17 
(16, 8, 23): 3 
(16, 8, 24): 7 
(16, 11, 49): 5 
(16, 12, 54): 1 
(16, 13, 20): 2 
(16, 13, 36): 2 
(16, 13, 38): 5 
(16, 14, 61): 1 
(16, 15, 34): 2 
(16, 15, 42): 12 
}
