INSTANCE: "A_2_60_16" 
RELEASES: [0, 0]
DUEDATES: [73, 107]
COMPLETION TIMES: [115, 130]
MAKESPANS: [115, 130]
DELAYS: [42, 23]
COST: 155.0

Solution = { 
START TIMES OF ACTIVITIES OF PROJECT 1:
[0, 19, 19, 19, 25, 25, 25, 32, 30, 41, 30, 34, 34, 48, 35, 50, 60, 28, 48, 58, 65, 32, 53, 60, 73, 40, 70, 58, 40, 58, 67, 75, 86, 94, 70, 54, 31, 42, 61, 85, 72, 98, 82, 103, 71, 61, 103, 94, 102, 102, 78, 103, 70, 100, 103, 94, 91, 106, 107, 112, 106, 115]
START TIMES OF ACTIVITIES OF PROJECT 2:
[0, 12, 20, 21, 30, 36, 30, 45, 27, 35, 21, 27, 54, 50, 69, 22, 40, 35, 40, 44, 63, 43, 72, 93, 77, 99, 72, 57, 83, 36, 69, 72, 54, 63, 91, 85, 30, 50, 57, 99, 107, 50, 81, 27, 36, 63, 77, 61, 108, 42, 47, 98, 109, 104, 110, 107, 113, 114, 122, 115, 114, 130]
TRANSFERS OF GLOBAL RESOURCE G1
(0, 1, 0): 21 
(0, 2, 0): 8 
(0, 2, 8): 7 
(0, 2, 10): 2 
(0, 2, 18): 1 
(1, 0, 115): 22 
(2, 0, 130): 17 
(2, 1, 70): 1 
TRANSFERS OF GLOBAL RESOURCE G2
(0, 1, 2): 9 
(0, 1, 8): 13 
(0, 1, 15): 1 
(0, 1, 17): 1 
(0, 2, 0): 2 
(0, 2, 1): 10 
(0, 2, 10): 5 
(1, 0, 115): 22 
(1, 2, 71): 2 
(1, 2, 97): 1 
(1, 2, 98): 1 
(2, 0, 130): 19 
(2, 1, 40): 1 
(2, 1, 60): 1 
}
