INSTANCE: "B_8_50_13" 
RELEASES: [0, 0, 0, 0, 0, 0, 0, 0]
DUEDATES: [138, 61, 124, 84, 110, 154, 100, 71]
COMPLETION TIMES: [381, 68, 135, 108, 140, 225, 118, 76]
MAKESPANS: [381, 68, 135, 108, 140, 225, 118, 76]
DELAYS: [243, 7, 11, 24, 30, 71, 18, 5]
COST: 830.0

Solution = { 
START TIMES OF ACTIVITIES OF PROJECT 1:
[0, 245, 267, 257, 274, 276, 278, 284, 294, 304, 305, 314, 218, 324, 324, 332, 285, 335, 247, 342, 352, 366, 314, 258, 325, 294, 351, 351, 325, 285, 373, 370, 379, 342, 208, 305, 376, 353, 361, 359, 342, 350, 347, 380, 352, 361, 373, 363, 363, 228, 373, 381]
START TIMES OF ACTIVITIES OF PROJECT 2:
[0, 12, 15, 25, 24, 12, 24, 0, 12, 24, 35, 12, 0, 27, 12, 22, 24, 20, 37, 50, 30, 25, 40, 32, 12, 42, 35, 22, 33, 50, 3, 50, 55, 55, 45, 33, 33, 24, 51, 37, 55, 57, 55, 55, 55, 59, 59, 57, 57, 50, 36, 68]
START TIMES OF ACTIVITIES OF PROJECT 3:
[0, 19, 24, 25, 26, 54, 56, 65, 67, 76, 85, 93, 108, 115, 124, 68, 38, 93, 131, 100, 93, 67, 90, 76, 84, 25, 121, 25, 65, 93, 28, 35, 36, 95, 100, 109, 77, 35, 121, 109, 70, 125, 82, 85, 9, 90, 35, 36, 114, 44, 77, 135]
START TIMES OF ACTIVITIES OF PROJECT 4:
[0, 34, 38, 42, 46, 38, 46, 11, 2, 56, 42, 11, 65, 73, 48, 80, 46, 11, 95, 98, 48, 53, 11, 0, 34, 0, 99, 73, 85, 78, 57, 62, 73, 51, 55, 48, 90, 82, 48, 74, 51, 64, 38, 74, 80, 98, 56, 49, 14, 51, 59, 108]
START TIMES OF ACTIVITIES OF PROJECT 5:
[0, 51, 53, 62, 64, 68, 73, 78, 86, 93, 103, 104, 112, 128, 132, 93, 136, 138, 122, 112, 118, 65, 112, 130, 78, 0, 93, 68, 76, 118, 99, 78, 66, 87, 53, 56, 31, 49, 58, 54, 98, 49, 38, 31, 73, 97, 39, 60, 136, 45, 122, 140]
START TIMES OF ACTIVITIES OF PROJECT 6:
[0, 119, 123, 124, 140, 150, 151, 154, 66, 156, 163, 172, 181, 192, 193, 205, 109, 215, 201, 52, 18, 186, 32, 42, 193, 181, 181, 132, 174, 163, 171, 174, 189, 27, 56, 201, 171, 186, 220, 141, 67, 191, 192, 84, 74, 99, 198, 205, 205, 211, 213, 225]
START TIMES OF ACTIVITIES OF PROJECT 7:
[0, 29, 23, 48, 23, 53, 26, 29, 23, 14, 14, 0, 61, 29, 38, 14, 72, 31, 21, 77, 36, 68, 48, 36, 23, 85, 53, 74, 61, 36, 93, 84, 103, 93, 85, 66, 36, 102, 116, 75, 80, 57, 67, 84, 74, 71, 78, 110, 71, 93, 9, 118]
START TIMES OF ACTIVITIES OF PROJECT 8:
[0, 17, 22, 29, 17, 36, 5, 1, 17, 42, 17, 21, 52, 17, 55, 30, 23, 26, 56, 65, 21, 5, 17, 17, 0, 26, 67, 52, 48, 53, 29, 52, 55, 65, 35, 32, 29, 33, 36, 22, 42, 42, 22, 66, 22, 23, 34, 1, 5, 0, 1, 76]
TRANSFERS OF GLOBAL RESOURCE G1
(0, 2, 0): 31 
(0, 2, 1): 3 
(0, 3, 6): 18 
(0, 3, 15): 1 
(0, 6, 0): 84 
(0, 7, 0): 29 
(0, 8, 0): 42 
(0, 8, 5): 10 
(1, 0, 381): 192 
(2, 4, 26): 3 
(2, 4, 33): 2 
(2, 4, 36): 1 
(2, 6, 63): 12 
(2, 6, 73): 16 
(3, 1, 191): 19 
(3, 5, 39): 2 
(3, 6, 58): 3 
(3, 6, 101): 10 
(3, 6, 111): 7 
(4, 1, 189): 5 
(4, 3, 78): 4 
(4, 3, 82): 2 
(4, 3, 88): 4 
(4, 7, 62): 8 
(4, 7, 64): 2 
(5, 1, 171): 9 
(5, 1, 191): 1 
(5, 3, 108): 1 
(5, 6, 81): 2 
(5, 6, 91): 3 
(5, 6, 101): 7 
(6, 0, 225): 26 
(6, 1, 184): 12 
(6, 1, 194): 38 
(6, 1, 204): 12 
(6, 1, 221): 41 
(6, 1, 270): 41 
(6, 3, 28): 4 
(6, 3, 85): 2 
(6, 3, 87): 2 
(7, 1, 179): 14 
(7, 4, 24): 6 
(7, 4, 36): 2 
(7, 4, 38): 6 
(7, 4, 39): 4 
(7, 4, 41): 1 
(7, 6, 79): 6 
(8, 3, 61): 3 
(8, 5, 23): 7 
(8, 5, 25): 9 
(8, 5, 32): 5 
(8, 6, 30): 20 
(8, 6, 54): 1 
(8, 6, 87): 7 
TRANSFERS OF GLOBAL RESOURCE G2
(0, 2, 0): 35 
(0, 2, 3): 1 
(0, 3, 0): 6 
(0, 4, 0): 22 
(0, 4, 40): 4 
(0, 5, 0): 13 
(0, 6, 13): 4 
(0, 6, 22): 4 
(0, 7, 0): 8 
(0, 7, 9): 4 
(0, 8, 0): 14 
(0, 8, 4): 20 
(1, 0, 381): 118 
(2, 1, 190): 25 
(2, 3, 38): 3 
(2, 8, 40): 2 
(2, 8, 41): 4 
(2, 8, 43): 5 
(3, 1, 189): 26 
(3, 4, 43): 3 
(3, 4, 48): 9 
(4, 1, 183): 13 
(4, 1, 193): 11 
(4, 3, 14): 3 
(4, 3, 20): 5 
(4, 3, 30): 7 
(4, 3, 63): 7 
(4, 3, 88): 4 
(4, 5, 88): 5 
(4, 7, 56): 1 
(5, 0, 138): 11 
(5, 1, 172): 2 
(5, 1, 199): 11 
(6, 0, 221): 6 
(6, 1, 220): 5 
(6, 1, 345): 3 
(6, 8, 46): 6 
(7, 1, 176): 19 
(7, 2, 30): 3 
(7, 6, 38): 3 
(8, 1, 190): 3 
(8, 3, 27): 3 
(8, 4, 38): 17 
(8, 4, 41): 1 
(8, 5, 8): 6 
(8, 6, 60): 7 
(8, 6, 195): 1 
(8, 6, 199): 1 
(8, 7, 57): 3 
(8, 7, 59): 2 
(8, 7, 60): 5 
(8, 7, 63): 2 
}
