INSTANCE: "A_4_60_39" 
RELEASES: [0, 0, 0, 0]
DUEDATES: [74, 70, 83, 103]
COMPLETION TIMES: [104, 88, 179, 118]
MAKESPANS: [104, 88, 179, 118]
DELAYS: [30, 18, 96, 15]
COST: 324.0

Solution = { 
START TIMES OF ACTIVITIES OF PROJECT 1:
[0, 19, 19, 19, 24, 25, 34, 35, 52, 46, 31, 23, 23, 30, 62, 30, 37, 53, 63, 45, 52, 36, 63, 53, 51, 30, 25, 42, 83, 76, 75, 89, 23, 86, 47, 46, 70, 64, 71, 64, 64, 81, 35, 67, 85, 70, 67, 80, 86, 80, 72, 82, 86, 85, 93, 85, 93, 91, 101, 101, 95, 104]
START TIMES OF ACTIVITIES OF PROJECT 2:
[0, 16, 16, 16, 22, 24, 26, 19, 27, 49, 29, 38, 21, 31, 30, 21, 44, 29, 32, 41, 39, 33, 55, 43, 55, 40, 46, 44, 21, 51, 69, 41, 53, 61, 59, 36, 30, 43, 51, 57, 49, 65, 62, 69, 24, 44, 71, 67, 72, 66, 67, 73, 58, 33, 75, 61, 73, 74, 82, 84, 72, 88]
START TIMES OF ACTIVITIES OF PROJECT 3:
[0, 94, 96, 104, 107, 104, 110, 112, 105, 116, 115, 121, 143, 107, 111, 117, 118, 121, 130, 126, 129, 100, 121, 119, 115, 168, 122, 127, 110, 133, 129, 154, 133, 133, 146, 159, 141, 149, 151, 156, 120, 133, 144, 139, 126, 136, 157, 149, 154, 162, 155, 164, 155, 163, 168, 166, 169, 168, 173, 173, 174, 179]
START TIMES OF ACTIVITIES OF PROJECT 4:
[0, 17, 17, 17, 23, 23, 23, 32, 31, 34, 32, 52, 39, 49, 32, 19, 43, 42, 72, 31, 79, 32, 43, 64, 25, 76, 88, 56, 48, 86, 56, 33, 71, 69, 64, 56, 76, 76, 62, 108, 43, 69, 58, 85, 81, 72, 92, 107, 101, 81, 86, 88, 96, 101, 96, 111, 101, 91, 112, 116, 107, 118]
TRANSFERS OF GLOBAL RESOURCE G1
(0, 1, 0): 15 
(0, 1, 4): 10 
(0, 2, 3): 12 
(0, 2, 8): 14 
(0, 4, 3): 9 
(0, 4, 9): 17 
(1, 0, 104): 24 
(1, 3, 81): 1 
(2, 3, 69): 3 
(2, 3, 71): 2 
(2, 3, 75): 6 
(2, 3, 85): 2 
(2, 3, 87): 8 
(2, 4, 86): 5 
(2, 4, 93): 5 
(3, 0, 179): 30 
(4, 0, 118): 23 
(4, 2, 26): 1 
(4, 2, 38): 2 
(4, 2, 51): 2 
(4, 3, 83): 4 
(4, 3, 89): 4 
TRANSFERS OF GLOBAL RESOURCE G2
(0, 1, 3): 22 
(0, 2, 0): 9 
(0, 2, 5): 16 
(0, 2, 6): 7 
(0, 4, 0): 19 
(0, 4, 2): 6 
(1, 0, 104): 21 
(1, 3, 107): 3 
(2, 1, 52): 1 
(2, 1, 63): 1 
(2, 3, 71): 3 
(2, 3, 73): 3 
(2, 3, 77): 2 
(2, 3, 81): 1 
(2, 3, 84): 7 
(2, 3, 87): 1 
(2, 3, 88): 7 
(2, 3, 89): 8 
(2, 4, 48): 1 
(2, 4, 59): 6 
(2, 4, 78): 1 
(3, 0, 179): 35 
(4, 0, 118): 23 
(4, 2, 23): 8 
(4, 2, 36): 2 
}
