INSTANCE: "A_6_60_21" 
RELEASES: [0, 0, 0, 0, 0, 0]
DUEDATES: [92, 139, 90, 103, 95, 117]
COMPLETION TIMES: [215, 154, 107, 202, 102, 134]
MAKESPANS: [215, 154, 107, 202, 102, 134]
DELAYS: [123, 15, 17, 99, 7, 17]
COST: 596.0

Solution = { 
START TIMES OF ACTIVITIES OF PROJECT 1:
[0, 133, 13, 113, 150, 155, 155, 114, 109, 164, 134, 125, 167, 150, 164, 172, 161, 159, 122, 174, 135, 138, 154, 136, 162, 176, 126, 174, 143, 186, 197, 168, 165, 142, 182, 170, 180, 169, 190, 193, 174, 138, 179, 146, 186, 184, 205, 172, 143, 182, 200, 198, 138, 150, 192, 201, 202, 126, 206, 206, 206, 215]
START TIMES OF ACTIVITIES OF PROJECT 2:
[0, 6, 6, 6, 16, 23, 22, 16, 26, 32, 28, 32, 22, 49, 46, 10, 56, 59, 41, 42, 71, 58, 64, 59, 52, 83, 90, 38, 64, 94, 90, 71, 42, 95, 75, 103, 77, 79, 92, 97, 89, 98, 74, 89, 81, 97, 101, 79, 110, 107, 109, 111, 109, 117, 117, 132, 121, 122, 139, 145, 132, 154]
START TIMES OF ACTIVITIES OF PROJECT 3:
[0, 20, 7, 17, 20, 29, 29, 33, 39, 43, 30, 40, 49, 29, 86, 45, 62, 69, 46, 38, 55, 33, 49, 62, 45, 39, 40, 55, 68, 76, 66, 71, 46, 67, 50, 90, 72, 56, 77, 82, 55, 58, 64, 85, 68, 71, 76, 84, 81, 82, 58, 92, 88, 92, 14, 97, 83, 96, 101, 100, 102, 107]
START TIMES OF ACTIVITIES OF PROJECT 4:
[0, 9, 9, 11, 105, 114, 131, 10, 124, 134, 111, 130, 120, 126, 117, 123, 142, 124, 125, 126, 11, 140, 128, 142, 166, 135, 183, 157, 134, 159, 152, 169, 164, 140, 152, 134, 144, 150, 145, 172, 154, 169, 162, 165, 166, 176, 162, 152, 165, 180, 154, 169, 181, 183, 188, 176, 191, 184, 191, 191, 195, 202]
START TIMES OF ACTIVITIES OF PROJECT 5:
[0, 5, 5, 5, 13, 11, 21, 36, 13, 21, 25, 32, 17, 42, 36, 21, 45, 33, 21, 54, 50, 48, 58, 13, 25, 21, 40, 55, 55, 53, 69, 16, 70, 37, 45, 64, 66, 27, 63, 59, 55, 79, 72, 33, 64, 71, 59, 71, 83, 76, 72, 70, 76, 89, 91, 76, 83, 90, 84, 101, 91, 102]
START TIMES OF ACTIVITIES OF PROJECT 6:
[0, 7, 7, 7, 15, 23, 18, 21, 83, 16, 18, 46, 9, 58, 27, 14, 26, 33, 75, 26, 25, 65, 26, 53, 55, 86, 102, 44, 77, 30, 122, 75, 35, 65, 89, 46, 90, 43, 46, 48, 98, 32, 92, 115, 87, 124, 107, 91, 114, 113, 90, 100, 125, 77, 96, 110, 118, 118, 125, 125, 131, 134]
TRANSFERS OF GLOBAL RESOURCE G1
(0, 1, 4): 5 
(0, 2, 0): 4 
(0, 2, 10): 5 
(0, 3, 4): 5 
(0, 3, 7): 5 
(0, 4, 0): 2 
(0, 5, 1): 16 
(0, 5, 12): 2 
(0, 6, 0): 17 
(0, 6, 2): 3 
(0, 6, 7): 2 
(0, 6, 8): 1 
(0, 6, 9): 1 
(1, 0, 215): 35 
(1, 2, 23): 3 
(1, 4, 143): 1 
(1, 6, 24): 2 
(2, 1, 100): 4 
(2, 1, 124): 7 
(2, 1, 129): 5 
(2, 4, 98): 4 
(2, 4, 116): 2 
(2, 4, 118): 5 
(2, 4, 145): 3 
(2, 4, 147): 1 
(3, 2, 95): 1 
(3, 4, 102): 9 
(3, 4, 105): 3 
(3, 5, 56): 1 
(3, 6, 88): 1 
(3, 6, 90): 2 
(3, 6, 102): 5 
(3, 6, 106): 2 
(4, 0, 202): 33 
(4, 2, 19): 2 
(5, 2, 101): 6 
(5, 2, 102): 5 
(5, 2, 103): 3 
(5, 3, 23): 1 
(5, 3, 31): 3 
(5, 3, 32): 3 
(5, 3, 33): 1 
(5, 6, 68): 1 
(5, 6, 81): 1 
(5, 6, 105): 2 
(6, 1, 107): 5 
(6, 1, 127): 2 
(6, 1, 153): 4 
(6, 1, 159): 3 
(6, 1, 161): 1 
(6, 1, 164): 5 
(6, 2, 36): 2 
(6, 3, 18): 6 
(6, 4, 138): 5 
(6, 5, 33): 1 
(6, 5, 50): 2 
(6, 5, 54): 4 
TRANSFERS OF GLOBAL RESOURCE G2
(0, 1, 0): 1 
(0, 2, 0): 11 
(0, 2, 4): 4 
(0, 3, 0): 5 
(0, 4, 0): 9 
(0, 5, 0): 9 
(0, 5, 8): 1 
(0, 5, 12): 1 
(0, 6, 1): 25 
(1, 0, 215): 29 
(1, 3, 20): 1 
(2, 0, 139): 4 
(2, 1, 126): 3 
(2, 1, 129): 1 
(2, 1, 142): 1 
(2, 3, 61): 1 
(2, 3, 63): 1 
(2, 3, 66): 1 
(2, 3, 78): 2 
(2, 3, 79): 1 
(2, 3, 96): 1 
(2, 4, 116): 4 
(2, 5, 59): 2 
(2, 5, 61): 1 
(2, 6, 24): 5 
(2, 6, 25): 3 
(2, 6, 44): 2 
(2, 6, 63): 1 
(2, 6, 87): 3 
(2, 6, 88): 1 
(2, 6, 96): 1 
(2, 6, 111): 5 
(2, 6, 120): 1 
(2, 6, 123): 5 
(3, 1, 102): 1 
(3, 1, 105): 3 
(3, 2, 72): 3 
(3, 2, 89): 2 
(3, 2, 105): 1 
(3, 4, 102): 4 
(3, 4, 105): 7 
(3, 4, 108): 2 
(3, 4, 113): 1 
(3, 6, 29): 4 
(3, 6, 74): 2 
(3, 6, 88): 1 
(3, 6, 89): 4 
(3, 6, 107): 3 
(4, 0, 195): 33 
(4, 3, 28): 1 
(4, 5, 13): 1 
(4, 5, 19): 6 
(4, 6, 14): 1 
(5, 1, 98): 8 
(5, 1, 102): 1 
(5, 2, 31): 1 
(5, 2, 41): 1 
(5, 3, 90): 4 
(5, 4, 97): 1 
(5, 4, 103): 4 
(5, 6, 75): 1 
(6, 1, 132): 3 
(6, 1, 136): 2 
(6, 1, 137): 6 
(6, 2, 30): 2 
(6, 2, 36): 8 
(6, 2, 75): 4 
(6, 2, 105): 3 
(6, 2, 107): 6 
(6, 2, 108): 4 
(6, 3, 14): 4 
(6, 3, 17): 8 
(6, 3, 37): 4 
(6, 3, 43): 1 
(6, 3, 61): 3 
(6, 4, 132): 3 
(6, 4, 137): 7 
}
