INSTANCE: "A_6_60_28" 
RELEASES: [0, 0, 0, 0, 0, 0]
DUEDATES: [115, 111, 95, 117, 81, 140]
COMPLETION TIMES: [147, 130, 203, 128, 87, 193]
MAKESPANS: [147, 130, 203, 128, 87, 193]
DELAYS: [32, 19, 108, 11, 6, 53]
COST: 558.5

Solution = { 
START TIMES OF ACTIVITIES OF PROJECT 1:
[0, 11, 17, 11, 124, 20, 33, 23, 75, 37, 50, 60, 25, 40, 50, 96, 68, 94, 66, 15, 75, 33, 70, 70, 23, 103, 92, 60, 100, 84, 111, 102, 77, 119, 107, 78, 86, 64, 103, 40, 103, 108, 92, 97, 118, 124, 111, 121, 81, 118, 117, 126, 134, 126, 134, 139, 139, 134, 146, 141, 132, 147]
START TIMES OF ACTIVITIES OF PROJECT 2:
[0, 8, 10, 8, 29, 12, 14, 22, 69, 34, 48, 25, 74, 42, 43, 46, 24, 39, 17, 50, 60, 12, 63, 69, 75, 79, 74, 57, 53, 13, 67, 79, 76, 57, 42, 71, 86, 19, 20, 53, 80, 77, 98, 84, 89, 91, 50, 108, 99, 110, 109, 108, 65, 105, 78, 72, 115, 99, 118, 124, 124, 130]
START TIMES OF ACTIVITIES OF PROJECT 3:
[0, 13, 107, 141, 121, 127, 117, 132, 125, 128, 22, 131, 140, 148, 127, 146, 129, 136, 152, 147, 180, 138, 149, 149, 142, 163, 154, 145, 133, 164, 168, 161, 157, 164, 164, 167, 151, 174, 152, 184, 158, 168, 174, 158, 175, 171, 175, 169, 164, 175, 182, 187, 174, 176, 178, 184, 189, 190, 192, 192, 194, 203]
START TIMES OF ACTIVITIES OF PROJECT 4:
[0, 9, 9, 9, 22, 19, 28, 29, 32, 52, 43, 29, 19, 35, 17, 78, 56, 36, 47, 61, 68, 40, 43, 78, 54, 48, 93, 24, 31, 61, 95, 54, 42, 102, 80, 90, 116, 36, 82, 70, 91, 79, 58, 100, 100, 95, 107, 68, 79, 88, 88, 122, 100, 109, 95, 110, 115, 102, 120, 112, 126, 128]
START TIMES OF ACTIVITIES OF PROJECT 5:
[0, 0, 14, 0, 7, 8, 19, 15, 20, 10, 30, 33, 10, 8, 32, 10, 16, 23, 14, 33, 26, 42, 10, 47, 23, 29, 14, 31, 37, 34, 5, 63, 44, 44, 8, 16, 56, 50, 52, 31, 19, 58, 37, 36, 42, 65, 30, 58, 48, 38, 47, 72, 40, 65, 34, 68, 65, 74, 84, 77, 68, 87]
START TIMES OF ACTIVITIES OF PROJECT 6:
[0, 33, 89, 40, 54, 70, 45, 66, 81, 93, 72, 54, 45, 63, 78, 75, 88, 63, 84, 98, 108, 95, 120, 95, 79, 101, 92, 113, 82, 120, 79, 152, 128, 153, 130, 143, 107, 130, 143, 138, 147, 114, 147, 173, 149, 182, 155, 155, 158, 132, 160, 152, 149, 170, 163, 138, 157, 174, 184, 187, 183, 193]
TRANSFERS OF GLOBAL RESOURCE G1
(0, 1, 3): 12 
(0, 1, 7): 2 
(0, 2, 2): 16 
(0, 3, 0): 10 
(0, 4, 4): 10 
(0, 5, 0): 4 
(0, 5, 1): 2 
(0, 5, 3): 17 
(0, 5, 7): 2 
(1, 0, 147): 19 
(1, 3, 137): 5 
(1, 3, 161): 1 
(1, 4, 83): 1 
(1, 5, 25): 1 
(1, 5, 33): 3 
(1, 5, 48): 2 
(1, 6, 39): 1 
(1, 6, 60): 1 
(1, 6, 77): 2 
(1, 6, 78): 1 
(1, 6, 138): 1 
(2, 3, 106): 2 
(2, 3, 127): 1 
(2, 3, 130): 9 
(2, 4, 15): 2 
(2, 6, 64): 1 
(2, 6, 103): 2 
(2, 6, 127): 5 
(2, 6, 132): 2 
(3, 0, 203): 37 
(3, 2, 31): 1 
(3, 2, 32): 2 
(3, 6, 32): 7 
(3, 6, 142): 6 
(3, 6, 151): 15 
(3, 6, 154): 1 
(3, 6, 173): 1 
(4, 1, 109): 1 
(4, 1, 111): 2 
(4, 1, 124): 6 
(4, 2, 39): 1 
(4, 2, 41): 1 
(4, 2, 48): 3 
(4, 3, 99): 1 
(4, 3, 127): 7 
(4, 5, 50): 2 
(4, 6, 120): 4 
(4, 6, 131): 3 
(5, 1, 19): 2 
(5, 1, 71): 13 
(5, 4, 16): 3 
(5, 4, 74): 9 
(5, 4, 80): 1 
(5, 4, 85): 5 
(6, 0, 193): 19 
(6, 3, 106): 3 
(6, 3, 116): 3 
(6, 3, 120): 6 
(6, 3, 124): 1 
(6, 3, 132): 1 
(6, 3, 135): 1 
(6, 3, 147): 5 
(6, 3, 163): 5 
(6, 3, 167): 7 
(6, 3, 168): 2 
TRANSFERS OF GLOBAL RESOURCE G2
(0, 1, 0): 10 
(0, 1, 4): 1 
(0, 2, 0): 14 
(0, 2, 4): 3 
(0, 2, 6): 2 
(0, 2, 9): 2 
(0, 3, 2): 3 
(0, 3, 11): 1 
(0, 4, 0): 14 
(0, 5, 1): 1 
(0, 5, 2): 21 
(0, 5, 4): 11 
(1, 2, 113): 1 
(1, 3, 133): 2 
(1, 6, 27): 1 
(1, 6, 78): 2 
(1, 6, 132): 2 
(1, 6, 143): 6 
(1, 6, 146): 9 
(1, 6, 147): 9 
(2, 1, 75): 3 
(2, 1, 81): 1 
(2, 1, 86): 1 
(2, 1, 92): 3 
(2, 1, 130): 5 
(2, 3, 129): 6 
(2, 3, 130): 5 
(2, 3, 133): 4 
(2, 6, 23): 1 
(2, 6, 30): 1 
(2, 6, 72): 1 
(2, 6, 88): 1 
(3, 0, 203): 39 
(3, 6, 34): 4 
(4, 0, 128): 4 
(4, 3, 91): 2 
(4, 3, 111): 6 
(4, 3, 125): 2 
(4, 5, 31): 4 
(4, 5, 42): 6 
(4, 5, 71): 3 
(4, 6, 68): 1 
(4, 6, 93): 2 
(4, 6, 114): 1 
(4, 6, 116): 4 
(4, 6, 138): 6 
(5, 1, 87): 1 
(5, 2, 49): 2 
(5, 2, 54): 1 
(5, 2, 56): 2 
(5, 3, 91): 2 
(5, 4, 22): 6 
(5, 4, 23): 5 
(5, 4, 52): 3 
(5, 4, 55): 2 
(5, 4, 82): 8 
(5, 4, 84): 3 
(5, 6, 21): 2 
(5, 6, 51): 2 
(5, 6, 54): 2 
(5, 6, 58): 3 
(5, 6, 95): 2 
(6, 0, 193): 40 
(6, 1, 54): 2 
(6, 1, 88): 2 
(6, 1, 120): 3 
(6, 2, 47): 1 
(6, 2, 114): 4 
(6, 3, 101): 5 
(6, 3, 119): 2 
(6, 3, 121): 2 
(6, 3, 143): 1 
}
