INSTANCE: "A_12_60_33" 
RELEASES: [0, 0, 0, 0, 0, 0, 0, 0, 0, 0, 0, 0]
DUEDATES: [103, 113, 148, 92, 107, 108, 104, 84, 125, 93, 159, 92]
COMPLETION TIMES: [292, 205, 190, 152, 228, 150, 218, 95, 145, 255, 190, 116]
MAKESPANS: [292, 205, 190, 152, 228, 150, 218, 95, 145, 255, 190, 116]
DELAYS: [189, 92, 42, 60, 121, 42, 114, 11, 20, 162, 31, 24]
COST: 1572.0

Solution = { 
START TIMES OF ACTIVITIES OF PROJECT 1:
[0, 188, 147, 202, 208, 199, 224, 189, 213, 196, 216, 217, 202, 208, 218, 215, 235, 208, 219, 224, 191, 229, 208, 217, 262, 233, 254, 247, 229, 259, 254, 266, 262, 214, 225, 214, 237, 227, 220, 273, 229, 265, 262, 265, 265, 259, 245, 255, 268, 281, 248, 269, 282, 282, 266, 272, 283, 269, 281, 288, 284, 292]
START TIMES OF ACTIVITIES OF PROJECT 2:
[0, 21, 21, 35, 40, 61, 50, 83, 55, 71, 90, 94, 140, 105, 60, 37, 113, 46, 130, 151, 101, 147, 121, 27, 124, 154, 121, 51, 150, 91, 109, 136, 143, 161, 146, 146, 134, 160, 188, 125, 54, 170, 135, 161, 156, 135, 169, 171, 143, 154, 156, 169, 180, 173, 188, 174, 197, 191, 196, 198, 182, 205]
START TIMES OF ACTIVITIES OF PROJECT 3:
[0, 24, 24, 24, 40, 50, 52, 114, 43, 93, 59, 25, 86, 71, 34, 47, 32, 34, 87, 76, 64, 28, 163, 115, 69, 115, 38, 131, 57, 69, 80, 96, 62, 95, 115, 105, 155, 124, 144, 106, 121, 163, 133, 124, 146, 134, 135, 144, 172, 143, 149, 164, 167, 150, 169, 155, 177, 148, 182, 164, 176, 190]
START TIMES OF ACTIVITIES OF PROJECT 4:
[0, 35, 12, 46, 62, 53, 53, 62, 37, 86, 36, 72, 66, 69, 90, 102, 93, 109, 87, 99, 66, 37, 99, 77, 72, 78, 121, 83, 92, 109, 104, 104, 106, 83, 114, 123, 118, 124, 108, 104, 119, 114, 127, 121, 114, 87, 114, 124, 124, 122, 122, 124, 129, 118, 129, 134, 131, 135, 139, 121, 142, 152]
START TIMES OF ACTIVITIES OF PROJECT 5:
[0, 69, 42, 34, 43, 59, 158, 69, 149, 114, 153, 71, 157, 159, 42, 76, 162, 166, 185, 165, 71, 77, 187, 123, 155, 175, 153, 163, 87, 116, 199, 182, 159, 182, 194, 153, 183, 171, 207, 176, 188, 169, 184, 209, 216, 190, 200, 194, 155, 209, 198, 176, 199, 203, 202, 209, 178, 213, 223, 218, 221, 228]
START TIMES OF ACTIVITIES OF PROJECT 6:
[0, 46, 22, 22, 57, 72, 106, 63, 30, 30, 50, 67, 74, 113, 80, 81, 87, 42, 82, 51, 75, 77, 60, 52, 38, 104, 86, 100, 116, 96, 130, 107, 113, 67, 54, 125, 120, 110, 114, 54, 120, 123, 112, 75, 121, 87, 97, 93, 114, 131, 120, 123, 129, 138, 136, 141, 131, 129, 141, 144, 143, 150]
START TIMES OF ACTIVITIES OF PROJECT 7:
[0, 49, 17, 46, 100, 86, 125, 161, 162, 134, 91, 196, 200, 102, 153, 117, 172, 143, 95, 169, 180, 104, 154, 145, 140, 143, 170, 132, 152, 132, 100, 114, 197, 139, 187, 137, 163, 198, 159, 178, 188, 152, 178, 142, 153, 181, 160, 187, 160, 172, 169, 208, 190, 207, 200, 206, 206, 207, 208, 208, 214, 218]
START TIMES OF ACTIVITIES OF PROJECT 8:
[0, 12, 12, 12, 21, 21, 13, 25, 25, 21, 13, 32, 25, 51, 27, 14, 55, 22, 37, 35, 38, 25, 43, 35, 46, 34, 48, 32, 39, 46, 57, 33, 55, 57, 40, 56, 57, 71, 76, 65, 84, 45, 63, 86, 69, 72, 55, 76, 40, 55, 64, 65, 65, 88, 87, 65, 80, 84, 86, 89, 86, 95]
START TIMES OF ACTIVITIES OF PROJECT 9:
[0, 15, 15, 15, 23, 24, 36, 35, 52, 45, 58, 22, 87, 25, 58, 28, 45, 45, 68, 67, 30, 47, 59, 76, 74, 80, 44, 87, 71, 92, 95, 105, 56, 63, 52, 96, 59, 101, 79, 95, 82, 54, 100, 76, 115, 120, 123, 92, 127, 107, 120, 118, 117, 125, 126, 111, 135, 128, 135, 135, 136, 145]
START TIMES OF ACTIVITIES OF PROJECT 10:
[0, 162, 174, 162, 172, 170, 178, 165, 178, 186, 169, 191, 187, 182, 196, 201, 182, 192, 183, 178, 194, 199, 203, 165, 200, 183, 196, 201, 206, 214, 193, 213, 188, 206, 230, 203, 215, 217, 192, 211, 223, 239, 214, 216, 217, 225, 217, 224, 219, 231, 231, 224, 231, 231, 241, 240, 241, 241, 239, 247, 250, 255]
START TIMES OF ACTIVITIES OF PROJECT 11:
[0, 22, 22, 22, 23, 32, 34, 42, 58, 33, 42, 52, 83, 42, 65, 75, 51, 48, 51, 87, 90, 67, 108, 99, 140, 75, 102, 90, 149, 126, 135, 100, 60, 97, 108, 102, 149, 128, 66, 144, 80, 116, 123, 149, 73, 84, 115, 135, 30, 148, 126, 171, 157, 176, 166, 176, 171, 164, 185, 181, 182, 190]
START TIMES OF ACTIVITIES OF PROJECT 12:
[0, 20, 20, 20, 26, 27, 30, 27, 35, 35, 45, 21, 32, 43, 21, 50, 30, 31, 34, 43, 62, 54, 48, 65, 43, 27, 77, 95, 45, 35, 81, 71, 32, 85, 56, 64, 47, 61, 62, 66, 49, 52, 74, 42, 94, 73, 74, 85, 96, 93, 101, 86, 93, 51, 84, 96, 106, 101, 111, 106, 95, 116]
TRANSFERS OF GLOBAL RESOURCE G1
(0, 2, 3): 2 
(0, 3, 0): 19 
(0, 3, 1): 3 
(0, 4, 0): 1 
(0, 5, 4): 1 
(0, 6, 2): 10 
(0, 8, 0): 16 
(0, 8, 1): 13 
(0, 8, 2): 1 
(0, 8, 9): 5 
(0, 9, 0): 15 
(0, 9, 7): 3 
(0, 9, 13): 2 
(0, 11, 0): 20 
(0, 11, 1): 2 
(0, 11, 8): 3 
(0, 12, 9): 4 
(0, 12, 10): 12 
(0, 12, 16): 5 
(1, 0, 291): 32 
(2, 0, 205): 18 
(2, 1, 161): 3 
(2, 3, 83): 1 
(2, 3, 93): 1 
(3, 0, 190): 3 
(3, 1, 162): 3 
(3, 1, 167): 2 
(3, 2, 28): 4 
(3, 2, 34): 2 
(3, 6, 31): 2 
(3, 6, 35): 2 
(3, 6, 47): 2 
(3, 6, 70): 1 
(3, 6, 114): 1 
(3, 10, 146): 3 
(3, 10, 150): 2 
(3, 10, 151): 1 
(3, 10, 164): 1 
(3, 10, 181): 7 
(3, 10, 182): 3 
(4, 5, 133): 8 
(4, 5, 139): 1 
(4, 11, 90): 3 
(4, 11, 137): 7 
(4, 11, 145): 1 
(4, 11, 152): 5 
(4, 11, 159): 3 
(4, 12, 17): 1 
(4, 12, 40): 1 
(4, 12, 42): 2 
(5, 0, 228): 19 
(5, 1, 220): 6 
(5, 7, 44): 6 
(5, 7, 89): 3 
(5, 7, 102): 2 
(5, 7, 112): 1 
(5, 7, 123): 1 
(5, 7, 132): 4 
(5, 7, 141): 3 
(5, 7, 176): 2 
(5, 7, 185): 3 
(5, 7, 206): 9 
(5, 11, 78): 2 
(5, 11, 81): 1 
(5, 11, 93): 1 
(5, 11, 162): 1 
(6, 1, 149): 4 
(6, 1, 150): 8 
(6, 1, 160): 3 
(6, 1, 163): 1 
(6, 2, 134): 1 
(6, 2, 137): 1 
(6, 3, 57): 2 
(6, 3, 86): 1 
(6, 3, 88): 2 
(6, 3, 98): 1 
(6, 3, 137): 7 
(6, 8, 57): 2 
(6, 10, 143): 2 
(6, 10, 148): 1 
(7, 0, 218): 29 
(7, 5, 57): 3 
(7, 5, 69): 1 
(7, 5, 147): 2 
(7, 5, 155): 2 
(7, 5, 188): 1 
(7, 11, 57): 1 
(7, 11, 161): 1 
(7, 12, 50): 1 
(8, 2, 25): 1 
(8, 2, 88): 10 
(8, 3, 91): 1 
(8, 3, 92): 1 
(8, 4, 22): 3 
(8, 6, 22): 2 
(8, 6, 38): 1 
(8, 6, 66): 1 
(8, 6, 67): 6 
(8, 6, 98): 3 
(8, 6, 104): 5 
(8, 9, 36): 3 
(8, 9, 89): 1 
(9, 2, 117): 2 
(9, 4, 30): 2 
(9, 8, 62): 1 
(9, 10, 144): 13 
(9, 10, 147): 1 
(9, 10, 151): 1 
(9, 12, 30): 3 
(9, 12, 31): 1 
(10, 0, 255): 36 
(11, 1, 224): 1 
(11, 5, 33): 10 
(11, 5, 34): 1 
(11, 5, 105): 8 
(11, 5, 140): 8 
(11, 5, 173): 5 
(11, 5, 181): 1 
(11, 5, 190): 10 
(11, 5, 200): 2 
(11, 7, 133): 1 
(11, 7, 190): 2 
(11, 7, 198): 2 
(12, 1, 116): 1 
(12, 4, 32): 6 
(12, 4, 34): 1 
(12, 4, 59): 1 
(12, 4, 66): 4 
(12, 4, 74): 2 
(12, 4, 84): 1 
(12, 4, 111): 7 
(12, 4, 116): 2 
(12, 4, 118): 2 
(12, 7, 131): 2 
(12, 10, 133): 1 
TRANSFERS OF GLOBAL RESOURCE G2
(0, 2, 0): 15 
(0, 3, 1): 15 
(0, 6, 0): 9 
(0, 7, 0): 5 
(0, 8, 8): 19 
(0, 8, 9): 5 
(0, 8, 17): 5 
(0, 8, 23): 1 
(0, 9, 3): 16 
(0, 11, 7): 27 
(0, 12, 0): 25 
(1, 0, 292): 34 
(1, 3, 149): 1 
(2, 0, 205): 15 
(2, 1, 170): 6 
(2, 5, 27): 5 
(2, 5, 35): 4 
(2, 5, 62): 8 
(2, 5, 200): 1 
(3, 0, 190): 1 
(3, 1, 133): 2 
(3, 1, 174): 1 
(3, 1, 177): 5 
(3, 1, 194): 2 
(3, 1, 251): 1 
(3, 1, 252): 6 
(3, 2, 126): 1 
(4, 0, 152): 1 
(4, 1, 143): 4 
(4, 6, 44): 2 
(4, 7, 135): 1 
(4, 7, 141): 1 
(4, 7, 143): 1 
(4, 7, 159): 1 
(4, 10, 135): 8 
(4, 10, 147): 6 
(4, 10, 156): 3 
(4, 12, 53): 1 
(4, 12, 54): 1 
(5, 0, 228): 30 
(5, 2, 44): 2 
(5, 2, 76): 1 
(5, 2, 83): 1 
(5, 2, 87): 2 
(5, 2, 98): 6 
(5, 2, 123): 8 
(5, 2, 139): 1 
(5, 6, 43): 2 
(5, 6, 50): 2 
(5, 6, 79): 1 
(5, 6, 93): 1 
(6, 1, 151): 8 
(6, 5, 132): 1 
(6, 5, 136): 2 
(6, 5, 138): 3 
(6, 5, 141): 5 
(6, 5, 146): 2 
(6, 5, 149): 7 
(7, 0, 218): 15 
(7, 3, 26): 1 
(7, 8, 31): 2 
(7, 9, 27): 2 
(7, 10, 197): 4 
(8, 2, 106): 1 
(8, 3, 90): 2 
(8, 4, 95): 1 
(8, 5, 49): 1 
(8, 5, 94): 7 
(8, 5, 96): 2 
(8, 6, 87): 6 
(8, 6, 106): 1 
(8, 7, 71): 5 
(8, 7, 76): 2 
(8, 7, 85): 2 
(8, 7, 89): 1 
(8, 9, 34): 1 
(8, 9, 109): 1 
(8, 9, 112): 1 
(9, 4, 70): 3 
(9, 6, 66): 1 
(9, 6, 80): 1 
(9, 7, 136): 1 
(9, 7, 144): 2 
(9, 7, 145): 2 
(9, 8, 22): 2 
(9, 10, 142): 1 
(9, 10, 145): 9 
(9, 10, 150): 2 
(9, 11, 37): 1 
(9, 11, 85): 2 
(9, 11, 95): 1 
(9, 11, 97): 3 
(9, 12, 65): 3 
(10, 0, 255): 44 
(11, 0, 190): 2 
(11, 4, 62): 1 
(11, 4, 67): 1 
(11, 4, 108): 1 
(11, 4, 109): 2 
(11, 5, 128): 5 
(11, 6, 30): 1 
(11, 6, 48): 1 
(11, 9, 30): 5 
(11, 9, 53): 3 
(11, 9, 54): 4 
(11, 9, 130): 1 
(11, 10, 150): 1 
(11, 10, 190): 7 
(11, 10, 191): 3 
(12, 2, 118): 1 
(12, 4, 27): 5 
(12, 4, 29): 7 
(12, 4, 64): 1 
(12, 4, 82): 2 
(12, 4, 91): 2 
(12, 4, 101): 2 
(12, 4, 110): 1 
(12, 4, 116): 1 
(12, 5, 119): 4 
(12, 11, 88): 1 
(12, 11, 90): 1 
(12, 11, 117): 2 
}
