INSTANCE: "B_14_50_23" 
RELEASES: [0, 0, 0, 0, 0, 0, 0, 0, 0, 0, 0, 0, 0, 0]
DUEDATES: [97, 84, 96, 123, 135, 141, 113, 71, 120, 139, 114, 64, 137, 68]
COMPLETION TIMES: [85, 85, 100, 148, 314, 186, 102, 83, 146, 166, 131, 64, 257, 72]
MAKESPANS: [85, 85, 100, 148, 314, 186, 102, 83, 146, 166, 131, 64, 257, 72]
DELAYS: [0, 1, 4, 25, 179, 45, 0, 12, 26, 27, 17, 0, 120, 4]
COST: 1199.5

Solution = { 
START TIMES OF ACTIVITIES OF PROJECT 1:
[0, 4, 9, 4, 9, 0, 15, 13, 9, 0, 18, 4, 6, 9, 17, 19, 34, 4, 17, 19, 13, 24, 34, 18, 42, 42, 27, 24, 52, 42, 43, 27, 22, 45, 42, 38, 61, 59, 80, 52, 55, 67, 52, 73, 57, 45, 52, 63, 52, 60, 34, 85]
START TIMES OF ACTIVITIES OF PROJECT 2:
[0, 1, 19, 24, 31, 22, 11, 8, 11, 8, 41, 25, 19, 0, 8, 48, 8, 32, 55, 49, 22, 58, 16, 65, 52, 24, 76, 29, 24, 77, 47, 65, 42, 40, 37, 58, 67, 80, 52, 49, 66, 39, 67, 65, 40, 40, 27, 40, 67, 39, 11, 85]
START TIMES OF ACTIVITIES OF PROJECT 3:
[0, 9, 9, 22, 42, 19, 9, 52, 0, 13, 9, 23, 19, 80, 71, 69, 82, 36, 40, 5, 55, 52, 71, 95, 85, 47, 16, 80, 60, 87, 22, 26, 38, 32, 88, 17, 33, 25, 36, 66, 60, 85, 64, 9, 33, 5, 18, 9, 60, 0, 96, 100]
START TIMES OF ACTIVITIES OF PROJECT 4:
[0, 31, 35, 38, 52, 54, 57, 64, 66, 75, 89, 97, 7, 103, 113, 79, 12, 129, 38, 0, 142, 97, 103, 144, 130, 102, 66, 79, 113, 57, 75, 135, 75, 97, 135, 113, 79, 38, 35, 21, 38, 46, 43, 97, 147, 128, 11, 22, 119, 121, 121, 148]
START TIMES OF ACTIVITIES OF PROJECT 5:
[0, 187, 194, 13, 204, 212, 198, 219, 221, 228, 244, 253, 177, 261, 11, 264, 230, 273, 221, 280, 290, 291, 266, 204, 238, 156, 266, 301, 264, 228, 304, 307, 280, 271, 261, 230, 311, 268, 244, 288, 262, 253, 273, 311, 280, 295, 264, 301, 311, 166, 302, 314]
START TIMES OF ACTIVITIES OF PROJECT 6:
[0, 77, 85, 93, 94, 101, 71, 103, 120, 125, 126, 135, 52, 145, 94, 149, 112, 154, 120, 158, 170, 175, 96, 95, 62, 42, 110, 166, 146, 7, 179, 145, 153, 154, 16, 126, 184, 182, 69, 114, 35, 146, 157, 182, 166, 166, 179, 179, 123, 25, 179, 186]
START TIMES OF ACTIVITIES OF PROJECT 7:
[0, 7, 17, 19, 9, 11, 27, 32, 35, 32, 7, 37, 7, 33, 34, 38, 41, 25, 43, 47, 34, 49, 54, 80, 11, 27, 56, 44, 63, 32, 35, 39, 43, 74, 33, 65, 45, 94, 69, 77, 19, 53, 46, 76, 44, 77, 82, 25, 7, 79, 84, 102]
START TIMES OF ACTIVITIES OF PROJECT 8:
[0, 9, 0, 12, 8, 16, 12, 8, 9, 8, 0, 9, 20, 41, 43, 9, 22, 45, 27, 22, 19, 16, 47, 56, 18, 20, 66, 18, 19, 22, 18, 73, 12, 16, 42, 0, 45, 36, 49, 9, 9, 9, 9, 8, 9, 24, 9, 41, 19, 12, 8, 83]
START TIMES OF ACTIVITIES OF PROJECT 9:
[0, 35, 42, 55, 56, 63, 72, 74, 78, 88, 96, 110, 114, 129, 135, 131, 11, 129, 142, 88, 101, 74, 96, 96, 110, 73, 135, 21, 131, 58, 11, 72, 72, 88, 103, 112, 48, 48, 142, 137, 42, 58, 48, 90, 27, 112, 21, 55, 53, 26, 120, 146]
START TIMES OF ACTIVITIES OF PROJECT 10:
[0, 51, 59, 58, 63, 65, 66, 68, 74, 100, 102, 111, 18, 119, 119, 120, 102, 132, 74, 139, 147, 43, 119, 92, 84, 29, 120, 147, 122, 102, 153, 124, 165, 139, 128, 111, 162, 124, 151, 149, 139, 144, 145, 161, 153, 153, 156, 153, 153, 9, 156, 166]
START TIMES OF ACTIVITIES OF PROJECT 11:
[0, 10, 12, 30, 9, 9, 45, 16, 27, 54, 10, 53, 0, 79, 19, 81, 53, 64, 96, 110, 76, 112, 99, 9, 12, 40, 118, 68, 125, 76, 64, 56, 83, 77, 68, 55, 85, 92, 89, 109, 14, 115, 45, 81, 88, 99, 108, 14, 19, 101, 115, 131]
START TIMES OF ACTIVITIES OF PROJECT 12:
[0, 10, 3, 4, 0, 3, 10, 13, 16, 10, 10, 5, 17, 10, 34, 17, 19, 10, 26, 17, 17, 19, 29, 17, 17, 21, 17, 19, 22, 0, 40, 22, 34, 24, 50, 39, 48, 39, 54, 48, 44, 55, 59, 39, 48, 34, 28, 52, 37, 32, 48, 64]
START TIMES OF ACTIVITIES OF PROJECT 13:
[0, 138, 146, 23, 150, 167, 169, 174, 179, 180, 182, 197, 93, 202, 197, 207, 89, 209, 160, 232, 241, 213, 179, 191, 119, 128, 207, 241, 230, 150, 250, 232, 230, 237, 103, 182, 254, 243, 239, 221, 90, 248, 242, 252, 248, 241, 249, 250, 230, 109, 250, 257]
START TIMES OF ACTIVITIES OF PROJECT 14:
[0, 0, 19, 26, 16, 32, 5, 10, 13, 38, 29, 15, 48, 26, 51, 34, 20, 10, 52, 61, 19, 12, 24, 61, 10, 0, 63, 45, 44, 38, 37, 38, 51, 47, 42, 34, 26, 27, 29, 38, 33, 26, 65, 26, 5, 19, 43, 16, 10, 13, 22, 72]
TRANSFERS OF GLOBAL RESOURCE G1
(0, 1, 0): 21 
(0, 1, 5): 5 
(0, 2, 0): 20 
(0, 3, 1): 1 
(0, 3, 5): 14 
(0, 3, 9): 9 
(0, 4, 0): 6 
(0, 4, 1): 9 
(0, 5, 4): 7 
(0, 5, 6): 11 
(0, 6, 0): 39 
(0, 7, 1): 21 
(0, 7, 5): 5 
(0, 8, 0): 29 
(0, 8, 1): 35 
(0, 8, 4): 22 
(0, 9, 0): 46 
(0, 11, 0): 12 
(0, 11, 3): 2 
(0, 12, 0): 10 
(0, 12, 1): 9 
(0, 12, 2): 6 
(0, 12, 7): 7 
(0, 12, 14): 1 
(0, 14, 1): 15 
(0, 14, 6): 19 
(1, 3, 48): 4 
(1, 4, 87): 1 
(1, 6, 13): 15 
(1, 6, 68): 14 
(1, 6, 74): 5 
(1, 6, 92): 5 
(1, 9, 24): 1 
(1, 11, 48): 5 
(1, 11, 63): 2 
(1, 11, 87): 4 
(2, 1, 71): 6 
(2, 4, 85): 6 
(2, 8, 46): 6 
(2, 8, 48): 1 
(2, 8, 72): 4 
(2, 9, 18): 9 
(2, 9, 32): 12 
(2, 9, 53): 3 
(2, 9, 69): 7 
(2, 9, 71): 2 
(2, 12, 12): 7 
(2, 12, 14): 1 
(2, 13, 85): 3 
(3, 1, 15): 3 
(3, 1, 38): 2 
(3, 1, 76): 1 
(3, 4, 87): 2 
(3, 6, 19): 6 
(3, 6, 29): 1 
(3, 6, 36): 3 
(3, 6, 71): 1 
(3, 6, 114): 11 
(3, 7, 27): 1 
(3, 7, 37): 3 
(3, 7, 68): 1 
(3, 7, 71): 2 
(3, 10, 41): 3 
(3, 10, 90): 2 
(3, 10, 92): 5 
(3, 14, 38): 2 
(4, 0, 148): 17 
(4, 10, 61): 1 
(4, 10, 140): 1 
(4, 13, 84): 4 
(4, 13, 114): 7 
(4, 13, 133): 2 
(4, 13, 145): 1 
(4, 13, 202): 10 
(5, 0, 314): 192 
(5, 6, 19): 18 
(6, 0, 186): 92 
(6, 1, 52): 1 
(6, 1, 54): 4 
(6, 1, 58): 5 
(6, 5, 150): 48 
(6, 5, 192): 18 
(6, 5, 215): 32 
(6, 5, 232): 9 
(6, 11, 85): 4 
(6, 11, 86): 2 
(7, 3, 58): 5 
(7, 3, 79): 2 
(7, 4, 86): 8 
(7, 6, 112): 4 
(7, 10, 13): 7 
(7, 10, 46): 6 
(7, 10, 115): 4 
(7, 14, 35): 5 
(7, 14, 39): 2 
(7, 14, 58): 1 
(8, 2, 10): 5 
(8, 2, 23): 6 
(8, 2, 38): 2 
(8, 2, 39): 7 
(8, 2, 64): 3 
(8, 2, 66): 7 
(8, 4, 18): 3 
(8, 4, 84): 4 
(8, 6, 15): 24 
(8, 9, 18): 2 
(8, 9, 24): 26 
(8, 9, 32): 10 
(8, 13, 14): 1 
(9, 0, 146): 24 
(9, 2, 44): 4 
(9, 2, 62): 3 
(9, 5, 150): 85 
(9, 6, 112): 2 
(9, 6, 146): 11 
(9, 11, 76): 7 
(9, 13, 93): 1 
(10, 0, 166): 28 
(10, 4, 84): 3 
(10, 7, 28): 1 
(11, 1, 75): 3 
(11, 6, 32): 6 
(11, 6, 59): 8 
(11, 6, 100): 1 
(11, 6, 117): 1 
(11, 6, 120): 2 
(11, 6, 154): 17 
(12, 2, 35): 5 
(12, 2, 60): 1 
(12, 2, 62): 4 
(12, 6, 55): 5 
(12, 6, 64): 3 
(12, 7, 57): 1 
(12, 8, 36): 1 
(12, 8, 43): 2 
(12, 9, 27): 16 
(12, 9, 48): 3 
(13, 0, 257): 28 
(13, 4, 26): 1 
(14, 1, 13): 5 
(14, 3, 56): 14 
(14, 6, 17): 8 
(14, 6, 63): 5 
(14, 7, 22): 3 
(14, 7, 24): 1 
(14, 7, 30): 5 
(14, 10, 44): 3 
TRANSFERS OF GLOBAL RESOURCE G2
(0, 1, 0): 26 
(0, 3, 0): 10 
(0, 3, 4): 27 
(0, 4, 0): 3 
(0, 5, 0): 1 
(0, 6, 4): 56 
(0, 7, 0): 31 
(0, 8, 0): 66 
(0, 10, 0): 110 
(0, 11, 1): 22 
(0, 11, 2): 18 
(0, 12, 0): 38 
(0, 14, 0): 14 
(1, 2, 22): 1 
(1, 2, 35): 3 
(1, 2, 36): 8 
(1, 3, 28): 1 
(1, 3, 30): 2 
(1, 4, 88): 1 
(1, 6, 90): 7 
(1, 8, 57): 1 
(1, 11, 65): 9 
(1, 11, 99): 3 
(1, 13, 93): 1 
(2, 8, 42): 7 
(2, 8, 61): 3 
(2, 13, 77): 15 
(2, 13, 96): 4 
(3, 6, 28): 7 
(3, 6, 45): 3 
(3, 6, 94): 8 
(3, 6, 96): 1 
(3, 9, 15): 7 
(3, 9, 21): 1 
(3, 9, 84): 2 
(3, 9, 104): 2 
(3, 11, 47): 4 
(3, 14, 19): 6 
(3, 14, 22): 1 
(3, 14, 25): 6 
(3, 14, 26): 3 
(3, 14, 27): 5 
(4, 6, 45): 1 
(4, 6, 128): 2 
(4, 9, 104): 2 
(4, 9, 123): 3 
(4, 9, 125): 3 
(4, 10, 24): 2 
(4, 10, 46): 5 
(4, 10, 87): 11 
(4, 10, 95): 1 
(4, 11, 9): 3 
(4, 11, 44): 2 
(4, 11, 54): 4 
(4, 11, 55): 4 
(4, 11, 107): 7 
(4, 13, 153): 8 
(5, 0, 314): 127 
(5, 13, 17): 5 
(5, 13, 242): 34 
(6, 0, 186): 85 
(6, 5, 146): 4 
(6, 5, 188): 5 
(6, 5, 220): 21 
(6, 7, 19): 11 
(6, 7, 88): 1 
(6, 10, 93): 15 
(6, 11, 110): 5 
(6, 13, 110): 6 
(6, 13, 119): 16 
(6, 13, 158): 31 
(6, 13, 182): 2 
(6, 13, 193): 2 
(7, 5, 9): 4 
(7, 6, 36): 1 
(7, 6, 46): 22 
(7, 6, 65): 9 
(7, 6, 71): 1 
(7, 13, 82): 9 
(7, 13, 86): 13 
(7, 13, 102): 14 
(8, 1, 33): 8 
(8, 2, 14): 4 
(8, 2, 17): 13 
(8, 3, 26): 5 
(8, 6, 26): 2 
(8, 7, 13): 5 
(8, 7, 40): 2 
(8, 7, 50): 8 
(8, 7, 52): 9 
(8, 10, 27): 11 
(8, 13, 15): 5 
(8, 13, 81): 9 
(9, 0, 139): 1 
(9, 3, 34): 5 
(9, 3, 60): 3 
(9, 4, 69): 2 
(9, 4, 97): 3 
(9, 5, 159): 3 
(9, 6, 135): 8 
(9, 11, 62): 8 
(9, 11, 112): 3 
(9, 13, 149): 4 
(10, 0, 166): 54 
(10, 5, 141): 6 
(10, 5, 162): 33 
(10, 6, 18): 4 
(10, 6, 168): 34 
(10, 6, 172): 2 
(10, 12, 39): 3 
(10, 13, 77): 30 
(10, 13, 78): 16 
(10, 13, 148): 19 
(10, 13, 155): 1 
(10, 13, 179): 2 
(11, 4, 11): 6 
(11, 4, 20): 8 
(11, 4, 51): 2 
(11, 4, 65): 8 
(11, 4, 78): 11 
(11, 4, 112): 4 
(11, 4, 141): 2 
(11, 6, 27): 4 
(11, 6, 137): 16 
(11, 7, 14): 4 
(11, 9, 15): 8 
(11, 10, 24): 5 
(11, 10, 87): 4 
(11, 10, 95): 3 
(11, 13, 123): 8 
(12, 4, 70): 1 
(12, 6, 63): 6 
(12, 7, 14): 2 
(12, 10, 28): 20 
(12, 10, 50): 3 
(12, 10, 73): 12 
(13, 0, 257): 155 
(13, 4, 24): 5 
(13, 5, 150): 53 
(13, 5, 181): 11 
(13, 5, 224): 3 
(13, 5, 255): 17 
(13, 5, 274): 5 
(13, 10, 31): 2 
(13, 12, 26): 3 
(14, 1, 38): 3 
(14, 3, 73): 3 
(14, 4, 43): 1 
(14, 4, 66): 1 
(14, 6, 40): 10 
(14, 8, 48): 4 
(14, 9, 45): 2 
(14, 9, 50): 10 
(14, 11, 72): 1 
}
