INSTANCE: "B_10_50_13" 
RELEASES: [0, 0, 0, 0, 0, 0, 0, 0, 0, 0]
DUEDATES: [147, 85, 101, 112, 143, 120, 160, 120, 149, 145]
COMPLETION TIMES: [468, 97, 120, 148, 308, 115, 155, 138, 292, 207]
MAKESPANS: [468, 97, 120, 148, 308, 115, 155, 138, 292, 207]
DELAYS: [321, 12, 19, 36, 165, 0, 0, 18, 143, 62]
COST: 1412.0

Solution = { 
START TIMES OF ACTIVITIES OF PROJECT 1:
[0, 330, 337, 339, 340, 349, 353, 366, 306, 372, 378, 396, 398, 399, 404, 421, 365, 430, 401, 376, 404, 407, 435, 322, 422, 394, 356, 414, 384, 376, 378, 377, 401, 396, 315, 421, 401, 403, 359, 460, 353, 413, 422, 434, 23, 384, 430, 434, 443, 438, 452, 468]
START TIMES OF ACTIVITIES OF PROJECT 2:
[0, 0, 31, 14, 33, 15, 15, 43, 16, 22, 14, 22, 15, 16, 43, 47, 52, 31, 24, 64, 18, 33, 68, 43, 47, 68, 47, 57, 44, 57, 73, 86, 34, 76, 43, 86, 78, 60, 64, 39, 76, 54, 88, 93, 60, 89, 90, 73, 89, 57, 43, 97]
START TIMES OF ACTIVITIES OF PROJECT 3:
[0, 22, 23, 50, 54, 60, 76, 77, 81, 19, 86, 0, 89, 40, 91, 26, 73, 97, 69, 99, 30, 108, 81, 60, 22, 7, 113, 108, 100, 90, 89, 91, 80, 84, 87, 102, 77, 91, 84, 28, 27, 26, 54, 37, 23, 77, 19, 22, 33, 19, 20, 120]
START TIMES OF ACTIVITIES OF PROJECT 4:
[0, 46, 53, 55, 68, 38, 73, 86, 87, 86, 34, 87, 0, 97, 87, 99, 107, 34, 110, 122, 87, 128, 113, 51, 48, 48, 127, 89, 122, 92, 89, 89, 99, 101, 78, 136, 89, 93, 103, 145, 70, 128, 53, 111, 103, 113, 145, 55, 65, 115, 127, 148]
START TIMES OF ACTIVITIES OF PROJECT 5:
[0, 200, 213, 160, 226, 228, 203, 236, 238, 241, 242, 255, 190, 265, 5, 266, 227, 272, 288, 288, 296, 284, 203, 218, 183, 164, 226, 299, 266, 238, 296, 265, 294, 274, 161, 254, 306, 251, 270, 276, 248, 263, 292, 304, 297, 296, 305, 297, 292, 174, 301, 308]
START TIMES OF ACTIVITIES OF PROJECT 6:
[0, 30, 32, 45, 34, 24, 64, 35, 24, 71, 24, 34, 26, 72, 46, 74, 55, 35, 89, 100, 90, 92, 81, 82, 21, 39, 105, 54, 74, 80, 71, 72, 89, 55, 65, 55, 48, 54, 92, 97, 43, 105, 44, 97, 90, 100, 44, 58, 24, 101, 105, 115]
START TIMES OF ACTIVITIES OF PROJECT 7:
[0, 52, 36, 58, 45, 63, 27, 43, 88, 26, 0, 30, 74, 31, 34, 26, 81, 58, 26, 90, 58, 75, 90, 63, 44, 96, 63, 95, 71, 106, 127, 60, 145, 92, 91, 71, 75, 107, 116, 121, 100, 100, 135, 107, 74, 132, 114, 127, 65, 135, 31, 155]
START TIMES OF ACTIVITIES OF PROJECT 8:
[0, 31, 54, 56, 16, 23, 66, 36, 44, 72, 0, 72, 23, 82, 46, 84, 78, 23, 94, 109, 72, 97, 73, 16, 33, 49, 114, 74, 84, 77, 99, 73, 93, 82, 84, 27, 46, 95, 99, 134, 56, 114, 54, 91, 90, 109, 107, 33, 41, 111, 124, 138]
START TIMES OF ACTIVITIES OF PROJECT 9:
[0, 178, 179, 189, 197, 208, 209, 217, 57, 223, 224, 236, 240, 248, 249, 255, 22, 263, 255, 213, 137, 241, 162, 145, 247, 227, 227, 207, 235, 237, 235, 249, 256, 213, 271, 255, 226, 235, 240, 171, 155, 247, 248, 223, 208, 224, 263, 271, 277, 285, 285, 292]
START TIMES OF ACTIVITIES OF PROJECT 10:
[0, 63, 66, 25, 73, 104, 165, 109, 110, 114, 118, 120, 44, 141, 121, 153, 73, 156, 53, 185, 189, 189, 110, 78, 129, 110, 177, 189, 158, 175, 146, 131, 129, 173, 141, 123, 199, 31, 87, 159, 131, 173, 179, 119, 131, 197, 189, 183, 196, 95, 198, 207]
TRANSFERS OF GLOBAL RESOURCE G1
(0, 1, 5): 78 
(0, 2, 0): 12 
(0, 2, 3): 2 
(0, 2, 7): 7 
(0, 2, 9): 3 
(0, 3, 0): 19 
(0, 3, 1): 6 
(0, 3, 3): 12 
(0, 3, 4): 4 
(0, 4, 0): 2 
(0, 5, 0): 9 
(0, 6, 0): 12 
(0, 6, 2): 1 
(0, 7, 0): 17 
(0, 7, 1): 11 
(0, 8, 0): 26 
(0, 9, 0): 1 
(0, 10, 0): 20 
(1, 0, 468): 195 
(1, 2, 44): 3 
(1, 10, 33): 75 
(2, 4, 31): 5 
(2, 4, 33): 4 
(2, 5, 142): 6 
(2, 8, 114): 1 
(2, 10, 81): 3 
(2, 10, 96): 8 
(3, 5, 137): 4 
(3, 6, 31): 2 
(3, 6, 38): 1 
(3, 6, 46): 1 
(3, 6, 47): 3 
(3, 7, 45): 2 
(3, 7, 47): 8 
(3, 8, 76): 3 
(3, 9, 27): 6 
(3, 9, 107): 4 
(3, 9, 125): 7 
(4, 1, 299): 2 
(4, 5, 124): 4 
(4, 5, 137): 5 
(4, 5, 153): 8 
(4, 9, 155): 7 
(5, 0, 308): 39 
(5, 1, 288): 67 
(5, 1, 312): 20 
(5, 1, 389): 22 
(5, 4, 9): 2 
(5, 10, 8): 7 
(6, 5, 132): 14 
(6, 5, 133): 1 
(6, 7, 58): 2 
(6, 7, 128): 1 
(6, 10, 67): 10 
(7, 4, 73): 1 
(7, 4, 78): 2 
(7, 4, 79): 10 
(7, 5, 145): 13 
(7, 6, 37): 4 
(7, 6, 39): 4 
(7, 10, 70): 6 
(7, 10, 85): 1 
(8, 5, 138): 3 
(8, 10, 27): 11 
(8, 10, 59): 8 
(8, 10, 100): 12 
(8, 10, 115): 3 
(8, 10, 127): 8 
(9, 0, 292): 8 
(9, 1, 283): 3 
(9, 5, 219): 3 
(9, 5, 284): 5 
(9, 10, 74): 6 
(10, 1, 295): 81 
(10, 5, 137): 18 
(10, 5, 141): 15 
(10, 5, 177): 28 
(10, 5, 218): 21 
(10, 8, 37): 4 
(10, 8, 73): 2 
(10, 8, 78): 9 
TRANSFERS OF GLOBAL RESOURCE G2
(0, 1, 0): 22 
(0, 2, 0): 9 
(0, 2, 1): 15 
(0, 2, 38): 4 
(0, 3, 0): 19 
(0, 3, 5): 2 
(0, 4, 6): 4 
(0, 4, 61): 1 
(0, 6, 0): 3 
(0, 6, 3): 25 
(0, 6, 5): 6 
(0, 7, 0): 2 
(0, 7, 3): 8 
(0, 7, 4): 14 
(0, 8, 0): 18 
(0, 9, 1): 40 
(0, 9, 116): 1 
(0, 10, 9): 5 
(1, 0, 468): 194 
(1, 7, 47): 2 
(1, 9, 99): 20 
(2, 4, 66): 8 
(2, 6, 80): 2 
(2, 8, 25): 6 
(2, 8, 71): 2 
(2, 8, 78): 3 
(2, 8, 93): 12 
(2, 9, 102): 2 
(3, 9, 135): 25 
(3, 10, 28): 1 
(3, 10, 57): 2 
(4, 0, 148): 2 
(4, 5, 188): 2 
(4, 5, 189): 5 
(4, 5, 258): 1 
(4, 9, 92): 1 
(4, 9, 126): 1 
(4, 9, 133): 9 
(4, 9, 181): 8 
(5, 1, 303): 7 
(5, 1, 318): 20 
(6, 4, 36): 9 
(6, 4, 58): 6 
(6, 4, 79): 1 
(6, 9, 101): 4 
(6, 9, 109): 6 
(6, 9, 126): 9 
(6, 10, 113): 1 
(7, 5, 170): 2 
(7, 5, 196): 1 
(7, 9, 106): 16 
(7, 9, 140): 7 
(8, 2, 38): 5 
(8, 2, 46): 2 
(8, 5, 145): 16 
(8, 9, 109): 3 
(8, 9, 126): 1 
(8, 9, 135): 14 
(9, 0, 292): 2 
(9, 1, 268): 19 
(9, 1, 277): 72 
(9, 1, 292): 25 
(9, 1, 338): 10 
(9, 1, 363): 41 
(9, 3, 88): 5 
(9, 3, 89): 2 
(9, 10, 48): 12 
(9, 10, 58): 9 
(10, 9, 122): 8 
(10, 9, 147): 4 
(10, 9, 198): 9 
(10, 9, 211): 9 
}
