INSTANCE: "B_4_50_26" 
RELEASES: [0, 0, 0, 0]
DUEDATES: [121, 157, 131, 58]
COMPLETION TIMES: [111, 221, 146, 59]
MAKESPANS: [111, 221, 146, 59]
DELAYS: [0, 64, 15, 1]
COST: 308.5

Solution = { 
START TIMES OF ACTIVITIES OF PROJECT 1:
[0, 15, 17, 37, 11, 17, 47, 27, 52, 51, 17, 21, 28, 59, 36, 70, 48, 22, 78, 86, 45, 81, 91, 78, 19, 6, 99, 32, 71, 70, 51, 59, 77, 59, 61, 70, 36, 23, 79, 83, 19, 91, 21, 76, 79, 87, 35, 45, 11, 89, 101, 111]
START TIMES OF ACTIVITIES OF PROJECT 2:
[0, 104, 111, 125, 127, 130, 137, 140, 60, 143, 154, 160, 164, 171, 177, 180, 52, 189, 180, 160, 81, 180, 201, 33, 186, 162, 143, 115, 172, 153, 162, 171, 186, 153, 193, 182, 158, 200, 74, 215, 76, 171, 172, 98, 64, 42, 189, 193, 198, 209, 207, 221]
START TIMES OF ACTIVITIES OF PROJECT 3:
[0, 9, 24, 34, 61, 24, 44, 52, 31, 62, 4, 25, 4, 69, 62, 70, 80, 14, 85, 89, 71, 88, 101, 7, 84, 139, 117, 27, 73, 61, 86, 34, 118, 108, 108, 94, 63, 47, 119, 129, 110, 97, 88, 53, 114, 137, 70, 114, 129, 137, 139, 146]
START TIMES OF ACTIVITIES OF PROJECT 4:
[0, 20, 14, 8, 0, 40, 12, 5, 5, 6, 8, 5, 43, 12, 27, 45, 32, 10, 8, 35, 12, 43, 24, 13, 48, 31, 31, 48, 17, 7, 0, 13, 55, 52, 47, 43, 49, 58, 51, 32, 43, 47, 54, 40, 13, 17, 44, 32, 5, 4, 5, 59]
TRANSFERS OF GLOBAL RESOURCE G1
(0, 1, 0): 9 
(0, 3, 0): 13 
(0, 3, 5): 1 
(0, 4, 0): 23 
(0, 4, 1): 4 
(0, 4, 5): 2 
(1, 0, 109): 7 
(1, 2, 27): 2 
(1, 2, 83): 3 
(1, 2, 89): 2 
(1, 3, 36): 1 
(1, 3, 53): 5 
(1, 3, 76): 1 
(1, 3, 81): 3 
(1, 3, 93): 2 
(1, 3, 100): 3 
(1, 4, 36): 2 
(2, 0, 221): 17 
(2, 3, 76): 2 
(2, 3, 81): 1 
(3, 0, 146): 28 
(3, 1, 62): 8 
(3, 2, 25): 5 
(3, 2, 34): 1 
(3, 2, 146): 4 
(3, 2, 178): 1 
(3, 4, 25): 4 
(3, 4, 30): 2 
(4, 1, 12): 1 
(4, 1, 14): 4 
(4, 1, 15): 8 
(4, 1, 16): 1 
(4, 2, 51): 2 
(4, 3, 7): 2 
(4, 3, 12): 4 
(4, 3, 22): 3 
(4, 3, 50): 1 
(4, 3, 51): 4 
(4, 3, 59): 7 
TRANSFERS OF GLOBAL RESOURCE G2
(0, 1, 4): 19 
(0, 1, 38): 1 
(0, 1, 40): 6 
(0, 1, 41): 3 
(0, 2, 23): 82 
(0, 3, 0): 8 
(0, 3, 2): 13 
(0, 3, 27): 9 
(0, 4, 0): 10 
(0, 4, 2): 10 
(0, 4, 6): 11 
(0, 4, 7): 2 
(1, 0, 111): 1 
(1, 2, 63): 20 
(1, 2, 93): 11 
(1, 2, 147): 3 
(1, 2, 161): 1 
(1, 3, 99): 2 
(1, 3, 128): 9 
(2, 0, 221): 173 
(2, 3, 48): 2 
(2, 3, 49): 11 
(2, 3, 59): 1 
(2, 3, 69): 12 
(2, 3, 76): 1 
(3, 1, 37): 10 
(3, 2, 29): 13 
(3, 2, 94): 8 
(3, 2, 100): 17 
(3, 2, 154): 26 
(4, 1, 35): 6 
(4, 1, 63): 2 
(4, 2, 63): 18 
(4, 2, 93): 1 
(4, 3, 45): 3 
(4, 3, 102): 3 
}
