INSTANCE: "B_14_50_21" 
RELEASES: [0, 0, 0, 0, 0, 0, 0, 0, 0, 0, 0, 0, 0, 0]
DUEDATES: [131, 147, 122, 150, 121, 97, 131, 147, 151, 109, 134, 140, 144, 116]
COMPLETION TIMES: [152, 228, 131, 316, 138, 107, 148, 167, 298, 119, 147, 164, 150, 130]
MAKESPANS: [152, 228, 131, 316, 138, 107, 148, 167, 298, 119, 147, 164, 150, 130]
DELAYS: [21, 81, 9, 166, 17, 10, 17, 20, 147, 10, 13, 24, 6, 14]
COST: 1475.0

Solution = { 
START TIMES OF ACTIVITIES OF PROJECT 1:
[0, 8, 41, 15, 42, 48, 31, 66, 74, 82, 89, 92, 21, 111, 84, 115, 54, 118, 15, 124, 133, 120, 55, 58, 52, 84, 118, 133, 127, 143, 97, 101, 97, 118, 97, 92, 137, 133, 86, 54, 54, 97, 74, 31, 42, 54, 0, 22, 42, 102, 54, 152]
START TIMES OF ACTIVITIES OF PROJECT 2:
[0, 99, 102, 105, 107, 117, 126, 130, 55, 131, 132, 142, 151, 156, 165, 176, 187, 186, 166, 132, 65, 151, 47, 89, 157, 175, 151, 220, 141, 132, 195, 138, 192, 75, 77, 165, 86, 192, 129, 186, 157, 165, 181, 141, 29, 167, 197, 165, 205, 193, 213, 228]
START TIMES OF ACTIVITIES OF PROJECT 3:
[0, 25, 37, 46, 56, 63, 73, 76, 86, 88, 103, 113, 116, 120, 124, 58, 92, 91, 86, 88, 76, 73, 83, 69, 48, 80, 84, 120, 90, 37, 10, 80, 130, 21, 97, 17, 11, 76, 98, 113, 61, 120, 28, 0, 48, 56, 124, 124, 21, 116, 129, 131]
START TIMES OF ACTIVITIES OF PROJECT 4:
[0, 196, 201, 202, 207, 208, 218, 226, 187, 241, 246, 252, 254, 271, 272, 282, 28, 292, 272, 236, 10, 254, 301, 179, 263, 260, 237, 230, 242, 246, 269, 256, 252, 236, 283, 308, 242, 269, 272, 291, 218, 245, 269, 236, 18, 213, 274, 283, 301, 309, 309, 316]
START TIMES OF ACTIVITIES OF PROJECT 5:
[0, 12, 13, 15, 25, 37, 38, 51, 61, 65, 71, 37, 86, 93, 78, 101, 70, 104, 81, 103, 45, 116, 45, 45, 72, 71, 70, 104, 101, 121, 108, 92, 117, 116, 38, 31, 72, 37, 65, 132, 123, 42, 61, 91, 109, 104, 86, 86, 19, 13, 137, 138]
START TIMES OF ACTIVITIES OF PROJECT 6:
[0, 34, 23, 8, 9, 17, 0, 15, 44, 13, 8, 20, 10, 9, 41, 76, 56, 43, 0, 44, 15, 46, 50, 33, 24, 79, 66, 35, 25, 10, 72, 93, 44, 56, 66, 83, 82, 99, 99, 33, 58, 78, 46, 90, 50, 75, 68, 44, 12, 82, 75, 107]
START TIMES OF ACTIVITIES OF PROJECT 7:
[0, 34, 53, 68, 76, 82, 84, 90, 99, 103, 108, 18, 111, 126, 35, 127, 123, 136, 20, 62, 4, 141, 108, 109, 139, 6, 4, 24, 111, 117, 99, 126, 90, 90, 6, 131, 44, 127, 109, 131, 71, 35, 24, 35, 62, 17, 65, 43, 9, 68, 91, 148]
START TIMES OF ACTIVITIES OF PROJECT 8:
[0, 9, 14, 15, 35, 45, 62, 72, 62, 93, 94, 100, 102, 132, 137, 146, 45, 154, 137, 66, 26, 104, 154, 17, 111, 110, 36, 55, 94, 94, 120, 107, 117, 102, 165, 120, 117, 118, 146, 126, 76, 120, 121, 93, 35, 86, 137, 146, 150, 161, 158, 167]
START TIMES OF ACTIVITIES OF PROJECT 9:
[0, 166, 173, 173, 179, 183, 163, 186, 188, 200, 202, 215, 9, 253, 224, 254, 242, 256, 157, 267, 274, 190, 275, 233, 211, 147, 263, 276, 243, 243, 276, 290, 185, 252, 19, 215, 292, 263, 290, 274, 249, 242, 264, 252, 276, 281, 276, 297, 210, 200, 279, 298]
START TIMES OF ACTIVITIES OF PROJECT 10:
[0, 8, 10, 24, 21, 16, 34, 45, 48, 41, 8, 39, 6, 46, 46, 48, 50, 12, 59, 68, 46, 63, 22, 8, 16, 40, 83, 41, 85, 39, 47, 51, 53, 79, 94, 70, 116, 81, 55, 91, 23, 73, 45, 102, 55, 92, 114, 12, 62, 104, 104, 119]
START TIMES OF ACTIVITIES OF PROJECT 11:
[0, 28, 38, 40, 43, 45, 46, 54, 59, 62, 66, 31, 74, 82, 80, 90, 86, 114, 71, 31, 66, 116, 83, 86, 81, 117, 91, 121, 98, 130, 81, 107, 85, 116, 107, 82, 88, 9, 91, 18, 107, 117, 140, 130, 19, 114, 45, 66, 145, 145, 115, 147]
START TIMES OF ACTIVITIES OF PROJECT 12:
[0, 29, 34, 41, 49, 66, 68, 77, 83, 97, 102, 23, 119, 138, 105, 139, 57, 146, 151, 144, 125, 156, 41, 105, 146, 97, 9, 34, 88, 51, 78, 146, 69, 139, 75, 125, 102, 77, 66, 88, 68, 110, 13, 97, 135, 72, 135, 81, 160, 138, 87, 164]
START TIMES OF ACTIVITIES OF PROJECT 13:
[0, 44, 49, 53, 62, 64, 67, 73, 76, 86, 98, 22, 105, 108, 6, 117, 103, 122, 126, 69, 113, 145, 108, 101, 149, 118, 30, 93, 124, 12, 129, 141, 35, 130, 68, 129, 67, 22, 126, 29, 129, 133, 133, 141, 97, 109, 108, 93, 141, 143, 144, 150]
START TIMES OF ACTIVITIES OF PROJECT 14:
[0, 15, 22, 29, 37, 42, 49, 55, 65, 71, 85, 72, 95, 99, 29, 101, 118, 106, 58, 93, 32, 109, 81, 94, 108, 109, 72, 81, 71, 106, 55, 100, 49, 49, 51, 98, 81, 95, 89, 101, 73, 30, 22, 99, 126, 32, 85, 6, 32, 6, 42, 130]
TRANSFERS OF GLOBAL RESOURCE G1
(0, 1, 5): 17 
(0, 2, 19): 2 
(0, 3, 0): 1 
(0, 3, 6): 2 
(0, 3, 10): 2 
(0, 4, 0): 59 
(0, 4, 18): 3 
(0, 5, 0): 14 
(0, 5, 1): 5 
(0, 6, 0): 15 
(0, 6, 1): 1 
(0, 6, 4): 2 
(0, 6, 6): 14 
(0, 7, 0): 6 
(0, 7, 2): 10 
(0, 7, 5): 5 
(0, 8, 1): 173 
(0, 9, 0): 91 
(0, 10, 0): 10 
(0, 10, 2): 3 
(0, 10, 13): 1 
(0, 10, 14): 2 
(0, 10, 16): 1 
(0, 11, 1): 3 
(0, 12, 0): 10 
(0, 13, 4): 4 
(0, 13, 10): 4 
(0, 14, 4): 14 
(1, 2, 87): 3 
(1, 6, 82): 1 
(1, 7, 22): 2 
(1, 7, 63): 1 
(1, 7, 66): 5 
(1, 7, 69): 2 
(1, 7, 88): 2 
(1, 7, 109): 8 
(1, 7, 121): 6 
(1, 9, 139): 4 
(1, 9, 149): 9 
(1, 9, 155): 8 
(1, 12, 68): 1 
(1, 13, 25): 8 
(1, 13, 104): 3 
(2, 0, 228): 132 
(2, 4, 167): 53 
(2, 4, 240): 6 
(2, 4, 270): 5 
(2, 4, 271): 8 
(2, 5, 67): 2 
(2, 5, 87): 2 
(2, 9, 137): 29 
(2, 9, 153): 10 
(2, 9, 156): 12 
(2, 9, 239): 28 
(3, 4, 177): 11 
(3, 9, 129): 1 
(3, 9, 139): 2 
(3, 10, 73): 6 
(3, 10, 96): 8 
(3, 11, 95): 8 
(4, 0, 316): 192 
(4, 1, 46): 4 
(4, 2, 43): 41 
(4, 3, 44): 1 
(4, 3, 56): 3 
(4, 5, 45): 5 
(4, 5, 49): 1 
(4, 6, 39): 1 
(4, 10, 40): 2 
(4, 10, 42): 3 
(4, 10, 47): 1 
(4, 10, 73): 3 
(4, 14, 38): 2 
(5, 2, 24): 2 
(5, 2, 42): 2 
(5, 2, 50): 10 
(5, 2, 94): 3 
(5, 9, 138): 17 
(5, 11, 23): 3 
(5, 11, 49): 2 
(5, 11, 76): 5 
(5, 11, 77): 2 
(5, 11, 78): 1 
(5, 11, 109): 2 
(5, 12, 125): 2 
(6, 1, 47): 1 
(6, 3, 16): 3 
(6, 3, 23): 4 
(6, 3, 81): 3 
(6, 3, 83): 10 
(6, 4, 24): 5 
(6, 13, 101): 1 
(6, 13, 102): 6 
(6, 13, 122): 1 
(7, 1, 29): 5 
(7, 1, 39): 5 
(7, 1, 46): 2 
(7, 1, 56): 1 
(7, 1, 99): 1 
(7, 1, 113): 5 
(7, 1, 116): 8 
(7, 1, 135): 3 
(7, 8, 30): 4 
(7, 8, 99): 2 
(7, 8, 132): 4 
(7, 9, 140): 1 
(7, 9, 150): 10 
(7, 11, 76): 6 
(8, 1, 119): 4 
(8, 2, 83): 2 
(8, 2, 170): 91 
(8, 4, 163): 31 
(8, 4, 171): 37 
(8, 4, 180): 14 
(8, 5, 86): 10 
(8, 7, 38): 5 
(8, 7, 121): 4 
(8, 12, 23): 1 
(8, 12, 140): 6 
(8, 14, 25): 3 
(8, 14, 76): 1 
(8, 14, 80): 10 
(9, 0, 298): 147 
(9, 2, 19): 33 
(9, 2, 37): 23 
(9, 2, 45): 15 
(9, 5, 29): 4 
(9, 8, 35): 5 
(9, 10, 28): 2 
(9, 10, 29): 4 
(9, 11, 30): 1 
(9, 12, 30): 3 
(9, 13, 24): 1 
(10, 2, 43): 1 
(10, 2, 73): 7 
(10, 2, 95): 11 
(10, 3, 83): 7 
(10, 5, 56): 3 
(10, 8, 122): 1 
(10, 9, 135): 4 
(10, 11, 13): 5 
(10, 11, 14): 1 
(10, 11, 33): 4 
(10, 13, 121): 1 
(10, 13, 122): 3 
(11, 2, 96): 14 
(11, 2, 129): 9 
(11, 2, 148): 10 
(11, 5, 32): 5 
(11, 8, 123): 1 
(11, 9, 139): 2 
(11, 10, 45): 2 
(12, 0, 164): 3 
(12, 1, 48): 2 
(12, 4, 157): 7 
(12, 4, 174): 11 
(12, 8, 131): 7 
(12, 14, 52): 7 
(12, 14, 82): 2 
(12, 14, 115): 1 
(13, 1, 122): 5 
(13, 2, 45): 5 
(13, 2, 141): 3 
(13, 4, 171): 9 
(13, 9, 136): 7 
(13, 9, 146): 3 
(14, 7, 104): 1 
(14, 8, 99): 8 
(14, 8, 106): 2 
(14, 8, 132): 12 
(14, 12, 26): 3 
(14, 12, 65): 2 
(14, 12, 74): 6 
(14, 12, 75): 3 
(14, 12, 102): 3 
TRANSFERS OF GLOBAL RESOURCE G2
(0, 1, 0): 19 
(0, 3, 13): 1 
(0, 4, 7): 101 
(0, 6, 0): 5 
(0, 6, 1): 3 
(0, 7, 0): 21 
(0, 7, 3): 2 
(0, 8, 0): 143 
(0, 9, 1): 92 
(0, 10, 0): 10 
(0, 10, 2): 13 
(0, 11, 0): 18 
(0, 12, 0): 5 
(0, 13, 0): 11 
(0, 14, 0): 13 
(1, 2, 23): 3 
(1, 2, 145): 1 
(1, 2, 150): 2 
(1, 2, 151): 16 
(1, 2, 161): 8 
(1, 3, 15): 9 
(1, 3, 22): 1 
(1, 3, 74): 4 
(1, 8, 107): 14 
(1, 8, 108): 5 
(2, 0, 228): 35 
(2, 3, 56): 9 
(2, 3, 89): 1 
(2, 4, 187): 41 
(2, 4, 228): 41 
(2, 4, 232): 46 
(2, 4, 233): 22 
(2, 6, 43): 4 
(2, 9, 138): 95 
(2, 9, 193): 19 
(2, 11, 62): 5 
(3, 1, 35): 2 
(3, 1, 118): 1 
(3, 2, 75): 1 
(3, 2, 84): 7 
(3, 2, 97): 23 
(3, 6, 31): 7 
(3, 6, 76): 1 
(3, 9, 138): 13 
(3, 11, 61): 1 
(3, 13, 102): 3 
(4, 0, 316): 252 
(4, 2, 20): 13 
(4, 2, 38): 39 
(4, 5, 20): 2 
(4, 10, 18): 27 
(4, 10, 20): 3 
(4, 12, 21): 6 
(4, 14, 18): 10 
(4, 14, 38): 1 
(5, 2, 77): 1 
(5, 7, 15): 5 
(5, 7, 42): 1 
(5, 7, 51): 2 
(5, 7, 66): 5 
(5, 7, 101): 2 
(5, 7, 121): 2 
(5, 7, 137): 1 
(5, 9, 141): 5 
(5, 12, 120): 3 
(5, 12, 133): 4 
(5, 12, 134): 1 
(5, 13, 63): 1 
(6, 2, 83): 3 
(6, 3, 18): 2 
(6, 3, 25): 10 
(6, 3, 110): 11 
(6, 11, 59): 3 
(6, 13, 63): 3 
(6, 13, 104): 4 
(7, 2, 76): 5 
(7, 2, 147): 2 
(7, 5, 10): 10 
(7, 5, 11): 1 
(7, 5, 23): 2 
(7, 5, 35): 4 
(7, 5, 114): 4 
(7, 9, 142): 5 
(7, 9, 161): 3 
(7, 12, 36): 3 
(7, 12, 134): 8 
(8, 1, 21): 6 
(8, 1, 76): 3 
(8, 1, 87): 1 
(8, 2, 155): 18 
(8, 2, 164): 23 
(8, 2, 169): 25 
(8, 4, 171): 95 
(8, 6, 18): 1 
(8, 10, 17): 10 
(8, 10, 66): 1 
(8, 11, 17): 24 
(8, 11, 79): 7 
(8, 11, 96): 4 
(8, 11, 105): 9 
(8, 14, 66): 10 
(9, 0, 298): 170 
(9, 2, 20): 10 
(9, 2, 38): 50 
(9, 6, 26): 3 
(9, 7, 39): 1 
(9, 10, 35): 6 
(9, 13, 19): 18 
(9, 13, 65): 3 
(9, 14, 36): 1 
(10, 1, 74): 6 
(10, 3, 78): 9 
(10, 8, 31): 17 
(10, 8, 32): 2 
(10, 8, 103): 2 
(10, 8, 133): 6 
(10, 9, 134): 9 
(10, 11, 32): 19 
(10, 11, 101): 7 
(10, 12, 76): 2 
(10, 14, 14): 1 
(10, 14, 28): 3 
(10, 14, 50): 9 
(10, 14, 54): 1 
(10, 14, 57): 6 
(10, 14, 92): 3 
(10, 14, 108): 1 
(10, 14, 117): 9 
(11, 1, 88): 11 
(11, 1, 118): 5 
(11, 2, 155): 1 
(11, 2, 164): 5 
(11, 2, 169): 34 
(11, 8, 33): 24 
(11, 8, 70): 9 
(11, 8, 115): 6 
(11, 8, 135): 5 
(12, 1, 103): 1 
(12, 2, 167): 3 
(12, 4, 188): 7 
(12, 5, 65): 3 
(12, 5, 99): 3 
(12, 9, 158): 15 
(13, 1, 113): 3 
(13, 2, 41): 1 
(13, 2, 80): 6 
(13, 2, 151): 12 
(13, 3, 14): 2 
(13, 6, 12): 4 
(13, 6, 29): 3 
(13, 6, 30): 4 
(13, 6, 74): 1 
(13, 7, 12): 3 
(13, 7, 134): 2 
(13, 9, 144): 2 
(14, 1, 31): 5 
(14, 2, 156): 6 
(14, 5, 62): 4 
(14, 8, 112): 4 
(14, 9, 134): 4 
(14, 10, 40): 6 
(14, 10, 46): 10 
(14, 10, 67): 4 
(14, 10, 69): 13 
(14, 10, 113): 9 
(14, 11, 32): 3 
}
