INSTANCE: "A_8_60_8" 
RELEASES: [0, 0, 0, 0, 0, 0, 0, 0]
DUEDATES: [122, 86, 98, 69, 110, 96, 107, 121]
COMPLETION TIMES: [147, 99, 229, 167, 260, 245, 108, 128]
MAKESPANS: [147, 99, 229, 167, 260, 245, 108, 128]
DELAYS: [25, 13, 131, 98, 150, 149, 1, 7]
COST: 978.5

Solution = { 
START TIMES OF ACTIVITIES OF PROJECT 1:
[0, 9, 8, 114, 30, 28, 40, 13, 50, 41, 13, 104, 40, 56, 49, 63, 57, 21, 64, 80, 83, 65, 79, 85, 93, 73, 63, 98, 53, 73, 117, 58, 99, 93, 79, 107, 84, 122, 52, 93, 84, 129, 104, 121, 40, 98, 114, 84, 111, 116, 129, 132, 134, 140, 119, 119, 129, 135, 140, 145, 108, 147]
START TIMES OF ACTIVITIES OF PROJECT 2:
[0, 7, 7, 7, 10, 11, 27, 11, 16, 20, 14, 28, 20, 12, 28, 29, 15, 17, 33, 21, 42, 25, 30, 31, 38, 27, 43, 57, 51, 53, 32, 44, 38, 45, 65, 65, 65, 67, 45, 51, 37, 58, 70, 45, 70, 59, 58, 69, 73, 51, 74, 68, 79, 76, 59, 70, 88, 79, 83, 89, 92, 99]
START TIMES OF ACTIVITIES OF PROJECT 3:
[0, 107, 37, 19, 71, 43, 123, 174, 115, 157, 127, 161, 136, 151, 140, 157, 171, 161, 125, 190, 176, 166, 180, 147, 153, 115, 169, 171, 181, 189, 202, 74, 183, 164, 174, 193, 195, 193, 186, 186, 191, 198, 204, 189, 191, 196, 198, 204, 196, 199, 205, 196, 209, 204, 212, 205, 220, 212, 222, 228, 213, 229]
START TIMES OF ACTIVITIES OF PROJECT 4:
[0, 35, 93, 12, 130, 104, 45, 105, 105, 119, 121, 109, 110, 107, 100, 113, 109, 126, 126, 87, 108, 116, 100, 136, 111, 149, 117, 126, 119, 119, 126, 41, 120, 110, 135, 145, 135, 118, 129, 118, 145, 129, 121, 130, 92, 127, 119, 141, 134, 117, 141, 144, 154, 148, 156, 124, 150, 159, 161, 157, 161, 167]
START TIMES OF ACTIVITIES OF PROJECT 5:
[0, 154, 153, 10, 156, 162, 179, 172, 170, 191, 174, 162, 180, 188, 20, 167, 193, 218, 213, 181, 156, 163, 220, 201, 176, 191, 178, 180, 194, 173, 226, 233, 184, 201, 203, 168, 200, 213, 234, 230, 216, 194, 227, 238, 245, 210, 236, 207, 203, 238, 223, 194, 223, 228, 234, 241, 216, 245, 255, 247, 250, 260]
START TIMES OF ACTIVITIES OF PROJECT 6:
[0, 147, 133, 137, 164, 154, 164, 140, 162, 172, 175, 177, 174, 180, 182, 180, 174, 197, 181, 155, 190, 170, 187, 147, 191, 181, 182, 190, 197, 206, 198, 215, 186, 199, 224, 190, 205, 209, 190, 197, 207, 222, 201, 200, 214, 208, 207, 215, 209, 221, 221, 208, 224, 221, 229, 233, 234, 233, 233, 235, 243, 245]
START TIMES OF ACTIVITIES OF PROJECT 7:
[0, 0, 5, 0, 15, 6, 14, 6, 7, 27, 8, 57, 59, 25, 36, 32, 23, 40, 6, 42, 72, 17, 54, 49, 34, 36, 26, 21, 57, 27, 17, 23, 90, 35, 60, 33, 80, 61, 45, 70, 76, 61, 45, 39, 60, 72, 46, 68, 67, 81, 76, 100, 90, 83, 90, 99, 91, 92, 100, 91, 104, 108]
START TIMES OF ACTIVITIES OF PROJECT 8:
[0, 6, 0, 6, 14, 10, 14, 27, 50, 14, 56, 39, 40, 72, 14, 48, 21, 22, 23, 29, 28, 52, 29, 39, 55, 47, 50, 48, 86, 50, 81, 52, 63, 77, 86, 57, 66, 72, 100, 79, 57, 118, 113, 96, 67, 79, 91, 86, 81, 100, 107, 99, 100, 107, 111, 116, 119, 114, 123, 110, 116, 128]
TRANSFERS OF GLOBAL RESOURCE G1
(0, 1, 0): 7 
(0, 1, 4): 3 
(0, 2, 1): 7 
(0, 2, 4): 7 
(0, 2, 5): 16 
(0, 4, 2): 3 
(0, 5, 0): 1 
(0, 7, 0): 5 
(0, 7, 1): 19 
(0, 8, 1): 2 
(0, 8, 5): 2 
(1, 3, 30): 1 
(1, 3, 64): 1 
(1, 3, 116): 1 
(1, 3, 129): 1 
(1, 3, 140): 8 
(1, 3, 146): 6 
(1, 3, 150): 1 
(1, 6, 146): 1 
(1, 7, 24): 1 
(2, 4, 30): 3 
(2, 4, 40): 1 
(2, 4, 82): 4 
(2, 4, 95): 6 
(2, 4, 99): 8 
(2, 5, 12): 2 
(2, 7, 14): 1 
(2, 8, 44): 3 
(2, 8, 75): 2 
(2, 8, 77): 2 
(2, 8, 103): 1 
(3, 0, 228): 13 
(3, 1, 43): 1 
(3, 1, 76): 5 
(3, 1, 77): 2 
(3, 1, 78): 2 
(3, 5, 200): 1 
(3, 5, 210): 4 
(3, 5, 211): 1 
(3, 5, 217): 2 
(3, 6, 193): 1 
(3, 6, 200): 1 
(3, 6, 201): 1 
(4, 3, 53): 8 
(4, 3, 148): 2 
(4, 3, 165): 3 
(4, 3, 171): 2 
(4, 5, 15): 3 
(4, 5, 148): 5 
(4, 5, 151): 3 
(4, 5, 157): 9 
(4, 5, 158): 4 
(4, 5, 163): 1 
(4, 5, 165): 1 
(4, 6, 134): 3 
(4, 6, 151): 3 
(4, 6, 157): 1 
(4, 6, 162): 6 
(4, 6, 169): 1 
(4, 6, 173): 4 
(4, 7, 60): 1 
(5, 0, 260): 31 
(5, 4, 30): 2 
(5, 6, 184): 1 
(5, 8, 23): 4 
(6, 0, 245): 28 
(6, 5, 218): 1 
(7, 1, 92): 1 
(7, 4, 28): 3 
(7, 4, 80): 3 
(7, 4, 109): 1 
(7, 4, 114): 2 
(7, 8, 7): 5 
(7, 8, 37): 1 
(7, 8, 45): 6 
(7, 8, 47): 5 
(7, 8, 49): 1 
(7, 8, 64): 5 
(7, 8, 76): 4 
(7, 8, 96): 1 
(7, 8, 104): 6 
(7, 8, 108): 3 
(8, 2, 24): 1 
(8, 2, 55): 1 
(8, 2, 61): 1 
(8, 4, 86): 2 
(8, 4, 87): 2 
(8, 4, 113): 3 
(8, 4, 118): 2 
(8, 4, 120): 2 
(8, 4, 121): 2 
(8, 4, 123): 9 
(8, 4, 124): 2 
(8, 6, 124): 5 
(8, 6, 128): 1 
(8, 7, 20): 2 
(8, 7, 23): 1 
(8, 7, 54): 5 
(8, 7, 57): 3 
(8, 7, 58): 1 
(8, 7, 87): 6 
(8, 7, 88): 2 
TRANSFERS OF GLOBAL RESOURCE G2
(0, 1, 0): 2 
(0, 1, 1): 8 
(0, 2, 0): 20 
(0, 5, 2): 5 
(0, 7, 0): 21 
(0, 7, 2): 3 
(0, 8, 0): 4 
(0, 8, 4): 2 
(1, 2, 12): 1 
(1, 3, 11): 1 
(1, 3, 99): 1 
(1, 3, 117): 1 
(1, 4, 30): 1 
(1, 5, 145): 6 
(1, 5, 146): 2 
(1, 6, 126): 4 
(2, 4, 98): 1 
(2, 4, 99): 2 
(2, 7, 21): 3 
(2, 7, 38): 2 
(2, 7, 57): 4 
(2, 7, 68): 6 
(2, 7, 70): 2 
(2, 7, 74): 2 
(2, 7, 81): 4 
(2, 8, 33): 9 
(2, 8, 89): 7 
(2, 8, 92): 4 
(2, 8, 100): 1 
(3, 0, 229): 15 
(3, 1, 45): 1 
(3, 6, 132): 3 
(3, 6, 161): 1 
(3, 6, 179): 1 
(3, 6, 180): 1 
(3, 6, 200): 1 
(3, 6, 205): 7 
(3, 6, 207): 6 
(3, 7, 44): 1 
(4, 3, 118): 3 
(4, 3, 160): 3 
(4, 3, 167): 1 
(4, 5, 140): 1 
(4, 5, 141): 1 
(4, 5, 150): 4 
(4, 5, 155): 1 
(4, 5, 157): 4 
(4, 6, 146): 2 
(4, 6, 155): 7 
(4, 6, 171): 4 
(4, 6, 172): 6 
(4, 7, 52): 1 
(4, 8, 13): 1 
(4, 8, 20): 1 
(4, 8, 47): 1 
(4, 8, 56): 1 
(4, 8, 113): 5 
(5, 0, 260): 25 
(5, 1, 20): 2 
(5, 2, 18): 1 
(5, 3, 22): 1 
(5, 3, 194): 1 
(5, 4, 22): 1 
(6, 0, 245): 25 
(6, 3, 139): 1 
(6, 3, 175): 3 
(6, 3, 182): 1 
(6, 3, 185): 3 
(6, 3, 188): 2 
(6, 3, 211): 1 
(6, 3, 212): 4 
(6, 3, 221): 3 
(6, 5, 209): 4 
(6, 5, 216): 1 
(7, 1, 102): 2 
(7, 2, 13): 2 
(7, 2, 25): 1 
(7, 2, 29): 6 
(7, 2, 42): 2 
(7, 2, 43): 2 
(7, 2, 63): 7 
(7, 2, 65): 4 
(7, 2, 86): 1 
(7, 3, 92): 5 
(7, 3, 110): 1 
(7, 4, 86): 1 
(7, 4, 101): 2 
(7, 4, 102): 2 
(7, 4, 103): 5 
(7, 8, 15): 3 
(7, 8, 91): 4 
(8, 1, 68): 1 
(8, 1, 124): 1 
(8, 3, 127): 1 
(8, 4, 11): 2 
(8, 4, 34): 1 
(8, 4, 86): 7 
(8, 4, 91): 10 
(8, 4, 110): 2 
(8, 4, 116): 3 
(8, 4, 128): 5 
(8, 4, 134): 2 
(8, 5, 142): 1 
(8, 5, 149): 1 
(8, 6, 124): 3 
(8, 6, 146): 2 
(8, 7, 72): 1 
}
