INSTANCE: "A_20_60_2" 
RELEASES: [0, 0, 0, 0, 0, 0, 0, 0, 0, 0, 0, 0, 0, 0, 0, 0, 0, 0, 0, 0]
DUEDATES: [131, 94, 121, 95, 123, 107, 73, 69, 152, 116, 114, 105, 84, 86, 111, 106, 95, 87, 120, 98]
COMPLETION TIMES: [255, 388, 190, 121, 197, 187, 223, 99, 390, 338, 137, 331, 243, 305, 230, 141, 298, 154, 190, 340]
MAKESPANS: [255, 388, 190, 121, 197, 187, 223, 99, 390, 338, 137, 331, 243, 305, 230, 141, 298, 154, 190, 340]
DELAYS: [124, 294, 69, 26, 74, 80, 150, 30, 238, 222, 23, 226, 159, 219, 119, 35, 203, 67, 70, 242]
COST: 3713.5

Solution = { 
START TIMES OF ACTIVITIES OF PROJECT 1:
[0, 7, 7, 21, 13, 21, 12, 149, 18, 20, 10, 47, 159, 164, 158, 171, 11, 36, 156, 146, 174, 45, 54, 38, 158, 171, 28, 193, 23, 176, 205, 165, 180, 166, 169, 176, 187, 60, 189, 187, 209, 203, 180, 167, 223, 193, 219, 187, 196, 223, 205, 233, 203, 212, 225, 214, 227, 213, 242, 247, 233, 255]
START TIMES OF ACTIVITIES OF PROJECT 2:
[0, 310, 177, 299, 308, 314, 308, 317, 330, 316, 322, 321, 311, 316, 316, 350, 354, 330, 314, 323, 330, 331, 335, 340, 304, 328, 335, 349, 325, 336, 349, 328, 307, 348, 345, 335, 354, 340, 319, 339, 359, 339, 351, 343, 358, 357, 363, 359, 371, 358, 366, 369, 324, 368, 367, 376, 377, 373, 378, 377, 381, 388]
START TIMES OF ACTIVITIES OF PROJECT 3:
[0, 8, 8, 8, 10, 16, 16, 24, 24, 41, 39, 125, 68, 33, 45, 47, 60, 34, 47, 55, 68, 36, 78, 116, 59, 59, 40, 140, 113, 125, 122, 123, 24, 174, 97, 128, 44, 178, 48, 135, 144, 60, 128, 170, 87, 138, 107, 91, 128, 151, 148, 159, 129, 164, 115, 162, 184, 167, 159, 171, 188, 190]
START TIMES OF ACTIVITIES OF PROJECT 4:
[0, 9, 9, 9, 26, 18, 31, 21, 35, 13, 53, 31, 19, 46, 13, 25, 26, 17, 39, 34, 36, 26, 55, 41, 34, 39, 38, 54, 50, 42, 79, 21, 33, 40, 59, 86, 95, 95, 69, 46, 60, 36, 66, 104, 79, 70, 114, 61, 70, 114, 70, 102, 96, 79, 38, 80, 81, 106, 87, 118, 110, 121]
START TIMES OF ACTIVITIES OF PROJECT 5:
[0, 67, 10, 94, 71, 89, 21, 125, 105, 83, 112, 78, 88, 130, 30, 89, 37, 131, 135, 132, 94, 132, 134, 43, 130, 96, 137, 122, 135, 138, 146, 147, 122, 71, 144, 141, 135, 167, 176, 146, 121, 152, 169, 154, 156, 156, 161, 163, 167, 183, 111, 166, 183, 175, 178, 172, 192, 183, 191, 181, 195, 197]
START TIMES OF ACTIVITIES OF PROJECT 6:
[0, 8, 8, 8, 69, 11, 17, 52, 53, 119, 18, 24, 123, 76, 133, 78, 61, 104, 11, 101, 123, 38, 106, 109, 125, 133, 101, 27, 147, 79, 27, 33, 138, 113, 153, 117, 150, 126, 119, 131, 156, 151, 117, 127, 137, 158, 120, 140, 147, 131, 156, 147, 167, 172, 159, 169, 168, 169, 179, 163, 179, 187]
START TIMES OF ACTIVITIES OF PROJECT 7:
[0, 10, 26, 154, 124, 129, 125, 105, 147, 167, 126, 187, 144, 142, 161, 138, 163, 137, 20, 140, 176, 132, 161, 154, 140, 170, 137, 148, 183, 177, 129, 158, 190, 187, 183, 204, 197, 190, 182, 170, 194, 176, 171, 189, 195, 171, 157, 211, 164, 200, 180, 201, 195, 202, 202, 206, 209, 217, 218, 207, 204, 223]
START TIMES OF ACTIVITIES OF PROJECT 8:
[0, 9, 53, 9, 45, 17, 24, 31, 62, 24, 31, 18, 32, 28, 35, 67, 15, 38, 56, 48, 41, 36, 65, 49, 55, 55, 48, 41, 54, 52, 66, 65, 42, 58, 26, 81, 82, 53, 72, 40, 39, 43, 75, 56, 72, 77, 75, 61, 66, 83, 76, 72, 84, 86, 93, 84, 86, 76, 97, 88, 88, 99]
START TIMES OF ACTIVITIES OF PROJECT 9:
[0, 239, 23, 32, 272, 235, 261, 227, 242, 274, 248, 286, 257, 292, 299, 265, 249, 258, 304, 288, 270, 301, 284, 292, 248, 307, 275, 290, 299, 300, 323, 273, 323, 332, 301, 345, 310, 363, 317, 337, 317, 254, 325, 335, 346, 355, 312, 364, 365, 335, 339, 343, 356, 364, 346, 364, 355, 374, 366, 384, 375, 390]
START TIMES OF ACTIVITIES OF PROJECT 10:
[0, 13, 138, 231, 233, 47, 247, 243, 254, 226, 259, 252, 260, 229, 272, 233, 237, 242, 281, 237, 262, 298, 266, 233, 250, 273, 269, 237, 291, 260, 260, 273, 281, 293, 266, 267, 280, 275, 320, 273, 247, 308, 284, 293, 304, 266, 285, 303, 296, 291, 295, 302, 312, 311, 320, 317, 330, 312, 317, 331, 325, 338]
START TIMES OF ACTIVITIES OF PROJECT 11:
[0, 8, 14, 8, 29, 16, 18, 28, 38, 48, 58, 39, 77, 14, 59, 57, 53, 71, 26, 60, 17, 10, 75, 34, 92, 67, 101, 84, 76, 16, 69, 102, 49, 23, 31, 74, 103, 31, 37, 77, 105, 56, 114, 101, 81, 94, 39, 124, 101, 113, 125, 77, 50, 111, 91, 84, 92, 125, 127, 131, 121, 137]
START TIMES OF ACTIVITIES OF PROJECT 12:
[0, 265, 237, 62, 241, 248, 240, 69, 249, 245, 264, 253, 270, 248, 253, 262, 274, 256, 235, 269, 255, 266, 262, 249, 259, 281, 313, 277, 268, 294, 277, 300, 242, 278, 271, 251, 284, 315, 298, 310, 283, 296, 256, 294, 308, 293, 287, 283, 277, 312, 301, 315, 278, 292, 286, 315, 303, 308, 322, 322, 320, 331]
START TIMES OF ACTIVITIES OF PROJECT 13:
[0, 101, 16, 137, 128, 162, 161, 92, 171, 182, 185, 194, 176, 184, 186, 154, 193, 194, 118, 201, 176, 193, 200, 180, 146, 202, 156, 200, 192, 172, 210, 186, 208, 216, 200, 209, 173, 210, 203, 216, 218, 199, 218, 217, 212, 218, 222, 225, 222, 226, 206, 211, 227, 235, 228, 216, 227, 237, 238, 228, 238, 243]
START TIMES OF ACTIVITIES OF PROJECT 14:
[0, 43, 0, 187, 190, 195, 213, 221, 212, 200, 187, 217, 200, 194, 214, 211, 207, 224, 224, 207, 253, 233, 214, 238, 244, 211, 245, 249, 271, 272, 238, 249, 220, 260, 277, 287, 269, 281, 227, 253, 238, 261, 267, 256, 279, 283, 266, 276, 292, 266, 285, 283, 287, 291, 283, 277, 294, 293, 300, 293, 303, 305]
START TIMES OF ACTIVITIES OF PROJECT 15:
[0, 9, 29, 9, 22, 17, 47, 58, 27, 27, 156, 155, 38, 165, 76, 57, 38, 66, 98, 85, 149, 133, 172, 176, 106, 155, 201, 93, 141, 177, 171, 195, 200, 152, 108, 166, 114, 186, 186, 197, 140, 181, 206, 218, 172, 201, 190, 142, 144, 149, 153, 208, 166, 195, 174, 203, 204, 212, 218, 226, 215, 230]
START TIMES OF ACTIVITIES OF PROJECT 16:
[0, 8, 8, 8, 9, 29, 24, 10, 44, 27, 24, 58, 15, 24, 40, 76, 50, 59, 25, 48, 21, 69, 38, 77, 96, 57, 117, 89, 60, 77, 77, 110, 85, 46, 88, 44, 66, 68, 60, 102, 85, 102, 97, 93, 112, 109, 99, 70, 103, 116, 82, 100, 117, 125, 126, 113, 129, 117, 122, 137, 130, 141]
START TIMES OF ACTIVITIES OF PROJECT 17:
[0, 211, 175, 199, 212, 233, 217, 206, 182, 241, 212, 200, 241, 237, 246, 214, 239, 216, 226, 247, 230, 233, 203, 230, 245, 251, 237, 216, 226, 262, 264, 252, 248, 247, 259, 257, 254, 221, 260, 276, 254, 253, 283, 258, 269, 280, 289, 262, 277, 269, 284, 269, 245, 260, 275, 285, 285, 228, 288, 290, 289, 298]
START TIMES OF ACTIVITIES OF PROJECT 18:
[0, 9, 9, 18, 37, 52, 19, 58, 21, 25, 19, 107, 41, 114, 92, 20, 112, 89, 62, 57, 56, 29, 100, 54, 71, 85, 99, 28, 81, 100, 99, 51, 109, 114, 106, 105, 106, 122, 128, 117, 124, 94, 113, 138, 116, 114, 128, 129, 118, 124, 123, 124, 134, 137, 140, 110, 141, 138, 145, 144, 144, 154]
START TIMES OF ACTIVITIES OF PROJECT 19:
[0, 41, 11, 15, 51, 32, 41, 51, 55, 88, 78, 49, 44, 70, 22, 90, 73, 65, 136, 85, 119, 81, 78, 129, 83, 99, 133, 27, 64, 127, 141, 141, 74, 152, 91, 143, 169, 49, 135, 148, 87, 156, 109, 157, 143, 159, 159, 119, 132, 164, 122, 178, 171, 156, 177, 164, 175, 180, 182, 162, 188, 190]
START TIMES OF ACTIVITIES OF PROJECT 20:
[0, 222, 21, 260, 218, 257, 241, 251, 245, 273, 231, 248, 267, 276, 252, 274, 262, 262, 279, 272, 309, 269, 276, 287, 273, 279, 283, 257, 264, 293, 299, 293, 284, 291, 283, 303, 291, 311, 268, 316, 298, 306, 305, 298, 306, 307, 311, 292, 304, 308, 319, 323, 311, 314, 316, 321, 326, 327, 328, 328, 331, 340]
TRANSFERS OF GLOBAL RESOURCE G1
(0, 1, 1): 6 
(0, 3, 0): 20 
(0, 4, 0): 16 
(0, 6, 0): 17 
(0, 7, 5): 1 
(0, 8, 0): 10 
(0, 11, 2): 17 
(0, 15, 0): 11 
(0, 16, 0): 14 
(0, 16, 1): 6 
(0, 18, 6): 3 
(1, 3, 30): 5 
(1, 3, 31): 3 
(1, 3, 57): 10 
(1, 3, 161): 1 
(1, 5, 61): 3 
(1, 10, 258): 2 
(1, 10, 259): 1 
(1, 13, 193): 2 
(1, 13, 205): 1 
(1, 14, 197): 1 
(1, 14, 207): 2 
(1, 14, 228): 1 
(1, 14, 243): 2 
(1, 14, 256): 5 
(1, 14, 257): 2 
(1, 15, 196): 2 
(1, 17, 196): 2 
(1, 19, 38): 1 
(1, 19, 61): 3 
(1, 19, 62): 1 
(1, 19, 154): 1 
(1, 19, 159): 2 
(1, 19, 174): 5 
(2, 0, 388): 35 
(2, 14, 181): 7 
(3, 1, 10): 8 
(3, 1, 18): 1 
(3, 1, 44): 2 
(3, 1, 51): 2 
(3, 1, 146): 1 
(3, 1, 184): 9 
(3, 1, 186): 3 
(3, 5, 24): 1 
(3, 14, 36): 1 
(3, 14, 180): 1 
(3, 18, 24): 1 
(3, 18, 47): 2 
(3, 18, 100): 2 
(3, 18, 129): 4 
(3, 19, 10): 2 
(3, 19, 44): 1 
(3, 19, 65): 8 
(3, 19, 68): 1 
(3, 19, 78): 1 
(3, 19, 130): 2 
(3, 19, 131): 1 
(4, 6, 49): 3 
(4, 6, 73): 1 
(4, 6, 98): 9 
(4, 6, 116): 4 
(4, 6, 120): 8 
(4, 7, 13): 2 
(4, 7, 117): 7 
(4, 7, 118): 1 
(4, 8, 26): 7 
(4, 8, 40): 2 
(4, 8, 43): 1 
(4, 8, 44): 1 
(4, 8, 53): 1 
(5, 6, 71): 5 
(5, 7, 151): 1 
(5, 7, 164): 1 
(5, 7, 181): 1 
(5, 7, 198): 4 
(5, 13, 151): 4 
(5, 13, 181): 6 
(5, 13, 195): 3 
(5, 17, 169): 2 
(5, 17, 197): 5 
(5, 18, 49): 2 
(5, 18, 96): 4 
(5, 18, 106): 6 
(5, 19, 44): 1 
(5, 19, 94): 1 
(5, 19, 170): 1 
(6, 2, 172): 7 
(6, 3, 134): 1 
(6, 4, 22): 2 
(6, 4, 31): 3 
(6, 4, 33): 4 
(6, 4, 36): 5 
(6, 4, 58): 1 
(6, 4, 83): 1 
(6, 4, 93): 1 
(6, 5, 25): 1 
(6, 5, 78): 5 
(6, 5, 129): 1 
(6, 5, 133): 2 
(6, 5, 136): 1 
(6, 5, 171): 5 
(6, 7, 13): 1 
(6, 7, 133): 2 
(6, 7, 135): 1 
(6, 7, 137): 1 
(6, 7, 140): 1 
(6, 7, 164): 2 
(6, 7, 170): 1 
(6, 7, 188): 1 
(6, 8, 68): 1 
(6, 13, 183): 1 
(6, 18, 29): 1 
(7, 5, 115): 1 
(7, 8, 36): 1 
(7, 8, 37): 1 
(7, 10, 218): 4 
(7, 10, 223): 6 
(7, 13, 11): 1 
(7, 13, 113): 2 
(7, 13, 180): 1 
(7, 13, 188): 2 
(7, 17, 174): 3 
(7, 17, 198): 2 
(7, 17, 210): 1 
(7, 17, 211): 5 
(7, 17, 215): 7 
(7, 18, 30): 1 
(7, 20, 211): 6 
(7, 20, 215): 4 
(8, 4, 82): 1 
(8, 4, 91): 2 
(8, 4, 99): 10 
(8, 5, 21): 1 
(8, 6, 94): 6 
(8, 7, 99): 3 
(8, 18, 88): 1 
(8, 18, 89): 1 
(8, 20, 19): 3 
(9, 0, 390): 27 
(9, 2, 313): 2 
(9, 10, 263): 1 
(9, 12, 263): 1 
(9, 12, 291): 1 
(9, 12, 293): 1 
(9, 15, 35): 4 
(10, 0, 338): 11 
(10, 2, 312): 1 
(10, 2, 319): 3 
(10, 9, 281): 1 
(10, 12, 58): 4 
(10, 12, 237): 4 
(10, 12, 241): 5 
(10, 12, 244): 3 
(10, 12, 249): 3 
(10, 12, 266): 2 
(10, 12, 304): 3 
(10, 15, 150): 1 
(10, 17, 251): 3 
(10, 17, 281): 2 
(10, 17, 282): 3 
(10, 20, 247): 1 
(10, 20, 301): 3 
(11, 5, 58): 1 
(11, 9, 18): 3 
(11, 10, 41): 4 
(11, 10, 132): 1 
(11, 13, 88): 1 
(11, 13, 114): 1 
(11, 15, 18): 1 
(11, 15, 129): 5 
(11, 15, 137): 10 
(11, 15, 138): 1 
(11, 16, 39): 1 
(11, 16, 41): 1 
(11, 16, 43): 1 
(11, 16, 78): 2 
(11, 16, 81): 3 
(11, 19, 42): 1 
(11, 19, 102): 1 
(12, 0, 331): 18 
(12, 9, 281): 4 
(12, 9, 283): 5 
(12, 9, 330): 7 
(12, 10, 271): 1 
(12, 10, 292): 5 
(12, 10, 294): 3 
(12, 11, 69): 2 
(12, 11, 70): 3 
(13, 5, 107): 2 
(13, 7, 137): 1 
(13, 9, 219): 1 
(13, 9, 231): 3 
(13, 9, 234): 4 
(13, 9, 240): 2 
(13, 10, 223): 1 
(13, 10, 225): 3 
(13, 11, 27): 1 
(13, 12, 228): 1 
(13, 12, 232): 1 
(13, 12, 233): 1 
(13, 14, 223): 1 
(13, 14, 238): 4 
(13, 17, 194): 7 
(13, 17, 201): 6 
(13, 17, 206): 3 
(13, 17, 242): 3 
(13, 17, 243): 7 
(13, 18, 137): 1 
(14, 2, 293): 7 
(14, 2, 298): 3 
(14, 2, 301): 2 
(14, 2, 302): 2 
(14, 2, 305): 10 
(14, 4, 49): 1 
(14, 17, 270): 2 
(15, 3, 76): 1 
(15, 7, 191): 1 
(15, 9, 224): 3 
(15, 9, 232): 3 
(15, 10, 220): 2 
(15, 11, 12): 2 
(15, 11, 33): 3 
(15, 11, 46): 1 
(15, 11, 49): 1 
(15, 11, 63): 1 
(15, 11, 67): 1 
(15, 11, 90): 1 
(15, 11, 121): 2 
(15, 12, 57): 1 
(15, 12, 230): 7 
(15, 13, 120): 1 
(15, 13, 168): 1 
(15, 13, 176): 1 
(15, 13, 177): 1 
(15, 16, 42): 1 
(16, 1, 16): 2 
(16, 1, 142): 5 
(16, 3, 141): 4 
(16, 7, 142): 1 
(16, 9, 17): 1 
(16, 11, 10): 1 
(16, 11, 22): 1 
(16, 13, 121): 3 
(16, 18, 10): 1 
(16, 19, 16): 7 
(16, 19, 77): 1 
(16, 19, 121): 2 
(17, 2, 300): 2 
(17, 7, 186): 5 
(17, 7, 200): 4 
(17, 7, 201): 4 
(17, 10, 219): 1 
(17, 10, 226): 9 
(17, 10, 265): 4 
(17, 10, 291): 3 
(17, 12, 268): 1 
(17, 12, 290): 1 
(17, 12, 291): 6 
(17, 12, 293): 2 
(17, 20, 237): 6 
(17, 20, 259): 1 
(17, 20, 261): 6 
(17, 20, 271): 1 
(17, 20, 303): 3 
(17, 20, 306): 4 
(18, 1, 142): 1 
(18, 1, 145): 2 
(18, 1, 154): 3 
(18, 5, 64): 3 
(18, 5, 118): 1 
(18, 5, 119): 4 
(18, 5, 122): 8 
(18, 5, 138): 1 
(18, 7, 119): 1 
(18, 13, 142): 1 
(18, 19, 41): 1 
(18, 19, 71): 1 
(18, 19, 106): 1 
(18, 19, 119): 1 
(18, 19, 124): 4 
(18, 19, 129): 2 
(18, 19, 130): 1 
(18, 19, 149): 5 
(18, 19, 154): 1 
(19, 1, 51): 4 
(19, 1, 57): 1 
(19, 1, 143): 8 
(19, 3, 55): 3 
(19, 3, 165): 3 
(19, 3, 166): 3 
(19, 5, 78): 5 
(19, 5, 84): 1 
(19, 11, 87): 1 
(19, 13, 88): 1 
(19, 13, 169): 5 
(19, 13, 188): 6 
(19, 13, 189): 8 
(19, 18, 25): 1 
(19, 18, 26): 1 
(19, 18, 78): 2 
(19, 18, 91): 8 
(20, 0, 340): 30 
(20, 2, 286): 1 
(20, 2, 317): 2 
(20, 8, 33): 2 
(20, 8, 34): 1 
(20, 10, 280): 2 
TRANSFERS OF GLOBAL RESOURCE G2
(0, 1, 0): 7 
(0, 1, 3): 7 
(0, 1, 5): 2 
(0, 1, 6): 4 
(0, 3, 2): 13 
(0, 4, 2): 8 
(0, 5, 0): 2 
(0, 6, 6): 12 
(0, 7, 0): 6 
(0, 8, 1): 13 
(0, 10, 0): 6 
(0, 11, 0): 9 
(0, 11, 6): 2 
(0, 15, 0): 12 
(0, 16, 0): 10 
(0, 16, 7): 1 
(0, 18, 0): 8 
(0, 19, 0): 4 
(1, 5, 16): 1 
(1, 5, 25): 2 
(1, 5, 62): 6 
(1, 5, 176): 1 
(1, 5, 186): 1 
(1, 5, 187): 3 
(1, 9, 259): 1 
(1, 11, 16): 6 
(1, 11, 19): 2 
(1, 11, 24): 1 
(1, 14, 178): 1 
(1, 14, 255): 2 
(1, 15, 160): 1 
(1, 15, 163): 3 
(1, 16, 49): 1 
(1, 17, 185): 1 
(1, 20, 16): 3 
(1, 20, 213): 3 
(1, 20, 236): 1 
(1, 20, 240): 3 
(1, 20, 243): 2 
(1, 20, 247): 6 
(1, 20, 257): 1 
(2, 0, 388): 43 
(2, 14, 184): 2 
(3, 4, 10): 4 
(3, 4, 24): 2 
(3, 4, 59): 1 
(3, 6, 11): 2 
(3, 7, 100): 3 
(3, 7, 135): 6 
(3, 7, 139): 1 
(3, 7, 184): 3 
(3, 7, 190): 1 
(3, 8, 10): 1 
(3, 8, 48): 2 
(3, 8, 53): 1 
(3, 8, 64): 1 
(3, 13, 192): 1 
(3, 15, 53): 1 
(3, 15, 81): 2 
(3, 15, 89): 1 
(3, 15, 94): 1 
(3, 15, 129): 1 
(3, 15, 137): 3 
(3, 15, 140): 1 
(3, 15, 149): 1 
(3, 15, 170): 6 
(3, 15, 191): 1 
(3, 15, 193): 1 
(3, 17, 196): 1 
(3, 18, 48): 1 
(3, 18, 88): 2 
(3, 18, 135): 3 
(3, 19, 180): 1 
(4, 3, 106): 7 
(4, 5, 115): 2 
(4, 5, 118): 1 
(4, 6, 102): 1 
(4, 7, 121): 1 
(4, 11, 20): 1 
(4, 11, 50): 2 
(4, 11, 53): 2 
(4, 11, 74): 3 
(4, 11, 102): 2 
(4, 15, 69): 3 
(4, 15, 126): 3 
(4, 16, 21): 14 
(4, 16, 54): 2 
(4, 16, 55): 7 
(5, 1, 151): 5 
(5, 1, 153): 3 
(5, 1, 200): 4 
(5, 1, 214): 3 
(5, 1, 222): 2 
(5, 2, 163): 2 
(5, 3, 154): 4 
(5, 6, 106): 1 
(5, 7, 150): 1 
(5, 10, 210): 1 
(5, 11, 49): 6 
(5, 14, 197): 2 
(5, 14, 200): 3 
(5, 15, 163): 1 
(5, 16, 95): 1 
(5, 16, 132): 6 
(5, 20, 209): 3 
(6, 3, 29): 1 
(6, 3, 160): 2 
(6, 7, 130): 2 
(6, 8, 20): 8 
(6, 8, 27): 3 
(6, 8, 31): 1 
(6, 8, 78): 4 
(6, 8, 79): 2 
(6, 8, 84): 1 
(6, 13, 84): 2 
(6, 13, 164): 6 
(6, 14, 179): 7 
(6, 14, 192): 1 
(6, 18, 53): 3 
(6, 18, 80): 4 
(6, 18, 84): 2 
(6, 18, 133): 3 
(6, 18, 136): 2 
(6, 19, 78): 2 
(6, 19, 181): 1 
(7, 3, 36): 7 
(7, 8, 11): 1 
(7, 9, 219): 5 
(7, 10, 133): 3 
(7, 10, 224): 5 
(7, 13, 13): 1 
(7, 13, 115): 6 
(7, 13, 151): 2 
(7, 13, 153): 3 
(7, 13, 215): 5 
(7, 17, 173): 5 
(7, 17, 197): 5 
(7, 17, 201): 1 
(7, 17, 204): 5 
(7, 17, 210): 3 
(7, 17, 214): 8 
(7, 18, 14): 3 
(7, 19, 11): 1 
(7, 19, 115): 2 
(7, 19, 148): 3 
(8, 6, 48): 3 
(8, 6, 97): 8 
(8, 6, 100): 4 
(8, 7, 98): 6 
(8, 9, 21): 2 
(8, 18, 48): 1 
(8, 18, 50): 1 
(8, 18, 77): 2 
(8, 18, 90): 1 
(8, 18, 95): 7 
(8, 18, 96): 1 
(8, 18, 103): 1 
(8, 19, 39): 5 
(8, 19, 76): 1 
(9, 0, 390): 21 
(9, 2, 300): 2 
(9, 2, 301): 3 
(9, 2, 309): 3 
(9, 2, 311): 1 
(9, 2, 339): 2 
(9, 6, 35): 2 
(9, 14, 260): 1 
(9, 14, 263): 4 
(9, 14, 275): 2 
(9, 14, 277): 7 
(10, 0, 338): 23 
(10, 3, 152): 1 
(10, 7, 21): 4 
(10, 12, 240): 5 
(10, 12, 241): 2 
(10, 12, 245): 1 
(10, 15, 147): 8 
(10, 17, 241): 2 
(10, 17, 249): 2 
(10, 17, 254): 2 
(10, 17, 256): 4 
(10, 19, 19): 1 
(10, 19, 24): 1 
(11, 1, 139): 3 
(11, 1, 142): 1 
(11, 4, 28): 9 
(11, 4, 43): 4 
(11, 4, 63): 3 
(11, 4, 93): 2 
(11, 5, 121): 1 
(11, 5, 126): 3 
(11, 5, 127): 8 
(11, 5, 137): 1 
(11, 5, 140): 1 
(11, 5, 142): 4 
(11, 16, 20): 2 
(11, 16, 39): 6 
(11, 16, 57): 2 
(11, 16, 58): 3 
(11, 16, 59): 1 
(11, 16, 67): 1 
(11, 16, 88): 3 
(11, 16, 101): 7 
(11, 16, 108): 9 
(11, 16, 121): 1 
(11, 16, 136): 3 
(12, 0, 331): 18 
(12, 6, 70): 3 
(12, 8, 71): 2 
(12, 9, 265): 3 
(12, 9, 283): 6 
(12, 9, 285): 5 
(12, 9, 287): 1 
(12, 9, 318): 1 
(12, 9, 330): 8 
(12, 14, 255): 1 
(12, 14, 256): 3 
(12, 14, 258): 1 
(12, 17, 256): 9 
(12, 19, 70): 4 
(12, 19, 75): 1 
(13, 7, 164): 1 
(13, 7, 177): 1 
(13, 7, 180): 3 
(13, 7, 204): 4 
(13, 10, 223): 1 
(13, 10, 227): 3 
(13, 12, 232): 7 
(13, 12, 242): 5 
(13, 12, 245): 6 
(13, 17, 203): 4 
(13, 17, 209): 1 
(13, 17, 234): 3 
(13, 17, 242): 6 
(13, 17, 243): 2 
(13, 18, 109): 5 
(13, 19, 30): 1 
(13, 19, 125): 7 
(13, 19, 146): 4 
(13, 19, 162): 2 
(14, 2, 289): 6 
(14, 2, 294): 10 
(14, 2, 298): 1 
(14, 2, 306): 1 
(14, 2, 309): 1 
(14, 2, 311): 1 
(14, 2, 318): 2 
(14, 2, 335): 3 
(14, 9, 221): 1 
(14, 9, 236): 4 
(14, 9, 248): 2 
(14, 9, 284): 2 
(14, 12, 238): 3 
(15, 3, 30): 1 
(15, 3, 32): 1 
(15, 3, 41): 3 
(15, 3, 109): 1 
(15, 3, 119): 5 
(15, 3, 155): 5 
(15, 7, 14): 3 
(15, 7, 118): 2 
(15, 7, 183): 2 
(15, 7, 184): 2 
(15, 7, 201): 1 
(15, 9, 215): 2 
(15, 10, 223): 3 
(15, 10, 231): 7 
(15, 13, 120): 2 
(15, 13, 185): 2 
(15, 13, 186): 3 
(15, 13, 204): 2 
(15, 17, 205): 1 
(15, 17, 230): 1 
(15, 17, 232): 1 
(15, 18, 12): 2 
(16, 1, 141): 9 
(16, 4, 10): 5 
(16, 4, 33): 9 
(16, 4, 37): 1 
(16, 4, 83): 1 
(16, 4, 93): 2 
(16, 5, 83): 2 
(16, 5, 116): 4 
(16, 5, 117): 4 
(16, 11, 9): 2 
(16, 11, 16): 1 
(16, 11, 47): 4 
(16, 11, 48): 3 
(16, 11, 70): 2 
(16, 11, 75): 2 
(16, 11, 80): 1 
(16, 11, 83): 8 
(16, 11, 104): 2 
(16, 11, 113): 9 
(16, 11, 130): 8 
(16, 15, 123): 1 
(17, 0, 298): 2 
(17, 2, 293): 4 
(17, 7, 185): 3 
(17, 9, 218): 2 
(17, 9, 281): 2 
(17, 9, 283): 1 
(17, 10, 229): 3 
(17, 10, 233): 8 
(17, 10, 262): 9 
(17, 10, 289): 1 
(17, 12, 231): 3 
(17, 12, 249): 4 
(17, 12, 267): 1 
(17, 12, 273): 1 
(17, 12, 274): 4 
(17, 12, 277): 6 
(17, 12, 299): 4 
(17, 12, 304): 4 
(17, 19, 183): 2 
(17, 20, 291): 3 
(18, 6, 33): 3 
(18, 6, 64): 4 
(18, 6, 71): 4 
(18, 6, 118): 7 
(18, 6, 122): 1 
(18, 6, 154): 2 
(18, 7, 120): 2 
(18, 7, 122): 2 
(18, 7, 128): 1 
(18, 7, 134): 1 
(18, 7, 154): 5 
(18, 8, 68): 1 
(18, 10, 130): 6 
(18, 12, 61): 10 
(18, 19, 29): 4 
(18, 19, 38): 2 
(18, 19, 41): 3 
(18, 19, 116): 4 
(18, 19, 119): 1 
(18, 19, 129): 1 
(18, 19, 145): 2 
(18, 19, 149): 6 
(19, 3, 107): 5 
(19, 7, 136): 3 
(19, 7, 143): 1 
(19, 7, 159): 3 
(19, 8, 19): 2 
(19, 13, 90): 1 
(19, 13, 99): 2 
(19, 13, 116): 1 
(19, 13, 135): 6 
(19, 13, 159): 3 
(19, 13, 169): 1 
(19, 13, 171): 3 
(19, 13, 182): 4 
(19, 13, 183): 1 
(19, 13, 190): 4 
(19, 13, 191): 5 
(19, 15, 171): 1 
(19, 18, 22): 1 
(19, 18, 49): 2 
(19, 18, 53): 8 
(19, 18, 55): 3 
(19, 18, 96): 3 
(19, 18, 110): 2 
(19, 18, 141): 1 
(20, 0, 340): 19 
(20, 1, 31): 2 
(20, 2, 339): 3 
(20, 5, 34): 1 
}
