INSTANCE: "A_8_60_21" 
RELEASES: [0, 0, 0, 0, 0, 0, 0, 0]
DUEDATES: [90, 84, 114, 113, 113, 92, 75, 92]
COMPLETION TIMES: [115, 168, 141, 164, 166, 133, 103, 112]
MAKESPANS: [115, 168, 141, 164, 166, 133, 103, 112]
DELAYS: [25, 84, 27, 51, 53, 41, 28, 20]
COST: 715.5

Solution = { 
START TIMES OF ACTIVITIES OF PROJECT 1:
[0, 10, 4, 7, 11, 19, 20, 20, 24, 49, 10, 19, 27, 19, 34, 30, 31, 38, 63, 25, 47, 23, 56, 55, 19, 40, 31, 42, 51, 50, 70, 73, 33, 30, 67, 89, 78, 73, 67, 95, 47, 73, 56, 101, 49, 78, 87, 81, 92, 92, 55, 100, 97, 65, 36, 101, 95, 104, 110, 103, 110, 115]
START TIMES OF ACTIVITIES OF PROJECT 2:
[0, 5, 5, 5, 18, 119, 22, 121, 15, 14, 6, 121, 22, 131, 129, 7, 136, 50, 118, 40, 45, 32, 124, 32, 53, 46, 114, 28, 127, 136, 63, 120, 133, 141, 124, 129, 135, 144, 149, 145, 156, 123, 138, 159, 141, 145, 132, 149, 54, 135, 155, 156, 141, 162, 160, 135, 152, 157, 159, 163, 160, 168]
START TIMES OF ACTIVITIES OF PROJECT 3:
[0, 5, 5, 5, 13, 20, 46, 36, 57, 113, 56, 23, 39, 53, 60, 82, 13, 35, 99, 43, 31, 59, 63, 64, 86, 67, 25, 95, 104, 28, 75, 15, 116, 105, 77, 95, 23, 36, 40, 29, 124, 82, 109, 87, 96, 22, 43, 114, 125, 125, 40, 100, 94, 110, 125, 119, 121, 125, 132, 132, 128, 141]
START TIMES OF ACTIVITIES OF PROJECT 4:
[0, 9, 9, 9, 27, 18, 27, 19, 29, 30, 19, 24, 42, 49, 48, 71, 37, 27, 46, 24, 64, 82, 101, 27, 33, 49, 31, 36, 115, 88, 60, 58, 110, 117, 64, 118, 34, 74, 47, 128, 91, 117, 125, 143, 125, 109, 75, 91, 138, 87, 113, 142, 134, 148, 143, 151, 148, 146, 152, 158, 154, 164]
START TIMES OF ACTIVITIES OF PROJECT 5:
[0, 7, 18, 63, 66, 55, 89, 85, 94, 74, 77, 95, 94, 76, 102, 65, 84, 84, 117, 84, 103, 128, 92, 84, 100, 110, 124, 119, 135, 78, 110, 107, 115, 127, 102, 142, 112, 113, 135, 131, 95, 138, 113, 124, 140, 114, 147, 149, 133, 122, 128, 139, 141, 141, 149, 144, 158, 153, 159, 159, 153, 166]
START TIMES OF ACTIVITIES OF PROJECT 6:
[0, 10, 10, 20, 23, 31, 20, 29, 40, 51, 50, 39, 69, 44, 21, 51, 21, 33, 23, 24, 28, 81, 53, 86, 79, 17, 72, 58, 95, 50, 104, 54, 24, 97, 104, 89, 58, 59, 67, 107, 37, 56, 62, 59, 26, 89, 79, 99, 112, 112, 118, 103, 117, 93, 112, 118, 123, 123, 128, 128, 118, 133]
START TIMES OF ACTIVITIES OF PROJECT 7:
[0, 8, 8, 8, 10, 16, 26, 64, 18, 17, 29, 18, 21, 21, 17, 21, 24, 32, 30, 52, 25, 31, 37, 18, 42, 39, 36, 39, 41, 46, 43, 45, 49, 28, 52, 66, 72, 68, 72, 50, 10, 57, 61, 62, 59, 50, 56, 66, 76, 82, 82, 64, 61, 83, 79, 74, 89, 72, 99, 93, 89, 103]
START TIMES OF ACTIVITIES OF PROJECT 8:
[0, 34, 10, 10, 11, 22, 17, 26, 38, 28, 36, 13, 16, 66, 28, 45, 29, 41, 35, 56, 51, 54, 16, 37, 74, 39, 39, 76, 49, 80, 103, 35, 58, 21, 47, 72, 70, 82, 58, 87, 50, 68, 97, 64, 76, 94, 102, 74, 51, 89, 98, 75, 67, 58, 86, 100, 99, 91, 108, 106, 103, 112]
TRANSFERS OF GLOBAL RESOURCE G1
(0, 1, 0): 5 
(0, 1, 3): 10 
(0, 2, 0): 19 
(0, 3, 0): 14 
(0, 4, 2): 10 
(0, 6, 6): 7 
(0, 7, 0): 16 
(0, 7, 2): 7 
(0, 8, 0): 14 
(0, 8, 1): 1 
(1, 2, 105): 4 
(1, 2, 114): 4 
(1, 2, 115): 1 
(1, 5, 50): 1 
(1, 5, 58): 9 
(1, 5, 107): 5 
(1, 5, 123): 1 
(1, 5, 126): 2 
(1, 6, 107): 1 
(2, 0, 168): 44 
(2, 1, 18): 1 
(2, 1, 40): 2 
(2, 1, 47): 1 
(2, 3, 33): 2 
(2, 4, 20): 1 
(2, 4, 33): 1 
(2, 6, 50): 1 
(2, 6, 71): 7 
(2, 8, 6): 1 
(2, 8, 34): 3 
(2, 8, 40): 1 
(3, 0, 141): 13 
(3, 1, 48): 1 
(3, 2, 125): 5 
(3, 4, 116): 4 
(3, 5, 9): 1 
(3, 5, 46): 3 
(3, 5, 122): 1 
(3, 5, 124): 2 
(3, 6, 13): 4 
(3, 6, 47): 2 
(3, 6, 54): 4 
(3, 6, 75): 2 
(3, 6, 95): 1 
(3, 6, 114): 4 
(3, 6, 119): 3 
(3, 7, 25): 1 
(3, 7, 31): 1 
(3, 7, 47): 2 
(3, 7, 52): 4 
(4, 0, 164): 18 
(4, 2, 54): 2 
(4, 6, 34): 3 
(4, 6, 91): 1 
(4, 6, 93): 1 
(5, 0, 166): 21 
(5, 1, 65): 1 
(5, 1, 96): 2 
(5, 3, 95): 4 
(5, 7, 30): 1 
(5, 8, 92): 3 
(6, 0, 133): 7 
(6, 2, 128): 3 
(6, 2, 133): 6 
(6, 2, 136): 1 
(6, 3, 32): 6 
(6, 3, 60): 4 
(6, 3, 83): 1 
(6, 3, 90): 2 
(6, 3, 105): 1 
(6, 3, 109): 9 
(6, 4, 21): 2 
(6, 4, 23): 1 
(6, 4, 103): 1 
(6, 4, 107): 4 
(6, 4, 128): 1 
(7, 1, 80): 2 
(7, 3, 17): 3 
(7, 3, 38): 1 
(7, 3, 59): 3 
(7, 3, 89): 2 
(7, 3, 95): 1 
(7, 3, 99): 4 
(7, 3, 104): 1 
(7, 5, 79): 4 
(7, 5, 83): 3 
(7, 6, 64): 3 
(7, 6, 91): 3 
(7, 6, 109): 2 
(8, 1, 28): 2 
(8, 1, 63): 1 
(8, 2, 111): 10 
(8, 2, 112): 9 
(8, 2, 113): 1 
TRANSFERS OF GLOBAL RESOURCE G2
(0, 1, 0): 7 
(0, 1, 3): 5 
(0, 1, 6): 4 
(0, 2, 0): 6 
(0, 3, 0): 14 
(0, 3, 8): 2 
(0, 4, 0): 21 
(0, 5, 0): 7 
(0, 6, 0): 8 
(0, 7, 1): 13 
(0, 7, 3): 11 
(0, 8, 7): 10 
(1, 2, 50): 6 
(1, 2, 114): 6 
(1, 2, 115): 6 
(1, 4, 92): 1 
(1, 5, 51): 2 
(1, 5, 59): 1 
(1, 5, 81): 4 
(1, 5, 109): 3 
(1, 5, 115): 2 
(1, 8, 11): 3 
(1, 8, 14): 1 
(1, 8, 15): 3 
(1, 8, 33): 1 
(1, 8, 34): 3 
(1, 8, 36): 1 
(1, 8, 37): 3 
(1, 8, 70): 1 
(1, 8, 73): 4 
(1, 8, 95): 1 
(2, 0, 168): 35 
(2, 1, 63): 5 
(2, 4, 137): 2 
(2, 4, 140): 1 
(2, 5, 58): 3 
(2, 8, 13): 1 
(2, 8, 32): 1 
(2, 8, 35): 1 
(2, 8, 62): 2 
(2, 8, 68): 2 
(2, 8, 71): 4 
(3, 0, 141): 20 
(3, 2, 117): 1 
(3, 2, 119): 2 
(3, 4, 114): 4 
(3, 5, 69): 2 
(3, 5, 70): 1 
(3, 5, 146): 1 
(3, 6, 20): 5 
(3, 6, 45): 1 
(3, 6, 96): 4 
(3, 8, 15): 4 
(3, 8, 65): 1 
(4, 0, 164): 20 
(4, 1, 15): 1 
(4, 2, 12): 5 
(4, 2, 34): 2 
(4, 2, 117): 5 
(4, 2, 118): 2 
(4, 5, 72): 2 
(4, 7, 55): 2 
(4, 8, 28): 1 
(4, 8, 81): 1 
(4, 8, 83): 2 
(5, 0, 166): 24 
(5, 1, 16): 6 
(5, 1, 27): 1 
(5, 2, 127): 2 
(6, 0, 133): 9 
(6, 2, 119): 1 
(6, 3, 69): 4 
(6, 3, 79): 1 
(6, 3, 124): 2 
(6, 4, 109): 5 
(7, 2, 104): 3 
(7, 3, 33): 1 
(7, 3, 72): 1 
(7, 3, 85): 1 
(7, 3, 99): 7 
(7, 3, 103): 5 
(7, 4, 100): 3 
(7, 4, 106): 1 
(7, 5, 72): 2 
(7, 5, 106): 1 
(7, 6, 32): 1 
(7, 6, 81): 1 
(8, 1, 25): 4 
(8, 1, 28): 1 
(8, 1, 29): 1 
(8, 1, 45): 1 
(8, 1, 63): 3 
(8, 1, 85): 4 
(8, 1, 87): 8 
(8, 1, 101): 1 
(8, 2, 110): 7 
(8, 2, 114): 3 
(8, 3, 46): 3 
(8, 3, 56): 5 
(8, 4, 101): 5 
(8, 5, 98): 1 
(8, 5, 108): 1 
(8, 6, 50): 2 
(8, 7, 50): 1 
}
