INSTANCE: "B_16_50_5" 
RELEASES: [0, 0, 0, 0, 0, 0, 0, 0, 0, 0, 0, 0, 0, 0, 0, 0]
DUEDATES: [163, 61, 150, 148, 140, 160, 139, 112, 130, 85, 70, 163, 125, 115, 125, 70]
COMPLETION TIMES: [205, 72, 478, 527, 173, 380, 168, 227, 155, 97, 74, 391, 144, 140, 173, 92]
MAKESPANS: [205, 72, 478, 527, 173, 380, 168, 227, 155, 97, 74, 391, 144, 140, 173, 92]
DELAYS: [42, 11, 328, 379, 33, 220, 29, 115, 25, 12, 4, 228, 19, 25, 48, 22]
COST: 2518.0

Solution = { 
START TIMES OF ACTIVITIES OF PROJECT 1:
[0, 6, 106, 109, 126, 133, 136, 140, 40, 152, 162, 166, 171, 179, 182, 186, 71, 195, 182, 139, 21, 172, 53, 86, 179, 169, 52, 142, 166, 162, 98, 166, 172, 81, 62, 30, 139, 171, 94, 117, 136, 171, 176, 45, 30, 13, 181, 186, 186, 194, 194, 205]
START TIMES OF ACTIVITIES OF PROJECT 2:
[0, 4, 24, 10, 29, 13, 10, 51, 16, 4, 34, 22, 10, 33, 4, 10, 17, 31, 20, 26, 4, 59, 54, 33, 27, 16, 20, 22, 0, 10, 20, 42, 67, 41, 54, 63, 52, 52, 38, 44, 37, 33, 37, 37, 24, 69, 39, 34, 31, 52, 10, 72]
START TIMES OF ACTIVITIES OF PROJECT 3:
[0, 340, 347, 351, 356, 359, 363, 405, 380, 412, 413, 418, 422, 435, 452, 460, 171, 468, 452, 207, 210, 422, 254, 263, 437, 428, 253, 395, 413, 413, 417, 452, 436, 380, 373, 460, 385, 435, 437, 388, 363, 435, 437, 417, 57, 403, 445, 452, 452, 462, 463, 478]
START TIMES OF ACTIVITIES OF PROJECT 4:
[0, 428, 433, 441, 443, 452, 461, 464, 307, 465, 474, 478, 483, 489, 490, 492, 418, 502, 490, 38, 280, 486, 237, 295, 493, 480, 302, 425, 43, 474, 401, 479, 459, 302, 410, 501, 330, 486, 327, 434, 329, 331, 493, 459, 317, 445, 502, 512, 512, 515, 520, 527]
START TIMES OF ACTIVITIES OF PROJECT 5:
[0, 55, 63, 11, 67, 53, 78, 89, 94, 95, 97, 106, 24, 122, 106, 127, 52, 137, 152, 141, 148, 159, 94, 83, 43, 12, 94, 150, 127, 68, 148, 131, 129, 134, 67, 97, 169, 167, 120, 111, 134, 148, 139, 167, 145, 148, 145, 147, 141, 34, 157, 173]
START TIMES OF ACTIVITIES OF PROJECT 6:
[0, 229, 233, 239, 242, 243, 247, 252, 186, 264, 296, 305, 315, 328, 329, 334, 111, 344, 334, 299, 219, 323, 121, 209, 329, 315, 242, 274, 308, 289, 321, 295, 325, 294, 254, 337, 305, 323, 283, 284, 204, 327, 329, 294, 194, 287, 353, 318, 363, 370, 373, 380]
START TIMES OF ACTIVITIES OF PROJECT 7:
[0, 46, 52, 56, 89, 93, 95, 103, 111, 121, 124, 40, 133, 139, 133, 145, 64, 155, 22, 124, 79, 165, 37, 145, 154, 118, 35, 52, 116, 96, 111, 54, 95, 148, 95, 145, 95, 82, 73, 31, 137, 102, 7, 100, 73, 86, 152, 112, 160, 148, 138, 168]
START TIMES OF ACTIVITIES OF PROJECT 8:
[0, 150, 156, 157, 158, 161, 162, 163, 165, 173, 183, 188, 193, 208, 214, 181, 173, 189, 221, 16, 189, 46, 181, 173, 216, 160, 214, 33, 197, 18, 8, 160, 188, 157, 189, 219, 26, 173, 223, 218, 160, 158, 165, 199, 139, 214, 8, 147, 147, 18, 199, 227]
START TIMES OF ACTIVITIES OF PROJECT 9:
[0, 5, 9, 43, 13, 10, 53, 54, 28, 54, 4, 11, 18, 91, 64, 99, 83, 35, 116, 120, 107, 120, 83, 109, 14, 4, 125, 39, 99, 76, 64, 66, 119, 71, 77, 134, 64, 105, 125, 141, 14, 125, 11, 111, 109, 143, 39, 7, 70, 133, 145, 155]
START TIMES OF ACTIVITIES OF PROJECT 10:
[0, 9, 9, 27, 17, 3, 3, 27, 4, 0, 9, 36, 25, 9, 11, 28, 35, 10, 15, 55, 34, 17, 59, 40, 35, 44, 64, 49, 35, 80, 69, 52, 48, 72, 29, 87, 71, 60, 87, 60, 42, 53, 96, 76, 45, 69, 73, 64, 59, 45, 45, 97]
START TIMES OF ACTIVITIES OF PROJECT 11:
[0, 9, 10, 13, 4, 8, 13, 14, 0, 8, 16, 8, 0, 19, 16, 16, 29, 49, 16, 31, 58, 5, 2, 9, 11, 24, 31, 61, 38, 22, 68, 61, 26, 49, 18, 18, 53, 28, 41, 29, 22, 34, 22, 21, 39, 72, 14, 18, 24, 52, 11, 74]
START TIMES OF ACTIVITIES OF PROJECT 12:
[0, 226, 231, 239, 246, 255, 257, 279, 219, 285, 288, 305, 323, 331, 365, 366, 192, 374, 24, 257, 384, 349, 270, 211, 292, 315, 341, 336, 217, 366, 288, 366, 315, 260, 201, 257, 329, 349, 352, 347, 183, 253, 325, 320, 326, 346, 355, 365, 352, 374, 390, 391]
START TIMES OF ACTIVITIES OF PROJECT 13:
[0, 43, 77, 79, 66, 18, 92, 48, 57, 97, 45, 79, 18, 99, 57, 102, 39, 68, 111, 119, 79, 114, 10, 110, 45, 22, 124, 81, 104, 97, 96, 99, 109, 83, 83, 39, 57, 93, 111, 114, 47, 134, 45, 103, 110, 119, 64, 114, 39, 121, 124, 144]
START TIMES OF ACTIVITIES OF PROJECT 14:
[0, 22, 36, 73, 20, 27, 84, 48, 63, 88, 16, 38, 65, 106, 57, 108, 88, 80, 115, 120, 66, 118, 27, 115, 24, 20, 131, 84, 89, 88, 88, 95, 110, 88, 96, 41, 57, 69, 112, 118, 24, 127, 34, 108, 92, 125, 137, 38, 35, 121, 127, 140]
START TIMES OF ACTIVITIES OF PROJECT 15:
[0, 70, 85, 94, 73, 39, 110, 55, 81, 116, 31, 86, 63, 120, 63, 125, 116, 91, 141, 143, 75, 155, 74, 45, 94, 33, 148, 87, 125, 118, 5, 117, 135, 120, 103, 164, 85, 106, 137, 170, 73, 149, 73, 137, 170, 143, 161, 87, 49, 145, 152, 173]
START TIMES OF ACTIVITIES OF PROJECT 16:
[0, 8, 15, 26, 47, 10, 62, 19, 15, 50, 64, 12, 71, 8, 77, 80, 36, 58, 33, 12, 36, 19, 78, 29, 82, 68, 55, 55, 64, 32, 43, 37, 43, 32, 80, 19, 23, 15, 15, 30, 15, 18, 25, 0, 46, 19, 47, 8, 23, 0, 8, 92]
TRANSFERS OF GLOBAL RESOURCE G1
(0, 1, 1): 12 
(0, 2, 0): 22 
(0, 2, 6): 21 
(0, 5, 3): 65 
(0, 7, 0): 38 
(0, 8, 0): 78 
(0, 8, 8): 2 
(0, 9, 0): 3 
(0, 9, 1): 1 
(0, 9, 5): 10 
(0, 9, 6): 1 
(0, 10, 0): 24 
(0, 11, 0): 19 
(0, 11, 2): 4 
(0, 11, 5): 5 
(0, 13, 0): 1 
(0, 13, 8): 15 
(0, 14, 7): 1 
(0, 14, 11): 6 
(0, 15, 0): 3 
(0, 16, 0): 18 
(0, 16, 4): 9 
(0, 16, 7): 6 
(1, 3, 202): 16 
(1, 5, 48): 12 
(1, 9, 31): 3 
(1, 10, 81): 1 
(1, 14, 14): 4 
(1, 14, 82): 1 
(1, 14, 86): 2 
(1, 15, 37): 1 
(2, 1, 24): 6 
(2, 1, 47): 2 
(2, 1, 88): 1 
(2, 3, 52): 8 
(2, 5, 15): 14 
(2, 5, 44): 8 
(2, 7, 13): 6 
(2, 8, 41): 16 
(2, 9, 39): 1 
(2, 13, 44): 1 
(2, 13, 79): 2 
(2, 13, 80): 8 
(2, 14, 77): 2 
(2, 14, 78): 2 
(3, 0, 470): 180 
(3, 4, 229): 8 
(3, 4, 272): 80 
(3, 4, 393): 28 
(3, 4, 417): 9 
(3, 4, 472): 10 
(3, 6, 219): 45 
(3, 6, 254): 10 
(3, 7, 68): 34 
(3, 7, 74): 1 
(3, 8, 182): 10 
(3, 8, 186): 57 
(3, 9, 68): 6 
(3, 12, 263): 17 
(3, 12, 272): 31 
(3, 13, 80): 4 
(3, 15, 66): 7 
(3, 16, 66): 2 
(3, 16, 72): 5 
(4, 0, 527): 180 
(4, 1, 47): 3 
(4, 2, 58): 1 
(4, 3, 49): 10 
(4, 3, 245): 47 
(4, 3, 332): 107 
(4, 6, 316): 1 
(4, 12, 245): 22 
(4, 12, 260): 2 
(4, 12, 321): 5 
(4, 16, 51): 6 
(4, 16, 58): 1 
(5, 1, 181): 4 
(5, 3, 198): 5 
(5, 6, 98): 12 
(5, 6, 173): 100 
(5, 6, 181): 2 
(5, 8, 137): 3 
(5, 8, 145): 4 
(5, 8, 180): 5 
(5, 10, 43): 2 
(5, 10, 67): 1 
(5, 12, 170): 3 
(6, 0, 380): 4 
(6, 3, 330): 61 
(6, 3, 426): 26 
(6, 4, 388): 20 
(6, 8, 135): 63 
(6, 8, 210): 14 
(6, 12, 256): 14 
(6, 12, 301): 72 
(6, 12, 311): 5 
(6, 12, 343): 5 
(6, 12, 380): 43 
(6, 12, 386): 5 
(7, 2, 54): 6 
(7, 2, 60): 1 
(7, 3, 166): 38 
(7, 6, 97): 23 
(7, 8, 128): 17 
(7, 8, 139): 41 
(7, 9, 99): 1 
(7, 9, 101): 7 
(7, 9, 103): 2 
(7, 9, 135): 1 
(7, 9, 137): 1 
(7, 12, 172): 22 
(7, 15, 58): 2 
(7, 15, 98): 1 
(7, 15, 101): 2 
(7, 15, 120): 8 
(7, 15, 165): 2 
(8, 2, 26): 4 
(8, 2, 28): 3 
(8, 2, 29): 9 
(8, 2, 33): 4 
(8, 3, 50): 36 
(8, 3, 164): 21 
(8, 3, 200): 12 
(8, 3, 203): 19 
(8, 3, 246): 5 
(8, 4, 227): 66 
(8, 6, 200): 4 
(8, 6, 225): 28 
(8, 7, 24): 9 
(8, 7, 26): 29 
(8, 9, 33): 2 
(8, 12, 182): 53 
(8, 12, 200): 18 
(8, 12, 210): 17 
(8, 12, 218): 14 
(9, 1, 86): 2 
(9, 2, 65): 1 
(9, 3, 55): 5 
(9, 3, 169): 8 
(9, 5, 110): 3 
(9, 6, 113): 9 
(9, 7, 16): 3 
(9, 7, 25): 8 
(9, 7, 89): 3 
(9, 8, 144): 3 
(9, 15, 25): 1 
(10, 1, 56): 1 
(10, 1, 92): 4 
(10, 2, 62): 2 
(10, 4, 25): 3 
(10, 5, 19): 12 
(10, 6, 102): 8 
(11, 1, 60): 3 
(11, 2, 55): 3 
(11, 4, 25): 4 
(11, 7, 28): 3 
(11, 10, 54): 2 
(11, 13, 34): 16 
(11, 14, 55): 3 
(11, 14, 61): 4 
(11, 15, 24): 3 
(12, 3, 246): 86 
(12, 3, 333): 5 
(12, 3, 373): 28 
(12, 4, 285): 25 
(12, 4, 292): 3 
(12, 4, 391): 113 
(12, 6, 225): 5 
(12, 6, 285): 11 
(12, 6, 292): 38 
(12, 6, 325): 5 
(12, 6, 349): 16 
(12, 6, 369): 4 
(12, 8, 192): 17 
(13, 3, 198): 1 
(13, 4, 261): 2 
(13, 5, 69): 1 
(13, 5, 125): 3 
(13, 5, 150): 1 
(13, 8, 133): 4 
(13, 11, 44): 5 
(13, 11, 47): 1 
(13, 11, 48): 1 
(13, 14, 32): 9 
(13, 14, 80): 2 
(13, 14, 84): 11 
(13, 14, 116): 5 
(13, 15, 143): 3 
(14, 1, 24): 2 
(14, 5, 47): 10 
(14, 5, 128): 9 
(14, 5, 153): 3 
(14, 6, 94): 11 
(14, 7, 140): 8 
(14, 11, 41): 6 
(14, 13, 105): 1 
(14, 15, 142): 4 
(15, 7, 17): 3 
(15, 7, 90): 4 
(15, 8, 128): 4 
(15, 8, 139): 5 
(15, 8, 182): 10 
(15, 12, 172): 8 
(15, 13, 48): 1 
(15, 14, 110): 2 
(16, 4, 34): 9 
(16, 4, 39): 5 
(16, 7, 25): 13 
(16, 7, 89): 13 
(16, 9, 34): 4 
(16, 9, 94): 1 
(16, 9, 100): 2 
TRANSFERS OF GLOBAL RESOURCE G2
(0, 1, 0): 143 
(0, 2, 0): 23 
(0, 5, 0): 1 
(0, 8, 1): 23 
(0, 9, 0): 13 
(0, 9, 4): 9 
(0, 9, 5): 4 
(0, 10, 0): 11 
(0, 11, 0): 16 
(0, 11, 1): 10 
(0, 11, 2): 3 
(0, 13, 3): 4 
(0, 16, 0): 9 
(1, 3, 195): 67 
(1, 3, 198): 16 
(1, 4, 31): 26 
(1, 4, 230): 25 
(1, 5, 62): 3 
(1, 6, 207): 1 
(1, 8, 14): 1 
(1, 8, 137): 6 
(1, 8, 145): 3 
(1, 8, 187): 18 
(1, 10, 13): 6 
(1, 10, 55): 2 
(1, 10, 56): 2 
(1, 10, 83): 1 
(1, 11, 15): 1 
(1, 11, 16): 1 
(1, 12, 188): 8 
(1, 12, 198): 40 
(1, 12, 206): 14 
(1, 13, 31): 39 
(1, 14, 13): 34 
(1, 15, 32): 1 
(1, 15, 62): 1 
(1, 15, 68): 10 
(1, 16, 13): 21 
(2, 1, 84): 2 
(2, 3, 52): 3 
(2, 7, 29): 2 
(2, 7, 31): 8 
(2, 7, 58): 3 
(2, 9, 33): 2 
(2, 9, 37): 9 
(2, 9, 60): 5 
(2, 9, 64): 1 
(2, 9, 93): 3 
(2, 11, 37): 2 
(2, 15, 61): 2 
(3, 0, 478): 20 
(3, 1, 86): 6 
(3, 4, 272): 52 
(3, 4, 322): 3 
(3, 4, 417): 39 
(3, 4, 484): 33 
(3, 4, 485): 72 
(3, 6, 291): 10 
(3, 7, 70): 2 
(3, 7, 76): 3 
(3, 12, 181): 40 
(3, 12, 217): 89 
(3, 12, 277): 44 
(3, 12, 286): 27 
(3, 12, 388): 1 
(3, 13, 71): 2 
(3, 13, 73): 2 
(3, 13, 75): 6 
(3, 13, 91): 1 
(4, 0, 527): 248 
(4, 1, 45): 26 
(4, 3, 245): 65 
(4, 3, 332): 123 
(4, 9, 40): 1 
(5, 1, 130): 3 
(5, 1, 176): 13 
(5, 3, 158): 1 
(5, 6, 173): 8 
(5, 8, 153): 2 
(5, 12, 169): 4 
(5, 13, 95): 1 
(5, 13, 96): 9 
(5, 14, 56): 1 
(5, 14, 85): 2 
(5, 14, 113): 2 
(6, 3, 168): 4 
(6, 3, 204): 6 
(6, 4, 274): 2 
(6, 4, 324): 9 
(6, 4, 395): 8 
(6, 7, 132): 2 
(6, 7, 143): 1 
(6, 12, 198): 1 
(6, 12, 343): 4 
(7, 3, 54): 10 
(7, 3, 168): 14 
(7, 6, 106): 1 
(7, 9, 101): 3 
(7, 13, 95): 1 
(7, 13, 96): 3 
(8, 1, 19): 4 
(8, 1, 28): 5 
(8, 1, 50): 10 
(8, 1, 174): 9 
(8, 1, 180): 3 
(8, 1, 184): 13 
(8, 4, 229): 26 
(8, 10, 24): 7 
(8, 14, 21): 2 
(8, 15, 33): 5 
(8, 16, 29): 1 
(9, 1, 88): 4 
(9, 2, 11): 4 
(9, 2, 14): 9 
(9, 2, 20): 5 
(9, 2, 21): 1 
(9, 3, 164): 20 
(9, 6, 117): 4 
(9, 7, 14): 2 
(9, 10, 22): 1 
(9, 10, 54): 2 
(9, 10, 58): 1 
(9, 12, 18): 3 
(9, 13, 59): 2 
(9, 14, 76): 2 
(9, 14, 80): 6 
(10, 1, 41): 1 
(10, 1, 48): 19 
(10, 1, 94): 2 
(10, 13, 4): 3 
(10, 13, 97): 10 
(11, 1, 42): 11 
(11, 5, 20): 6 
(11, 5, 39): 8 
(11, 8, 43): 5 
(11, 14, 11): 1 
(11, 14, 58): 2 
(11, 14, 83): 5 
(11, 14, 87): 2 
(12, 3, 251): 71 
(12, 3, 338): 20 
(12, 3, 393): 1 
(12, 3, 435): 17 
(12, 4, 229): 61 
(12, 4, 322): 11 
(12, 4, 393): 79 
(12, 4, 402): 10 
(12, 4, 417): 6 
(12, 6, 226): 8 
(12, 6, 360): 1 
(12, 7, 32): 3 
(13, 1, 44): 15 
(13, 3, 51): 9 
(13, 3, 165): 1 
(13, 4, 32): 1 
(13, 5, 45): 3 
(13, 5, 86): 6 
(13, 5, 133): 6 
(13, 6, 105): 2 
(13, 7, 28): 1 
(13, 7, 57): 2 
(13, 7, 105): 3 
(13, 8, 150): 2 
(13, 9, 21): 1 
(13, 9, 28): 2 
(13, 9, 127): 6 
(13, 10, 22): 2 
(13, 14, 50): 2 
(13, 14, 83): 4 
(13, 15, 130): 1 
(13, 15, 131): 2 
(13, 15, 134): 12 
(14, 1, 38): 1 
(14, 1, 45): 5 
(14, 1, 99): 10 
(14, 1, 129): 6 
(14, 5, 99): 4 
(14, 5, 132): 2 
(14, 5, 134): 2 
(14, 5, 141): 5 
(14, 8, 40): 2 
(14, 8, 141): 5 
(14, 8, 144): 1 
(14, 8, 154): 11 
(14, 11, 48): 7 
(14, 15, 65): 3 
(14, 15, 121): 2 
(14, 16, 41): 11 
(15, 0, 173): 1 
(15, 1, 85): 13 
(15, 1, 93): 9 
(15, 1, 173): 8 
(15, 3, 416): 4 
(15, 6, 167): 2 
(15, 8, 176): 3 
(15, 9, 90): 1 
(15, 9, 92): 6 
(15, 12, 171): 8 
(15, 12, 180): 5 
(16, 1, 39): 6 
(16, 8, 42): 3 
(16, 14, 21): 4 
(16, 14, 57): 4 
(16, 14, 86): 4 
(16, 15, 20): 5 
(16, 15, 52): 3 
(16, 15, 62): 12 
(16, 15, 64): 1 
}
