INSTANCE: "A_10_60_33" 
RELEASES: [0, 0, 0, 0, 0, 0, 0, 0, 0, 0]
DUEDATES: [86, 83, 83, 92, 98, 103, 64, 108, 148, 136]
COMPLETION TIMES: [234, 115, 108, 243, 140, 127, 103, 128, 211, 248]
MAKESPANS: [234, 115, 108, 243, 140, 127, 103, 128, 211, 248]
DELAYS: [148, 32, 25, 151, 42, 24, 39, 20, 63, 112]
COST: 1156.5

Solution = { 
START TIMES OF ACTIVITIES OF PROJECT 1:
[0, 144, 19, 19, 164, 27, 158, 159, 150, 184, 20, 159, 180, 157, 167, 160, 173, 173, 167, 150, 184, 155, 176, 176, 170, 175, 185, 200, 184, 164, 155, 182, 185, 157, 157, 188, 170, 198, 175, 192, 209, 200, 192, 164, 194, 207, 198, 206, 184, 208, 218, 218, 209, 217, 162, 218, 212, 224, 231, 212, 224, 234]
START TIMES OF ACTIVITIES OF PROJECT 2:
[0, 22, 0, 22, 25, 22, 27, 22, 28, 36, 27, 43, 35, 27, 28, 47, 28, 29, 49, 34, 38, 58, 33, 63, 63, 38, 41, 68, 71, 61, 66, 69, 56, 70, 75, 86, 72, 74, 63, 68, 48, 75, 70, 56, 82, 80, 82, 92, 99, 76, 96, 91, 101, 93, 79, 92, 96, 99, 107, 105, 109, 115]
START TIMES OF ACTIVITIES OF PROJECT 3:
[0, 13, 13, 13, 14, 21, 31, 27, 22, 29, 29, 17, 38, 21, 37, 32, 14, 36, 50, 41, 50, 15, 57, 44, 28, 73, 18, 63, 27, 53, 63, 41, 53, 76, 85, 90, 70, 67, 79, 76, 32, 45, 59, 33, 43, 53, 63, 78, 83, 84, 69, 81, 84, 92, 87, 85, 98, 93, 98, 102, 97, 108]
START TIMES OF ACTIVITIES OF PROJECT 4:
[0, 145, 148, 146, 147, 157, 155, 164, 165, 170, 179, 147, 171, 162, 149, 169, 155, 168, 165, 157, 184, 162, 182, 187, 185, 162, 187, 182, 196, 168, 210, 169, 177, 183, 205, 178, 176, 181, 185, 205, 175, 191, 193, 180, 200, 196, 203, 214, 213, 222, 228, 184, 222, 152, 205, 223, 223, 228, 238, 233, 212, 243]
START TIMES OF ACTIVITIES OF PROJECT 5:
[0, 26, 20, 20, 26, 26, 44, 34, 53, 29, 30, 53, 53, 82, 69, 22, 28, 72, 81, 66, 26, 38, 66, 101, 82, 58, 50, 112, 56, 28, 90, 110, 117, 75, 41, 54, 38, 79, 48, 94, 103, 113, 115, 72, 118, 92, 98, 107, 92, 43, 75, 122, 62, 117, 107, 113, 120, 127, 125, 134, 126, 140]
START TIMES OF ACTIVITIES OF PROJECT 6:
[0, 19, 19, 19, 20, 21, 37, 30, 37, 40, 27, 41, 26, 32, 31, 30, 48, 52, 35, 37, 27, 68, 46, 57, 89, 46, 94, 71, 43, 74, 52, 92, 77, 67, 71, 52, 79, 65, 59, 111, 78, 92, 102, 99, 104, 108, 86, 67, 96, 106, 89, 115, 107, 118, 105, 105, 119, 115, 119, 114, 120, 127]
START TIMES OF ACTIVITIES OF PROJECT 7:
[0, 23, 23, 23, 46, 27, 39, 56, 30, 69, 38, 35, 72, 85, 53, 51, 40, 57, 58, 86, 59, 75, 73, 39, 44, 39, 58, 64, 66, 75, 91, 74, 60, 51, 65, 79, 65, 69, 85, 67, 56, 25, 61, 68, 73, 81, 81, 95, 80, 79, 44, 97, 86, 67, 91, 87, 93, 93, 97, 100, 99, 103]
START TIMES OF ACTIVITIES OF PROJECT 8:
[0, 15, 18, 15, 27, 18, 18, 46, 37, 52, 23, 23, 62, 41, 28, 71, 46, 61, 55, 84, 35, 46, 52, 71, 64, 61, 92, 56, 85, 37, 62, 55, 82, 87, 87, 63, 77, 94, 92, 76, 95, 98, 101, 90, 99, 108, 99, 74, 94, 108, 120, 103, 108, 113, 114, 114, 117, 120, 121, 125, 106, 128]
START TIMES OF ACTIVITIES OF PROJECT 9:
[0, 34, 27, 36, 107, 57, 114, 114, 98, 115, 127, 82, 128, 137, 44, 64, 64, 53, 76, 137, 69, 91, 190, 108, 76, 124, 96, 146, 66, 92, 147, 86, 105, 82, 118, 118, 154, 154, 174, 137, 164, 171, 175, 145, 151, 179, 162, 149, 171, 185, 164, 185, 188, 180, 190, 185, 198, 191, 203, 201, 198, 211]
START TIMES OF ACTIVITIES OF PROJECT 10:
[0, 21, 126, 27, 109, 117, 125, 129, 132, 132, 135, 140, 40, 119, 36, 150, 159, 130, 137, 117, 132, 143, 167, 138, 152, 150, 135, 152, 169, 135, 129, 176, 129, 183, 191, 158, 176, 158, 175, 194, 179, 159, 168, 208, 176, 199, 183, 215, 186, 201, 221, 185, 210, 221, 226, 230, 239, 239, 243, 244, 220, 248]
TRANSFERS OF GLOBAL RESOURCE G1
(0, 2, 15): 23 
(0, 3, 0): 19 
(0, 3, 1): 13 
(0, 3, 2): 3 
(0, 5, 0): 14 
(0, 6, 0): 14 
(0, 6, 1): 6 
(0, 6, 2): 5 
(0, 7, 10): 12 
(0, 7, 17): 1 
(0, 8, 0): 10 
(0, 8, 3): 4 
(0, 9, 0): 4 
(0, 10, 0): 2 
(1, 0, 234): 20 
(2, 3, 53): 2 
(2, 3, 84): 2 
(2, 3, 86): 1 
(2, 4, 111): 5 
(2, 4, 112): 10 
(2, 4, 115): 6 
(2, 7, 43): 5 
(2, 8, 27): 2 
(2, 8, 72): 1 
(2, 8, 74): 1 
(3, 1, 102): 4 
(3, 2, 19): 1 
(3, 2, 32): 2 
(3, 2, 35): 4 
(3, 2, 63): 3 
(3, 5, 33): 1 
(3, 5, 105): 3 
(3, 5, 114): 2 
(3, 8, 25): 5 
(3, 8, 29): 2 
(3, 8, 96): 2 
(3, 8, 102): 3 
(3, 9, 106): 5 
(3, 9, 109): 4 
(4, 0, 243): 24 
(4, 1, 151): 3 
(5, 0, 140): 18 
(5, 2, 69): 2 
(6, 0, 127): 9 
(6, 4, 131): 1 
(6, 7, 27): 1 
(6, 7, 31): 8 
(6, 7, 32): 6 
(6, 10, 118): 1 
(6, 10, 121): 11 
(6, 10, 124): 3 
(7, 3, 63): 1 
(7, 6, 49): 1 
(7, 6, 71): 1 
(7, 6, 84): 1 
(7, 6, 86): 2 
(7, 6, 91): 1 
(7, 6, 98): 1 
(7, 6, 106): 7 
(7, 10, 93): 5 
(7, 10, 101): 7 
(7, 10, 110): 6 
(7, 10, 122): 1 
(8, 0, 128): 8 
(8, 1, 115): 1 
(8, 1, 122): 3 
(8, 1, 123): 9 
(8, 9, 23): 6 
(8, 9, 95): 1 
(8, 9, 115): 2 
(9, 0, 211): 22 
(10, 0, 248): 29 
(10, 4, 139): 2 
(10, 4, 158): 3 
(10, 6, 45): 1 
(10, 7, 45): 1 
TRANSFERS OF GLOBAL RESOURCE G2
(0, 1, 0): 12 
(0, 2, 0): 17 
(0, 3, 5): 15 
(0, 3, 6): 1 
(0, 3, 19): 4 
(0, 5, 0): 17 
(0, 6, 10): 10 
(0, 6, 12): 1 
(0, 6, 17): 1 
(0, 6, 18): 9 
(0, 7, 0): 23 
(0, 8, 4): 5 
(0, 8, 7): 7 
(0, 8, 16): 3 
(0, 9, 20): 8 
(0, 10, 0): 3 
(0, 10, 6): 6 
(1, 0, 234): 23 
(1, 2, 20): 1 
(1, 2, 21): 1 
(1, 3, 29): 1 
(1, 4, 161): 3 
(1, 4, 163): 2 
(1, 4, 186): 2 
(1, 6, 28): 3 
(1, 8, 27): 6 
(2, 0, 112): 16 
(2, 6, 86): 1 
(2, 9, 168): 1 
(2, 10, 105): 1 
(3, 6, 85): 4 
(3, 6, 89): 1 
(3, 8, 83): 1 
(3, 8, 85): 2 
(3, 9, 67): 2 
(3, 9, 82): 2 
(3, 9, 106): 1 
(3, 9, 109): 5 
(3, 9, 115): 5 
(3, 10, 103): 5 
(4, 0, 243): 29 
(4, 1, 149): 1 
(4, 1, 166): 3 
(4, 1, 191): 1 
(4, 9, 169): 1 
(5, 0, 140): 20 
(5, 7, 51): 1 
(5, 9, 65): 1 
(5, 10, 112): 8 
(6, 1, 137): 8 
(6, 1, 142): 15 
(6, 4, 145): 4 
(6, 8, 32): 2 
(6, 8, 34): 3 
(6, 8, 52): 1 
(6, 8, 58): 2 
(6, 8, 59): 1 
(6, 8, 81): 1 
(6, 8, 82): 4 
(6, 8, 84): 5 
(6, 8, 87): 1 
(6, 9, 57): 1 
(6, 9, 64): 1 
(6, 9, 70): 1 
(7, 3, 28): 1 
(7, 5, 40): 1 
(7, 5, 86): 1 
(7, 5, 95): 3 
(7, 5, 99): 8 
(7, 10, 94): 2 
(7, 10, 102): 11 
(7, 10, 104): 5 
(8, 1, 140): 2 
(8, 3, 63): 1 
(8, 4, 136): 4 
(8, 4, 137): 7 
(8, 4, 138): 8 
(8, 6, 43): 1 
(8, 6, 45): 5 
(8, 6, 93): 3 
(8, 6, 112): 1 
(8, 9, 70): 8 
(8, 9, 112): 1 
(8, 9, 115): 4 
(9, 0, 211): 22 
(9, 3, 34): 2 
(9, 3, 41): 1 
(9, 3, 44): 1 
(9, 4, 141): 5 
(9, 6, 92): 3 
(9, 6, 99): 5 
(9, 6, 102): 2 
(9, 8, 96): 1 
(10, 0, 244): 32 
(10, 3, 43): 1 
(10, 7, 36): 1 
(10, 7, 42): 5 
(10, 7, 44): 2 
}
