INSTANCE: "B_6_50_4" 
RELEASES: [0, 0, 0, 0, 0, 0]
DUEDATES: [163, 142, 134, 170, 140, 146]
COMPLETION TIMES: [516, 204, 327, 217, 181, 378]
MAKESPANS: [516, 204, 327, 217, 181, 378]
DELAYS: [353, 62, 193, 47, 41, 232]
COST: 1375.5

Solution = { 
START TIMES OF ACTIVITIES OF PROJECT 1:
[0, 394, 396, 406, 419, 439, 445, 454, 373, 457, 463, 472, 476, 482, 492, 496, 407, 506, 503, 7, 360, 476, 335, 345, 483, 467, 513, 416, 463, 463, 425, 468, 475, 448, 365, 503, 474, 472, 444, 433, 387, 476, 483, 354, 7, 381, 488, 496, 496, 506, 503, 516]
START TIMES OF ACTIVITIES OF PROJECT 2:
[0, 33, 40, 44, 45, 49, 47, 50, 56, 139, 142, 151, 56, 159, 159, 162, 141, 174, 74, 181, 189, 89, 151, 66, 131, 108, 141, 189, 162, 122, 194, 166, 149, 181, 118, 141, 191, 168, 199, 160, 84, 137, 186, 201, 190, 190, 197, 201, 166, 24, 195, 204]
START TIMES OF ACTIVITIES OF PROJECT 3:
[0, 209, 228, 18, 235, 242, 326, 246, 256, 258, 259, 268, 211, 289, 236, 290, 251, 299, 200, 307, 315, 278, 221, 282, 221, 25, 21, 315, 292, 251, 319, 289, 315, 299, 252, 261, 323, 293, 295, 303, 307, 236, 310, 310, 316, 312, 319, 310, 312, 189, 319, 327]
START TIMES OF ACTIVITIES OF PROJECT 4:
[0, 88, 94, 98, 102, 106, 115, 119, 16, 126, 135, 139, 144, 152, 153, 157, 35, 167, 153, 6, 54, 149, 6, 25, 155, 144, 73, 118, 129, 129, 176, 134, 115, 129, 65, 164, 174, 149, 167, 79, 184, 175, 191, 59, 44, 168, 196, 203, 203, 207, 210, 217]
START TIMES OF ACTIVITIES OF PROJECT 5:
[0, 46, 73, 76, 84, 88, 90, 103, 109, 120, 144, 40, 147, 153, 158, 154, 126, 168, 64, 153, 24, 178, 88, 153, 162, 114, 18, 51, 114, 34, 103, 115, 90, 155, 90, 155, 95, 60, 61, 135, 60, 51, 11, 144, 144, 92, 162, 109, 165, 18, 99, 181]
START TIMES OF ACTIVITIES OF PROJECT 6:
[0, 238, 248, 272, 273, 283, 284, 309, 252, 313, 326, 330, 332, 337, 340, 359, 301, 369, 338, 287, 284, 337, 292, 221, 343, 332, 300, 322, 326, 326, 270, 337, 308, 287, 275, 341, 343, 338, 219, 260, 300, 345, 346, 213, 38, 229, 351, 359, 359, 366, 366, 378]
TRANSFERS OF GLOBAL RESOURCE G1
(0, 1, 0): 75 
(0, 2, 29): 2 
(0, 3, 10): 4 
(0, 4, 0): 167 
(0, 5, 0): 38 
(0, 5, 7): 3 
(0, 5, 13): 3 
(1, 0, 516): 183 
(1, 3, 10): 12 
(1, 3, 17): 49 
(1, 4, 42): 6 
(1, 5, 22): 5 
(1, 5, 28): 3 
(2, 3, 178): 6 
(2, 3, 198): 7 
(2, 4, 65): 5 
(2, 5, 75): 5 
(2, 5, 86): 3 
(2, 5, 138): 7 
(2, 6, 203): 13 
(2, 6, 209): 5 
(3, 1, 327): 119 
(3, 4, 38): 4 
(3, 4, 49): 2 
(3, 6, 35): 59 
(3, 6, 216): 16 
(3, 6, 284): 4 
(3, 6, 297): 35 
(3, 6, 306): 10 
(4, 2, 25): 16 
(4, 2, 129): 14 
(4, 2, 141): 1 
(4, 2, 160): 3 
(4, 2, 187): 1 
(4, 3, 184): 4 
(4, 3, 193): 9 
(4, 3, 212): 10 
(4, 3, 219): 2 
(4, 3, 220): 8 
(4, 5, 9): 19 
(4, 5, 25): 31 
(4, 5, 37): 10 
(4, 5, 138): 4 
(4, 6, 203): 76 
(4, 6, 205): 1 
(4, 6, 213): 31 
(4, 6, 222): 28 
(5, 2, 99): 1 
(5, 2, 109): 2 
(5, 2, 113): 4 
(5, 2, 122): 1 
(5, 2, 181): 1 
(5, 2, 182): 5 
(5, 3, 169): 76 
(5, 3, 189): 5 
(5, 3, 208): 6 
(5, 3, 226): 2 
(5, 4, 70): 12 
(5, 4, 167): 19 
(5, 6, 219): 3 
(6, 0, 373): 109 
(6, 1, 326): 9 
(6, 1, 356): 14 
(6, 1, 364): 6 
(6, 1, 378): 13 
(6, 1, 385): 12 
(6, 1, 483): 10 
(6, 3, 289): 1 
(6, 3, 292): 48 
(6, 4, 49): 39 
(6, 4, 57): 14 
(6, 5, 65): 4 
(6, 5, 76): 2 
TRANSFERS OF GLOBAL RESOURCE G2
(0, 1, 2): 111 
(0, 3, 8): 3 
(0, 4, 4): 142 
(1, 0, 516): 237 
(1, 2, 17): 51 
(1, 2, 26): 60 
(2, 4, 65): 16 
(2, 4, 71): 4 
(2, 4, 107): 22 
(2, 4, 141): 34 
(2, 6, 202): 96 
(2, 6, 227): 19 
(3, 1, 323): 19 
(3, 1, 333): 11 
(3, 1, 348): 6 
(3, 4, 62): 10 
(4, 2, 25): 4 
(4, 2, 123): 11 
(4, 2, 129): 55 
(4, 2, 166): 10 
(4, 3, 7): 2 
(4, 3, 10): 5 
(4, 3, 198): 4 
(4, 3, 210): 3 
(4, 3, 231): 2 
(4, 3, 241): 2 
(4, 3, 245): 3 
(4, 3, 281): 2 
(4, 3, 301): 5 
(4, 5, 7): 10 
(4, 5, 35): 3 
(4, 6, 26): 16 
(4, 6, 226): 25 
(4, 6, 272): 83 
(5, 3, 172): 3 
(5, 3, 183): 4 
(5, 3, 192): 2 
(5, 4, 62): 4 
(5, 4, 163): 1 
(5, 4, 173): 5 
(5, 6, 30): 2 
(5, 6, 205): 3 
(6, 0, 378): 19 
(6, 1, 321): 50 
(6, 1, 346): 2 
(6, 1, 351): 47 
(6, 1, 373): 19 
(6, 1, 380): 16 
(6, 1, 453): 67 
(6, 3, 290): 6 
(6, 4, 61): 7 
(6, 5, 76): 4 
(6, 5, 80): 3 
(6, 5, 139): 4 
}
