INSTANCE: "A_18_60_21" 
RELEASES: [0, 0, 0, 0, 0, 0, 0, 0, 0, 0, 0, 0, 0, 0, 0, 0, 0, 0]
DUEDATES: [66, 103, 119, 92, 115, 113, 128, 127, 113, 117, 91, 140, 104, 120, 119, 125, 93, 128]
COMPLETION TIMES: [85, 122, 218, 109, 143, 213, 178, 216, 122, 151, 215, 163, 112, 130, 183, 136, 125, 246]
MAKESPANS: [85, 122, 218, 109, 143, 213, 178, 216, 122, 151, 215, 163, 112, 130, 183, 136, 125, 246]
DELAYS: [19, 19, 99, 17, 28, 100, 50, 89, 9, 34, 124, 23, 8, 10, 64, 11, 32, 118]
COST: 1860.5

Solution = { 
START TIMES OF ACTIVITIES OF PROJECT 1:
[0, 8, 8, 8, 37, 15, 13, 17, 18, 16, 19, 18, 38, 20, 9, 23, 18, 44, 26, 9, 24, 25, 19, 56, 27, 60, 33, 29, 28, 18, 25, 15, 34, 27, 29, 65, 54, 27, 30, 44, 64, 24, 39, 31, 9, 45, 33, 54, 37, 29, 47, 38, 74, 67, 67, 41, 68, 77, 79, 68, 79, 85]
START TIMES OF ACTIVITIES OF PROJECT 2:
[0, 8, 8, 8, 20, 19, 15, 23, 27, 37, 27, 53, 17, 30, 16, 22, 39, 58, 62, 22, 42, 48, 79, 46, 97, 43, 55, 66, 40, 39, 48, 69, 30, 67, 68, 49, 77, 75, 63, 75, 63, 62, 70, 78, 60, 63, 51, 81, 69, 82, 88, 88, 89, 88, 96, 94, 95, 106, 115, 93, 115, 122]
START TIMES OF ACTIVITIES OF PROJECT 3:
[0, 33, 111, 19, 134, 152, 115, 125, 120, 22, 128, 125, 133, 34, 124, 130, 143, 139, 151, 144, 127, 135, 24, 107, 175, 147, 38, 146, 156, 167, 145, 162, 160, 132, 143, 176, 163, 165, 206, 135, 173, 166, 184, 159, 173, 180, 198, 189, 179, 189, 192, 183, 200, 148, 177, 209, 206, 200, 211, 212, 213, 218]
START TIMES OF ACTIVITIES OF PROJECT 4:
[0, 7, 7, 7, 8, 48, 22, 17, 41, 54, 8, 8, 27, 46, 54, 64, 54, 31, 25, 59, 50, 55, 13, 8, 54, 32, 29, 69, 20, 68, 83, 60, 66, 53, 78, 66, 77, 72, 79, 89, 62, 44, 88, 62, 81, 79, 99, 68, 39, 70, 96, 87, 54, 38, 87, 98, 94, 97, 92, 106, 100, 109]
START TIMES OF ACTIVITIES OF PROJECT 5:
[0, 9, 9, 22, 41, 19, 15, 31, 33, 26, 60, 29, 23, 54, 35, 49, 72, 52, 84, 45, 56, 70, 18, 74, 50, 86, 70, 64, 82, 74, 94, 85, 78, 104, 59, 74, 122, 77, 82, 50, 94, 93, 99, 104, 102, 106, 110, 128, 101, 116, 104, 122, 131, 110, 130, 135, 135, 116, 142, 137, 106, 143]
START TIMES OF ACTIVITIES OF PROJECT 6:
[0, 18, 10, 10, 82, 24, 92, 136, 97, 34, 102, 129, 123, 128, 103, 12, 136, 128, 157, 143, 137, 177, 144, 24, 153, 167, 144, 147, 163, 103, 136, 150, 163, 167, 129, 175, 174, 137, 175, 150, 136, 184, 175, 186, 177, 174, 147, 180, 178, 175, 177, 184, 188, 187, 196, 195, 205, 196, 201, 206, 203, 213]
START TIMES OF ACTIVITIES OF PROJECT 7:
[0, 9, 9, 9, 25, 19, 92, 52, 15, 104, 33, 46, 39, 113, 90, 56, 46, 47, 121, 22, 72, 40, 102, 47, 116, 44, 119, 85, 124, 65, 130, 144, 94, 143, 120, 121, 98, 151, 141, 137, 153, 134, 133, 154, 156, 158, 138, 147, 157, 108, 131, 163, 164, 164, 156, 161, 166, 167, 169, 169, 173, 178]
START TIMES OF ACTIVITIES OF PROJECT 8:
[0, 10, 81, 102, 130, 73, 125, 116, 77, 88, 104, 93, 113, 106, 120, 115, 110, 137, 134, 146, 144, 89, 150, 152, 196, 120, 164, 161, 129, 202, 148, 152, 161, 156, 172, 157, 173, 152, 177, 189, 165, 181, 165, 172, 197, 204, 178, 183, 197, 177, 178, 187, 186, 173, 195, 203, 183, 204, 203, 213, 208, 216]
START TIMES OF ACTIVITIES OF PROJECT 9:
[0, 8, 8, 8, 21, 22, 28, 23, 11, 23, 18, 28, 31, 31, 45, 36, 12, 36, 44, 23, 45, 40, 46, 31, 43, 62, 17, 39, 71, 74, 24, 80, 77, 83, 55, 62, 59, 73, 62, 84, 77, 84, 69, 110, 84, 95, 52, 69, 102, 93, 97, 94, 94, 100, 102, 113, 107, 99, 120, 111, 117, 122]
START TIMES OF ACTIVITIES OF PROJECT 10:
[0, 9, 9, 9, 33, 46, 41, 31, 72, 18, 18, 39, 11, 75, 22, 17, 37, 43, 84, 34, 21, 82, 30, 16, 62, 67, 95, 53, 94, 36, 104, 82, 35, 55, 102, 55, 86, 52, 44, 103, 113, 68, 109, 115, 92, 122, 117, 100, 135, 123, 95, 128, 134, 65, 105, 130, 135, 136, 142, 142, 146, 151]
START TIMES OF ACTIVITIES OF PROJECT 11:
[0, 141, 134, 115, 124, 134, 126, 147, 149, 147, 141, 157, 134, 137, 147, 137, 144, 155, 130, 143, 159, 150, 160, 150, 137, 143, 159, 167, 148, 168, 176, 150, 140, 167, 177, 161, 183, 167, 161, 162, 177, 175, 177, 177, 187, 183, 181, 183, 189, 187, 195, 198, 151, 193, 193, 202, 202, 195, 203, 206, 200, 215]
START TIMES OF ACTIVITIES OF PROJECT 12:
[0, 20, 25, 7, 27, 37, 12, 22, 29, 46, 37, 12, 28, 66, 21, 68, 59, 45, 72, 49, 65, 68, 74, 41, 22, 68, 57, 50, 70, 66, 87, 108, 100, 76, 110, 100, 44, 82, 96, 87, 102, 78, 97, 119, 128, 132, 137, 116, 142, 112, 122, 124, 124, 132, 134, 111, 134, 144, 154, 154, 136, 163]
START TIMES OF ACTIVITIES OF PROJECT 13:
[0, 6, 6, 54, 12, 21, 13, 58, 30, 26, 20, 32, 42, 21, 24, 37, 33, 58, 48, 50, 27, 68, 37, 46, 64, 30, 58, 49, 37, 24, 47, 57, 31, 47, 36, 48, 71, 60, 79, 71, 66, 99, 60, 90, 87, 78, 97, 86, 85, 51, 93, 100, 88, 79, 99, 95, 99, 90, 105, 102, 102, 112]
START TIMES OF ACTIVITIES OF PROJECT 14:
[0, 8, 8, 8, 12, 18, 19, 48, 28, 33, 37, 23, 33, 35, 28, 34, 61, 63, 71, 39, 41, 45, 41, 57, 58, 67, 76, 62, 67, 67, 51, 86, 47, 12, 76, 60, 85, 98, 106, 100, 49, 91, 111, 91, 86, 76, 108, 95, 87, 114, 41, 104, 114, 111, 114, 107, 123, 119, 118, 100, 128, 130]
START TIMES OF ACTIVITIES OF PROJECT 15:
[0, 13, 6, 56, 26, 11, 36, 17, 18, 97, 79, 36, 42, 106, 59, 65, 67, 97, 96, 62, 121, 122, 131, 74, 137, 108, 73, 130, 52, 108, 122, 115, 142, 133, 114, 86, 124, 152, 73, 133, 136, 159, 136, 152, 39, 87, 142, 143, 160, 144, 160, 170, 159, 175, 144, 165, 172, 172, 175, 182, 147, 183]
START TIMES OF ACTIVITIES OF PROJECT 16:
[0, 7, 7, 7, 15, 27, 17, 20, 29, 32, 60, 36, 68, 27, 35, 58, 15, 39, 41, 68, 50, 44, 88, 87, 44, 57, 26, 53, 75, 65, 76, 99, 53, 60, 41, 80, 56, 77, 76, 96, 91, 96, 109, 80, 104, 109, 115, 79, 107, 100, 116, 89, 118, 101, 114, 109, 126, 119, 118, 126, 127, 136]
START TIMES OF ACTIVITIES OF PROJECT 17:
[0, 8, 8, 8, 22, 15, 23, 11, 23, 40, 15, 45, 50, 32, 60, 58, 32, 42, 33, 31, 68, 38, 75, 12, 52, 42, 56, 62, 75, 84, 51, 78, 57, 65, 105, 50, 87, 87, 61, 83, 96, 85, 75, 77, 87, 99, 89, 95, 97, 105, 101, 89, 101, 102, 110, 112, 114, 112, 114, 116, 123, 125]
START TIMES OF ACTIVITIES OF PROJECT 18:
[0, 136, 141, 120, 144, 163, 141, 157, 154, 154, 145, 131, 167, 176, 129, 152, 156, 152, 174, 145, 155, 217, 167, 177, 179, 191, 163, 166, 169, 172, 206, 187, 189, 176, 181, 202, 206, 173, 196, 200, 203, 189, 188, 184, 221, 200, 213, 191, 195, 219, 195, 225, 212, 216, 210, 218, 227, 219, 241, 234, 232, 246]
TRANSFERS OF GLOBAL RESOURCE G1
(0, 1, 0): 19 
(0, 1, 1): 19 
(0, 2, 1): 13 
(0, 4, 0): 24 
(0, 5, 6): 6 
(0, 6, 4): 2 
(0, 7, 1): 15 
(0, 8, 0): 7 
(0, 9, 0): 14 
(0, 9, 3): 1 
(0, 9, 4): 5 
(0, 10, 0): 17 
(0, 10, 2): 3 
(0, 12, 0): 7 
(0, 13, 1): 5 
(0, 13, 7): 5 
(0, 14, 1): 14 
(0, 14, 5): 2 
(0, 15, 0): 7 
(0, 16, 1): 8 
(0, 17, 3): 18 
(1, 4, 40): 3 
(1, 5, 39): 1 
(1, 5, 43): 2 
(1, 5, 68): 5 
(1, 6, 74): 2 
(1, 7, 78): 6 
(1, 10, 39): 1 
(1, 10, 68): 1 
(1, 10, 88): 1 
(1, 12, 17): 4 
(1, 12, 22): 2 
(1, 12, 38): 4 
(1, 12, 43): 6 
(1, 12, 65): 3 
(1, 12, 69): 6 
(1, 13, 78): 1 
(1, 16, 46): 2 
(1, 16, 73): 1 
(1, 16, 84): 5 
(2, 3, 122): 6 
(2, 7, 97): 5 
(2, 7, 108): 1 
(2, 8, 96): 1 
(2, 14, 33): 4 
(2, 14, 55): 5 
(2, 14, 69): 4 
(2, 14, 83): 2 
(2, 14, 102): 5 
(2, 14, 104): 10 
(2, 14, 106): 6 
(2, 15, 52): 2 
(2, 15, 70): 1 
(2, 15, 75): 1 
(2, 15, 82): 4 
(2, 15, 83): 1 
(2, 15, 118): 2 
(3, 0, 218): 36 
(3, 2, 24): 1 
(3, 7, 35): 1 
(3, 7, 41): 4 
(3, 15, 132): 1 
(3, 18, 116): 2 
(3, 18, 132): 4 
(3, 18, 159): 6 
(4, 5, 10): 1 
(4, 5, 13): 4 
(4, 5, 14): 1 
(4, 5, 21): 1 
(4, 5, 69): 2 
(4, 5, 111): 7 
(4, 10, 32): 2 
(4, 10, 87): 1 
(4, 10, 89): 1 
(4, 10, 90): 2 
(4, 11, 106): 4 
(4, 12, 8): 1 
(4, 12, 16): 2 
(4, 12, 98): 1 
(4, 12, 115): 3 
(4, 13, 81): 3 
(4, 15, 9): 1 
(4, 17, 80): 2 
(4, 17, 98): 1 
(5, 0, 143): 1 
(5, 3, 153): 1 
(5, 4, 57): 2 
(5, 4, 61): 1 
(5, 4, 91): 1 
(5, 6, 129): 3 
(5, 6, 130): 1 
(5, 7, 106): 4 
(5, 8, 101): 1 
(5, 8, 145): 1 
(5, 8, 149): 4 
(5, 8, 153): 2 
(5, 10, 127): 2 
(5, 10, 139): 7 
(5, 11, 106): 4 
(5, 12, 64): 1 
(5, 12, 118): 2 
(5, 12, 120): 1 
(5, 12, 130): 2 
(5, 13, 88): 2 
(5, 16, 29): 2 
(5, 16, 61): 1 
(5, 17, 54): 2 
(5, 17, 77): 3 
(5, 17, 79): 2 
(6, 0, 213): 29 
(6, 3, 142): 1 
(6, 3, 156): 4 
(6, 3, 157): 1 
(6, 3, 158): 1 
(6, 7, 140): 3 
(6, 7, 157): 5 
(6, 9, 37): 1 
(6, 9, 92): 3 
(6, 9, 104): 2 
(6, 9, 107): 1 
(6, 15, 149): 2 
(6, 16, 13): 2 
(6, 16, 34): 1 
(6, 16, 37): 7 
(6, 16, 98): 1 
(6, 16, 105): 5 
(6, 18, 152): 1 
(7, 0, 178): 14 
(7, 2, 14): 1 
(7, 2, 15): 2 
(7, 2, 58): 3 
(7, 3, 14): 1 
(7, 3, 17): 1 
(7, 3, 106): 2 
(7, 3, 123): 3 
(7, 3, 147): 2 
(7, 3, 168): 3 
(7, 6, 78): 4 
(7, 6, 98): 4 
(7, 6, 173): 7 
(7, 6, 174): 4 
(7, 9, 14): 3 
(7, 9, 15): 2 
(7, 9, 21): 1 
(7, 9, 56): 1 
(7, 9, 59): 3 
(7, 9, 77): 6 
(7, 9, 94): 2 
(7, 14, 19): 2 
(7, 15, 151): 1 
(7, 15, 152): 2 
(8, 0, 216): 25 
(8, 5, 125): 2 
(8, 11, 125): 1 
(8, 13, 15): 7 
(8, 13, 80): 1 
(8, 18, 121): 2 
(9, 3, 26): 4 
(9, 3, 100): 7 
(9, 6, 21): 8 
(9, 6, 125): 8 
(9, 7, 36): 1 
(9, 7, 41): 1 
(9, 7, 49): 1 
(9, 7, 69): 2 
(9, 7, 82): 4 
(9, 7, 113): 3 
(9, 7, 117): 1 
(9, 7, 127): 2 
(9, 14, 100): 1 
(9, 16, 27): 1 
(9, 18, 121): 8 
(10, 0, 151): 16 
(10, 1, 21): 3 
(10, 1, 22): 2 
(10, 1, 56): 2 
(10, 4, 45): 2 
(10, 4, 57): 2 
(10, 12, 65): 4 
(10, 12, 97): 4 
(10, 12, 105): 4 
(10, 12, 119): 3 
(10, 12, 139): 3 
(10, 12, 151): 2 
(10, 17, 49): 1 
(11, 0, 215): 35 
(12, 0, 163): 19 
(12, 1, 31): 1 
(12, 1, 53): 2 
(12, 1, 57): 6 
(12, 4, 27): 1 
(12, 4, 62): 4 
(12, 5, 48): 2 
(12, 5, 82): 4 
(12, 8, 74): 2 
(12, 10, 30): 1 
(12, 10, 32): 1 
(12, 10, 33): 2 
(12, 10, 112): 4 
(12, 11, 128): 19 
(12, 17, 48): 3 
(12, 17, 74): 1 
(12, 17, 76): 5 
(13, 2, 21): 1 
(13, 2, 24): 2 
(13, 8, 68): 5 
(13, 8, 108): 2 
(13, 8, 110): 3 
(13, 8, 111): 2 
(13, 8, 115): 2 
(13, 15, 113): 5 
(13, 17, 29): 1 
(13, 17, 48): 1 
(13, 17, 54): 2 
(13, 17, 59): 2 
(13, 17, 102): 8 
(14, 2, 14): 1 
(14, 2, 18): 2 
(14, 2, 28): 2 
(14, 2, 37): 5 
(14, 2, 41): 1 
(14, 2, 61): 7 
(14, 2, 79): 1 
(14, 2, 86): 3 
(14, 2, 87): 5 
(14, 2, 93): 1 
(14, 2, 113): 5 
(14, 3, 114): 4 
(14, 3, 118): 2 
(14, 3, 119): 2 
(14, 3, 124): 1 
(14, 6, 95): 2 
(14, 6, 130): 6 
(14, 7, 48): 3 
(14, 7, 86): 1 
(14, 7, 112): 2 
(14, 7, 130): 3 
(14, 9, 48): 1 
(14, 15, 51): 2 
(14, 15, 110): 2 
(14, 15, 116): 1 
(15, 0, 183): 6 
(15, 2, 42): 1 
(15, 2, 59): 2 
(15, 7, 105): 1 
(15, 8, 194): 2 
(15, 14, 40): 7 
(15, 14, 66): 1 
(15, 18, 128): 3 
(15, 18, 151): 5 
(15, 18, 165): 6 
(15, 18, 166): 9 
(15, 18, 194): 4 
(16, 2, 57): 1 
(16, 5, 42): 1 
(16, 5, 43): 2 
(16, 6, 22): 1 
(16, 6, 121): 6 
(16, 6, 126): 2 
(16, 6, 127): 3 
(16, 6, 135): 1 
(16, 7, 41): 1 
(16, 7, 59): 1 
(16, 9, 115): 6 
(16, 11, 137): 5 
(16, 12, 116): 4 
(16, 14, 59): 2 
(17, 1, 18): 2 
(17, 5, 20): 1 
(17, 5, 66): 3 
(17, 5, 93): 5 
(17, 5, 131): 3 
(17, 6, 125): 3 
(17, 6, 126): 3 
(17, 7, 125): 3 
(17, 8, 97): 4 
(17, 10, 119): 1 
(17, 10, 125): 1 
(17, 11, 112): 2 
(17, 12, 110): 6 
(17, 12, 115): 2 
(17, 13, 17): 2 
(17, 13, 34): 1 
(17, 13, 44): 2 
(17, 13, 63): 3 
(17, 13, 92): 1 
(17, 13, 96): 3 
(17, 15, 110): 1 
(18, 0, 246): 30 
(18, 3, 147): 3 
(18, 3, 169): 6 
(18, 15, 142): 5 
(18, 15, 146): 2 
(18, 15, 158): 2 
(18, 15, 171): 2 
TRANSFERS OF GLOBAL RESOURCE G2
(0, 1, 4): 12 
(0, 1, 5): 23 
(0, 2, 0): 18 
(0, 4, 1): 10 
(0, 4, 11): 1 
(0, 5, 0): 11 
(0, 6, 0): 2 
(0, 7, 0): 15 
(0, 8, 2): 2 
(0, 9, 2): 21 
(0, 10, 5): 25 
(0, 13, 0): 13 
(0, 14, 0): 16 
(0, 15, 0): 8 
(0, 16, 0): 15 
(0, 17, 0): 16 
(1, 2, 35): 3 
(1, 2, 47): 4 
(1, 3, 34): 2 
(1, 7, 30): 1 
(1, 8, 66): 6 
(1, 8, 70): 1 
(1, 9, 42): 2 
(1, 9, 78): 4 
(1, 10, 28): 1 
(1, 10, 29): 2 
(1, 10, 74): 4 
(1, 13, 21): 4 
(1, 13, 47): 2 
(1, 13, 84): 1 
(1, 13, 85): 5 
(1, 14, 28): 3 
(1, 14, 44): 6 
(1, 14, 66): 1 
(1, 16, 29): 3 
(1, 16, 73): 5 
(2, 3, 18): 4 
(2, 3, 32): 3 
(2, 3, 106): 3 
(2, 3, 110): 5 
(2, 3, 119): 1 
(2, 3, 124): 5 
(2, 3, 127): 1 
(2, 3, 129): 1 
(2, 5, 102): 3 
(2, 7, 103): 1 
(2, 8, 95): 1 
(2, 9, 81): 1 
(2, 13, 28): 2 
(2, 13, 48): 2 
(2, 13, 62): 7 
(2, 13, 85): 5 
(2, 14, 45): 1 
(2, 14, 54): 5 
(2, 16, 58): 2 
(2, 16, 100): 3 
(2, 17, 96): 3 
(3, 0, 218): 30 
(3, 2, 29): 5 
(3, 2, 36): 2 
(3, 2, 41): 4 
(3, 9, 41): 1 
(3, 9, 42): 3 
(3, 11, 133): 5 
(3, 11, 143): 3 
(3, 11, 144): 4 
(3, 11, 146): 2 
(3, 11, 147): 7 
(3, 13, 22): 4 
(3, 13, 28): 1 
(3, 18, 138): 2 
(4, 8, 94): 3 
(4, 8, 112): 2 
(4, 9, 110): 1 
(4, 10, 61): 1 
(4, 10, 89): 1 
(4, 10, 96): 2 
(4, 10, 97): 4 
(4, 12, 110): 4 
(4, 15, 33): 3 
(4, 15, 39): 3 
(4, 15, 94): 2 
(4, 15, 105): 2 
(4, 18, 109): 5 
(5, 1, 19): 5 
(5, 2, 81): 3 
(5, 3, 147): 3 
(5, 6, 117): 2 
(5, 7, 82): 7 
(5, 7, 87): 7 
(5, 7, 113): 3 
(5, 7, 116): 2 
(5, 7, 117): 2 
(5, 7, 134): 4 
(5, 7, 140): 1 
(5, 7, 141): 3 
(5, 7, 161): 3 
(5, 14, 24): 2 
(5, 14, 45): 1 
(5, 16, 24): 4 
(5, 16, 123): 6 
(6, 0, 213): 29 
(6, 4, 34): 2 
(6, 7, 154): 1 
(6, 10, 24): 2 
(6, 12, 21): 1 
(6, 12, 24): 3 
(6, 12, 93): 2 
(6, 12, 106): 2 
(6, 12, 133): 5 
(6, 17, 97): 2 
(7, 0, 178): 30 
(7, 5, 15): 7 
(7, 5, 32): 1 
(7, 5, 47): 2 
(7, 5, 53): 1 
(7, 5, 61): 3 
(7, 5, 69): 3 
(7, 5, 71): 2 
(7, 5, 96): 2 
(7, 5, 101): 3 
(7, 5, 127): 2 
(7, 14, 22): 3 
(7, 16, 50): 3 
(7, 16, 55): 2 
(7, 16, 104): 5 
(8, 0, 216): 16 
(8, 1, 20): 1 
(8, 11, 111): 2 
(8, 11, 189): 2 
(8, 11, 191): 5 
(8, 12, 81): 1 
(8, 15, 16): 1 
(8, 18, 113): 1 
(8, 18, 134): 4 
(8, 18, 145): 1 
(8, 18, 159): 2 
(8, 18, 160): 1 
(8, 18, 188): 3 
(9, 1, 52): 3 
(9, 1, 58): 4 
(9, 3, 30): 1 
(9, 5, 69): 1 
(9, 8, 96): 2 
(9, 8, 121): 1 
(9, 8, 122): 6 
(9, 11, 111): 7 
(9, 11, 122): 4 
(9, 13, 11): 5 
(9, 13, 29): 4 
(9, 13, 30): 1 
(9, 13, 31): 1 
(9, 13, 47): 9 
(9, 13, 48): 1 
(9, 13, 49): 1 
(9, 13, 78): 3 
(9, 14, 110): 8 
(9, 16, 73): 1 
(10, 0, 151): 12 
(10, 4, 16): 1 
(10, 4, 48): 2 
(10, 4, 49): 1 
(10, 4, 71): 1 
(10, 4, 75): 2 
(10, 6, 11): 2 
(10, 6, 116): 2 
(10, 11, 185): 2 
(10, 12, 19): 1 
(10, 12, 113): 6 
(10, 15, 48): 2 
(10, 15, 55): 1 
(10, 15, 118): 6 
(10, 15, 138): 2 
(10, 15, 140): 4 
(10, 17, 17): 9 
(10, 17, 18): 1 
(10, 17, 46): 1 
(10, 17, 57): 1 
(10, 17, 84): 1 
(10, 17, 107): 2 
(10, 17, 109): 2 
(10, 17, 111): 1 
(11, 0, 215): 28 
(11, 3, 155): 1 
(11, 3, 156): 2 
(11, 3, 185): 2 
(11, 3, 202): 7 
(11, 3, 205): 1 
(11, 8, 169): 8 
(11, 8, 173): 1 
(11, 8, 200): 3 
(11, 18, 156): 1 
(12, 0, 163): 11 
(12, 6, 78): 6 
(12, 6, 124): 12 
(12, 6, 171): 1 
(12, 6, 180): 2 
(12, 10, 37): 1 
(12, 10, 140): 3 
(12, 17, 29): 2 
(12, 17, 30): 1 
(12, 17, 36): 3 
(12, 17, 48): 3 
(12, 17, 49): 2 
(12, 17, 60): 1 
(12, 17, 73): 1 
(12, 17, 75): 3 
(12, 17, 76): 1 
(12, 17, 99): 5 
(12, 17, 103): 1 
(13, 1, 51): 6 
(13, 2, 37): 4 
(13, 2, 51): 1 
(13, 2, 66): 2 
(13, 2, 67): 1 
(13, 2, 92): 5 
(13, 2, 113): 2 
(13, 3, 17): 6 
(13, 3, 36): 4 
(13, 3, 118): 8 
(13, 4, 66): 1 
(13, 5, 69): 2 
(13, 5, 70): 1 
(13, 8, 66): 1 
(13, 8, 113): 2 
(13, 9, 21): 1 
(13, 9, 22): 3 
(13, 9, 35): 1 
(13, 9, 42): 5 
(13, 9, 43): 1 
(13, 9, 61): 10 
(13, 9, 94): 5 
(13, 9, 116): 1 
(14, 1, 19): 1 
(14, 1, 20): 1 
(14, 2, 35): 3 
(14, 2, 85): 2 
(14, 3, 125): 7 
(14, 3, 127): 5 
(14, 4, 9): 3 
(14, 5, 37): 5 
(14, 5, 100): 1 
(14, 5, 106): 1 
(14, 7, 34): 3 
(14, 10, 91): 5 
(14, 11, 122): 3 
(14, 11, 126): 8 
(14, 12, 9): 1 
(14, 16, 54): 1 
(14, 16, 62): 1 
(14, 16, 74): 4 
(14, 16, 104): 1 
(14, 18, 123): 2 
(15, 0, 182): 21 
(15, 4, 17): 6 
(15, 4, 19): 2 
(15, 4, 74): 1 
(15, 8, 187): 1 
(15, 10, 90): 2 
(15, 10, 91): 1 
(15, 10, 124): 1 
(15, 17, 83): 1 
(16, 1, 20): 4 
(16, 3, 145): 1 
(16, 5, 32): 1 
(16, 5, 96): 4 
(16, 5, 101): 2 
(16, 7, 16): 4 
(16, 7, 41): 2 
(16, 7, 62): 3 
(16, 7, 116): 2 
(16, 7, 128): 1 
(16, 7, 130): 1 
(16, 7, 131): 1 
(16, 7, 141): 2 
(16, 9, 114): 3 
(16, 10, 93): 2 
(16, 13, 82): 2 
(16, 14, 30): 1 
(16, 14, 68): 5 
(16, 14, 115): 6 
(16, 18, 135): 4 
(16, 18, 136): 5 
(17, 6, 13): 4 
(17, 6, 118): 5 
(17, 6, 123): 4 
(17, 6, 124): 7 
(17, 10, 123): 1 
(17, 10, 125): 7 
(17, 12, 18): 5 
(17, 12, 20): 1 
(17, 12, 42): 3 
(17, 12, 43): 7 
(17, 12, 63): 7 
(17, 12, 95): 2 
(17, 12, 109): 5 
(17, 12, 110): 3 
(17, 15, 125): 2 
(18, 0, 246): 31 
}
