INSTANCE: "B_4_50_14" 
RELEASES: [0, 0, 0, 0]
DUEDATES: [138, 98, 142, 139]
COMPLETION TIMES: [323, 123, 234, 145]
MAKESPANS: [323, 123, 234, 145]
DELAYS: [185, 25, 92, 6]
COST: 566.5

Solution = { 
START TIMES OF ACTIVITIES OF PROJECT 1:
[0, 194, 195, 79, 208, 248, 205, 250, 254, 261, 270, 279, 23, 289, 255, 290, 254, 298, 220, 303, 311, 237, 33, 212, 225, 176, 232, 311, 291, 80, 311, 289, 290, 303, 208, 270, 317, 293, 259, 239, 234, 254, 306, 315, 313, 314, 320, 261, 255, 90, 315, 323]
START TIMES OF ACTIVITIES OF PROJECT 2:
[0, 0, 28, 54, 55, 61, 71, 72, 85, 87, 91, 101, 105, 109, 114, 119, 92, 109, 80, 86, 80, 71, 30, 61, 75, 39, 67, 39, 91, 45, 32, 32, 28, 116, 54, 69, 101, 86, 30, 101, 0, 99, 28, 29, 39, 33, 39, 23, 7, 94, 75, 123]
START TIMES OF ACTIVITIES OF PROJECT 3:
[0, 116, 123, 24, 124, 146, 201, 153, 155, 156, 157, 166, 33, 181, 175, 182, 182, 184, 24, 191, 209, 136, 213, 125, 130, 191, 198, 211, 209, 53, 199, 213, 228, 216, 155, 159, 229, 209, 63, 217, 127, 127, 220, 220, 225, 220, 225, 227, 211, 43, 225, 234]
START TIMES OF ACTIVITIES OF PROJECT 4:
[0, 0, 22, 44, 21, 31, 49, 51, 63, 83, 12, 34, 67, 22, 56, 27, 75, 14, 22, 57, 34, 92, 83, 56, 102, 56, 115, 64, 53, 44, 49, 75, 119, 119, 102, 75, 110, 108, 137, 66, 52, 129, 121, 60, 112, 53, 123, 92, 49, 69, 4, 145]
TRANSFERS OF GLOBAL RESOURCE G1
(0, 1, 0): 7 
(0, 2, 0): 5 
(0, 2, 5): 5 
(0, 3, 15): 101 
(0, 4, 0): 2 
(0, 4, 2): 7 
(1, 0, 323): 25 
(1, 3, 90): 8 
(1, 4, 33): 5 
(1, 4, 99): 4 
(2, 3, 92): 8 
(2, 3, 122): 11 
(3, 0, 234): 102 
(3, 1, 53): 8 
(3, 1, 54): 1 
(3, 1, 168): 8 
(3, 1, 222): 2 
(3, 1, 229): 5 
(3, 1, 264): 2 
(3, 2, 37): 1 
(3, 2, 43): 8 
(3, 4, 28): 8 
(3, 4, 30): 1 
(4, 1, 60): 1 
(4, 1, 156): 1 
(4, 1, 174): 7 
(4, 3, 95): 17 
(4, 3, 125): 1 
TRANSFERS OF GLOBAL RESOURCE G2
(0, 1, 4): 92 
(0, 2, 0): 18 
(0, 2, 2): 7 
(0, 2, 4): 7 
(0, 3, 0): 13 
(0, 4, 0): 20 
(0, 4, 5): 3 
(0, 4, 35): 1 
(1, 0, 323): 151 
(1, 3, 99): 13 
(1, 3, 108): 3 
(1, 3, 129): 2 
(1, 3, 138): 9 
(2, 1, 53): 6 
(2, 1, 139): 26 
(3, 0, 234): 10 
(3, 1, 73): 13 
(3, 1, 159): 12 
(3, 1, 231): 6 
(4, 1, 137): 11 
(4, 1, 155): 12 
(4, 3, 146): 1 
}
