INSTANCE: "A_4_60_34" 
RELEASES: [0, 0, 0, 0]
DUEDATES: [108, 115, 139, 116]
COMPLETION TIMES: [150, 288, 196, 129]
MAKESPANS: [150, 288, 196, 129]
DELAYS: [42, 173, 57, 13]
COST: 524.0

Solution = { 
START TIMES OF ACTIVITIES OF PROJECT 1:
[0, 24, 24, 32, 42, 27, 35, 57, 67, 33, 35, 52, 62, 50, 70, 91, 77, 57, 84, 101, 27, 44, 55, 67, 104, 94, 97, 85, 83, 66, 95, 83, 108, 96, 113, 55, 108, 114, 89, 99, 119, 119, 116, 75, 123, 129, 135, 85, 115, 129, 142, 123, 118, 124, 135, 138, 132, 135, 147, 147, 145, 150]
START TIMES OF ACTIVITIES OF PROJECT 2:
[0, 162, 168, 176, 231, 188, 179, 180, 214, 199, 190, 202, 200, 190, 214, 237, 202, 204, 216, 183, 211, 210, 174, 224, 200, 242, 204, 208, 225, 234, 250, 227, 224, 239, 241, 253, 231, 206, 227, 189, 274, 244, 256, 260, 257, 264, 250, 257, 272, 258, 232, 264, 280, 265, 275, 280, 283, 274, 287, 285, 265, 288]
START TIMES OF ACTIVITIES OF PROJECT 3:
[0, 59, 26, 26, 34, 34, 40, 93, 49, 37, 73, 74, 75, 69, 49, 100, 83, 91, 34, 41, 134, 134, 68, 144, 103, 104, 73, 83, 100, 110, 117, 110, 77, 116, 148, 130, 116, 121, 136, 125, 119, 124, 152, 133, 120, 141, 143, 153, 160, 164, 173, 148, 172, 151, 163, 165, 176, 157, 180, 186, 188, 196]
START TIMES OF ACTIVITIES OF PROJECT 4:
[0, 19, 19, 19, 26, 28, 43, 59, 26, 28, 35, 51, 37, 53, 28, 55, 36, 55, 59, 57, 44, 60, 66, 44, 36, 44, 54, 82, 37, 100, 77, 68, 51, 57, 77, 87, 82, 87, 102, 86, 90, 65, 109, 93, 68, 109, 86, 82, 67, 92, 93, 91, 100, 115, 76, 110, 102, 112, 120, 115, 123, 129]
TRANSFERS OF GLOBAL RESOURCE G1
(0, 1, 5): 13 
(0, 1, 8): 4 
(0, 3, 3): 10 
(0, 4, 0): 19 
(0, 4, 7): 2 
(1, 0, 150): 7 
(1, 2, 133): 1 
(1, 2, 135): 2 
(1, 2, 138): 1 
(1, 2, 148): 3 
(1, 2, 149): 4 
(1, 3, 29): 2 
(2, 0, 288): 27 
(3, 0, 196): 14 
(3, 2, 184): 2 
(3, 2, 191): 4 
(4, 1, 92): 3 
(4, 2, 115): 3 
(4, 2, 129): 5 
(4, 2, 132): 2 
(4, 3, 101): 1 
(4, 3, 102): 3 
(4, 3, 109): 3 
(4, 3, 140): 1 
TRANSFERS OF GLOBAL RESOURCE G2
(0, 1, 0): 6 
(0, 1, 3): 7 
(0, 1, 8): 1 
(0, 3, 0): 12 
(0, 4, 10): 9 
(0, 4, 19): 14 
(1, 0, 150): 6 
(1, 2, 161): 4 
(1, 2, 170): 2 
(1, 2, 179): 5 
(2, 0, 288): 34 
(3, 0, 196): 9 
(3, 2, 152): 1 
(3, 2, 158): 4 
(3, 2, 160): 2 
(3, 2, 195): 7 
(4, 1, 38): 1 
(4, 1, 92): 1 
(4, 1, 106): 1 
(4, 2, 143): 5 
(4, 2, 171): 4 
(4, 3, 49): 2 
(4, 3, 55): 1 
(4, 3, 91): 1 
(4, 3, 129): 1 
(4, 3, 167): 3 
(4, 3, 169): 3 
}
