INSTANCE: "B_18_50_7" 
RELEASES: [0, 0, 0, 0, 0, 0, 0, 0, 0, 0, 0, 0, 0, 0, 0, 0, 0, 0]
DUEDATES: [117, 140, 122, 158, 47, 166, 70, 153, 154, 167, 119, 146, 136, 130, 140, 106, 160, 141]
COMPLETION TIMES: [127, 535, 157, 159, 46, 218, 101, 372, 562, 444, 113, 181, 287, 273, 223, 120, 184, 153]
MAKESPANS: [127, 535, 157, 159, 46, 218, 101, 372, 562, 444, 113, 181, 287, 273, 223, 120, 184, 153]
DELAYS: [10, 395, 35, 1, 0, 52, 31, 219, 408, 277, 0, 35, 151, 143, 83, 14, 24, 12]
COST: 3072.5

Solution = { 
START TIMES OF ACTIVITIES OF PROJECT 1:
[0, 26, 46, 48, 32, 26, 62, 36, 44, 67, 26, 67, 4, 88, 44, 90, 58, 58, 99, 105, 53, 102, 75, 30, 28, 66, 115, 70, 123, 66, 90, 68, 84, 68, 68, 96, 44, 84, 86, 108, 48, 111, 73, 94, 71, 96, 121, 49, 35, 105, 111, 127]
START TIMES OF ACTIVITIES OF PROJECT 2:
[0, 381, 386, 37, 420, 458, 384, 465, 466, 470, 471, 486, 361, 496, 20, 500, 393, 508, 466, 512, 520, 480, 371, 394, 371, 448, 401, 520, 497, 410, 530, 496, 525, 505, 243, 471, 533, 504, 421, 440, 355, 469, 508, 533, 526, 520, 530, 526, 525, 401, 527, 535]
START TIMES OF ACTIVITIES OF PROJECT 3:
[0, 21, 35, 45, 37, 31, 55, 73, 86, 60, 19, 59, 41, 71, 81, 73, 118, 19, 92, 95, 86, 99, 19, 9, 23, 26, 101, 60, 115, 59, 82, 90, 88, 121, 131, 60, 110, 81, 92, 96, 39, 101, 138, 138, 115, 140, 69, 45, 123, 142, 147, 157]
START TIMES OF ACTIVITIES OF PROJECT 4:
[0, 7, 27, 38, 48, 54, 60, 66, 80, 90, 95, 105, 114, 129, 134, 143, 109, 90, 75, 114, 95, 70, 84, 123, 48, 100, 54, 60, 20, 66, 7, 17, 134, 142, 73, 14, 134, 40, 70, 70, 118, 74, 31, 30, 95, 20, 150, 93, 153, 153, 123, 159]
START TIMES OF ACTIVITIES OF PROJECT 5:
[0, 13, 4, 4, 10, 4, 18, 4, 4, 15, 16, 0, 16, 13, 4, 27, 10, 4, 19, 8, 29, 10, 27, 14, 10, 4, 19, 10, 30, 18, 14, 39, 39, 35, 27, 27, 39, 34, 33, 33, 24, 30, 39, 19, 30, 27, 19, 20, 24, 18, 8, 46]
START TIMES OF ACTIVITIES OF PROJECT 6:
[0, 84, 89, 91, 105, 118, 128, 132, 20, 133, 142, 146, 148, 154, 161, 165, 38, 175, 155, 32, 61, 148, 74, 52, 155, 155, 104, 115, 6, 142, 180, 147, 130, 69, 203, 163, 131, 161, 59, 97, 30, 142, 175, 142, 10, 45, 189, 199, 199, 202, 211, 218]
START TIMES OF ACTIVITIES OF PROJECT 7:
[0, 18, 51, 22, 8, 51, 22, 0, 8, 15, 55, 60, 8, 55, 31, 43, 31, 22, 25, 33, 19, 13, 10, 45, 9, 66, 65, 72, 52, 51, 61, 65, 66, 84, 61, 61, 65, 71, 93, 61, 55, 77, 22, 55, 55, 17, 55, 66, 62, 8, 12, 101]
START TIMES OF ACTIVITIES OF PROJECT 8:
[0, 233, 242, 251, 256, 269, 272, 273, 228, 275, 292, 300, 302, 313, 345, 352, 195, 361, 212, 271, 244, 227, 307, 335, 297, 297, 302, 285, 303, 23, 278, 352, 302, 274, 303, 222, 289, 313, 281, 310, 203, 306, 320, 264, 271, 323, 326, 335, 352, 362, 317, 372]
START TIMES OF ACTIVITIES OF PROJECT 9:
[0, 413, 417, 428, 436, 444, 452, 479, 412, 481, 488, 496, 505, 513, 514, 516, 418, 526, 514, 445, 388, 510, 539, 397, 516, 505, 505, 554, 496, 488, 496, 497, 513, 407, 469, 524, 456, 510, 524, 460, 449, 459, 526, 248, 323, 437, 532, 539, 539, 549, 547, 562]
START TIMES OF ACTIVITIES OF PROJECT 10:
[0, 5, 295, 302, 312, 322, 324, 327, 307, 329, 332, 345, 346, 353, 394, 415, 19, 424, 315, 330, 338, 335, 435, 276, 348, 412, 424, 340, 348, 363, 330, 412, 378, 325, 431, 364, 372, 354, 346, 347, 12, 346, 387, 283, 371, 374, 392, 415, 421, 422, 403, 444]
START TIMES OF ACTIVITIES OF PROJECT 11:
[0, 0, 36, 12, 46, 11, 0, 56, 37, 5, 18, 56, 9, 94, 27, 59, 41, 96, 20, 3, 79, 47, 108, 59, 61, 60, 79, 27, 88, 97, 49, 19, 88, 20, 46, 10, 103, 12, 103, 59, 48, 20, 63, 22, 70, 71, 3, 63, 27, 79, 88, 113]
START TIMES OF ACTIVITIES OF PROJECT 12:
[0, 36, 46, 62, 63, 65, 74, 91, 6, 95, 104, 130, 132, 141, 143, 144, 82, 154, 143, 77, 66, 132, 162, 24, 138, 125, 170, 177, 104, 104, 50, 137, 77, 77, 108, 144, 89, 131, 34, 52, 74, 130, 138, 6, 14, 116, 154, 176, 162, 170, 169, 181]
START TIMES OF ACTIVITIES OF PROJECT 13:
[0, 190, 193, 9, 208, 209, 198, 210, 215, 216, 218, 227, 151, 237, 216, 243, 242, 252, 170, 255, 263, 274, 244, 161, 176, 57, 244, 266, 238, 46, 266, 246, 284, 245, 244, 218, 270, 237, 250, 263, 215, 248, 248, 285, 253, 266, 268, 266, 268, 142, 268, 287]
START TIMES OF ACTIVITIES OF PROJECT 14:
[0, 148, 150, 43, 152, 168, 162, 173, 175, 181, 188, 199, 152, 210, 10, 211, 175, 236, 163, 241, 249, 260, 162, 214, 221, 128, 228, 251, 221, 189, 249, 230, 209, 241, 176, 188, 264, 228, 267, 233, 241, 246, 244, 255, 251, 252, 257, 269, 244, 44, 253, 273]
START TIMES OF ACTIVITIES OF PROJECT 15:
[0, 109, 119, 120, 125, 133, 138, 142, 148, 160, 167, 77, 175, 185, 119, 189, 155, 217, 205, 195, 93, 220, 98, 172, 211, 153, 119, 185, 153, 84, 142, 214, 138, 141, 25, 185, 167, 137, 154, 219, 171, 195, 27, 125, 100, 152, 190, 185, 148, 175, 205, 223]
START TIMES OF ACTIVITIES OF PROJECT 16:
[0, 30, 35, 48, 52, 60, 23, 68, 75, 9, 18, 82, 92, 39, 36, 68, 9, 103, 92, 78, 79, 55, 75, 74, 52, 60, 102, 55, 102, 99, 63, 57, 60, 89, 97, 52, 65, 81, 105, 86, 82, 114, 71, 65, 102, 71, 87, 69, 15, 88, 22, 120]
START TIMES OF ACTIVITIES OF PROJECT 17:
[0, 27, 62, 90, 71, 95, 14, 77, 69, 21, 14, 36, 120, 33, 17, 47, 124, 86, 57, 132, 86, 103, 77, 86, 6, 135, 124, 109, 110, 131, 139, 156, 147, 132, 120, 103, 121, 147, 101, 156, 128, 95, 171, 139, 106, 166, 103, 166, 38, 174, 6, 184]
START TIMES OF ACTIVITIES OF PROJECT 18:
[0, 21, 30, 48, 49, 51, 55, 73, 85, 93, 101, 106, 119, 128, 133, 147, 0, 140, 140, 128, 110, 131, 101, 100, 75, 71, 19, 38, 147, 21, 38, 150, 108, 109, 109, 119, 48, 30, 133, 44, 34, 55, 147, 93, 5, 119, 62, 0, 71, 10, 93, 153]
TRANSFERS OF GLOBAL RESOURCE G1
(0, 3, 0): 5 
(0, 5, 0): 13 
(0, 7, 0): 26 
(0, 10, 3): 113 
(0, 11, 0): 9 
(0, 11, 1): 2 
(0, 11, 2): 2 
(0, 12, 0): 165 
(0, 13, 2): 4 
(0, 16, 0): 9 
(0, 18, 0): 9 
(0, 18, 5): 7 
(1, 6, 50): 1 
(1, 12, 158): 3 
(1, 13, 47): 6 
(1, 13, 132): 5 
(1, 15, 75): 11 
(1, 15, 82): 4 
(1, 15, 91): 1 
(1, 15, 117): 3 
(1, 15, 135): 1 
(1, 17, 88): 8 
(1, 17, 124): 6 
(2, 0, 535): 171 
(2, 9, 246): 45 
(2, 9, 386): 6 
(2, 9, 395): 8 
(2, 9, 410): 49 
(2, 9, 411): 13 
(2, 9, 426): 17 
(2, 9, 511): 18 
(2, 9, 545): 1 
(2, 10, 268): 9 
(2, 13, 42): 1 
(2, 16, 24): 4 
(2, 16, 43): 6 
(2, 16, 45): 3 
(2, 18, 38): 1 
(2, 18, 52): 1 
(3, 1, 61): 3 
(3, 4, 11): 4 
(3, 4, 37): 6 
(3, 4, 90): 3 
(3, 4, 111): 12 
(3, 12, 158): 8 
(3, 13, 43): 6 
(3, 13, 139): 11 
(3, 15, 101): 15 
(4, 1, 100): 5 
(4, 3, 23): 1 
(4, 3, 32): 2 
(4, 3, 78): 4 
(4, 3, 144): 2 
(4, 6, 124): 5 
(4, 7, 81): 2 
(4, 12, 160): 6 
(4, 13, 55): 7 
(4, 13, 140): 5 
(4, 15, 20): 1 
(4, 15, 102): 11 
(5, 1, 22): 3 
(5, 1, 24): 1 
(5, 3, 24): 1 
(5, 3, 44): 4 
(5, 4, 39): 7 
(5, 4, 45): 1 
(5, 6, 27): 1 
(5, 6, 35): 3 
(5, 6, 42): 4 
(5, 13, 36): 7 
(5, 13, 47): 3 
(6, 12, 33): 9 
(6, 12, 129): 5 
(6, 12, 166): 7 
(6, 12, 167): 4 
(6, 13, 207): 6 
(6, 13, 228): 6 
(6, 17, 20): 2 
(6, 17, 62): 5 
(6, 17, 149): 1 
(7, 1, 69): 9 
(7, 1, 71): 2 
(7, 11, 41): 3 
(7, 11, 42): 1 
(7, 11, 83): 5 
(7, 12, 32): 10 
(7, 12, 87): 8 
(7, 12, 104): 2 
(7, 14, 36): 3 
(7, 15, 70): 2 
(7, 17, 9): 8 
(7, 17, 72): 1 
(8, 2, 340): 1 
(8, 2, 356): 30 
(8, 2, 366): 28 
(8, 2, 386): 1 
(8, 3, 30): 7 
(8, 9, 307): 12 
(8, 9, 372): 77 
(8, 9, 381): 16 
(8, 10, 316): 40 
(8, 10, 363): 27 
(8, 10, 381): 4 
(8, 13, 280): 1 
(9, 0, 562): 173 
(9, 2, 353): 56 
(9, 2, 418): 15 
(9, 2, 419): 2 
(9, 2, 438): 24 
(9, 2, 446): 16 
(9, 2, 456): 12 
(9, 2, 528): 8 
(9, 2, 531): 19 
(9, 10, 268): 45 
(9, 10, 338): 9 
(10, 0, 444): 20 
(10, 2, 12): 6 
(10, 2, 29): 10 
(10, 2, 347): 32 
(10, 2, 353): 3 
(10, 2, 363): 1 
(10, 2, 432): 17 
(10, 2, 457): 6 
(10, 2, 458): 12 
(10, 3, 21): 1 
(10, 4, 21): 3 
(10, 8, 12): 3 
(10, 9, 315): 40 
(10, 9, 380): 4 
(10, 9, 436): 24 
(10, 9, 441): 3 
(10, 9, 444): 13 
(10, 9, 452): 12 
(10, 9, 505): 8 
(10, 11, 12): 7 
(10, 11, 19): 3 
(10, 12, 29): 52 
(10, 15, 12): 16 
(10, 16, 21): 5 
(10, 18, 29): 7 
(11, 3, 98): 6 
(11, 7, 50): 14 
(11, 12, 100): 5 
(11, 12, 124): 2 
(11, 17, 61): 5 
(11, 17, 95): 1 
(11, 17, 131): 2 
(12, 1, 14): 10 
(12, 3, 24): 3 
(12, 5, 7): 16 
(12, 5, 8): 6 
(12, 6, 7): 11 
(12, 6, 66): 5 
(12, 6, 81): 3 
(12, 6, 139): 4 
(12, 6, 199): 3 
(12, 7, 11): 2 
(12, 7, 18): 3 
(12, 8, 181): 85 
(12, 13, 133): 58 
(12, 13, 142): 6 
(12, 13, 181): 33 
(12, 13, 200): 7 
(12, 13, 206): 5 
(12, 13, 207): 2 
(12, 14, 138): 8 
(12, 15, 14): 6 
(12, 15, 16): 6 
(12, 15, 73): 1 
(12, 15, 184): 35 
(12, 17, 7): 1 
(12, 17, 14): 2 
(12, 17, 149): 3 
(13, 3, 16): 4 
(13, 3, 78): 4 
(13, 3, 79): 1 
(13, 4, 68): 14 
(13, 4, 73): 1 
(13, 6, 171): 4 
(13, 8, 198): 3 
(13, 8, 217): 51 
(13, 8, 228): 15 
(13, 8, 287): 1 
(13, 8, 292): 5 
(13, 8, 298): 61 
(13, 9, 307): 12 
(13, 10, 268): 10 
(13, 10, 275): 2 
(13, 10, 287): 29 
(13, 15, 68): 33 
(13, 15, 75): 4 
(13, 15, 176): 5 
(13, 18, 70): 8 
(14, 1, 48): 2 
(14, 1, 49): 1 
(14, 2, 225): 3 
(14, 7, 54): 4 
(14, 9, 305): 1 
(14, 10, 262): 9 
(14, 10, 269): 9 
(14, 10, 407): 2 
(14, 11, 52): 3 
(15, 1, 44): 5 
(15, 1, 106): 1 
(15, 2, 221): 50 
(15, 6, 171): 1 
(15, 8, 199): 8 
(15, 8, 209): 1 
(15, 12, 158): 8 
(15, 12, 159): 2 
(15, 13, 37): 24 
(15, 13, 207): 10 
(15, 13, 228): 37 
(15, 14, 225): 1 
(15, 17, 160): 7 
(16, 1, 69): 7 
(16, 3, 13): 1 
(16, 3, 107): 11 
(16, 18, 43): 6 
(16, 18, 66): 5 
(16, 18, 96): 4 
(16, 18, 103): 4 
(16, 18, 123): 2 
(17, 2, 224): 1 
(17, 7, 50): 3 
(17, 8, 202): 7 
(17, 12, 84): 1 
(17, 12, 125): 2 
(17, 12, 162): 16 
(17, 14, 38): 7 
(17, 14, 123): 1 
(17, 14, 143): 7 
(17, 14, 157): 2 
(17, 14, 163): 2 
(17, 14, 184): 3 
(18, 3, 88): 4 
(18, 3, 89): 7 
(18, 8, 17): 4 
(18, 12, 159): 9 
(18, 13, 41): 11 
(18, 13, 137): 3 
(18, 13, 146): 3 
(18, 16, 50): 4 
(18, 16, 55): 5 
(18, 16, 83): 4 
TRANSFERS OF GLOBAL RESOURCE G2
(0, 1, 0): 9 
(0, 4, 0): 10 
(0, 5, 0): 51 
(0, 6, 0): 26 
(0, 10, 0): 170 
(0, 11, 0): 8 
(0, 11, 2): 3 
(0, 11, 6): 2 
(0, 12, 0): 11 
(0, 13, 0): 1 
(0, 14, 0): 1 
(0, 16, 0): 3 
(0, 17, 0): 13 
(1, 6, 29): 1 
(1, 6, 49): 8 
(1, 6, 71): 11 
(1, 6, 127): 16 
(1, 11, 102): 2 
(1, 15, 70): 1 
(1, 15, 77): 9 
(1, 15, 112): 3 
(1, 16, 10): 6 
(1, 16, 14): 3 
(1, 16, 40): 1 
(1, 17, 87): 2 
(2, 0, 535): 123 
(2, 4, 24): 1 
(2, 4, 45): 3 
(2, 7, 38): 26 
(2, 10, 270): 29 
(2, 11, 42): 1 
(2, 13, 42): 12 
(2, 13, 264): 9 
(2, 18, 43): 9 
(3, 1, 23): 3 
(3, 1, 46): 2 
(3, 6, 118): 3 
(3, 6, 163): 10 
(3, 7, 21): 1 
(3, 7, 23): 1 
(3, 14, 28): 12 
(3, 14, 113): 18 
(3, 15, 119): 3 
(3, 16, 38): 3 
(3, 16, 55): 2 
(3, 16, 61): 3 
(3, 17, 119): 1 
(3, 18, 61): 2 
(3, 18, 63): 1 
(3, 18, 119): 1 
(3, 18, 121): 7 
(4, 2, 34): 14 
(4, 3, 82): 2 
(4, 6, 162): 8 
(4, 11, 83): 6 
(4, 11, 89): 2 
(4, 11, 103): 8 
(4, 12, 30): 6 
(4, 12, 32): 3 
(4, 12, 158): 1 
(4, 14, 112): 1 
(4, 16, 76): 3 
(4, 17, 125): 3 
(4, 17, 126): 2 
(4, 17, 129): 1 
(4, 18, 77): 1 
(4, 18, 85): 3 
(4, 18, 125): 4 
(5, 1, 29): 1 
(5, 1, 51): 1 
(5, 3, 12): 4 
(5, 4, 13): 10 
(5, 4, 31): 1 
(5, 4, 33): 3 
(5, 6, 30): 13 
(5, 11, 8): 4 
(5, 11, 14): 9 
(5, 11, 42): 5 
(5, 11, 44): 4 
(5, 11, 45): 2 
(5, 14, 31): 4 
(5, 16, 39): 4 
(6, 2, 229): 35 
(6, 8, 186): 22 
(6, 8, 203): 5 
(6, 8, 213): 29 
(6, 8, 218): 4 
(6, 8, 219): 4 
(6, 8, 224): 3 
(6, 10, 267): 1 
(6, 13, 214): 7 
(6, 13, 231): 10 
(6, 13, 232): 2 
(6, 14, 144): 65 
(6, 14, 148): 5 
(6, 14, 164): 5 
(6, 14, 217): 3 
(6, 14, 229): 15 
(6, 15, 131): 1 
(6, 15, 146): 5 
(6, 16, 10): 8 
(7, 1, 82): 3 
(7, 3, 74): 7 
(7, 4, 62): 1 
(7, 4, 84): 11 
(7, 4, 89): 1 
(7, 16, 66): 2 
(7, 16, 81): 3 
(7, 17, 61): 1 
(7, 17, 95): 3 
(7, 18, 93): 4 
(8, 0, 372): 11 
(8, 2, 347): 15 
(8, 2, 353): 44 
(8, 2, 373): 16 
(8, 9, 307): 6 
(8, 9, 372): 3 
(8, 9, 391): 4 
(8, 9, 396): 4 
(8, 10, 274): 53 
(8, 10, 362): 18 
(8, 10, 372): 5 
(8, 10, 392): 9 
(8, 14, 30): 1 
(9, 0, 562): 18 
(9, 10, 261): 2 
(9, 10, 349): 8 
(9, 13, 267): 6 
(10, 0, 444): 156 
(10, 2, 14): 1 
(10, 2, 31): 28 
(10, 2, 349): 39 
(10, 2, 355): 1 
(10, 2, 527): 8 
(10, 3, 12): 51 
(10, 5, 18): 2 
(10, 5, 25): 5 
(10, 6, 29): 12 
(10, 8, 21): 1 
(10, 9, 498): 2 
(10, 9, 509): 4 
(10, 14, 30): 35 
(10, 16, 12): 1 
(10, 16, 13): 2 
(10, 17, 29): 5 
(10, 18, 12): 22 
(10, 18, 29): 5 
(11, 1, 20): 11 
(11, 1, 29): 2 
(11, 1, 60): 3 
(11, 1, 78): 3 
(11, 1, 115): 2 
(11, 3, 71): 7 
(11, 4, 22): 1 
(11, 4, 33): 2 
(11, 4, 55): 3 
(11, 4, 61): 4 
(11, 5, 23): 7 
(11, 12, 70): 5 
(11, 14, 116): 13 
(11, 16, 54): 1 
(11, 17, 57): 1 
(11, 17, 96): 3 
(11, 17, 98): 4 
(12, 4, 149): 2 
(12, 8, 185): 14 
(12, 11, 8): 1 
(12, 11, 104): 2 
(12, 14, 114): 2 
(12, 17, 25): 8 
(12, 17, 67): 8 
(12, 17, 75): 1 
(12, 17, 133): 8 
(12, 17, 145): 4 
(13, 1, 56): 7 
(13, 2, 239): 3 
(13, 8, 216): 7 
(13, 8, 275): 12 
(13, 8, 291): 3 
(13, 10, 271): 13 
(13, 10, 278): 3 
(13, 10, 290): 14 
(13, 18, 14): 1 
(13, 18, 68): 5 
(14, 1, 47): 1 
(14, 6, 48): 2 
(14, 6, 55): 30 
(14, 6, 57): 5 
(14, 6, 138): 18 
(14, 6, 157): 2 
(14, 6, 171): 4 
(14, 8, 182): 4 
(14, 8, 190): 4 
(14, 8, 199): 5 
(14, 8, 272): 36 
(14, 8, 279): 5 
(14, 8, 284): 21 
(14, 9, 317): 3 
(14, 10, 263): 32 
(14, 10, 270): 18 
(14, 13, 192): 1 
(14, 13, 268): 3 
(14, 15, 184): 1 
(14, 16, 15): 1 
(14, 16, 53): 11 
(14, 16, 58): 3 
(15, 6, 169): 3 
(15, 9, 246): 8 
(15, 10, 262): 5 
(15, 14, 123): 6 
(15, 14, 157): 1 
(16, 1, 27): 3 
(16, 6, 27): 8 
(16, 6, 33): 4 
(16, 6, 79): 31 
(16, 14, 121): 15 
(17, 1, 50): 1 
(17, 4, 11): 2 
(17, 4, 14): 1 
(17, 4, 89): 1 
(17, 7, 7): 1 
(17, 7, 10): 3 
(17, 7, 47): 4 
(17, 8, 184): 10 
(17, 11, 7): 3 
(17, 11, 43): 3 
(17, 11, 44): 7 
(17, 12, 12): 1 
(17, 12, 89): 4 
(17, 12, 128): 5 
(17, 12, 139): 8 
(17, 12, 142): 3 
(17, 12, 160): 3 
(17, 14, 114): 8 
(18, 1, 50): 2 
(18, 1, 52): 9 
(18, 2, 32): 9 
(18, 3, 135): 2 
(18, 4, 62): 11 
(18, 6, 158): 14 
(18, 13, 137): 3 
(18, 13, 146): 4 
(18, 13, 156): 5 
(18, 13, 171): 4 
(18, 13, 185): 1 
(18, 16, 50): 1 
}
