INSTANCE: "B_4_50_2" 
RELEASES: [0, 0, 0, 0]
DUEDATES: [111, 48, 58, 99]
COMPLETION TIMES: [129, 123, 85, 188]
MAKESPANS: [129, 123, 85, 188]
DELAYS: [18, 75, 27, 89]
COST: 367.0

Solution = { 
START TIMES OF ACTIVITIES OF PROJECT 1:
[0, 23, 25, 33, 38, 45, 57, 67, 82, 86, 97, 98, 106, 111, 116, 96, 122, 107, 116, 106, 87, 74, 116, 68, 50, 15, 51, 86, 50, 42, 77, 42, 57, 92, 67, 25, 1, 100, 45, 0, 124, 122, 0, 7, 51, 59, 67, 82, 122, 10, 35, 129]
START TIMES OF ACTIVITIES OF PROJECT 2:
[0, 67, 67, 47, 0, 0, 0, 76, 7, 92, 79, 82, 17, 84, 82, 93, 51, 77, 61, 97, 92, 15, 100, 1, 102, 90, 7, 103, 90, 77, 97, 103, 105, 111, 98, 92, 89, 111, 117, 113, 113, 113, 108, 118, 105, 93, 113, 93, 104, 89, 90, 123]
START TIMES OF ACTIVITIES OF PROJECT 3:
[0, 19, 20, 10, 27, 30, 13, 8, 7, 20, 0, 8, 17, 18, 32, 18, 42, 32, 28, 11, 8, 30, 7, 46, 37, 56, 35, 0, 46, 58, 37, 53, 47, 63, 45, 50, 56, 66, 71, 48, 42, 67, 66, 67, 67, 78, 49, 42, 61, 32, 58, 85]
START TIMES OF ACTIVITIES OF PROJECT 4:
[0, 9, 115, 120, 124, 127, 136, 137, 146, 155, 157, 159, 168, 173, 177, 151, 17, 9, 184, 168, 159, 157, 157, 168, 158, 137, 136, 145, 136, 128, 135, 168, 126, 25, 126, 124, 120, 22, 16, 30, 16, 30, 27, 23, 131, 0, 139, 11, 26, 135, 17, 188]
TRANSFERS OF GLOBAL RESOURCE G1
(0, 2, 0): 14 
(0, 3, 0): 11 
(0, 3, 1): 3 
(0, 3, 3): 1 
(0, 4, 5): 1 
(1, 2, 88): 2 
(1, 2, 100): 3 
(1, 3, 55): 1 
(1, 4, 109): 8 
(1, 4, 118): 5 
(1, 4, 125): 1 
(1, 4, 129): 1 
(2, 0, 123): 4 
(2, 1, 21): 5 
(2, 1, 23): 6 
(2, 1, 95): 3 
(2, 1, 105): 2 
(2, 4, 14): 3 
(2, 4, 116): 1 
(2, 4, 118): 6 
(2, 4, 123): 2 
(2, 4, 131): 2 
(3, 1, 12): 2 
(3, 1, 75): 3 
(3, 2, 71): 14 
(3, 2, 81): 1 
(4, 0, 175): 26 
(4, 3, 35): 4 
TRANSFERS OF GLOBAL RESOURCE G2
(0, 1, 0): 3 
(0, 1, 6): 8 
(0, 3, 0): 10 
(0, 3, 2): 1 
(0, 4, 0): 15 
(1, 2, 57): 12 
(1, 2, 82): 2 
(1, 2, 107): 1 
(1, 3, 13): 1 
(1, 3, 23): 6 
(1, 3, 51): 5 
(1, 4, 107): 4 
(1, 4, 119): 1 
(1, 4, 123): 6 
(1, 4, 127): 5 
(2, 0, 123): 9 
(2, 4, 119): 5 
(2, 4, 123): 6 
(3, 1, 35): 5 
(3, 1, 61): 2 
(3, 1, 67): 5 
(3, 1, 70): 4 
(3, 1, 85): 5 
(3, 2, 62): 3 
(3, 4, 111): 1 
(4, 0, 184): 28 
(4, 1, 30): 1 
(4, 1, 37): 10 
(4, 2, 31): 2 
(4, 3, 13): 1 
(4, 3, 26): 1 
}
