INSTANCE: "A_10_60_32" 
RELEASES: [0, 0, 0, 0, 0, 0, 0, 0, 0, 0]
DUEDATES: [136, 103, 83, 95, 117, 111, 117, 119, 107, 102]
COMPLETION TIMES: [265, 117, 220, 111, 274, 173, 139, 148, 222, 128]
MAKESPANS: [265, 117, 220, 111, 274, 173, 139, 148, 222, 128]
DELAYS: [129, 14, 137, 16, 157, 62, 22, 29, 115, 26]
COST: 1252.0

Solution = { 
START TIMES OF ACTIVITIES OF PROJECT 1:
[0, 67, 133, 142, 72, 139, 80, 147, 139, 139, 153, 166, 151, 156, 151, 151, 160, 174, 160, 155, 175, 165, 176, 170, 180, 179, 191, 185, 175, 181, 84, 185, 164, 213, 228, 192, 202, 196, 205, 221, 188, 191, 202, 221, 211, 209, 218, 236, 213, 228, 242, 205, 218, 236, 242, 251, 260, 249, 264, 257, 251, 265]
START TIMES OF ACTIVITIES OF PROJECT 2:
[0, 11, 31, 23, 23, 49, 45, 31, 51, 23, 34, 42, 54, 32, 50, 60, 40, 23, 62, 29, 69, 30, 34, 29, 69, 81, 82, 39, 47, 84, 96, 39, 69, 51, 70, 39, 54, 47, 87, 74, 72, 35, 46, 54, 90, 84, 82, 62, 80, 50, 75, 62, 93, 106, 87, 102, 91, 106, 100, 110, 108, 117]
START TIMES OF ACTIVITIES OF PROJECT 3:
[0, 20, 0, 108, 119, 163, 168, 160, 168, 169, 129, 184, 151, 111, 169, 164, 112, 172, 164, 136, 188, 136, 169, 141, 172, 141, 160, 177, 176, 192, 188, 177, 175, 180, 197, 202, 194, 196, 182, 173, 157, 191, 180, 176, 198, 186, 182, 196, 207, 192, 204, 201, 206, 198, 184, 198, 201, 207, 215, 210, 217, 220]
START TIMES OF ACTIVITIES OF PROJECT 4:
[0, 11, 11, 11, 21, 21, 21, 31, 25, 28, 20, 30, 40, 48, 31, 46, 29, 39, 28, 39, 46, 39, 48, 55, 51, 43, 48, 37, 36, 60, 61, 62, 62, 69, 44, 61, 56, 67, 43, 78, 63, 68, 63, 67, 69, 69, 78, 39, 71, 68, 73, 81, 82, 84, 86, 92, 97, 98, 95, 93, 102, 111]
START TIMES OF ACTIVITIES OF PROJECT 5:
[0, 147, 153, 138, 171, 218, 177, 153, 161, 207, 183, 190, 151, 190, 189, 177, 174, 217, 204, 229, 231, 173, 214, 191, 166, 191, 215, 199, 201, 237, 232, 209, 173, 184, 204, 194, 227, 195, 198, 233, 238, 223, 224, 206, 238, 245, 223, 246, 217, 245, 240, 247, 256, 251, 252, 246, 215, 263, 251, 271, 256, 274]
START TIMES OF ACTIVITIES OF PROJECT 6:
[0, 42, 28, 26, 71, 30, 59, 48, 113, 81, 69, 85, 81, 130, 90, 109, 116, 103, 57, 96, 35, 51, 103, 76, 111, 103, 122, 106, 102, 30, 94, 123, 120, 116, 51, 100, 141, 73, 34, 105, 124, 122, 139, 141, 128, 134, 94, 160, 149, 156, 161, 121, 134, 153, 138, 151, 151, 161, 164, 167, 167, 173]
START TIMES OF ACTIVITIES OF PROJECT 7:
[0, 15, 15, 15, 35, 25, 38, 54, 25, 53, 55, 34, 23, 45, 23, 67, 28, 56, 33, 33, 47, 40, 53, 57, 63, 62, 82, 58, 56, 76, 84, 65, 67, 91, 46, 93, 85, 47, 68, 103, 80, 111, 70, 89, 94, 114, 104, 91, 96, 97, 91, 118, 111, 104, 117, 119, 124, 129, 129, 110, 137, 139]
START TIMES OF ACTIVITIES OF PROJECT 8:
[0, 24, 20, 66, 28, 64, 48, 39, 66, 49, 24, 87, 38, 75, 53, 61, 58, 38, 53, 75, 72, 45, 79, 99, 106, 78, 64, 90, 71, 65, 85, 115, 111, 73, 77, 104, 90, 121, 64, 99, 85, 128, 111, 121, 113, 78, 111, 128, 96, 113, 138, 129, 132, 143, 129, 137, 138, 137, 141, 147, 56, 148]
START TIMES OF ACTIVITIES OF PROJECT 9:
[0, 133, 25, 118, 26, 113, 135, 123, 130, 131, 134, 135, 136, 137, 126, 144, 162, 166, 164, 137, 135, 140, 170, 140, 153, 163, 147, 171, 150, 159, 192, 202, 154, 166, 136, 145, 155, 149, 200, 184, 179, 177, 168, 203, 210, 184, 203, 172, 149, 203, 167, 164, 189, 194, 177, 199, 184, 203, 213, 212, 215, 222]
START TIMES OF ACTIVITIES OF PROJECT 10:
[0, 20, 17, 17, 41, 75, 34, 24, 46, 20, 44, 50, 48, 42, 41, 43, 45, 50, 59, 58, 24, 49, 76, 83, 90, 57, 90, 69, 31, 60, 89, 93, 52, 64, 86, 52, 73, 108, 72, 100, 83, 83, 26, 52, 101, 100, 64, 77, 63, 102, 105, 105, 74, 92, 61, 67, 113, 101, 123, 114, 123, 128]
TRANSFERS OF GLOBAL RESOURCE G1
(0, 2, 0): 30 
(0, 3, 0): 7 
(0, 4, 3): 22 
(0, 4, 13): 10 
(0, 4, 17): 1 
(0, 6, 0): 3 
(0, 7, 10): 10 
(0, 7, 20): 4 
(0, 8, 0): 10 
(0, 8, 4): 1 
(0, 9, 12): 4 
(0, 10, 7): 14 
(0, 10, 14): 2 
(1, 0, 260): 30 
(1, 2, 80): 1 
(1, 8, 84): 1 
(1, 9, 92): 1 
(2, 1, 41): 3 
(2, 1, 107): 5 
(2, 1, 113): 6 
(2, 1, 125): 1 
(2, 1, 129): 1 
(2, 1, 130): 3 
(2, 1, 134): 2 
(2, 5, 124): 1 
(2, 5, 133): 1 
(2, 10, 28): 4 
(2, 10, 51): 1 
(2, 10, 73): 2 
(2, 10, 74): 1 
(3, 0, 220): 32 
(3, 6, 25): 5 
(3, 8, 25): 1 
(3, 8, 39): 1 
(4, 3, 102): 7 
(4, 3, 112): 3 
(4, 6, 38): 1 
(4, 6, 54): 2 
(4, 6, 77): 1 
(4, 6, 81): 2 
(4, 6, 83): 2 
(4, 6, 97): 4 
(4, 6, 120): 1 
(4, 7, 35): 2 
(4, 7, 46): 2 
(4, 7, 77): 1 
(4, 8, 97): 2 
(4, 8, 104): 2 
(4, 10, 56): 1 
(5, 0, 274): 33 
(6, 0, 173): 4 
(6, 3, 159): 2 
(6, 5, 173): 9 
(6, 5, 178): 5 
(6, 5, 179): 1 
(7, 5, 127): 2 
(7, 5, 136): 5 
(7, 5, 140): 1 
(7, 5, 150): 2 
(7, 9, 98): 3 
(7, 9, 103): 4 
(7, 9, 118): 1 
(7, 9, 139): 2 
(7, 10, 35): 1 
(7, 10, 61): 5 
(7, 10, 92): 2 
(8, 3, 143): 8 
(8, 3, 146): 2 
(8, 3, 149): 4 
(8, 3, 158): 3 
(8, 3, 161): 1 
(8, 3, 162): 1 
(9, 0, 222): 19 
(9, 1, 192): 2 
(9, 3, 157): 1 
(9, 5, 157): 1 
(9, 5, 168): 1 
(9, 5, 181): 1 
(9, 5, 189): 3 
(9, 8, 51): 1 
(9, 10, 30): 2 
(9, 10, 32): 1 
(10, 1, 112): 5 
(10, 1, 130): 5 
(10, 7, 48): 1 
(10, 7, 50): 1 
(10, 7, 74): 5 
(10, 7, 77): 2 
(10, 9, 101): 5 
(10, 9, 106): 5 
(10, 9, 119): 1 
(10, 9, 123): 5 
(10, 9, 128): 1 
TRANSFERS OF GLOBAL RESOURCE G2
(0, 2, 0): 8 
(0, 2, 12): 9 
(0, 2, 21): 1 
(0, 4, 0): 16 
(0, 4, 10): 8 
(0, 4, 19): 1 
(0, 6, 17): 10 
(0, 7, 0): 15 
(0, 7, 8): 4 
(0, 7, 10): 5 
(0, 7, 13): 1 
(0, 8, 0): 7 
(0, 8, 4): 2 
(0, 9, 0): 7 
(0, 10, 0): 10 
(0, 10, 3): 12 
(1, 0, 265): 24 
(1, 2, 80): 3 
(1, 7, 94): 5 
(1, 10, 81): 2 
(2, 1, 57): 2 
(2, 1, 132): 2 
(2, 5, 110): 1 
(2, 5, 118): 2 
(2, 6, 54): 1 
(2, 6, 57): 1 
(2, 6, 62): 1 
(2, 6, 120): 1 
(2, 7, 50): 1 
(2, 8, 103): 1 
(2, 9, 110): 2 
(2, 9, 114): 4 
(2, 9, 119): 6 
(3, 0, 220): 19 
(3, 5, 140): 4 
(3, 5, 144): 4 
(3, 5, 191): 7 
(3, 5, 217): 4 
(3, 5, 225): 7 
(4, 3, 86): 6 
(4, 3, 114): 6 
(4, 5, 111): 2 
(4, 6, 35): 1 
(4, 6, 69): 2 
(4, 6, 87): 4 
(4, 6, 95): 1 
(4, 6, 113): 1 
(4, 6, 132): 1 
(4, 8, 86): 1 
(4, 8, 104): 1 
(5, 0, 274): 37 
(6, 0, 173): 7 
(6, 3, 140): 9 
(6, 3, 178): 11 
(6, 5, 173): 2 
(7, 1, 58): 7 
(7, 1, 63): 1 
(7, 1, 133): 1 
(7, 1, 142): 7 
(7, 1, 204): 1 
(7, 2, 34): 1 
(7, 2, 82): 3 
(7, 3, 142): 1 
(7, 4, 60): 1 
(7, 6, 66): 1 
(7, 9, 110): 3 
(7, 9, 111): 5 
(7, 10, 71): 1 
(8, 3, 131): 3 
(8, 3, 139): 3 
(8, 3, 140): 2 
(8, 3, 143): 1 
(8, 3, 146): 1 
(8, 3, 151): 2 
(8, 5, 137): 1 
(8, 5, 148): 3 
(8, 6, 148): 4 
(9, 0, 222): 29 
(9, 1, 224): 1 
(9, 7, 35): 2 
(9, 8, 26): 1 
(9, 8, 27): 1 
(9, 10, 50): 3 
(10, 1, 128): 2 
(10, 1, 134): 10 
(10, 8, 28): 1 
(10, 8, 93): 4 
(10, 8, 95): 1 
(10, 9, 103): 2 
(10, 9, 108): 5 
(10, 9, 123): 3 
}
