INSTANCE: "A_8_60_23" 
RELEASES: [0, 0, 0, 0, 0, 0, 0, 0]
DUEDATES: [115, 116, 117, 136, 108, 104, 90, 74]
COMPLETION TIMES: [172, 115, 203, 225, 152, 117, 103, 79]
MAKESPANS: [172, 115, 203, 225, 152, 117, 103, 79]
DELAYS: [57, 0, 86, 89, 44, 13, 13, 5]
COST: 736.5

Solution = { 
START TIMES OF ACTIVITIES OF PROJECT 1:
[0, 34, 23, 11, 15, 44, 40, 60, 102, 57, 76, 72, 92, 73, 99, 125, 86, 74, 83, 29, 70, 102, 44, 109, 44, 121, 88, 106, 111, 113, 132, 141, 117, 148, 100, 112, 134, 98, 109, 47, 132, 139, 139, 148, 140, 115, 127, 159, 124, 143, 157, 149, 157, 150, 157, 164, 162, 160, 171, 170, 160, 172]
START TIMES OF ACTIVITIES OF PROJECT 2:
[0, 5, 5, 5, 14, 14, 23, 66, 12, 15, 14, 14, 25, 31, 35, 44, 24, 31, 38, 33, 47, 37, 42, 24, 24, 20, 61, 75, 44, 80, 42, 52, 31, 33, 64, 61, 74, 63, 96, 80, 77, 46, 69, 89, 44, 84, 79, 55, 56, 78, 69, 84, 103, 90, 71, 105, 88, 98, 106, 110, 98, 115]
START TIMES OF ACTIVITIES OF PROJECT 3:
[0, 99, 84, 83, 110, 123, 93, 103, 116, 150, 112, 113, 133, 119, 100, 136, 135, 124, 130, 142, 161, 135, 123, 111, 93, 114, 177, 169, 139, 135, 189, 153, 112, 147, 152, 143, 130, 126, 176, 135, 167, 161, 167, 115, 167, 174, 103, 187, 177, 176, 140, 158, 176, 183, 184, 179, 142, 192, 197, 200, 192, 203]
START TIMES OF ACTIVITIES OF PROJECT 4:
[0, 12, 94, 85, 89, 85, 85, 100, 109, 103, 132, 107, 101, 117, 97, 117, 126, 127, 107, 103, 112, 145, 127, 127, 154, 117, 112, 145, 139, 134, 97, 136, 126, 159, 167, 151, 151, 136, 151, 168, 154, 182, 161, 175, 168, 183, 184, 201, 160, 175, 184, 183, 192, 192, 207, 207, 216, 216, 220, 221, 202, 225]
START TIMES OF ACTIVITIES OF PROJECT 5:
[0, 10, 10, 31, 71, 13, 34, 15, 81, 56, 23, 51, 63, 18, 84, 91, 91, 95, 97, 105, 65, 44, 24, 105, 118, 50, 97, 98, 93, 68, 104, 99, 110, 86, 118, 24, 99, 105, 105, 110, 106, 123, 123, 77, 108, 133, 133, 105, 119, 145, 140, 125, 115, 128, 142, 139, 134, 139, 151, 146, 146, 152]
START TIMES OF ACTIVITIES OF PROJECT 6:
[0, 5, 5, 5, 13, 8, 15, 30, 31, 23, 21, 66, 68, 19, 38, 22, 39, 41, 8, 63, 47, 31, 53, 48, 29, 29, 39, 45, 39, 43, 30, 36, 79, 60, 70, 56, 91, 76, 58, 68, 70, 56, 64, 43, 62, 70, 59, 82, 59, 73, 68, 88, 82, 92, 99, 100, 83, 91, 100, 108, 102, 117]
START TIMES OF ACTIVITIES OF PROJECT 7:
[0, 11, 11, 10, 11, 12, 20, 21, 20, 60, 21, 43, 12, 30, 29, 40, 38, 57, 17, 21, 22, 38, 69, 20, 46, 30, 34, 30, 84, 24, 27, 49, 30, 49, 38, 72, 50, 45, 60, 27, 50, 55, 40, 59, 67, 55, 38, 72, 74, 77, 80, 83, 77, 63, 74, 85, 81, 83, 85, 94, 89, 103]
START TIMES OF ACTIVITIES OF PROJECT 8:
[0, 7, 7, 7, 16, 12, 24, 22, 45, 28, 11, 34, 11, 18, 42, 19, 25, 31, 41, 38, 44, 31, 37, 47, 35, 39, 29, 27, 54, 58, 23, 16, 11, 63, 40, 34, 44, 36, 57, 40, 53, 52, 25, 43, 55, 48, 43, 63, 60, 54, 50, 55, 61, 43, 68, 63, 68, 59, 76, 70, 67, 79]
TRANSFERS OF GLOBAL RESOURCE G1
(0, 1, 1): 8 
(0, 2, 0): 19 
(0, 2, 15): 1 
(0, 5, 4): 13 
(0, 6, 0): 17 
(0, 7, 0): 4 
(0, 7, 1): 15 
(0, 8, 0): 15 
(0, 8, 4): 9 
(0, 8, 5): 1 
(1, 0, 172): 29 
(1, 5, 58): 1 
(1, 5, 88): 1 
(1, 5, 90): 2 
(1, 5, 100): 2 
(1, 6, 61): 1 
(1, 8, 42): 1 
(1, 8, 47): 3 
(1, 8, 48): 1 
(1, 8, 49): 1 
(2, 3, 72): 4 
(2, 3, 104): 1 
(2, 3, 111): 6 
(2, 4, 104): 5 
(2, 4, 109): 3 
(2, 4, 124): 1 
(2, 5, 40): 5 
(2, 5, 91): 1 
(2, 5, 93): 9 
(2, 6, 18): 5 
(2, 6, 22): 6 
(2, 6, 40): 1 
(2, 6, 42): 5 
(2, 6, 47): 1 
(2, 6, 55): 1 
(2, 6, 69): 3 
(2, 6, 72): 5 
(2, 6, 90): 3 
(2, 6, 107): 3 
(2, 8, 22): 1 
(2, 8, 24): 1 
(2, 8, 25): 1 
(3, 0, 203): 32 
(4, 0, 225): 24 
(4, 1, 89): 1 
(4, 1, 90): 1 
(4, 5, 90): 1 
(4, 5, 100): 3 
(4, 6, 97): 3 
(5, 0, 152): 17 
(5, 1, 71): 2 
(5, 1, 78): 1 
(5, 1, 106): 2 
(5, 1, 120): 5 
(5, 2, 33): 1 
(5, 3, 119): 1 
(5, 4, 80): 2 
(5, 4, 146): 1 
(5, 4, 149): 3 
(5, 6, 25): 2 
(5, 6, 56): 1 
(5, 8, 23): 1 
(5, 8, 24): 3 
(5, 8, 25): 3 
(5, 8, 50): 5 
(6, 1, 92): 9 
(6, 2, 13): 1 
(6, 2, 14): 9 
(6, 2, 32): 4 
(6, 2, 36): 3 
(6, 2, 62): 3 
(6, 2, 63): 4 
(6, 2, 83): 4 
(6, 2, 87): 3 
(6, 2, 88): 1 
(6, 2, 97): 1 
(6, 2, 102): 5 
(6, 3, 117): 3 
(6, 3, 122): 1 
(6, 4, 82): 6 
(6, 4, 124): 2 
(6, 5, 64): 8 
(6, 5, 93): 1 
(6, 7, 76): 2 
(6, 8, 8): 1 
(6, 8, 31): 8 
(7, 1, 57): 2 
(7, 2, 36): 1 
(7, 2, 44): 2 
(7, 3, 76): 2 
(7, 3, 92): 2 
(7, 3, 103): 7 
(7, 3, 104): 1 
(7, 3, 106): 1 
(7, 3, 109): 1 
(7, 6, 91): 1 
(7, 6, 92): 2 
(8, 1, 18): 2 
(8, 1, 67): 2 
(8, 1, 68): 3 
(8, 1, 69): 4 
(8, 2, 35): 1 
(8, 2, 41): 1 
(8, 2, 60): 1 
(8, 2, 61): 3 
(8, 2, 68): 3 
(8, 3, 69): 1 
(8, 3, 70): 1 
(8, 4, 79): 10 
(8, 5, 40): 1 
(8, 5, 59): 1 
(8, 5, 61): 1 
(8, 6, 18): 4 
(8, 6, 36): 6 
(8, 6, 42): 3 
(8, 6, 57): 2 
(8, 6, 65): 4 
(8, 7, 76): 1 
TRANSFERS OF GLOBAL RESOURCE G2
(0, 1, 0): 6 
(0, 2, 3): 9 
(0, 2, 12): 15 
(0, 4, 0): 3 
(0, 5, 0): 6 
(0, 6, 1): 12 
(0, 6, 6): 10 
(0, 7, 0): 23 
(0, 8, 3): 22 
(1, 0, 172): 27 
(1, 4, 70): 1 
(2, 0, 115): 2 
(2, 3, 78): 1 
(2, 3, 79): 4 
(2, 3, 88): 8 
(2, 3, 110): 6 
(2, 3, 130): 3 
(2, 3, 135): 1 
(2, 4, 114): 3 
(2, 5, 55): 1 
(2, 5, 76): 2 
(2, 5, 85): 1 
(2, 5, 126): 2 
(2, 6, 30): 1 
(2, 6, 31): 3 
(2, 6, 33): 2 
(2, 8, 23): 2 
(3, 0, 203): 20 
(3, 1, 124): 3 
(3, 1, 149): 3 
(3, 2, 100): 1 
(4, 0, 221): 32 
(4, 8, 19): 2 
(4, 8, 20): 1 
(5, 0, 152): 25 
(5, 2, 98): 3 
(5, 8, 34): 2 
(6, 2, 98): 1 
(6, 4, 78): 9 
(6, 4, 96): 3 
(6, 4, 100): 6 
(6, 4, 102): 2 
(6, 4, 120): 1 
(6, 5, 42): 4 
(6, 5, 84): 5 
(6, 8, 15): 4 
(6, 8, 24): 4 
(6, 8, 48): 4 
(6, 8, 49): 2 
(7, 1, 14): 2 
(7, 1, 25): 1 
(7, 1, 45): 1 
(7, 1, 85): 3 
(7, 1, 94): 1 
(7, 1, 96): 3 
(7, 1, 97): 2 
(7, 2, 60): 1 
(7, 2, 64): 1 
(7, 2, 95): 1 
(7, 3, 104): 2 
(7, 3, 108): 2 
(7, 4, 86): 1 
(7, 4, 104): 1 
(7, 5, 76): 1 
(8, 1, 81): 3 
(8, 2, 64): 4 
(8, 2, 66): 1 
(8, 2, 69): 3 
(8, 2, 70): 2 
(8, 4, 76): 5 
(8, 5, 54): 3 
(8, 5, 75): 1 
(8, 5, 82): 2 
(8, 5, 84): 2 
(8, 6, 34): 2 
(8, 6, 35): 1 
(8, 6, 37): 2 
(8, 6, 56): 1 
(8, 6, 58): 3 
(8, 6, 59): 2 
(8, 6, 66): 5 
(8, 6, 72): 1 
}
