INSTANCE: "B_18_50_10" 
RELEASES: [0, 0, 0, 0, 0, 0, 0, 0, 0, 0, 0, 0, 0, 0, 0, 0, 0, 0]
DUEDATES: [156, 150, 63, 124, 112, 67, 156, 140, 116, 179, 181, 153, 70, 61, 111, 166, 140, 135]
COMPLETION TIMES: [589, 160, 63, 156, 141, 67, 625, 212, 106, 444, 400, 242, 97, 70, 127, 434, 159, 186]
MAKESPANS: [589, 160, 63, 156, 141, 67, 625, 212, 106, 444, 400, 242, 97, 70, 127, 434, 159, 186]
DELAYS: [433, 10, 0, 32, 29, 0, 469, 72, 0, 265, 219, 89, 27, 9, 16, 268, 19, 51]
COST: 3143.0

Solution = { 
START TIMES OF ACTIVITIES OF PROJECT 1:
[0, 437, 443, 49, 451, 476, 544, 499, 507, 509, 510, 525, 427, 535, 495, 537, 466, 540, 455, 549, 557, 559, 439, 486, 477, 510, 464, 563, 536, 466, 586, 580, 536, 549, 455, 510, 571, 519, 580, 574, 507, 495, 554, 557, 563, 561, 569, 582, 584, 467, 569, 589]
START TIMES OF ACTIVITIES OF PROJECT 2:
[0, 30, 21, 68, 30, 25, 71, 21, 83, 127, 25, 11, 100, 30, 39, 52, 109, 44, 8, 49, 36, 59, 119, 34, 129, 93, 137, 109, 75, 74, 32, 114, 119, 146, 68, 88, 136, 136, 151, 88, 92, 94, 36, 81, 137, 143, 154, 144, 94, 84, 71, 160]
START TIMES OF ACTIVITIES OF PROJECT 3:
[0, 5, 16, 18, 8, 9, 17, 24, 5, 11, 9, 8, 39, 20, 8, 11, 0, 24, 5, 31, 33, 5, 24, 22, 17, 47, 33, 27, 17, 24, 47, 38, 47, 29, 34, 27, 38, 53, 48, 57, 36, 33, 51, 48, 47, 51, 42, 27, 33, 50, 52, 63]
START TIMES OF ACTIVITIES OF PROJECT 4:
[0, 52, 57, 58, 66, 80, 82, 91, 98, 112, 117, 17, 125, 131, 63, 132, 36, 138, 83, 149, 9, 146, 45, 120, 137, 151, 0, 23, 103, 23, 91, 47, 82, 132, 97, 131, 117, 134, 73, 92, 57, 103, 73, 98, 27, 58, 141, 143, 138, 8, 61, 156]
START TIMES OF ACTIVITIES OF PROJECT 5:
[0, 49, 33, 31, 23, 56, 60, 19, 43, 66, 23, 72, 56, 78, 78, 43, 97, 23, 88, 16, 54, 54, 124, 72, 54, 56, 97, 126, 107, 74, 7, 133, 97, 110, 126, 88, 108, 107, 117, 86, 103, 78, 60, 107, 97, 45, 108, 103, 116, 86, 120, 141]
START TIMES OF ACTIVITIES OF PROJECT 6:
[0, 3, 3, 3, 6, 3, 0, 13, 10, 3, 10, 5, 17, 6, 21, 10, 13, 19, 15, 10, 10, 16, 21, 18, 10, 28, 34, 17, 30, 20, 35, 22, 57, 19, 41, 39, 26, 28, 43, 58, 37, 57, 58, 58, 37, 26, 48, 21, 57, 35, 50, 67]
START TIMES OF ACTIVITIES OF PROJECT 7:
[0, 461, 469, 475, 502, 511, 513, 516, 486, 518, 540, 555, 557, 564, 582, 586, 8, 595, 318, 525, 575, 545, 546, 495, 557, 527, 560, 522, 557, 525, 520, 586, 537, 520, 507, 494, 515, 562, 573, 578, 308, 561, 569, 476, 571, 584, 595, 599, 599, 607, 617, 625]
START TIMES OF ACTIVITIES OF PROJECT 8:
[0, 81, 82, 32, 92, 102, 115, 107, 120, 121, 132, 144, 55, 154, 123, 160, 155, 162, 65, 169, 177, 190, 169, 72, 110, 45, 173, 176, 155, 92, 177, 175, 204, 162, 141, 132, 180, 155, 172, 200, 120, 171, 163, 202, 167, 202, 143, 177, 211, 122, 181, 212]
START TIMES OF ACTIVITIES OF PROJECT 9:
[0, 19, 25, 21, 0, 32, 34, 7, 12, 40, 7, 53, 25, 59, 34, 32, 44, 24, 67, 18, 32, 50, 54, 83, 29, 15, 76, 87, 63, 53, 20, 94, 81, 68, 67, 67, 87, 67, 67, 76, 59, 65, 34, 44, 36, 34, 76, 53, 76, 85, 100, 106]
START TIMES OF ACTIVITIES OF PROJECT 10:
[0, 186, 196, 199, 202, 204, 244, 254, 200, 269, 278, 356, 360, 362, 400, 405, 176, 413, 234, 22, 364, 290, 424, 386, 287, 260, 204, 434, 366, 278, 380, 403, 27, 163, 224, 223, 211, 380, 360, 369, 167, 270, 382, 396, 281, 377, 403, 405, 405, 414, 428, 444]
START TIMES OF ACTIVITIES OF PROJECT 11:
[0, 252, 267, 272, 276, 279, 280, 285, 25, 294, 297, 337, 345, 356, 373, 380, 37, 390, 243, 7, 310, 345, 300, 324, 349, 264, 345, 334, 348, 353, 348, 380, 336, 282, 233, 302, 314, 354, 261, 315, 47, 324, 353, 369, 314, 358, 370, 380, 387, 390, 366, 400]
START TIMES OF ACTIVITIES OF PROJECT 12:
[0, 100, 109, 111, 117, 125, 133, 134, 81, 135, 162, 173, 175, 185, 190, 197, 73, 206, 149, 125, 93, 116, 170, 207, 170, 167, 175, 141, 180, 39, 147, 200, 179, 148, 138, 88, 145, 200, 175, 187, 64, 180, 204, 127, 132, 197, 217, 226, 226, 232, 159, 242]
START TIMES OF ACTIVITIES OF PROJECT 13:
[0, 30, 52, 10, 30, 0, 34, 34, 30, 0, 64, 35, 45, 56, 13, 10, 54, 34, 35, 74, 80, 41, 37, 30, 10, 66, 81, 54, 88, 65, 76, 88, 74, 74, 66, 56, 76, 46, 61, 66, 61, 41, 47, 83, 56, 39, 40, 10, 57, 18, 10, 97]
START TIMES OF ACTIVITIES OF PROJECT 14:
[0, 38, 13, 9, 9, 45, 23, 0, 13, 23, 9, 0, 52, 23, 48, 35, 45, 27, 31, 45, 15, 23, 13, 30, 61, 52, 52, 38, 27, 15, 9, 23, 61, 50, 56, 53, 56, 69, 45, 29, 48, 48, 36, 62, 35, 27, 27, 32, 0, 13, 22, 70]
START TIMES OF ACTIVITIES OF PROJECT 15:
[0, 5, 8, 23, 25, 46, 51, 61, 74, 78, 96, 97, 105, 110, 115, 86, 119, 105, 119, 105, 86, 8, 68, 78, 65, 0, 29, 35, 57, 29, 59, 49, 41, 16, 61, 49, 34, 22, 16, 25, 87, 115, 42, 35, 43, 57, 68, 74, 119, 49, 49, 127]
START TIMES OF ACTIVITIES OF PROJECT 16:
[0, 293, 298, 300, 317, 327, 338, 341, 214, 342, 351, 355, 357, 363, 364, 394, 224, 404, 364, 18, 263, 357, 382, 238, 364, 392, 313, 314, 18, 351, 271, 356, 337, 245, 280, 372, 337, 398, 288, 306, 262, 338, 404, 392, 132, 231, 409, 419, 419, 422, 427, 434]
START TIMES OF ACTIVITIES OF PROJECT 17:
[0, 24, 29, 49, 62, 75, 77, 86, 100, 114, 120, 77, 123, 129, 155, 130, 105, 142, 15, 83, 39, 152, 43, 123, 140, 105, 7, 83, 106, 85, 92, 57, 114, 130, 100, 130, 7, 120, 32, 91, 38, 66, 32, 102, 133, 102, 137, 124, 146, 7, 114, 159]
START TIMES OF ACTIVITIES OF PROJECT 18:
[0, 8, 41, 16, 62, 75, 42, 79, 80, 82, 83, 92, 31, 132, 17, 133, 80, 153, 25, 164, 172, 160, 41, 46, 55, 141, 62, 172, 133, 62, 172, 133, 105, 164, 63, 83, 176, 106, 111, 72, 102, 106, 167, 179, 174, 172, 176, 116, 105, 16, 179, 186]
TRANSFERS OF GLOBAL RESOURCE G1
(0, 2, 0): 6 
(0, 3, 0): 24 
(0, 3, 3): 21 
(0, 3, 4): 13 
(0, 4, 0): 12 
(0, 5, 0): 2 
(0, 6, 0): 27 
(0, 6, 2): 6 
(0, 6, 14): 2 
(0, 7, 0): 85 
(0, 9, 0): 9 
(0, 9, 3): 8 
(0, 11, 4): 18 
(0, 11, 22): 1 
(0, 13, 0): 37 
(0, 14, 0): 14 
(0, 14, 4): 24 
(0, 15, 0): 7 
(0, 15, 3): 14 
(0, 17, 5): 11 
(0, 18, 0): 16 
(1, 0, 589): 157 
(1, 8, 73): 5 
(1, 17, 69): 4 
(2, 8, 172): 2 
(2, 9, 34): 1 
(2, 9, 61): 4 
(2, 10, 145): 2 
(2, 10, 164): 5 
(2, 14, 43): 15 
(2, 16, 112): 6 
(2, 18, 102): 1 
(2, 18, 168): 15 
(3, 4, 11): 1 
(3, 5, 13): 7 
(3, 5, 16): 1 
(3, 5, 51): 1 
(3, 5, 53): 1 
(3, 5, 75): 5 
(3, 5, 94): 5 
(3, 11, 20): 23 
(3, 11, 42): 14 
(3, 12, 28): 16 
(3, 15, 41): 2 
(3, 15, 55): 2 
(4, 10, 144): 11 
(4, 12, 28): 1 
(4, 15, 46): 1 
(4, 15, 100): 6 
(4, 16, 115): 1 
(4, 18, 59): 5 
(4, 18, 103): 9 
(4, 18, 130): 1 
(4, 18, 164): 2 
(4, 18, 169): 2 
(5, 2, 87): 1 
(5, 3, 24): 1 
(5, 3, 47): 3 
(5, 4, 49): 3 
(5, 4, 88): 2 
(5, 4, 89): 1 
(5, 4, 138): 7 
(5, 16, 118): 2 
(5, 17, 130): 1 
(5, 18, 37): 7 
(5, 18, 58): 4 
(5, 18, 129): 10 
(6, 3, 42): 1 
(6, 8, 26): 4 
(6, 8, 39): 4 
(6, 8, 49): 14 
(6, 8, 75): 1 
(6, 11, 19): 1 
(6, 11, 41): 1 
(6, 13, 59): 4 
(6, 13, 67): 3 
(6, 13, 69): 9 
(6, 15, 43): 2 
(6, 15, 45): 2 
(6, 17, 29): 2 
(6, 17, 30): 4 
(7, 0, 625): 190 
(7, 3, 22): 6 
(7, 5, 21): 5 
(7, 5, 41): 1 
(7, 5, 43): 1 
(7, 9, 29): 4 
(7, 11, 18): 56 
(7, 11, 327): 32 
(7, 11, 338): 4 
(7, 12, 27): 10 
(7, 14, 39): 2 
(7, 16, 342): 14 
(7, 16, 348): 33 
(7, 16, 367): 12 
(8, 10, 175): 22 
(8, 10, 212): 46 
(8, 16, 123): 24 
(8, 16, 205): 61 
(8, 17, 134): 2 
(9, 2, 43): 4 
(9, 2, 88): 4 
(9, 4, 48): 4 
(9, 10, 143): 3 
(9, 12, 32): 4 
(9, 12, 57): 11 
(9, 12, 74): 9 
(9, 16, 110): 3 
(10, 0, 444): 10 
(10, 1, 31): 9 
(10, 1, 522): 22 
(10, 7, 291): 50 
(10, 7, 301): 12 
(10, 7, 444): 61 
(10, 7, 508): 20 
(10, 11, 300): 2 
(10, 13, 31): 16 
(10, 13, 32): 1 
(10, 13, 53): 1 
(10, 16, 212): 87 
(10, 16, 260): 20 
(10, 16, 269): 23 
(10, 16, 291): 36 
(10, 16, 380): 2 
(10, 16, 390): 30 
(10, 16, 392): 6 
(10, 16, 407): 15 
(10, 17, 28): 1 
(11, 1, 417): 91 
(11, 1, 427): 2 
(11, 7, 301): 34 
(11, 8, 35): 36 
(11, 8, 71): 10 
(11, 9, 58): 5 
(11, 10, 381): 11 
(11, 12, 57): 62 
(11, 12, 74): 2 
(11, 14, 38): 2 
(11, 16, 350): 4 
(11, 16, 381): 9 
(11, 18, 57): 7 
(12, 6, 46): 2 
(12, 6, 47): 15 
(12, 7, 296): 4 
(12, 10, 214): 5 
(12, 11, 226): 8 
(12, 11, 236): 55 
(12, 11, 245): 44 
(12, 13, 46): 4 
(13, 8, 24): 5 
(13, 8, 37): 7 
(13, 8, 47): 11 
(13, 8, 94): 12 
(13, 8, 113): 2 
(13, 10, 24): 5 
(13, 12, 82): 2 
(13, 16, 16): 23 
(13, 17, 15): 3 
(13, 17, 82): 2 
(13, 17, 83): 3 
(14, 2, 19): 10 
(14, 2, 23): 1 
(14, 2, 28): 4 
(14, 2, 50): 7 
(14, 2, 66): 5 
(14, 2, 79): 1 
(14, 2, 81): 2 
(14, 4, 52): 1 
(14, 5, 48): 1 
(14, 5, 50): 6 
(14, 9, 15): 5 
(14, 9, 16): 5 
(14, 9, 62): 1 
(14, 12, 73): 5 
(14, 15, 50): 1 
(14, 18, 38): 4 
(14, 18, 52): 2 
(15, 3, 25): 9 
(15, 5, 94): 4 
(15, 11, 21): 1 
(15, 12, 29): 3 
(15, 12, 90): 9 
(15, 16, 119): 14 
(15, 17, 132): 1 
(16, 1, 421): 17 
(16, 1, 423): 9 
(16, 1, 439): 16 
(16, 7, 446): 104 
(16, 8, 153): 1 
(16, 10, 20): 2 
(16, 10, 25): 21 
(16, 10, 161): 58 
(16, 10, 232): 6 
(16, 10, 242): 15 
(16, 10, 288): 33 
(16, 10, 354): 83 
(16, 10, 360): 27 
(16, 10, 398): 27 
(16, 10, 426): 15 
(17, 8, 29): 3 
(17, 8, 42): 6 
(17, 8, 52): 1 
(17, 8, 117): 5 
(17, 8, 118): 2 
(17, 8, 140): 11 
(17, 8, 159): 5 
(17, 16, 122): 1 
(18, 2, 84): 3 
(18, 2, 90): 3 
(18, 4, 79): 3 
(18, 4, 80): 5 
(18, 5, 50): 2 
(18, 8, 175): 8 
(18, 10, 144): 5 
(18, 10, 148): 7 
(18, 10, 204): 14 
(18, 10, 205): 1 
(18, 11, 20): 9 
(18, 11, 228): 6 
(18, 12, 195): 3 
(18, 14, 66): 4 
(18, 15, 47): 4 
(18, 16, 115): 8 
TRANSFERS OF GLOBAL RESOURCE G2
(0, 2, 0): 1 
(0, 3, 0): 18 
(0, 4, 0): 5 
(0, 6, 0): 11 
(0, 7, 3): 50 
(0, 9, 0): 5 
(0, 11, 0): 98 
(0, 17, 0): 17 
(0, 18, 0): 145 
(1, 0, 589): 231 
(1, 4, 52): 1 
(1, 13, 52): 4 
(1, 13, 55): 2 
(2, 5, 10): 1 
(2, 5, 40): 4 
(2, 5, 98): 1 
(2, 5, 99): 5 
(2, 5, 101): 2 
(2, 6, 52): 3 
(2, 9, 84): 1 
(2, 10, 156): 14 
(2, 10, 160): 4 
(2, 12, 85): 2 
(2, 14, 44): 4 
(2, 15, 37): 1 
(2, 15, 40): 2 
(2, 15, 48): 1 
(2, 15, 101): 3 
(2, 16, 129): 10 
(3, 9, 21): 6 
(3, 9, 22): 12 
(3, 9, 41): 6 
(3, 9, 56): 5 
(3, 9, 62): 1 
(3, 9, 64): 11 
(3, 12, 58): 8 
(3, 17, 39): 4 
(3, 18, 38): 12 
(4, 10, 153): 11 
(4, 10, 157): 3 
(4, 12, 149): 4 
(4, 13, 36): 2 
(4, 13, 72): 5 
(4, 13, 77): 1 
(4, 15, 100): 3 
(4, 17, 142): 1 
(4, 18, 94): 2 
(5, 2, 72): 5 
(5, 2, 85): 3 
(5, 4, 124): 1 
(5, 4, 127): 1 
(5, 10, 152): 3 
(5, 10, 156): 4 
(5, 12, 122): 7 
(5, 12, 147): 3 
(5, 15, 24): 1 
(5, 15, 33): 4 
(5, 15, 34): 2 
(5, 15, 40): 10 
(5, 15, 41): 2 
(5, 15, 67): 2 
(5, 15, 104): 6 
(5, 17, 137): 1 
(5, 18, 59): 1 
(5, 18, 137): 1 
(6, 2, 24): 1 
(6, 2, 26): 3 
(6, 2, 28): 3 
(6, 2, 69): 4 
(6, 3, 40): 3 
(6, 4, 34): 1 
(6, 8, 74): 1 
(6, 9, 11): 1 
(6, 10, 23): 6 
(6, 11, 32): 14 
(6, 12, 60): 3 
(6, 15, 34): 1 
(6, 18, 66): 6 
(6, 18, 70): 1 
(6, 18, 71): 4 
(7, 0, 625): 116 
(7, 5, 18): 20 
(7, 10, 393): 6 
(7, 11, 329): 18 
(7, 11, 350): 31 
(7, 14, 18): 29 
(7, 15, 18): 1 
(7, 16, 331): 9 
(8, 3, 42): 1 
(8, 7, 303): 3 
(8, 10, 236): 13 
(8, 10, 261): 1 
(8, 11, 253): 8 
(8, 12, 125): 7 
(9, 2, 104): 1 
(9, 3, 30): 5 
(9, 3, 48): 4 
(9, 6, 53): 4 
(9, 8, 28): 5 
(9, 8, 51): 3 
(9, 8, 68): 1 
(9, 8, 88): 5 
(9, 8, 116): 1 
(9, 12, 84): 3 
(9, 12, 89): 6 
(9, 12, 121): 5 
(9, 17, 37): 1 
(9, 17, 100): 2 
(9, 18, 35): 11 
(9, 18, 74): 12 
(9, 18, 105): 1 
(10, 1, 412): 48 
(10, 1, 495): 32 
(10, 7, 301): 59 
(10, 7, 311): 2 
(10, 7, 454): 111 
(10, 11, 31): 8 
(10, 11, 237): 27 
(10, 11, 261): 41 
(10, 11, 381): 4 
(10, 12, 37): 10 
(10, 13, 28): 6 
(10, 15, 31): 4 
(10, 16, 209): 18 
(10, 16, 219): 38 
(10, 16, 288): 42 
(10, 16, 377): 30 
(10, 17, 37): 3 
(10, 18, 34): 27 
(11, 0, 400): 3 
(11, 1, 409): 41 
(11, 2, 19): 13 
(11, 2, 66): 6 
(11, 6, 16): 22 
(11, 7, 517): 1 
(11, 9, 57): 3 
(11, 9, 59): 7 
(11, 10, 16): 6 
(11, 10, 350): 33 
(11, 10, 390): 12 
(11, 10, 394): 15 
(11, 10, 399): 19 
(11, 12, 57): 9 
(11, 16, 16): 53 
(11, 16, 261): 49 
(11, 16, 335): 18 
(11, 16, 355): 17 
(11, 16, 380): 24 
(11, 16, 390): 32 
(11, 18, 60): 1 
(11, 18, 63): 14 
(12, 2, 135): 9 
(12, 6, 53): 2 
(12, 6, 54): 8 
(12, 8, 136): 5 
(12, 10, 184): 103 
(12, 10, 222): 7 
(12, 10, 242): 56 
(12, 11, 226): 102 
(12, 16, 126): 8 
(12, 16, 232): 10 
(12, 17, 128): 4 
(12, 18, 126): 68 
(12, 18, 135): 3 
(13, 1, 47): 7 
(13, 4, 48): 6 
(13, 4, 87): 3 
(13, 4, 130): 1 
(13, 18, 61): 3 
(13, 18, 91): 18 
(14, 12, 76): 7 
(14, 13, 28): 1 
(14, 13, 33): 3 
(14, 13, 75): 2 
(14, 15, 24): 5 
(14, 15, 37): 4 
(14, 15, 41): 6 
(14, 17, 69): 8 
(14, 18, 60): 4 
(15, 2, 85): 2 
(15, 4, 127): 3 
(15, 4, 128): 1 
(15, 5, 44): 4 
(15, 5, 55): 12 
(15, 5, 96): 8 
(15, 9, 79): 4 
(15, 12, 76): 6 
(15, 12, 122): 11 
(15, 14, 51): 7 
(16, 1, 410): 3 
(16, 1, 420): 52 
(16, 1, 422): 6 
(16, 1, 438): 27 
(16, 1, 493): 22 
(16, 2, 148): 7 
(16, 7, 518): 4 
(16, 10, 22): 39 
(16, 10, 351): 87 
(16, 10, 361): 19 
(16, 10, 364): 4 
(16, 10, 395): 1 
(16, 10, 400): 3 
(16, 10, 423): 26 
(16, 11, 23): 14 
(16, 11, 250): 14 
(16, 11, 364): 19 
(16, 18, 142): 11 
(17, 3, 13): 2 
(17, 3, 14): 4 
(17, 3, 44): 2 
(17, 4, 48): 2 
(17, 6, 49): 2 
(17, 8, 155): 1 
(17, 9, 15): 8 
(17, 10, 161): 1 
(17, 12, 88): 3 
(17, 12, 95): 6 
(17, 12, 142): 5 
(17, 12, 144): 5 
(17, 13, 44): 1 
(17, 18, 39): 6 
(17, 18, 70): 3 
(17, 18, 77): 5 
(17, 18, 109): 3 
(17, 18, 139): 6 
(17, 18, 158): 4 
(18, 3, 17): 6 
(18, 3, 30): 5 
(18, 3, 31): 5 
(18, 3, 33): 4 
(18, 3, 44): 6 
(18, 4, 16): 4 
(18, 4, 47): 2 
(18, 4, 52): 1 
(18, 8, 64): 4 
(18, 8, 164): 7 
(18, 10, 20): 7 
(18, 10, 237): 7 
(18, 12, 58): 20 
(18, 12, 82): 35 
(18, 12, 94): 35 
(18, 12, 119): 50 
(18, 12, 181): 80 
(18, 12, 184): 23 
(18, 12, 194): 32 
(18, 13, 16): 10 
(18, 13, 26): 1 
(18, 17, 22): 8 
(18, 17, 60): 5 
(18, 17, 98): 6 
(18, 17, 100): 4 
(18, 17, 121): 1 
(18, 17, 128): 4 
}
