INSTANCE: "B_10_50_14" 
RELEASES: [0, 0, 0, 0, 0, 0, 0, 0, 0, 0]
DUEDATES: [148, 163, 141, 71, 126, 70, 114, 154, 138, 144]
COMPLETION TIMES: [546, 383, 170, 84, 154, 92, 119, 224, 308, 174]
MAKESPANS: [546, 383, 170, 84, 154, 92, 119, 224, 308, 174]
DELAYS: [398, 220, 29, 13, 28, 22, 5, 70, 170, 30]
COST: 1619.5

Solution = { 
START TIMES OF ACTIVITIES OF PROJECT 1:
[0, 413, 414, 433, 434, 438, 440, 469, 404, 476, 485, 498, 500, 509, 510, 513, 459, 521, 510, 429, 378, 500, 369, 423, 520, 491, 455, 449, 488, 488, 484, 496, 497, 485, 388, 511, 499, 497, 496, 484, 440, 502, 506, 505, 423, 455, 521, 531, 531, 541, 538, 546]
START TIMES OF ACTIVITIES OF PROJECT 2:
[0, 243, 251, 271, 274, 282, 284, 278, 293, 303, 315, 316, 323, 335, 339, 346, 191, 356, 197, 218, 261, 269, 219, 230, 282, 256, 323, 306, 324, 303, 323, 353, 331, 323, 325, 240, 311, 335, 328, 361, 208, 356, 357, 346, 207, 363, 365, 366, 373, 373, 345, 383]
START TIMES OF ACTIVITIES OF PROJECT 3:
[0, 10, 17, 29, 42, 90, 101, 98, 107, 111, 112, 121, 19, 129, 7, 132, 107, 140, 29, 149, 160, 76, 29, 34, 53, 80, 60, 157, 132, 43, 157, 130, 167, 149, 42, 112, 164, 135, 130, 69, 72, 160, 152, 168, 157, 157, 162, 157, 107, 60, 164, 170]
START TIMES OF ACTIVITIES OF PROJECT 4:
[0, 0, 28, 35, 21, 41, 20, 21, 43, 47, 35, 5, 60, 5, 63, 40, 52, 36, 64, 73, 30, 20, 33, 10, 31, 0, 75, 61, 48, 55, 55, 47, 63, 51, 47, 52, 49, 36, 20, 54, 44, 35, 14, 41, 20, 49, 52, 33, 33, 21, 27, 84]
START TIMES OF ACTIVITIES OF PROJECT 5:
[0, 28, 32, 34, 49, 57, 73, 81, 83, 92, 100, 108, 24, 113, 123, 85, 14, 133, 34, 0, 139, 108, 113, 137, 132, 97, 85, 92, 80, 60, 93, 145, 92, 108, 139, 51, 57, 32, 32, 18, 34, 42, 40, 67, 140, 123, 8, 24, 67, 73, 125, 154]
START TIMES OF ACTIVITIES OF PROJECT 6:
[0, 41, 40, 24, 0, 41, 45, 20, 0, 27, 47, 44, 4, 46, 27, 44, 61, 74, 27, 67, 32, 6, 10, 31, 20, 51, 57, 85, 74, 55, 81, 58, 59, 64, 51, 51, 77, 81, 73, 63, 54, 52, 40, 47, 51, 23, 49, 51, 45, 25, 20, 92]
START TIMES OF ACTIVITIES OF PROJECT 7:
[0, 17, 59, 18, 13, 65, 24, 20, 10, 13, 16, 16, 20, 17, 0, 65, 29, 79, 80, 72, 37, 13, 49, 72, 52, 65, 26, 67, 45, 93, 21, 65, 16, 113, 70, 88, 101, 72, 93, 82, 65, 101, 74, 29, 72, 80, 56, 34, 42, 52, 110, 119]
START TIMES OF ACTIVITIES OF PROJECT 8:
[0, 110, 114, 120, 121, 126, 130, 135, 52, 137, 145, 165, 175, 180, 181, 206, 154, 216, 181, 143, 32, 175, 80, 60, 181, 181, 154, 164, 154, 143, 187, 149, 189, 165, 70, 189, 171, 189, 102, 96, 90, 174, 191, 143, 42, 103, 196, 165, 206, 221, 214, 224]
START TIMES OF ACTIVITIES OF PROJECT 9:
[0, 199, 209, 213, 219, 231, 241, 243, 250, 255, 267, 146, 271, 274, 213, 279, 260, 289, 129, 244, 182, 290, 279, 270, 298, 274, 173, 289, 289, 275, 244, 267, 236, 267, 19, 307, 191, 285, 153, 271, 277, 221, 136, 221, 155, 17, 221, 243, 164, 289, 299, 308]
START TIMES OF ACTIVITIES OF PROJECT 10:
[0, 19, 52, 23, 53, 56, 42, 62, 70, 78, 85, 97, 23, 103, 85, 136, 89, 143, 36, 149, 151, 108, 55, 127, 53, 117, 143, 155, 134, 165, 108, 108, 138, 93, 89, 151, 165, 155, 161, 70, 62, 89, 134, 93, 118, 78, 162, 99, 33, 99, 165, 174]
TRANSFERS OF GLOBAL RESOURCE G1
(0, 3, 0): 16 
(0, 3, 33): 4 
(0, 4, 0): 25 
(0, 4, 1): 9 
(0, 5, 0): 6 
(0, 5, 6): 9 
(0, 6, 0): 28 
(0, 7, 0): 11 
(0, 7, 3): 14 
(0, 7, 4): 4 
(0, 8, 0): 84 
(0, 8, 10): 12 
(0, 8, 38): 14 
(0, 9, 0): 6 
(0, 10, 1): 17 
(1, 0, 546): 237 
(2, 0, 383): 22 
(2, 1, 330): 59 
(2, 1, 349): 2 
(2, 1, 365): 9 
(2, 1, 374): 70 
(2, 1, 384): 42 
(2, 1, 452): 25 
(3, 2, 164): 6 
(3, 2, 186): 2 
(3, 5, 72): 5 
(3, 8, 175): 20 
(3, 9, 171): 4 
(4, 8, 52): 17 
(4, 8, 78): 17 
(5, 2, 174): 8 
(5, 3, 121): 1 
(5, 3, 146): 3 
(5, 7, 67): 2 
(5, 8, 168): 6 
(5, 9, 110): 1 
(5, 9, 117): 9 
(6, 2, 154): 1 
(6, 3, 146): 4 
(6, 8, 21): 2 
(6, 8, 47): 10 
(6, 8, 61): 1 
(6, 10, 118): 10 
(7, 3, 80): 3 
(7, 3, 122): 6 
(7, 5, 21): 5 
(7, 5, 50): 1 
(7, 5, 78): 4 
(7, 8, 38): 4 
(7, 8, 78): 3 
(7, 9, 103): 5 
(8, 1, 327): 1 
(8, 1, 336): 3 
(8, 1, 346): 4 
(8, 2, 182): 85 
(8, 2, 221): 12 
(8, 2, 231): 16 
(8, 2, 234): 15 
(8, 2, 314): 10 
(8, 2, 316): 49 
(8, 9, 225): 3 
(8, 9, 270): 1 
(9, 1, 333): 20 
(9, 8, 23): 6 
(9, 8, 177): 3 
(10, 1, 343): 2 
(10, 2, 176): 25 
TRANSFERS OF GLOBAL RESOURCE G2
(0, 3, 0): 6 
(0, 3, 3): 145 
(0, 4, 0): 7 
(0, 5, 0): 6 
(0, 5, 4): 8 
(0, 5, 10): 1 
(0, 6, 0): 2 
(0, 7, 0): 21 
(0, 7, 1): 7 
(0, 7, 2): 3 
(0, 7, 4): 1 
(0, 9, 0): 20 
(0, 10, 0): 14 
(1, 0, 546): 233 
(2, 0, 383): 8 
(2, 1, 380): 30 
(2, 1, 451): 90 
(3, 2, 170): 50 
(3, 2, 176): 16 
(3, 2, 198): 4 
(3, 2, 219): 1 
(3, 4, 19): 6 
(3, 6, 19): 7 
(3, 7, 31): 9 
(3, 8, 18): 4 
(3, 8, 28): 4 
(3, 8, 151): 7 
(3, 9, 108): 34 
(3, 9, 161): 1 
(3, 9, 170): 66 
(3, 10, 18): 2 
(4, 3, 54): 13 
(4, 3, 85): 18 
(5, 3, 60): 4 
(5, 6, 40): 5 
(5, 9, 120): 13 
(5, 9, 127): 3 
(5, 9, 146): 6 
(5, 9, 155): 3 
(6, 5, 69): 3 
(6, 5, 71): 5 
(6, 5, 78): 2 
(6, 5, 79): 2 
(6, 5, 125): 1 
(6, 8, 81): 1 
(6, 8, 87): 2 
(6, 9, 107): 1 
(6, 9, 124): 4 
(6, 10, 79): 7 
(6, 10, 83): 3 
(6, 10, 93): 1 
(7, 3, 58): 1 
(7, 3, 72): 2 
(7, 3, 80): 6 
(7, 3, 89): 4 
(7, 3, 122): 6 
(7, 4, 21): 1 
(7, 4, 26): 9 
(7, 4, 34): 5 
(7, 4, 37): 3 
(7, 9, 117): 1 
(7, 9, 135): 1 
(7, 10, 131): 2 
(8, 2, 216): 11 
(8, 2, 299): 4 
(8, 3, 62): 6 
(8, 9, 145): 3 
(8, 9, 172): 2 
(8, 10, 150): 1 
(9, 1, 355): 107 
(9, 1, 374): 3 
(9, 1, 399): 3 
(9, 2, 200): 17 
(9, 2, 203): 9 
(9, 2, 283): 4 
(9, 2, 288): 9 
(9, 5, 23): 1 
(9, 5, 25): 1 
(9, 6, 18): 11 
(9, 6, 22): 2 
(9, 6, 23): 1 
(9, 8, 23): 1 
(9, 10, 18): 3 
(10, 2, 211): 3 
(10, 5, 74): 4 
(10, 6, 25): 4 
(10, 8, 47): 1 
(10, 8, 75): 3 
(10, 8, 105): 2 
(10, 8, 159): 2 
(10, 9, 111): 4 
(10, 9, 173): 10 
}
