INSTANCE: "A_4_60_29" 
RELEASES: [0, 0, 0, 0]
DUEDATES: [87, 108, 81, 91]
COMPLETION TIMES: [104, 163, 85, 108]
MAKESPANS: [104, 163, 85, 108]
DELAYS: [17, 55, 4, 17]
COST: 276.5

Solution = { 
START TIMES OF ACTIVITIES OF PROJECT 1:
[0, 7, 18, 8, 26, 32, 32, 19, 29, 42, 52, 26, 42, 52, 33, 20, 41, 53, 58, 53, 46, 39, 78, 47, 54, 55, 20, 46, 38, 57, 79, 62, 50, 64, 70, 60, 75, 78, 88, 70, 74, 92, 74, 83, 77, 93, 58, 84, 89, 84, 95, 95, 78, 52, 96, 83, 96, 100, 101, 90, 93, 104]
START TIMES OF ACTIVITIES OF PROJECT 2:
[0, 10, 10, 24, 18, 64, 34, 44, 95, 23, 98, 131, 19, 89, 27, 22, 25, 52, 113, 105, 88, 104, 118, 117, 121, 94, 148, 96, 69, 108, 114, 115, 141, 95, 82, 111, 101, 100, 126, 118, 78, 126, 142, 150, 127, 135, 122, 62, 91, 123, 112, 141, 117, 135, 123, 140, 141, 149, 155, 159, 150, 163]
START TIMES OF ACTIVITIES OF PROJECT 3:
[0, 2, 5, 0, 5, 6, 10, 14, 14, 14, 18, 24, 17, 8, 24, 20, 22, 29, 10, 39, 11, 48, 8, 53, 36, 29, 12, 44, 32, 25, 5, 62, 26, 50, 6, 14, 47, 39, 63, 24, 19, 56, 33, 49, 53, 61, 25, 69, 43, 33, 39, 64, 48, 66, 26, 69, 74, 67, 77, 80, 69, 85]
START TIMES OF ACTIVITIES OF PROJECT 4:
[0, 9, 9, 9, 18, 24, 18, 23, 64, 15, 43, 33, 23, 26, 18, 58, 71, 32, 24, 32, 49, 62, 37, 45, 15, 38, 60, 54, 19, 29, 68, 53, 26, 70, 54, 38, 75, 45, 39, 47, 66, 65, 69, 69, 80, 75, 76, 84, 90, 80, 88, 91, 79, 85, 88, 97, 98, 93, 99, 99, 100, 108]
TRANSFERS OF GLOBAL RESOURCE G1
(0, 1, 0): 8 
(0, 2, 2): 3 
(0, 3, 0): 2 
(0, 3, 3): 29 
(0, 3, 4): 5 
(0, 4, 0): 18 
(0, 4, 6): 3 
(1, 0, 104): 14 
(1, 2, 100): 6 
(1, 3, 62): 7 
(2, 0, 163): 28 
(2, 1, 38): 1 
(2, 4, 56): 2 
(3, 1, 12): 1 
(3, 1, 13): 2 
(3, 1, 26): 5 
(3, 1, 31): 1 
(3, 1, 43): 2 
(3, 1, 77): 5 
(3, 1, 88): 1 
(3, 2, 15): 3 
(3, 2, 16): 2 
(3, 2, 25): 1 
(3, 2, 79): 2 
(3, 2, 80): 7 
(3, 2, 85): 3 
(3, 4, 14): 2 
(3, 4, 17): 1 
(3, 4, 30): 1 
(3, 4, 60): 4 
(4, 0, 108): 26 
(4, 1, 80): 1 
(4, 2, 75): 2 
(4, 2, 86): 1 
(4, 2, 98): 1 
TRANSFERS OF GLOBAL RESOURCE G2
(0, 1, 0): 5 
(0, 1, 1): 7 
(0, 1, 19): 1 
(0, 2, 0): 12 
(0, 3, 0): 7 
(0, 3, 1): 13 
(0, 3, 5): 1 
(0, 4, 3): 20 
(1, 0, 104): 10 
(1, 2, 84): 2 
(1, 2, 92): 1 
(1, 2, 96): 8 
(1, 4, 21): 3 
(1, 4, 42): 2 
(1, 4, 44): 2 
(1, 4, 66): 1 
(1, 4, 85): 1 
(1, 4, 87): 8 
(2, 0, 163): 31 
(2, 1, 25): 1 
(2, 1, 36): 4 
(2, 1, 37): 1 
(2, 3, 24): 1 
(2, 3, 30): 1 
(2, 4, 29): 1 
(3, 1, 44): 1 
(3, 1, 54): 1 
(3, 1, 62): 1 
(3, 2, 53): 1 
(3, 2, 69): 1 
(3, 2, 73): 4 
(3, 2, 80): 2 
(3, 2, 85): 5 
(3, 2, 87): 3 
(3, 2, 91): 1 
(3, 4, 58): 3 
(4, 0, 108): 25 
(4, 1, 30): 1 
(4, 1, 54): 2 
(4, 1, 57): 2 
(4, 1, 59): 1 
(4, 1, 80): 10 
}
