INSTANCE: "A_16_60_15" 
RELEASES: [0, 0, 0, 0, 0, 0, 0, 0, 0, 0, 0, 0, 0, 0, 0, 0]
DUEDATES: [95, 77, 127, 119, 121, 93, 120, 120, 111, 142, 162, 143, 87, 101, 105, 67]
COMPLETION TIMES: [155, 94, 255, 361, 391, 111, 312, 273, 141, 276, 342, 286, 398, 180, 121, 445]
MAKESPANS: [155, 94, 255, 361, 391, 111, 312, 273, 141, 276, 342, 286, 398, 180, 121, 445]
DELAYS: [60, 17, 128, 242, 270, 18, 192, 153, 30, 134, 180, 143, 311, 79, 16, 378]
COST: 3246.0

Solution = { 
START TIMES OF ACTIVITIES OF PROJECT 1:
[0, 16, 42, 30, 28, 25, 39, 53, 102, 46, 62, 58, 51, 42, 57, 57, 28, 36, 94, 49, 40, 40, 96, 34, 63, 70, 58, 57, 101, 49, 106, 85, 47, 104, 95, 126, 120, 135, 113, 119, 110, 94, 90, 135, 126, 105, 145, 80, 110, 131, 123, 142, 114, 124, 70, 131, 132, 135, 138, 146, 148, 155]
START TIMES OF ACTIVITIES OF PROJECT 2:
[0, 12, 12, 12, 23, 17, 32, 30, 37, 41, 16, 21, 16, 23, 55, 23, 29, 37, 47, 40, 54, 27, 39, 55, 47, 50, 48, 28, 60, 47, 25, 16, 16, 68, 33, 57, 63, 52, 65, 41, 61, 63, 30, 61, 65, 58, 44, 69, 76, 70, 60, 73, 76, 54, 83, 75, 74, 73, 91, 84, 79, 94]
START TIMES OF ACTIVITIES OF PROJECT 3:
[0, 127, 126, 21, 132, 137, 142, 159, 137, 156, 145, 172, 31, 196, 186, 177, 127, 152, 123, 166, 150, 195, 145, 133, 182, 162, 149, 207, 180, 209, 183, 183, 223, 194, 207, 201, 213, 204, 188, 198, 245, 156, 212, 224, 159, 165, 172, 210, 213, 218, 219, 234, 232, 225, 242, 198, 228, 241, 249, 254, 250, 255]
START TIMES OF ACTIVITIES OF PROJECT 4:
[0, 244, 15, 238, 132, 19, 242, 249, 250, 244, 270, 256, 267, 279, 259, 247, 264, 249, 259, 296, 302, 279, 261, 280, 270, 289, 270, 279, 280, 297, 311, 309, 264, 311, 299, 269, 311, 304, 290, 317, 324, 318, 299, 318, 290, 326, 337, 326, 324, 322, 342, 334, 334, 343, 342, 343, 347, 342, 334, 351, 349, 361]
START TIMES OF ACTIVITIES OF PROJECT 5:
[0, 274, 13, 266, 266, 277, 274, 282, 285, 272, 293, 295, 300, 297, 298, 287, 292, 294, 278, 319, 300, 317, 335, 320, 323, 323, 299, 327, 310, 332, 351, 285, 281, 354, 310, 344, 325, 335, 307, 351, 356, 327, 354, 350, 344, 364, 354, 344, 341, 363, 370, 371, 344, 371, 354, 374, 358, 370, 363, 382, 374, 391]
START TIMES OF ACTIVITIES OF PROJECT 6:
[0, 19, 19, 19, 22, 28, 28, 31, 32, 38, 22, 45, 54, 28, 70, 38, 40, 61, 57, 59, 49, 33, 82, 49, 38, 31, 49, 42, 52, 63, 69, 72, 40, 39, 64, 74, 77, 61, 61, 88, 39, 80, 50, 91, 52, 69, 80, 95, 88, 88, 53, 103, 100, 90, 84, 104, 94, 94, 107, 106, 100, 111]
START TIMES OF ACTIVITIES OF PROJECT 7:
[0, 201, 164, 164, 208, 276, 176, 205, 224, 269, 220, 188, 255, 227, 182, 213, 261, 227, 234, 242, 234, 257, 239, 220, 173, 189, 277, 284, 199, 238, 286, 192, 210, 261, 211, 268, 233, 237, 266, 250, 246, 202, 200, 253, 267, 278, 180, 279, 210, 284, 269, 277, 294, 286, 287, 291, 205, 301, 294, 309, 301, 312]
START TIMES OF ACTIVITIES OF PROJECT 8:
[0, 136, 135, 145, 173, 180, 176, 153, 170, 144, 167, 158, 175, 160, 205, 191, 176, 155, 167, 174, 182, 195, 154, 197, 195, 213, 242, 182, 214, 184, 247, 202, 165, 187, 200, 213, 230, 187, 183, 220, 220, 184, 224, 238, 209, 245, 224, 237, 246, 260, 212, 230, 265, 199, 250, 256, 254, 254, 261, 265, 270, 273]
START TIMES OF ACTIVITIES OF PROJECT 9:
[0, 18, 18, 18, 42, 26, 21, 27, 42, 58, 47, 98, 31, 66, 62, 31, 57, 35, 50, 60, 38, 31, 76, 84, 72, 41, 116, 34, 72, 84, 82, 70, 110, 47, 39, 68, 105, 80, 109, 112, 71, 92, 111, 119, 108, 116, 93, 45, 57, 85, 74, 121, 76, 101, 83, 113, 114, 122, 128, 128, 132, 141]
START TIMES OF ACTIVITIES OF PROJECT 10:
[0, 32, 24, 109, 163, 151, 99, 40, 122, 160, 124, 183, 46, 119, 153, 36, 195, 198, 192, 136, 169, 122, 176, 203, 189, 209, 213, 163, 170, 214, 179, 186, 179, 219, 208, 222, 208, 195, 212, 220, 229, 221, 152, 214, 186, 230, 230, 215, 230, 220, 222, 245, 222, 251, 240, 238, 255, 257, 251, 267, 267, 276]
START TIMES OF ACTIVITIES OF PROJECT 11:
[0, 187, 163, 137, 195, 197, 220, 207, 180, 205, 164, 266, 207, 214, 237, 274, 173, 249, 173, 300, 214, 226, 283, 284, 240, 238, 230, 216, 291, 291, 279, 287, 180, 245, 238, 234, 315, 300, 223, 236, 230, 259, 295, 310, 249, 259, 269, 319, 190, 300, 277, 310, 301, 327, 328, 333, 333, 319, 338, 338, 333, 342]
START TIMES OF ACTIVITIES OF PROJECT 12:
[0, 142, 155, 129, 150, 163, 134, 159, 165, 178, 165, 134, 149, 161, 143, 171, 145, 159, 174, 180, 205, 180, 215, 171, 144, 190, 196, 183, 174, 205, 163, 230, 205, 210, 207, 216, 177, 210, 173, 223, 207, 209, 232, 201, 224, 280, 234, 243, 238, 210, 240, 212, 232, 250, 251, 226, 240, 261, 271, 281, 281, 286]
START TIMES OF ACTIVITIES OF PROJECT 13:
[0, 294, 295, 319, 307, 341, 320, 342, 332, 303, 322, 342, 311, 345, 344, 326, 351, 327, 347, 322, 321, 307, 342, 321, 331, 315, 335, 339, 327, 356, 364, 360, 344, 355, 364, 353, 364, 373, 378, 374, 385, 323, 364, 388, 372, 365, 331, 379, 349, 364, 367, 368, 374, 389, 389, 372, 381, 387, 389, 391, 384, 398]
START TIMES OF ACTIVITIES OF PROJECT 14:
[0, 39, 42, 42, 61, 61, 86, 140, 92, 47, 48, 92, 92, 95, 116, 44, 63, 69, 107, 101, 105, 123, 101, 114, 108, 131, 90, 150, 104, 63, 124, 124, 155, 108, 143, 94, 78, 112, 81, 105, 127, 125, 136, 132, 156, 139, 122, 135, 139, 156, 117, 164, 51, 148, 161, 167, 158, 158, 171, 174, 164, 180]
START TIMES OF ACTIVITIES OF PROJECT 15:
[0, 16, 16, 16, 23, 87, 23, 40, 32, 19, 38, 36, 44, 30, 69, 24, 41, 50, 48, 47, 23, 72, 50, 71, 96, 65, 78, 53, 43, 67, 77, 77, 36, 58, 63, 33, 62, 100, 86, 95, 59, 70, 30, 42, 85, 86, 53, 61, 52, 97, 99, 100, 75, 84, 80, 89, 107, 92, 117, 107, 108, 121]
START TIMES OF ACTIVITIES OF PROJECT 16:
[0, 385, 298, 385, 391, 389, 387, 399, 392, 408, 389, 398, 411, 401, 398, 397, 400, 402, 404, 402, 399, 418, 420, 392, 401, 394, 406, 409, 414, 418, 432, 420, 404, 413, 407, 426, 410, 414, 430, 409, 427, 389, 420, 410, 416, 422, 427, 436, 426, 423, 426, 438, 428, 435, 433, 433, 435, 435, 443, 442, 438, 445]
TRANSFERS OF GLOBAL RESOURCE G1
(0, 1, 0): 2 
(0, 2, 0): 5 
(0, 2, 4): 15 
(0, 3, 2): 5 
(0, 4, 0): 5 
(0, 6, 0): 24 
(0, 9, 0): 18 
(0, 9, 3): 6 
(0, 15, 5): 16 
(0, 15, 8): 6 
(1, 3, 123): 11 
(1, 3, 141): 5 
(1, 3, 158): 2 
(1, 10, 144): 1 
(1, 10, 145): 4 
(1, 10, 146): 2 
(1, 12, 139): 4 
(1, 12, 155): 8 
(1, 15, 43): 1 
(1, 15, 56): 2 
(1, 15, 58): 1 
(1, 15, 60): 1 
(2, 1, 87): 1 
(2, 1, 88): 8 
(2, 1, 96): 2 
(2, 10, 86): 3 
(2, 10, 99): 1 
(2, 15, 95): 5 
(2, 15, 96): 3 
(3, 1, 36): 5 
(3, 1, 134): 1 
(3, 4, 249): 1 
(3, 4, 254): 9 
(3, 4, 257): 1 
(3, 7, 216): 2 
(3, 7, 251): 2 
(3, 7, 258): 3 
(3, 10, 147): 4 
(3, 10, 149): 3 
(3, 12, 166): 3 
(3, 12, 205): 1 
(3, 12, 218): 2 
(3, 12, 219): 7 
(3, 12, 221): 3 
(4, 0, 361): 16 
(4, 1, 20): 1 
(4, 1, 28): 1 
(4, 5, 306): 4 
(4, 10, 21): 1 
(4, 10, 141): 1 
(4, 11, 304): 1 
(4, 13, 311): 1 
(4, 13, 313): 2 
(4, 14, 22): 1 
(4, 15, 20): 1 
(5, 0, 391): 20 
(5, 13, 287): 2 
(5, 16, 340): 2 
(5, 16, 344): 1 
(6, 8, 111): 6 
(6, 9, 62): 1 
(6, 9, 65): 1 
(6, 9, 78): 3 
(6, 9, 79): 1 
(6, 9, 99): 2 
(6, 9, 104): 4 
(6, 9, 107): 3 
(6, 9, 110): 3 
(6, 14, 26): 5 
(6, 14, 29): 1 
(6, 14, 77): 3 
(6, 14, 79): 1 
(6, 14, 112): 3 
(6, 14, 118): 1 
(7, 11, 282): 1 
(7, 11, 291): 1 
(7, 13, 299): 2 
(7, 13, 308): 6 
(7, 13, 311): 7 
(7, 13, 316): 2 
(7, 13, 318): 3 
(7, 16, 327): 1 
(8, 11, 256): 1 
(8, 13, 272): 7 
(8, 13, 273): 6 
(8, 16, 273): 3 
(9, 3, 138): 1 
(9, 6, 39): 1 
(9, 6, 46): 1 
(9, 6, 47): 4 
(9, 6, 88): 7 
(9, 6, 89): 1 
(9, 7, 129): 1 
(9, 8, 118): 4 
(9, 8, 127): 4 
(9, 8, 137): 2 
(9, 8, 149): 1 
(9, 11, 126): 2 
(9, 11, 152): 2 
(9, 11, 153): 6 
(9, 14, 29): 2 
(9, 14, 118): 1 
(9, 14, 149): 2 
(10, 3, 241): 3 
(10, 4, 227): 3 
(10, 4, 231): 5 
(10, 4, 238): 3 
(10, 4, 288): 1 
(10, 5, 257): 3 
(10, 5, 260): 3 
(10, 5, 268): 2 
(10, 12, 127): 4 
(10, 12, 143): 1 
(10, 12, 163): 1 
(10, 12, 203): 7 
(10, 12, 207): 3 
(10, 12, 224): 1 
(10, 12, 228): 3 
(10, 13, 277): 1 
(10, 15, 37): 1 
(11, 16, 341): 8 
(11, 16, 342): 11 
(12, 3, 172): 1 
(12, 3, 175): 1 
(12, 3, 177): 3 
(12, 3, 190): 5 
(12, 3, 191): 1 
(12, 3, 193): 2 
(12, 4, 237): 1 
(12, 5, 251): 10 
(12, 5, 259): 2 
(12, 5, 317): 1 
(12, 10, 134): 1 
(12, 10, 149): 3 
(12, 10, 177): 1 
(12, 10, 184): 1 
(12, 10, 212): 1 
(12, 10, 218): 1 
(12, 10, 220): 11 
(12, 10, 249): 6 
(12, 13, 281): 1 
(13, 0, 398): 14 
(13, 16, 378): 16 
(13, 16, 395): 7 
(13, 16, 426): 6 
(14, 7, 143): 7 
(14, 7, 171): 2 
(14, 7, 180): 2 
(14, 7, 181): 2 
(14, 7, 192): 1 
(14, 7, 199): 1 
(14, 11, 178): 2 
(14, 11, 180): 2 
(14, 11, 190): 1 
(15, 1, 23): 3 
(15, 1, 87): 2 
(15, 1, 97): 7 
(15, 1, 113): 5 
(15, 1, 124): 4 
(15, 2, 38): 1 
(15, 2, 72): 2 
(15, 3, 113): 2 
(15, 3, 116): 4 
(15, 3, 117): 1 
(15, 4, 122): 1 
(15, 12, 117): 5 
(16, 0, 445): 52 
(16, 13, 304): 2 
(16, 13, 314): 1 
TRANSFERS OF GLOBAL RESOURCE G2
(0, 1, 0): 10 
(0, 2, 3): 18 
(0, 2, 7): 14 
(0, 2, 14): 1 
(0, 3, 0): 1 
(0, 5, 0): 3 
(0, 6, 0): 9 
(0, 6, 3): 6 
(0, 9, 0): 17 
(0, 10, 0): 5 
(0, 15, 0): 22 
(1, 7, 155): 8 
(1, 8, 151): 2 
(1, 9, 68): 2 
(1, 10, 141): 5 
(1, 11, 124): 5 
(1, 11, 148): 2 
(1, 14, 149): 3 
(2, 1, 91): 5 
(2, 1, 94): 8 
(2, 9, 87): 3 
(2, 10, 25): 2 
(2, 10, 84): 2 
(2, 14, 75): 5 
(2, 14, 79): 10 
(2, 14, 125): 1 
(3, 5, 255): 15 
(3, 5, 258): 1 
(3, 7, 225): 2 
(3, 7, 229): 3 
(3, 8, 150): 2 
(3, 15, 45): 1 
(4, 0, 361): 8 
(4, 11, 291): 2 
(4, 11, 323): 2 
(4, 11, 328): 2 
(4, 12, 141): 3 
(4, 13, 338): 2 
(4, 13, 341): 3 
(4, 16, 348): 5 
(4, 16, 349): 5 
(5, 0, 391): 9 
(5, 1, 15): 2 
(5, 7, 282): 7 
(5, 9, 34): 1 
(5, 13, 293): 8 
(5, 16, 361): 4 
(5, 16, 378): 4 
(5, 16, 380): 7 
(6, 2, 33): 1 
(6, 3, 108): 3 
(6, 4, 107): 3 
(6, 11, 107): 4 
(6, 12, 109): 5 
(6, 15, 71): 1 
(7, 5, 262): 3 
(7, 5, 268): 1 
(7, 5, 277): 1 
(7, 5, 323): 3 
(7, 5, 350): 6 
(7, 11, 300): 1 
(7, 13, 292): 4 
(7, 13, 294): 3 
(7, 16, 360): 3 
(8, 3, 190): 2 
(8, 3, 237): 1 
(8, 4, 279): 2 
(8, 5, 261): 4 
(8, 13, 280): 6 
(8, 13, 281): 2 
(8, 13, 289): 3 
(9, 1, 88): 2 
(9, 7, 156): 5 
(9, 8, 121): 3 
(9, 8, 122): 5 
(9, 8, 137): 1 
(9, 8, 144): 2 
(9, 10, 135): 2 
(9, 14, 110): 1 
(9, 14, 138): 2 
(10, 4, 240): 1 
(10, 4, 279): 3 
(10, 5, 249): 5 
(10, 11, 298): 1 
(10, 12, 183): 1 
(10, 12, 189): 2 
(10, 13, 285): 1 
(10, 14, 34): 1 
(10, 14, 46): 6 
(10, 14, 127): 4 
(10, 14, 130): 1 
(10, 14, 131): 2 
(10, 14, 153): 3 
(10, 14, 156): 1 
(10, 16, 273): 6 
(11, 4, 228): 6 
(11, 4, 232): 1 
(11, 4, 240): 1 
(11, 4, 279): 1 
(11, 4, 307): 5 
(11, 12, 145): 4 
(11, 12, 202): 2 
(11, 16, 342): 4 
(11, 16, 349): 6 
(11, 16, 351): 5 
(11, 16, 355): 8 
(12, 4, 224): 1 
(12, 4, 228): 1 
(12, 4, 230): 5 
(12, 4, 236): 1 
(12, 4, 256): 1 
(12, 10, 220): 1 
(12, 11, 158): 2 
(12, 11, 190): 2 
(12, 11, 209): 2 
(12, 11, 211): 2 
(12, 11, 221): 1 
(12, 11, 261): 3 
(12, 11, 296): 5 
(13, 0, 398): 32 
(14, 2, 63): 2 
(14, 10, 94): 6 
(14, 10, 104): 1 
(14, 10, 117): 1 
(14, 10, 146): 4 
(14, 10, 147): 8 
(14, 10, 174): 1 
(14, 11, 172): 7 
(14, 12, 180): 1 
(14, 12, 185): 9 
(15, 3, 116): 8 
(15, 3, 119): 9 
(15, 6, 19): 2 
(15, 8, 124): 4 
(15, 8, 125): 1 
(16, 0, 445): 57 
}
