INSTANCE: "B_20_50_13" 
RELEASES: [0, 0, 0, 0, 0, 0, 0, 0, 0, 0, 0, 0, 0, 0, 0, 0, 0, 0, 0, 0]
DUEDATES: [129, 83, 133, 108, 119, 154, 125, 136, 139, 145, 130, 97, 86, 115, 120, 120, 128, 174, 135, 85]
COMPLETION TIMES: [344, 83, 166, 157, 153, 446, 120, 272, 328, 597, 481, 125, 106, 144, 149, 168, 185, 697, 487, 117]
MAKESPANS: [344, 83, 166, 157, 153, 446, 120, 272, 328, 597, 481, 125, 106, 144, 149, 168, 185, 697, 487, 117]
DELAYS: [215, 0, 33, 49, 34, 292, 0, 136, 189, 452, 351, 28, 20, 29, 29, 48, 57, 523, 352, 32]
COST: 4097.0

Solution = { 
START TIMES OF ACTIVITIES OF PROJECT 1:
[0, 239, 247, 248, 256, 270, 273, 282, 203, 286, 287, 291, 293, 298, 308, 314, 315, 324, 303, 276, 261, 293, 328, 222, 303, 303, 250, 299, 287, 287, 252, 298, 287, 276, 229, 309, 281, 313, 250, 254, 273, 308, 309, 260, 193, 212, 324, 328, 329, 337, 337, 344]
START TIMES OF ACTIVITIES OF PROJECT 2:
[0, 19, 24, 21, 28, 24, 7, 2, 0, 32, 0, 31, 24, 11, 48, 37, 21, 35, 60, 19, 33, 35, 40, 40, 24, 49, 31, 52, 52, 35, 42, 59, 43, 54, 65, 61, 77, 80, 69, 68, 69, 61, 59, 62, 49, 58, 43, 69, 35, 65, 24, 83]
START TIMES OF ACTIVITIES OF PROJECT 3:
[0, 22, 59, 65, 24, 36, 85, 75, 99, 95, 22, 61, 22, 102, 85, 104, 104, 46, 116, 124, 112, 161, 153, 112, 12, 50, 132, 50, 109, 108, 98, 102, 115, 112, 93, 142, 129, 61, 116, 149, 25, 135, 59, 128, 119, 126, 149, 24, 30, 132, 135, 166]
START TIMES OF ACTIVITIES OF PROJECT 4:
[0, 58, 62, 71, 79, 84, 91, 102, 109, 115, 120, 44, 129, 132, 62, 140, 132, 145, 95, 69, 39, 148, 50, 123, 145, 120, 120, 50, 115, 107, 97, 56, 98, 91, 102, 140, 91, 50, 95, 120, 62, 66, 46, 99, 31, 0, 95, 35, 22, 22, 28, 157]
START TIMES OF ACTIVITIES OF PROJECT 5:
[0, 33, 35, 72, 37, 42, 81, 62, 70, 91, 33, 91, 17, 94, 70, 106, 91, 38, 121, 124, 77, 124, 45, 35, 37, 33, 133, 129, 106, 112, 91, 92, 115, 79, 96, 141, 74, 50, 117, 150, 39, 129, 42, 113, 117, 129, 131, 39, 54, 142, 131, 153]
START TIMES OF ACTIVITIES OF PROJECT 6:
[0, 292, 323, 300, 344, 354, 331, 358, 363, 372, 374, 383, 300, 391, 372, 396, 374, 404, 310, 411, 419, 430, 398, 316, 338, 372, 398, 426, 395, 344, 422, 440, 403, 402, 400, 382, 440, 391, 382, 419, 425, 411, 404, 444, 409, 430, 444, 422, 345, 278, 424, 446]
START TIMES OF ACTIVITIES OF PROJECT 7:
[0, 26, 37, 49, 19, 17, 59, 39, 47, 63, 17, 63, 9, 64, 54, 66, 59, 22, 75, 86, 63, 86, 108, 19, 29, 17, 98, 69, 66, 63, 72, 64, 76, 61, 78, 28, 47, 45, 78, 117, 39, 91, 28, 85, 71, 86, 106, 45, 21, 88, 92, 120]
START TIMES OF ACTIVITIES OF PROJECT 8:
[0, 144, 157, 26, 162, 195, 147, 196, 201, 202, 204, 218, 108, 228, 202, 229, 230, 236, 163, 239, 247, 185, 230, 118, 169, 134, 230, 247, 229, 37, 247, 250, 258, 236, 232, 204, 267, 213, 254, 255, 213, 244, 239, 270, 244, 258, 254, 258, 262, 99, 249, 272]
START TIMES OF ACTIVITIES OF PROJECT 9:
[0, 210, 216, 25, 226, 227, 225, 233, 242, 244, 245, 254, 190, 270, 217, 277, 242, 290, 161, 296, 307, 280, 200, 263, 179, 243, 284, 304, 271, 200, 315, 307, 271, 280, 186, 253, 312, 270, 286, 304, 283, 311, 286, 288, 290, 318, 312, 290, 286, 170, 310, 328]
START TIMES OF ACTIVITIES OF PROJECT 10:
[0, 472, 480, 481, 483, 485, 503, 516, 457, 520, 529, 533, 536, 551, 560, 564, 567, 574, 552, 506, 508, 561, 502, 19, 567, 553, 506, 543, 529, 529, 488, 541, 500, 510, 535, 564, 551, 558, 500, 490, 552, 558, 559, 19, 26, 463, 574, 582, 582, 590, 590, 597]
START TIMES OF ACTIVITIES OF PROJECT 11:
[0, 370, 372, 378, 389, 394, 399, 403, 90, 411, 412, 415, 421, 429, 436, 437, 140, 445, 430, 395, 352, 436, 419, 360, 442, 395, 415, 468, 428, 412, 411, 430, 442, 412, 453, 421, 416, 428, 443, 457, 382, 417, 430, 411, 112, 419, 445, 453, 458, 474, 474, 481]
START TIMES OF ACTIVITIES OF PROJECT 12:
[0, 35, 59, 65, 87, 26, 102, 40, 49, 48, 104, 33, 112, 44, 118, 121, 71, 75, 47, 15, 18, 15, 45, 41, 123, 108, 59, 95, 104, 79, 99, 56, 65, 71, 41, 102, 65, 49, 15, 38, 56, 28, 79, 47, 71, 93, 57, 75, 87, 93, 71, 125]
START TIMES OF ACTIVITIES OF PROJECT 13:
[0, 46, 36, 40, 18, 18, 34, 40, 52, 34, 0, 34, 36, 18, 46, 57, 52, 42, 0, 52, 26, 52, 47, 46, 46, 52, 62, 54, 48, 18, 67, 68, 67, 62, 49, 74, 84, 73, 95, 92, 69, 81, 99, 64, 55, 59, 61, 73, 27, 62, 18, 106]
START TIMES OF ACTIVITIES OF PROJECT 14:
[0, 17, 27, 68, 19, 34, 75, 46, 55, 89, 17, 29, 42, 102, 55, 104, 108, 17, 112, 115, 62, 121, 17, 111, 19, 57, 120, 46, 96, 79, 79, 90, 104, 79, 79, 27, 115, 64, 106, 121, 17, 124, 64, 106, 92, 129, 89, 29, 21, 114, 134, 144]
START TIMES OF ACTIVITIES OF PROJECT 15:
[0, 46, 53, 64, 72, 77, 84, 90, 100, 114, 119, 29, 128, 131, 50, 132, 106, 137, 96, 50, 22, 140, 35, 122, 137, 106, 119, 84, 116, 114, 90, 28, 88, 84, 84, 131, 84, 39, 50, 122, 50, 116, 22, 100, 60, 0, 88, 13, 22, 91, 32, 149]
START TIMES OF ACTIVITIES OF PROJECT 16:
[0, 26, 60, 85, 75, 26, 101, 51, 79, 102, 26, 62, 0, 103, 61, 105, 152, 95, 124, 127, 70, 130, 112, 113, 28, 46, 133, 101, 105, 111, 102, 103, 120, 101, 143, 39, 60, 71, 122, 130, 77, 132, 51, 122, 152, 156, 69, 62, 75, 158, 158, 168]
START TIMES OF ACTIVITIES OF PROJECT 17:
[0, 62, 65, 27, 69, 84, 74, 85, 91, 92, 94, 112, 46, 124, 92, 127, 93, 148, 56, 151, 159, 170, 130, 69, 119, 36, 129, 159, 127, 91, 159, 131, 180, 134, 103, 101, 162, 107, 129, 167, 135, 131, 137, 165, 142, 175, 142, 181, 164, 27, 161, 185]
START TIMES OF ACTIVITIES OF PROJECT 18:
[0, 541, 544, 554, 556, 565, 570, 578, 570, 601, 617, 643, 649, 654, 656, 660, 67, 670, 655, 63, 676, 649, 686, 524, 656, 631, 562, 598, 616, 611, 623, 617, 696, 584, 533, 673, 621, 643, 621, 590, 636, 622, 655, 584, 53, 611, 665, 673, 673, 680, 681, 697]
START TIMES OF ACTIVITIES OF PROJECT 19:
[0, 344, 347, 347, 349, 359, 363, 364, 382, 387, 397, 421, 349, 431, 387, 433, 169, 455, 373, 466, 474, 449, 373, 406, 416, 204, 436, 474, 432, 387, 432, 444, 461, 435, 445, 388, 484, 436, 453, 463, 442, 443, 438, 474, 463, 474, 479, 455, 453, 175, 479, 487]
START TIMES OF ACTIVITIES OF PROJECT 20:
[0, 32, 38, 50, 55, 61, 0, 69, 80, 80, 12, 93, 102, 40, 37, 84, 0, 110, 102, 77, 84, 85, 99, 92, 112, 63, 81, 84, 69, 78, 61, 63, 61, 102, 81, 90, 55, 32, 71, 77, 40, 83, 40, 46, 1, 37, 85, 37, 16, 32, 34, 117]
TRANSFERS OF GLOBAL RESOURCE G1
(0, 2, 0): 14 
(0, 2, 2): 11 
(0, 2, 5): 3 
(0, 3, 0): 6 
(0, 3, 2): 2 
(0, 7, 0): 5 
(0, 7, 2): 13 
(0, 8, 0): 4 
(0, 9, 0): 18 
(0, 10, 0): 124 
(0, 12, 0): 23 
(0, 13, 0): 28 
(0, 14, 0): 59 
(0, 14, 2): 16 
(0, 15, 0): 21 
(0, 16, 0): 3 
(0, 17, 0): 8 
(1, 6, 339): 9 
(1, 6, 347): 6 
(2, 7, 34): 3 
(2, 7, 42): 8 
(2, 7, 68): 2 
(2, 15, 47): 1 
(2, 15, 66): 3 
(2, 15, 78): 7 
(2, 15, 82): 8 
(2, 15, 84): 4 
(2, 16, 40): 4 
(2, 16, 41): 1 
(3, 4, 32): 2 
(3, 4, 39): 4 
(3, 4, 88): 9 
(3, 4, 125): 2 
(3, 5, 119): 5 
(3, 9, 149): 1 
(3, 19, 162): 15 
(3, 19, 168): 1 
(4, 3, 105): 12 
(4, 3, 135): 1 
(4, 5, 81): 2 
(4, 5, 107): 2 
(4, 5, 114): 2 
(4, 5, 121): 4 
(4, 9, 147): 15 
(4, 19, 165): 3 
(5, 3, 38): 7 
(5, 3, 100): 2 
(5, 9, 154): 28 
(6, 10, 448): 160 
(6, 10, 463): 13 
(6, 10, 491): 34 
(6, 10, 499): 5 
(7, 2, 21): 8 
(7, 2, 59): 2 
(7, 9, 123): 15 
(7, 15, 81): 6 
(8, 6, 275): 110 
(8, 6, 289): 10 
(8, 11, 49): 5 
(8, 12, 61): 2 
(8, 17, 67): 1 
(8, 18, 50): 20 
(8, 20, 78): 14 
(9, 5, 26): 6 
(9, 5, 28): 12 
(9, 6, 324): 44 
(9, 6, 332): 2 
(9, 10, 465): 2 
(9, 11, 317): 5 
(9, 11, 335): 7 
(9, 11, 376): 13 
(9, 19, 333): 119 
(10, 0, 597): 154 
(10, 8, 26): 44 
(10, 12, 43): 2 
(10, 18, 42): 57 
(10, 18, 513): 66 
(10, 18, 644): 31 
(10, 20, 20): 13 
(10, 20, 26): 8 
(11, 6, 253): 1 
(11, 9, 126): 7 
(11, 10, 478): 21 
(11, 18, 496): 4 
(12, 8, 85): 9 
(12, 8, 130): 11 
(12, 20, 17): 5 
(12, 20, 22): 2 
(12, 20, 23): 2 
(13, 3, 87): 1 
(13, 4, 19): 2 
(13, 4, 26): 2 
(13, 4, 75): 5 
(13, 4, 77): 6 
(13, 4, 78): 1 
(13, 4, 112): 4 
(13, 5, 19): 4 
(13, 9, 152): 2 
(13, 11, 63): 2 
(13, 14, 64): 6 
(13, 16, 70): 3 
(14, 3, 22): 5 
(14, 3, 31): 3 
(14, 4, 22): 1 
(14, 4, 24): 3 
(14, 9, 138): 39 
(14, 11, 99): 1 
(14, 13, 31): 4 
(14, 13, 33): 6 
(14, 16, 21): 4 
(14, 18, 23): 6 
(14, 19, 144): 9 
(15, 2, 56): 3 
(15, 8, 169): 2 
(15, 9, 123): 16 
(15, 16, 32): 1 
(15, 16, 37): 4 
(15, 16, 116): 2 
(15, 17, 55): 6 
(15, 17, 62): 5 
(15, 19, 135): 10 
(15, 19, 141): 1 
(16, 1, 182): 11 
(16, 1, 228): 1 
(16, 6, 252): 2 
(16, 17, 71): 4 
(16, 19, 144): 5 
(17, 6, 266): 17 
(17, 8, 171): 1 
(17, 8, 189): 1 
(17, 9, 116): 1 
(17, 16, 41): 1 
(17, 19, 128): 3 
(18, 0, 697): 204 
(18, 8, 82): 48 
(18, 8, 127): 3 
(18, 8, 178): 1 
(18, 12, 89): 1 
(18, 19, 116): 35 
(18, 20, 98): 3 
(19, 1, 283): 3 
(19, 6, 240): 11 
(19, 9, 199): 9 
(19, 9, 214): 18 
(19, 9, 232): 41 
(19, 10, 462): 4 
(19, 10, 495): 6 
(19, 10, 515): 1 
(19, 10, 521): 5 
(19, 18, 471): 31 
(19, 18, 480): 41 
(19, 18, 488): 31 
(20, 8, 92): 19 
(20, 8, 101): 9 
(20, 8, 137): 10 
(20, 12, 44): 1 
(20, 18, 53): 8 
TRANSFERS OF GLOBAL RESOURCE G2
(0, 2, 0): 26 
(0, 3, 0): 14 
(0, 3, 10): 2 
(0, 3, 12): 27 
(0, 4, 0): 10 
(0, 5, 0): 10 
(0, 7, 0): 9 
(0, 7, 8): 7 
(0, 7, 12): 8 
(0, 9, 0): 5 
(0, 10, 5): 196 
(0, 12, 0): 1 
(0, 14, 0): 34 
(0, 15, 0): 8 
(0, 15, 9): 18 
(0, 16, 0): 17 
(0, 20, 0): 6 
(1, 11, 326): 25 
(1, 11, 334): 3 
(1, 11, 344): 24 
(1, 19, 336): 115 
(2, 3, 78): 5 
(2, 11, 64): 2 
(2, 11, 86): 5 
(2, 12, 33): 2 
(2, 12, 39): 2 
(2, 12, 40): 2 
(2, 12, 42): 2 
(2, 12, 43): 11 
(2, 12, 99): 2 
(2, 14, 86): 7 
(2, 14, 96): 1 
(2, 14, 105): 1 
(2, 20, 78): 2 
(3, 5, 25): 21 
(3, 5, 27): 6 
(3, 5, 109): 2 
(3, 5, 116): 11 
(3, 9, 165): 25 
(3, 9, 176): 6 
(3, 14, 103): 2 
(3, 17, 126): 4 
(3, 20, 30): 12 
(3, 20, 38): 2 
(3, 20, 61): 8 
(3, 20, 83): 1 
(3, 20, 100): 1 
(3, 20, 110): 1 
(4, 11, 78): 9 
(4, 11, 100): 2 
(4, 11, 128): 7 
(4, 15, 70): 2 
(4, 19, 160): 10 
(5, 3, 57): 7 
(5, 3, 85): 4 
(5, 9, 153): 39 
(5, 11, 61): 2 
(5, 14, 100): 8 
(5, 20, 52): 3 
(6, 10, 439): 18 
(6, 10, 445): 38 
(6, 10, 454): 57 
(6, 11, 319): 1 
(6, 11, 378): 10 
(6, 11, 383): 7 
(6, 19, 398): 2 
(7, 4, 64): 5 
(7, 4, 93): 1 
(7, 8, 122): 3 
(7, 15, 74): 1 
(7, 17, 74): 5 
(7, 17, 83): 2 
(7, 17, 93): 8 
(7, 17, 119): 7 
(7, 20, 25): 2 
(7, 20, 28): 2 
(8, 1, 210): 11 
(8, 1, 280): 24 
(8, 6, 258): 49 
(8, 6, 272): 66 
(8, 7, 49): 4 
(8, 7, 51): 2 
(8, 11, 319): 1 
(8, 17, 58): 11 
(8, 17, 108): 4 
(8, 17, 125): 14 
(8, 17, 171): 4 
(8, 18, 54): 5 
(9, 5, 27): 1 
(9, 5, 29): 2 
(9, 6, 335): 1 
(9, 6, 355): 17 
(9, 11, 317): 62 
(9, 11, 325): 6 
(9, 11, 335): 21 
(9, 11, 381): 3 
(9, 12, 26): 2 
(9, 19, 384): 3 
(9, 19, 388): 1 
(9, 19, 427): 1 
(10, 0, 597): 93 
(10, 7, 39): 6 
(10, 8, 21): 18 
(10, 8, 32): 4 
(10, 13, 20): 16 
(10, 13, 26): 29 
(10, 16, 20): 7 
(10, 17, 25): 54 
(10, 17, 34): 9 
(10, 17, 44): 36 
(10, 18, 36): 13 
(10, 18, 507): 35 
(10, 18, 516): 2 
(10, 18, 524): 44 
(10, 18, 567): 14 
(10, 18, 604): 100 
(10, 20, 21): 4 
(11, 0, 481): 43 
(11, 10, 443): 22 
(11, 10, 474): 54 
(11, 10, 477): 11 
(11, 18, 480): 35 
(11, 19, 150): 39 
(11, 19, 185): 1 
(11, 19, 455): 19 
(12, 2, 49): 4 
(12, 2, 53): 6 
(12, 2, 57): 4 
(12, 4, 55): 1 
(12, 5, 81): 4 
(12, 5, 111): 5 
(12, 9, 149): 7 
(12, 11, 60): 1 
(12, 17, 109): 4 
(12, 20, 78): 2 
(13, 8, 82): 4 
(13, 8, 117): 3 
(13, 16, 54): 7 
(13, 16, 69): 1 
(13, 16, 95): 4 
(13, 16, 99): 5 
(13, 18, 48): 5 
(13, 18, 58): 9 
(13, 18, 62): 23 
(14, 2, 21): 1 
(14, 2, 38): 1 
(14, 2, 39): 2 
(14, 5, 30): 1 
(14, 9, 140): 17 
(14, 9, 169): 1 
(14, 11, 74): 5 
(14, 11, 124): 5 
(14, 12, 19): 2 
(14, 12, 21): 5 
(14, 12, 26): 3 
(14, 12, 31): 4 
(14, 17, 144): 6 
(15, 4, 32): 10 
(15, 4, 131): 3 
(15, 8, 117): 1 
(15, 11, 94): 2 
(15, 17, 116): 2 
(15, 17, 148): 5 
(15, 17, 149): 2 
(15, 18, 38): 1 
(15, 19, 157): 3 
(16, 8, 82): 7 
(16, 8, 117): 2 
(16, 9, 157): 4 
(16, 9, 177): 11 
(16, 9, 192): 4 
(16, 13, 28): 13 
(17, 1, 186): 38 
(17, 1, 213): 13 
(17, 8, 95): 87 
(17, 8, 130): 32 
(17, 8, 181): 14 
(17, 8, 191): 8 
(17, 9, 189): 1 
(17, 19, 181): 28 
(18, 0, 697): 257 
(18, 8, 86): 12 
(18, 13, 76): 3 
(18, 17, 76): 41 
(19, 0, 487): 5 
(19, 1, 185): 18 
(19, 1, 214): 41 
(19, 1, 221): 3 
(19, 1, 231): 19 
(19, 10, 449): 8 
(19, 10, 480): 40 
(19, 10, 536): 30 
(19, 10, 538): 10 
(19, 11, 392): 21 
(19, 18, 485): 26 
(19, 18, 502): 1 
(20, 3, 20): 2 
(20, 3, 44): 13 
(20, 3, 48): 1 
(20, 3, 57): 7 
(20, 3, 91): 5 
(20, 3, 93): 9 
(20, 3, 122): 6 
(20, 17, 127): 3 
}
