INSTANCE: "A_18_60_2" 
RELEASES: [0, 0, 0, 0, 0, 0, 0, 0, 0, 0, 0, 0, 0, 0, 0, 0, 0, 0]
DUEDATES: [128, 77, 141, 142, 129, 78, 151, 114, 69, 116, 116, 94, 96, 111, 67, 119, 86, 105]
COMPLETION TIMES: [137, 98, 328, 169, 180, 276, 166, 305, 345, 143, 290, 339, 233, 227, 361, 198, 98, 268]
MAKESPANS: [137, 98, 328, 169, 180, 276, 166, 305, 345, 143, 290, 339, 233, 227, 361, 198, 98, 268]
DELAYS: [9, 21, 187, 27, 51, 198, 15, 191, 276, 27, 174, 245, 137, 116, 294, 79, 12, 163]
COST: 3191.5

Solution = { 
START TIMES OF ACTIVITIES OF PROJECT 1:
[0, 9, 9, 9, 17, 27, 18, 25, 34, 38, 45, 17, 72, 20, 40, 73, 29, 27, 48, 83, 32, 41, 90, 77, 53, 61, 31, 68, 57, 90, 93, 80, 50, 62, 53, 99, 55, 108, 58, 98, 103, 64, 103, 70, 94, 99, 124, 81, 116, 108, 112, 90, 110, 100, 102, 117, 127, 115, 127, 124, 128, 137]
START TIMES OF ACTIVITIES OF PROJECT 2:
[0, 9, 9, 9, 13, 22, 14, 31, 36, 47, 22, 16, 43, 27, 43, 36, 21, 47, 45, 49, 11, 35, 55, 59, 31, 23, 40, 59, 28, 57, 57, 60, 41, 60, 63, 60, 67, 63, 33, 51, 76, 68, 69, 69, 65, 67, 85, 73, 74, 80, 76, 79, 87, 77, 77, 84, 80, 88, 85, 93, 88, 98]
START TIMES OF ACTIVITIES OF PROJECT 3:
[0, 202, 194, 174, 182, 187, 196, 206, 203, 185, 223, 226, 249, 208, 278, 212, 211, 280, 231, 238, 200, 215, 215, 237, 203, 285, 265, 228, 294, 253, 238, 272, 224, 233, 271, 249, 254, 223, 262, 299, 272, 274, 240, 298, 254, 286, 233, 273, 263, 279, 306, 280, 291, 288, 312, 310, 309, 310, 318, 314, 314, 328]
START TIMES OF ACTIVITIES OF PROJECT 4:
[0, 7, 21, 7, 49, 34, 15, 34, 44, 15, 29, 30, 33, 17, 24, 88, 61, 69, 91, 41, 114, 90, 78, 99, 54, 95, 52, 59, 51, 70, 86, 53, 107, 83, 99, 116, 66, 103, 139, 125, 86, 113, 106, 119, 121, 120, 120, 104, 125, 120, 147, 99, 129, 133, 143, 154, 133, 147, 161, 153, 154, 169]
START TIMES OF ACTIVITIES OF PROJECT 5:
[0, 3, 3, 3, 13, 45, 12, 13, 13, 76, 20, 114, 36, 139, 86, 29, 52, 27, 11, 90, 91, 56, 22, 18, 21, 99, 18, 103, 62, 39, 129, 104, 55, 45, 138, 106, 97, 69, 91, 104, 109, 108, 118, 151, 70, 108, 124, 147, 138, 95, 88, 131, 122, 86, 140, 155, 160, 162, 141, 178, 164, 180]
START TIMES OF ACTIVITIES OF PROJECT 6:
[0, 210, 121, 193, 195, 177, 185, 239, 129, 202, 227, 210, 203, 204, 202, 206, 185, 228, 218, 225, 210, 190, 239, 179, 215, 227, 229, 217, 233, 235, 232, 238, 221, 203, 239, 250, 243, 241, 256, 239, 217, 246, 243, 250, 238, 225, 239, 241, 244, 253, 256, 249, 234, 257, 247, 260, 259, 258, 267, 260, 266, 276]
START TIMES OF ACTIVITIES OF PROJECT 7:
[0, 3, 3, 3, 13, 23, 20, 22, 40, 80, 47, 4, 56, 57, 11, 24, 20, 30, 34, 77, 66, 7, 137, 59, 34, 87, 65, 98, 30, 48, 73, 96, 32, 67, 110, 83, 123, 101, 129, 93, 101, 131, 133, 101, 120, 128, 111, 120, 106, 111, 124, 134, 143, 131, 145, 149, 153, 116, 158, 141, 138, 166]
START TIMES OF ACTIVITIES OF PROJECT 8:
[0, 147, 150, 159, 181, 158, 161, 228, 231, 191, 229, 219, 261, 225, 200, 233, 177, 240, 153, 233, 210, 172, 210, 217, 245, 252, 216, 243, 211, 152, 231, 265, 234, 171, 234, 262, 272, 155, 180, 212, 266, 245, 279, 272, 235, 254, 194, 289, 272, 282, 290, 265, 253, 290, 260, 261, 290, 293, 293, 299, 299, 305]
START TIMES OF ACTIVITIES OF PROJECT 9:
[0, 273, 170, 286, 294, 297, 279, 291, 315, 284, 288, 294, 286, 317, 325, 306, 289, 293, 314, 309, 298, 296, 318, 303, 308, 311, 292, 299, 293, 303, 318, 296, 302, 276, 310, 316, 331, 307, 312, 309, 299, 303, 327, 307, 319, 328, 318, 325, 312, 323, 327, 324, 327, 329, 336, 331, 333, 328, 340, 335, 332, 345]
START TIMES OF ACTIVITIES OF PROJECT 10:
[0, 6, 6, 16, 26, 9, 10, 12, 15, 31, 37, 47, 32, 35, 42, 50, 20, 32, 37, 52, 71, 53, 43, 53, 52, 89, 58, 63, 45, 100, 70, 98, 103, 78, 82, 95, 57, 81, 63, 79, 89, 112, 82, 110, 112, 103, 74, 60, 124, 102, 119, 113, 104, 129, 122, 130, 121, 121, 136, 137, 131, 143]
START TIMES OF ACTIVITIES OF PROJECT 11:
[0, 9, 9, 9, 18, 17, 44, 215, 49, 27, 66, 208, 202, 36, 73, 11, 44, 31, 237, 44, 215, 248, 56, 20, 224, 248, 202, 28, 233, 67, 222, 59, 66, 252, 225, 235, 234, 237, 275, 206, 36, 265, 235, 266, 246, 247, 255, 257, 241, 250, 252, 255, 257, 268, 268, 269, 282, 277, 283, 283, 277, 290]
START TIMES OF ACTIVITIES OF PROJECT 12:
[0, 244, 238, 241, 250, 256, 250, 266, 268, 250, 268, 264, 263, 258, 250, 268, 277, 262, 261, 269, 274, 291, 267, 282, 241, 274, 281, 300, 251, 270, 283, 274, 258, 274, 295, 267, 284, 288, 268, 269, 310, 284, 296, 285, 295, 302, 314, 302, 322, 301, 309, 312, 289, 312, 316, 325, 326, 311, 327, 326, 332, 339]
START TIMES OF ACTIVITIES OF PROJECT 13:
[0, 12, 135, 139, 149, 34, 155, 151, 158, 166, 141, 171, 169, 149, 176, 179, 163, 176, 150, 142, 173, 168, 181, 146, 163, 159, 177, 181, 184, 196, 180, 188, 159, 181, 191, 179, 194, 201, 172, 184, 197, 198, 189, 189, 200, 200, 196, 215, 199, 208, 205, 207, 208, 214, 214, 221, 222, 217, 217, 220, 231, 233]
START TIMES OF ACTIVITIES OF PROJECT 14:
[0, 114, 105, 24, 133, 130, 130, 122, 135, 122, 154, 174, 119, 146, 124, 145, 140, 132, 164, 175, 140, 152, 188, 177, 172, 159, 200, 152, 138, 164, 174, 188, 205, 143, 146, 175, 158, 160, 196, 196, 144, 179, 209, 205, 184, 200, 190, 142, 149, 172, 162, 206, 173, 195, 183, 200, 201, 209, 215, 223, 213, 227]
START TIMES OF ACTIVITIES OF PROJECT 15:
[0, 276, 280, 282, 314, 298, 286, 321, 301, 305, 280, 300, 323, 294, 302, 309, 309, 321, 316, 295, 321, 327, 333, 308, 313, 281, 318, 318, 326, 330, 336, 327, 316, 295, 321, 340, 335, 330, 334, 323, 311, 284, 302, 325, 330, 336, 339, 340, 336, 339, 328, 342, 342, 339, 349, 344, 351, 351, 355, 358, 349, 361]
START TIMES OF ACTIVITIES OF PROJECT 16:
[0, 45, 14, 44, 18, 18, 63, 50, 50, 65, 96, 28, 50, 53, 36, 70, 89, 79, 89, 105, 114, 61, 123, 122, 58, 131, 105, 115, 109, 125, 113, 129, 65, 138, 144, 70, 152, 123, 132, 147, 154, 147, 155, 147, 117, 153, 170, 161, 157, 152, 183, 167, 161, 175, 165, 184, 178, 175, 165, 188, 182, 198]
START TIMES OF ACTIVITIES OF PROJECT 17:
[0, 6, 0, 7, 10, 7, 20, 7, 12, 23, 12, 43, 20, 11, 21, 29, 12, 13, 35, 19, 25, 30, 21, 47, 45, 23, 35, 50, 64, 59, 50, 59, 47, 53, 67, 80, 67, 69, 54, 44, 33, 62, 55, 40, 76, 74, 51, 69, 85, 61, 80, 82, 84, 88, 72, 69, 91, 82, 93, 88, 95, 98]
START TIMES OF ACTIVITIES OF PROJECT 18:
[0, 156, 162, 146, 153, 205, 165, 186, 177, 165, 196, 181, 201, 162, 198, 171, 183, 181, 154, 181, 174, 224, 193, 187, 229, 213, 250, 209, 186, 215, 194, 236, 177, 189, 230, 168, 221, 253, 218, 246, 215, 225, 169, 201, 244, 232, 188, 215, 197, 248, 252, 252, 206, 227, 224, 243, 233, 246, 259, 259, 261, 268]
TRANSFERS OF GLOBAL RESOURCE G1
(0, 1, 0): 8 
(0, 2, 0): 26 
(0, 4, 1): 7 
(0, 5, 0): 20 
(0, 7, 0): 19 
(0, 7, 1): 3 
(0, 10, 2): 11 
(0, 10, 6): 2 
(0, 11, 1): 10 
(0, 13, 1): 1 
(0, 17, 0): 1 
(0, 17, 1): 16 
(1, 2, 25): 3 
(1, 2, 28): 1 
(1, 2, 38): 4 
(1, 2, 40): 2 
(1, 2, 65): 5 
(1, 2, 76): 7 
(1, 4, 61): 1 
(1, 4, 142): 4 
(1, 4, 149): 1 
(1, 8, 137): 1 
(1, 13, 123): 3 
(1, 14, 122): 1 
(1, 14, 123): 6 
(1, 14, 133): 1 
(1, 16, 104): 1 
(1, 17, 22): 3 
(1, 17, 30): 3 
(1, 17, 59): 2 
(1, 18, 137): 5 
(2, 1, 14): 8 
(2, 1, 15): 1 
(2, 1, 52): 3 
(2, 1, 69): 9 
(2, 1, 80): 6 
(2, 1, 95): 2 
(2, 4, 54): 1 
(2, 5, 97): 3 
(2, 10, 93): 2 
(2, 14, 98): 7 
(2, 14, 107): 2 
(2, 16, 98): 5 
(2, 17, 70): 3 
(3, 0, 328): 19 
(3, 8, 293): 1 
(3, 9, 275): 1 
(3, 11, 232): 5 
(3, 11, 235): 3 
(3, 11, 248): 4 
(3, 11, 281): 3 
(3, 18, 233): 1 
(4, 1, 29): 2 
(4, 1, 40): 1 
(4, 3, 170): 5 
(4, 5, 122): 5 
(4, 8, 174): 2 
(4, 10, 106): 3 
(4, 10, 107): 1 
(4, 10, 131): 1 
(4, 11, 25): 3 
(4, 11, 54): 1 
(4, 11, 71): 3 
(4, 14, 109): 1 
(4, 17, 77): 2 
(4, 18, 161): 1 
(4, 18, 162): 2 
(4, 18, 164): 8 
(4, 18, 167): 1 
(5, 2, 81): 1 
(5, 4, 147): 3 
(5, 6, 166): 1 
(5, 6, 180): 4 
(5, 7, 27): 1 
(5, 7, 29): 1 
(5, 7, 37): 2 
(5, 7, 45): 1 
(5, 7, 56): 1 
(5, 7, 80): 2 
(5, 7, 84): 3 
(5, 7, 98): 2 
(5, 7, 142): 3 
(5, 10, 37): 1 
(5, 10, 89): 1 
(5, 10, 98): 1 
(5, 10, 131): 1 
(5, 13, 150): 1 
(5, 13, 151): 1 
(5, 14, 132): 5 
(5, 14, 151): 1 
(5, 14, 152): 1 
(5, 14, 166): 1 
(5, 16, 6): 5 
(5, 16, 88): 1 
(5, 16, 105): 1 
(5, 16, 106): 1 
(5, 16, 107): 2 
(5, 16, 109): 1 
(5, 16, 167): 2 
(5, 16, 170): 6 
(5, 17, 57): 2 
(6, 9, 306): 2 
(6, 12, 232): 2 
(6, 12, 252): 1 
(6, 12, 256): 5 
(6, 12, 257): 2 
(6, 12, 262): 7 
(6, 12, 263): 5 
(6, 12, 264): 2 
(6, 12, 268): 5 
(6, 12, 271): 1 
(6, 12, 296): 4 
(6, 16, 132): 1 
(7, 1, 10): 2 
(7, 4, 13): 1 
(7, 5, 94): 1 
(7, 5, 126): 1 
(7, 5, 137): 5 
(7, 5, 157): 7 
(7, 6, 110): 1 
(7, 6, 166): 2 
(7, 11, 7): 1 
(7, 11, 8): 3 
(7, 11, 10): 1 
(7, 13, 132): 3 
(7, 14, 110): 2 
(7, 14, 133): 1 
(7, 14, 134): 1 
(7, 14, 149): 2 
(7, 16, 20): 2 
(7, 16, 107): 1 
(7, 16, 136): 5 
(7, 17, 12): 5 
(7, 17, 14): 2 
(8, 3, 217): 1 
(8, 3, 234): 1 
(8, 3, 306): 3 
(8, 9, 161): 1 
(8, 9, 282): 2 
(8, 9, 307): 2 
(8, 11, 235): 3 
(8, 15, 265): 9 
(8, 15, 305): 3 
(8, 15, 310): 8 
(8, 18, 155): 10 
(8, 18, 202): 2 
(9, 0, 345): 37 
(9, 8, 172): 1 
(9, 15, 297): 4 
(9, 15, 298): 6 
(9, 15, 299): 7 
(9, 15, 318): 7 
(9, 15, 333): 2 
(10, 4, 45): 1 
(10, 4, 148): 1 
(10, 5, 70): 3 
(10, 7, 28): 1 
(10, 7, 67): 1 
(10, 7, 125): 5 
(10, 8, 141): 8 
(10, 8, 144): 9 
(11, 1, 28): 1 
(11, 1, 75): 1 
(11, 2, 28): 1 
(11, 3, 224): 2 
(11, 3, 226): 3 
(11, 3, 252): 1 
(11, 3, 271): 2 
(11, 3, 310): 1 
(11, 4, 13): 1 
(11, 4, 32): 3 
(11, 4, 49): 2 
(11, 4, 86): 2 
(11, 4, 89): 2 
(11, 8, 256): 1 
(11, 9, 260): 7 
(11, 9, 266): 1 
(11, 9, 290): 7 
(11, 9, 293): 1 
(11, 10, 30): 1 
(11, 10, 74): 1 
(11, 10, 75): 3 
(11, 12, 258): 1 
(11, 17, 29): 9 
(11, 18, 213): 1 
(11, 18, 216): 1 
(12, 0, 339): 21 
(12, 9, 279): 8 
(12, 9, 280): 4 
(12, 9, 284): 1 
(12, 9, 312): 1 
(12, 9, 315): 1 
(12, 15, 288): 2 
(12, 15, 289): 1 
(12, 15, 290): 1 
(12, 15, 309): 6 
(12, 15, 316): 2 
(13, 3, 221): 2 
(13, 6, 189): 3 
(13, 6, 224): 3 
(13, 6, 226): 1 
(13, 6, 228): 1 
(13, 6, 229): 3 
(13, 8, 193): 3 
(13, 8, 234): 4 
(13, 11, 235): 1 
(13, 12, 223): 5 
(13, 12, 226): 4 
(13, 12, 229): 3 
(13, 14, 21): 1 
(13, 14, 142): 6 
(13, 14, 169): 3 
(13, 14, 197): 9 
(13, 16, 47): 1 
(13, 16, 175): 2 
(14, 3, 180): 2 
(14, 3, 215): 3 
(14, 6, 176): 1 
(14, 6, 211): 2 
(14, 8, 176): 2 
(14, 8, 211): 1 
(14, 8, 213): 2 
(14, 8, 227): 4 
(14, 11, 227): 2 
(14, 12, 228): 1 
(14, 13, 31): 1 
(14, 13, 136): 4 
(14, 13, 146): 12 
(14, 13, 147): 1 
(14, 13, 176): 3 
(14, 13, 177): 2 
(14, 13, 181): 4 
(14, 13, 185): 2 
(14, 13, 214): 3 
(14, 13, 217): 1 
(14, 16, 30): 1 
(14, 16, 146): 7 
(14, 16, 149): 7 
(14, 18, 203): 3 
(14, 18, 215): 1 
(14, 18, 228): 3 
(15, 0, 361): 47 
(15, 9, 286): 4 
(15, 9, 293): 2 
(15, 9, 312): 2 
(15, 9, 322): 6 
(15, 9, 324): 1 
(16, 6, 183): 1 
(16, 6, 191): 8 
(16, 6, 198): 6 
(16, 13, 138): 7 
(16, 13, 156): 4 
(16, 13, 170): 2 
(16, 14, 18): 1 
(16, 14, 124): 7 
(16, 14, 126): 4 
(16, 14, 168): 12 
(17, 1, 15): 3 
(17, 1, 45): 5 
(17, 1, 52): 1 
(17, 1, 67): 1 
(17, 2, 43): 2 
(17, 4, 10): 5 
(17, 4, 86): 1 
(17, 4, 94): 2 
(17, 4, 98): 4 
(17, 5, 50): 1 
(17, 5, 64): 7 
(17, 5, 92): 1 
(17, 5, 99): 6 
(17, 7, 91): 4 
(17, 11, 11): 3 
(17, 11, 50): 1 
(17, 11, 67): 1 
(18, 3, 179): 2 
(18, 3, 184): 2 
(18, 3, 197): 2 
(18, 3, 251): 5 
(18, 8, 187): 1 
(18, 8, 253): 4 
(18, 8, 272): 1 
(18, 9, 261): 6 
(18, 9, 264): 1 
(18, 9, 269): 3 
(18, 11, 197): 6 
(18, 11, 203): 1 
(18, 11, 241): 1 
(18, 15, 259): 1 
(18, 15, 264): 3 
TRANSFERS OF GLOBAL RESOURCE G2
(0, 1, 4): 15 
(0, 2, 4): 16 
(0, 4, 0): 16 
(0, 5, 1): 18 
(0, 7, 0): 8 
(0, 7, 1): 7 
(0, 10, 0): 6 
(0, 10, 3): 1 
(0, 11, 0): 9 
(0, 17, 0): 19 
(0, 17, 5): 1 
(1, 2, 25): 1 
(1, 2, 52): 2 
(1, 4, 50): 2 
(1, 4, 104): 2 
(1, 4, 136): 2 
(1, 4, 140): 1 
(1, 5, 91): 3 
(1, 5, 133): 6 
(1, 10, 28): 2 
(1, 10, 54): 1 
(1, 10, 68): 2 
(1, 10, 133): 4 
(1, 14, 22): 4 
(1, 14, 112): 4 
(1, 14, 117): 6 
(1, 14, 128): 4 
(1, 14, 138): 1 
(2, 1, 37): 2 
(2, 1, 45): 1 
(2, 1, 70): 2 
(2, 1, 80): 7 
(2, 4, 95): 5 
(2, 4, 99): 1 
(2, 4, 100): 1 
(2, 7, 89): 5 
(2, 7, 91): 2 
(2, 10, 18): 1 
(2, 10, 24): 1 
(2, 10, 33): 1 
(2, 10, 45): 3 
(2, 10, 48): 1 
(2, 10, 69): 5 
(2, 10, 80): 1 
(2, 10, 93): 1 
(2, 10, 96): 3 
(2, 10, 98): 5 
(2, 10, 100): 1 
(2, 14, 101): 1 
(3, 0, 328): 9 
(3, 8, 211): 1 
(3, 8, 228): 4 
(3, 8, 240): 2 
(3, 9, 277): 3 
(3, 9, 291): 3 
(3, 12, 246): 1 
(3, 12, 278): 4 
(3, 15, 289): 1 
(3, 15, 317): 12 
(3, 15, 323): 2 
(3, 18, 224): 1 
(3, 18, 228): 1 
(3, 18, 254): 1 
(4, 1, 17): 1 
(4, 1, 61): 2 
(4, 1, 77): 1 
(4, 1, 113): 1 
(4, 2, 24): 1 
(4, 2, 37): 1 
(4, 2, 59): 1 
(4, 3, 163): 4 
(4, 5, 120): 1 
(4, 5, 169): 6 
(4, 6, 116): 2 
(4, 6, 172): 3 
(4, 8, 149): 2 
(4, 10, 47): 1 
(4, 10, 121): 3 
(4, 10, 127): 2 
(4, 10, 128): 1 
(4, 14, 20): 2 
(4, 14, 115): 2 
(4, 14, 126): 2 
(4, 14, 168): 3 
(4, 14, 180): 1 
(5, 1, 104): 1 
(5, 2, 25): 1 
(5, 2, 62): 2 
(5, 6, 180): 6 
(5, 7, 22): 5 
(5, 7, 54): 1 
(5, 7, 57): 5 
(5, 7, 64): 2 
(5, 7, 99): 1 
(5, 7, 122): 5 
(5, 7, 131): 3 
(5, 8, 140): 2 
(5, 8, 143): 1 
(5, 8, 151): 1 
(5, 8, 152): 1 
(5, 8, 165): 1 
(5, 8, 170): 1 
(5, 9, 162): 1 
(5, 13, 143): 9 
(5, 16, 13): 3 
(5, 16, 56): 4 
(5, 16, 165): 1 
(5, 18, 162): 3 
(5, 18, 164): 8 
(5, 18, 180): 2 
(6, 3, 260): 3 
(6, 5, 134): 1 
(6, 8, 243): 5 
(6, 8, 244): 1 
(6, 8, 245): 3 
(6, 9, 265): 3 
(6, 9, 268): 5 
(6, 9, 273): 1 
(6, 9, 281): 1 
(6, 11, 245): 1 
(6, 11, 265): 3 
(6, 14, 130): 1 
(6, 14, 131): 2 
(6, 14, 198): 4 
(6, 15, 270): 3 
(6, 15, 274): 4 
(6, 15, 276): 1 
(6, 16, 132): 1 
(6, 18, 250): 8 
(7, 1, 9): 1 
(7, 2, 7): 2 
(7, 2, 36): 1 
(7, 5, 34): 3 
(7, 5, 37): 1 
(7, 5, 68): 3 
(7, 5, 74): 3 
(7, 5, 84): 1 
(7, 5, 88): 1 
(7, 5, 136): 2 
(7, 5, 137): 2 
(7, 5, 158): 5 
(7, 6, 115): 2 
(7, 13, 7): 3 
(7, 13, 29): 4 
(7, 13, 141): 1 
(7, 13, 144): 2 
(7, 16, 41): 1 
(7, 16, 42): 4 
(7, 16, 110): 7 
(7, 16, 114): 1 
(7, 16, 119): 3 
(7, 16, 126): 3 
(7, 16, 144): 4 
(7, 16, 149): 3 
(7, 16, 150): 2 
(7, 16, 167): 1 
(7, 18, 160): 1 
(8, 3, 182): 6 
(8, 3, 307): 6 
(8, 11, 234): 1 
(8, 12, 235): 8 
(8, 12, 238): 4 
(8, 12, 247): 5 
(8, 12, 265): 14 
(8, 15, 289): 3 
(8, 15, 302): 7 
(8, 15, 305): 1 
(8, 15, 307): 2 
(8, 15, 309): 3 
(8, 15, 312): 1 
(8, 18, 152): 2 
(8, 18, 155): 2 
(8, 18, 185): 3 
(8, 18, 186): 1 
(8, 18, 204): 1 
(8, 18, 205): 4 
(8, 18, 217): 2 
(8, 18, 242): 1 
(9, 0, 345): 34 
(9, 13, 176): 1 
(9, 13, 177): 4 
(9, 15, 328): 3 
(9, 15, 329): 1 
(9, 15, 331): 1 
(10, 1, 58): 1 
(10, 1, 105): 2 
(10, 1, 113): 7 
(10, 2, 12): 1 
(10, 2, 39): 3 
(10, 2, 53): 4 
(10, 2, 58): 1 
(10, 2, 85): 4 
(10, 2, 86): 3 
(10, 4, 63): 1 
(10, 4, 85): 3 
(10, 4, 140): 2 
(10, 8, 140): 2 
(10, 8, 143): 4 
(10, 8, 146): 1 
(10, 14, 126): 3 
(10, 14, 140): 1 
(10, 14, 141): 1 
(10, 14, 145): 2 
(10, 18, 138): 5 
(11, 5, 13): 1 
(11, 5, 44): 4 
(11, 7, 49): 1 
(11, 7, 70): 1 
(11, 8, 209): 1 
(11, 8, 246): 1 
(11, 8, 247): 1 
(11, 9, 265): 1 
(11, 9, 268): 2 
(11, 9, 278): 9 
(11, 9, 283): 2 
(11, 9, 284): 1 
(11, 9, 288): 1 
(11, 10, 59): 2 
(11, 15, 290): 6 
(12, 0, 339): 18 
(12, 3, 305): 2 
(12, 3, 306): 1 
(12, 8, 276): 2 
(12, 8, 279): 9 
(12, 8, 296): 3 
(12, 9, 312): 5 
(12, 15, 288): 6 
(13, 5, 172): 1 
(13, 6, 208): 7 
(13, 6, 232): 8 
(13, 7, 19): 3 
(13, 8, 207): 1 
(13, 8, 233): 2 
(13, 9, 166): 3 
(13, 11, 192): 12 
(13, 11, 215): 2 
(13, 11, 227): 4 
(13, 12, 235): 1 
(13, 14, 191): 1 
(13, 16, 42): 5 
(13, 17, 44): 1 
(13, 17, 45): 2 
(13, 18, 215): 3 
(13, 18, 217): 1 
(14, 1, 122): 3 
(14, 2, 27): 3 
(14, 3, 225): 2 
(14, 4, 135): 3 
(14, 4, 157): 3 
(14, 5, 123): 4 
(14, 6, 177): 2 
(14, 6, 191): 2 
(14, 6, 208): 1 
(14, 6, 213): 5 
(14, 6, 223): 2 
(14, 6, 227): 3 
(14, 6, 231): 4 
(14, 6, 232): 1 
(14, 6, 233): 1 
(14, 6, 239): 1 
(14, 8, 162): 3 
(14, 8, 201): 1 
(14, 8, 202): 1 
(14, 10, 27): 3 
(14, 18, 152): 1 
(15, 0, 361): 55 
(15, 9, 322): 2 
(16, 2, 64): 1 
(16, 2, 67): 1 
(16, 2, 68): 1 
(16, 5, 65): 1 
(16, 5, 90): 3 
(16, 7, 53): 3 
(16, 7, 74): 1 
(16, 7, 90): 4 
(16, 7, 130): 3 
(16, 7, 131): 2 
(16, 9, 164): 1 
(16, 13, 132): 10 
(16, 13, 156): 1 
(16, 13, 176): 7 
(16, 13, 177): 1 
(16, 13, 185): 8 
(16, 13, 202): 2 
(16, 17, 48): 2 
(16, 17, 62): 5 
(16, 18, 154): 1 
(17, 4, 78): 1 
(17, 6, 114): 1 
(17, 7, 17): 1 
(17, 7, 94): 4 
(17, 13, 28): 4 
(17, 14, 98): 4 
(17, 16, 23): 2 
(17, 16, 31): 1 
(17, 16, 74): 2 
(17, 16, 91): 8 
(17, 16, 100): 2 
(18, 3, 180): 1 
(18, 3, 195): 4 
(18, 3, 197): 2 
(18, 3, 266): 3 
(18, 3, 267): 1 
(18, 3, 268): 10 
(18, 8, 176): 1 
(18, 8, 179): 1 
(18, 8, 180): 2 
(18, 8, 193): 2 
(18, 8, 199): 1 
(18, 8, 209): 4 
(18, 8, 215): 2 
(18, 8, 224): 3 
(18, 8, 232): 1 
(18, 8, 251): 3 
(18, 11, 196): 1 
(18, 11, 219): 1 
(18, 12, 263): 1 
(18, 12, 264): 2 
(18, 12, 266): 5 
(18, 12, 267): 1 
}
