INSTANCE: "B_14_50_35" 
RELEASES: [0, 0, 0, 0, 0, 0, 0, 0, 0, 0, 0, 0, 0, 0]
DUEDATES: [69, 113, 164, 116, 135, 145, 147, 123, 141, 141, 107, 135, 127, 126]
COMPLETION TIMES: [99, 140, 383, 122, 325, 214, 172, 162, 196, 327, 117, 179, 154, 153]
MAKESPANS: [99, 140, 383, 122, 325, 214, 172, 162, 196, 327, 117, 179, 154, 153]
DELAYS: [30, 27, 219, 6, 190, 69, 25, 39, 55, 186, 10, 44, 27, 27]
COST: 1848.5

Solution = { 
START TIMES OF ACTIVITIES OF PROJECT 1:
[0, 35, 30, 30, 30, 36, 0, 52, 30, 45, 0, 31, 39, 31, 32, 38, 36, 59, 45, 38, 46, 38, 51, 60, 66, 34, 49, 39, 68, 46, 83, 74, 59, 84, 91, 74, 46, 76, 38, 84, 96, 77, 91, 83, 84, 68, 83, 59, 88, 89, 59, 99]
START TIMES OF ACTIVITIES OF PROJECT 2:
[0, 28, 34, 35, 36, 58, 69, 70, 72, 80, 88, 93, 102, 110, 116, 89, 80, 93, 123, 40, 93, 48, 92, 82, 80, 38, 128, 62, 126, 18, 38, 38, 116, 49, 99, 107, 51, 82, 124, 133, 39, 35, 46, 97, 117, 128, 18, 124, 124, 38, 131, 140]
START TIMES OF ACTIVITIES OF PROJECT 3:
[0, 247, 251, 257, 268, 270, 272, 289, 224, 290, 293, 301, 310, 312, 356, 358, 151, 367, 272, 291, 282, 236, 238, 214, 314, 288, 312, 315, 310, 291, 291, 358, 335, 310, 234, 316, 319, 340, 319, 329, 161, 340, 346, 258, 345, 350, 354, 358, 365, 367, 377, 383]
START TIMES OF ACTIVITIES OF PROJECT 4:
[0, 27, 29, 31, 25, 29, 39, 51, 65, 45, 27, 44, 15, 49, 65, 53, 37, 25, 86, 91, 61, 89, 72, 25, 44, 67, 106, 51, 103, 45, 118, 67, 81, 89, 37, 56, 62, 46, 83, 94, 45, 96, 72, 83, 81, 91, 115, 40, 31, 94, 96, 122]
START TIMES OF ACTIVITIES OF PROJECT 5:
[0, 207, 208, 210, 228, 230, 232, 247, 253, 258, 263, 309, 266, 272, 302, 273, 192, 286, 219, 296, 237, 299, 239, 265, 282, 289, 290, 306, 258, 201, 315, 271, 257, 273, 232, 299, 263, 243, 232, 182, 257, 247, 276, 286, 230, 240, 303, 315, 321, 306, 258, 325]
START TIMES OF ACTIVITIES OF PROJECT 6:
[0, 118, 123, 124, 126, 128, 135, 148, 59, 149, 158, 162, 164, 170, 171, 196, 45, 206, 171, 33, 82, 165, 98, 38, 172, 173, 59, 145, 33, 158, 107, 163, 158, 69, 90, 180, 106, 179, 116, 138, 135, 116, 181, 163, 72, 52, 186, 196, 196, 199, 204, 214]
START TIMES OF ACTIVITIES OF PROJECT 7:
[0, 17, 44, 48, 22, 55, 51, 28, 81, 58, 19, 21, 94, 82, 44, 37, 103, 17, 21, 31, 81, 85, 116, 52, 126, 67, 150, 71, 60, 72, 58, 150, 113, 159, 110, 143, 103, 67, 169, 91, 91, 68, 44, 136, 68, 127, 121, 159, 66, 128, 17, 172]
START TIMES OF ACTIVITIES OF PROJECT 8:
[0, 27, 35, 18, 61, 88, 34, 96, 99, 101, 102, 111, 44, 121, 18, 122, 89, 136, 39, 142, 150, 132, 54, 54, 71, 78, 78, 150, 122, 61, 150, 122, 158, 142, 62, 102, 155, 125, 130, 90, 93, 99, 145, 159, 153, 150, 159, 153, 99, 18, 154, 162]
START TIMES OF ACTIVITIES OF PROJECT 9:
[0, 86, 90, 26, 91, 102, 42, 111, 119, 127, 131, 135, 32, 141, 127, 146, 135, 158, 26, 166, 168, 153, 94, 56, 91, 67, 153, 168, 164, 182, 93, 145, 150, 145, 178, 166, 174, 170, 194, 108, 108, 135, 97, 139, 134, 102, 191, 145, 77, 5, 194, 196]
START TIMES OF ACTIVITIES OF PROJECT 10:
[0, 192, 216, 200, 235, 236, 210, 238, 247, 250, 251, 260, 172, 277, 201, 283, 245, 287, 230, 301, 309, 297, 203, 224, 270, 200, 281, 309, 280, 157, 321, 277, 324, 288, 167, 251, 325, 309, 278, 291, 247, 297, 291, 324, 313, 311, 321, 301, 297, 182, 314, 327]
START TIMES OF ACTIVITIES OF PROJECT 11:
[0, 17, 27, 34, 36, 51, 59, 64, 69, 76, 81, 82, 90, 102, 106, 56, 110, 81, 82, 82, 92, 19, 76, 64, 56, 17, 44, 40, 43, 83, 56, 34, 41, 40, 23, 31, 17, 46, 53, 24, 102, 0, 13, 20, 93, 102, 28, 50, 110, 20, 107, 117]
START TIMES OF ACTIVITIES OF PROJECT 12:
[0, 30, 31, 20, 41, 42, 44, 60, 64, 69, 78, 103, 20, 113, 64, 125, 64, 138, 55, 146, 154, 175, 30, 47, 87, 125, 113, 154, 117, 128, 169, 163, 115, 143, 116, 78, 172, 120, 167, 143, 114, 119, 146, 177, 158, 154, 165, 169, 117, 94, 158, 179]
START TIMES OF ACTIVITIES OF PROJECT 13:
[0, 34, 42, 44, 57, 66, 68, 74, 76, 85, 102, 111, 34, 114, 124, 76, 24, 134, 42, 18, 144, 111, 113, 85, 90, 89, 76, 94, 73, 68, 86, 147, 88, 111, 111, 96, 22, 42, 44, 22, 42, 42, 48, 66, 134, 135, 18, 39, 119, 121, 124, 154]
START TIMES OF ACTIVITIES OF PROJECT 14:
[0, 22, 24, 28, 34, 39, 50, 60, 64, 43, 72, 78, 100, 103, 122, 127, 150, 86, 86, 126, 86, 50, 122, 92, 72, 103, 43, 86, 141, 52, 127, 13, 149, 96, 72, 128, 106, 106, 40, 39, 103, 133, 6, 148, 111, 105, 141, 112, 107, 143, 120, 153]
TRANSFERS OF GLOBAL RESOURCE G1
(0, 1, 0): 16 
(0, 2, 0): 6 
(0, 2, 10): 11 
(0, 4, 0): 12 
(0, 7, 0): 18 
(0, 7, 1): 2 
(0, 8, 0): 106 
(0, 8, 9): 4 
(0, 9, 0): 22 
(0, 11, 0): 15 
(0, 11, 2): 3 
(0, 11, 3): 8 
(0, 12, 0): 108 
(0, 13, 0): 9 
(0, 13, 4): 18 
(0, 14, 0): 41 
(0, 14, 7): 40 
(0, 14, 16): 79 
(1, 3, 109): 10 
(1, 5, 190): 4 
(1, 13, 96): 6 
(2, 3, 140): 19 
(2, 7, 52): 7 
(2, 7, 96): 1 
(2, 7, 99): 1 
(2, 8, 78): 2 
(2, 9, 52): 3 
(2, 9, 62): 4 
(3, 0, 383): 116 
(3, 5, 175): 20 
(3, 5, 190): 9 
(4, 8, 62): 1 
(4, 10, 152): 6 
(4, 12, 53): 6 
(4, 12, 106): 15 
(4, 12, 107): 4 
(4, 12, 109): 3 
(4, 12, 112): 1 
(5, 0, 325): 195 
(5, 3, 293): 5 
(6, 0, 211): 13 
(6, 3, 225): 3 
(6, 9, 76): 9 
(6, 9, 83): 4 
(6, 9, 84): 1 
(6, 14, 118): 1 
(7, 2, 24): 4 
(7, 2, 25): 1 
(7, 2, 75): 2 
(7, 2, 117): 2 
(7, 3, 147): 8 
(7, 3, 157): 4 
(7, 5, 179): 12 
(7, 8, 73): 4 
(7, 9, 86): 2 
(8, 2, 39): 6 
(8, 2, 106): 2 
(8, 2, 114): 3 
(8, 3, 205): 36 
(8, 5, 147): 13 
(8, 5, 195): 7 
(8, 5, 197): 37 
(8, 7, 146): 10 
(8, 9, 39): 2 
(8, 10, 147): 7 
(8, 14, 100): 5 
(9, 3, 148): 5 
(9, 3, 201): 32 
(9, 3, 211): 10 
(9, 6, 23): 1 
(9, 6, 28): 2 
(9, 6, 42): 1 
(9, 8, 119): 1 
(9, 14, 111): 28 
(10, 0, 327): 155 
(11, 4, 27): 1 
(11, 4, 86): 6 
(11, 6, 60): 9 
(11, 12, 26): 13 
(11, 12, 56): 3 
(11, 12, 99): 10 
(11, 12, 109): 9 
(11, 12, 112): 5 
(11, 14, 94): 1 
(12, 0, 179): 39 
(12, 4, 22): 2 
(12, 4, 44): 9 
(12, 4, 87): 1 
(12, 4, 89): 5 
(12, 5, 184): 4 
(12, 8, 64): 5 
(12, 10, 146): 78 
(12, 10, 181): 28 
(12, 10, 236): 5 
(12, 10, 239): 31 
(12, 11, 72): 4 
(12, 11, 77): 20 
(13, 1, 28): 2 
(13, 1, 73): 2 
(13, 5, 141): 14 
(13, 6, 37): 3 
(13, 9, 34): 1 
(13, 11, 24): 3 
(13, 11, 28): 3 
(13, 11, 30): 1 
(13, 14, 38): 1 
(13, 14, 95): 6 
(14, 3, 128): 13 
(14, 5, 149): 44 
(14, 5, 197): 36 
(14, 6, 41): 1 
(14, 6, 55): 3 
(14, 6, 94): 3 
(14, 6, 112): 4 
(14, 6, 154): 1 
(14, 6, 169): 2 
(14, 6, 195): 1 
(14, 8, 74): 5 
(14, 9, 75): 2 
(14, 9, 86): 15 
(14, 9, 91): 6 
(14, 9, 128): 8 
(14, 9, 155): 1 
(14, 12, 148): 4 
(14, 12, 150): 50 
(14, 13, 109): 3 
TRANSFERS OF GLOBAL RESOURCE G2
(0, 1, 0): 13 
(0, 1, 1): 4 
(0, 1, 3): 9 
(0, 1, 5): 1 
(0, 1, 7): 3 
(0, 1, 8): 10 
(0, 2, 2): 5 
(0, 2, 22): 8 
(0, 2, 23): 11 
(0, 4, 0): 9 
(0, 4, 10): 1 
(0, 6, 0): 53 
(0, 6, 5): 13 
(0, 7, 0): 18 
(0, 7, 4): 8 
(0, 8, 7): 8 
(0, 8, 16): 8 
(0, 9, 0): 18 
(0, 11, 0): 4 
(0, 11, 4): 7 
(0, 11, 10): 1 
(0, 11, 11): 7 
(0, 11, 46): 4 
(0, 11, 69): 1 
(0, 12, 1): 151 
(0, 13, 0): 16 
(0, 13, 2): 6 
(0, 13, 20): 7 
(0, 14, 0): 21 
(1, 3, 117): 12 
(1, 3, 180): 1 
(1, 6, 56): 5 
(1, 9, 72): 7 
(1, 9, 83): 2 
(1, 9, 88): 9 
(1, 10, 128): 4 
(2, 6, 50): 12 
(2, 6, 60): 4 
(2, 6, 96): 8 
(2, 7, 47): 4 
(2, 7, 66): 1 
(2, 7, 126): 5 
(2, 8, 55): 6 
(2, 8, 116): 4 
(2, 8, 144): 8 
(2, 10, 140): 8 
(3, 0, 383): 175 
(3, 5, 178): 2 
(3, 5, 188): 9 
(3, 10, 166): 18 
(4, 6, 46): 12 
(4, 12, 114): 1 
(4, 12, 115): 1 
(4, 12, 120): 19 
(4, 14, 98): 2 
(5, 3, 210): 5 
(5, 3, 220): 6 
(5, 3, 243): 5 
(5, 3, 268): 3 
(5, 3, 336): 14 
(6, 0, 214): 6 
(6, 3, 177): 6 
(6, 3, 188): 3 
(6, 3, 213): 11 
(6, 5, 168): 9 
(6, 5, 193): 4 
(6, 5, 213): 1 
(6, 10, 205): 6 
(6, 10, 214): 25 
(6, 10, 218): 72 
(7, 2, 27): 4 
(7, 2, 34): 4 
(7, 2, 37): 9 
(7, 2, 88): 5 
(7, 2, 92): 2 
(7, 2, 130): 1 
(7, 6, 97): 7 
(7, 10, 139): 1 
(7, 10, 154): 3 
(7, 10, 174): 4 
(8, 2, 83): 2 
(8, 2, 125): 4 
(8, 7, 84): 2 
(8, 10, 155): 2 
(8, 10, 160): 20 
(8, 10, 170): 7 
(9, 3, 175): 2 
(9, 3, 185): 1 
(9, 3, 197): 14 
(9, 5, 186): 2 
(9, 6, 45): 1 
(9, 10, 133): 2 
(9, 10, 158): 7 
(9, 11, 66): 6 
(9, 11, 67): 1 
(10, 0, 327): 244 
(10, 3, 314): 4 
(10, 5, 202): 4 
(10, 5, 204): 2 
(11, 2, 105): 1 
(11, 3, 125): 14 
(11, 12, 96): 10 
(11, 13, 25): 4 
(11, 14, 93): 2 
(12, 3, 180): 89 
(12, 4, 22): 4 
(12, 4, 26): 12 
(12, 4, 32): 2 
(12, 4, 34): 2 
(12, 4, 84): 5 
(12, 6, 44): 6 
(12, 6, 60): 8 
(12, 7, 73): 2 
(12, 8, 80): 3 
(12, 10, 136): 10 
(12, 10, 146): 13 
(12, 10, 151): 9 
(12, 10, 171): 4 
(12, 14, 45): 2 
(12, 14, 98): 13 
(12, 14, 100): 3 
(12, 14, 101): 6 
(13, 3, 141): 14 
(13, 6, 53): 7 
(13, 6, 65): 4 
(13, 10, 151): 6 
(13, 10, 161): 2 
(14, 2, 76): 3 
(14, 2, 111): 1 
(14, 6, 61): 3 
(14, 10, 133): 14 
(14, 10, 158): 2 
(14, 10, 168): 15 
(14, 12, 120): 6 
(14, 12, 123): 5 
}
