INSTANCE: "B_6_50_1" 
RELEASES: [0, 0, 0, 0, 0, 0]
DUEDATES: [72, 177, 132, 146, 138, 112]
COMPLETION TIMES: [69, 299, 154, 455, 150, 96]
MAKESPANS: [69, 299, 154, 455, 150, 96]
DELAYS: [0, 122, 22, 309, 12, 0]
COST: 844.0

Solution = { 
START TIMES OF ACTIVITIES OF PROJECT 1:
[0, 9, 8, 13, 0, 36, 0, 26, 9, 35, 8, 9, 42, 58, 35, 26, 13, 42, 39, 44, 39, 40, 66, 59, 33, 25, 27, 13, 17, 48, 35, 48, 25, 37, 13, 14, 27, 22, 59, 28, 10, 9, 19, 8, 9, 9, 17, 13, 6, 14, 19, 69]
START TIMES OF ACTIVITIES OF PROJECT 2:
[0, 153, 154, 160, 163, 171, 174, 176, 122, 182, 184, 189, 205, 215, 239, 258, 27, 274, 248, 192, 140, 265, 148, 281, 213, 172, 192, 199, 213, 200, 280, 249, 232, 200, 258, 130, 200, 134, 202, 217, 142, 248, 262, 168, 141, 223, 274, 281, 291, 287, 267, 299]
START TIMES OF ACTIVITIES OF PROJECT 3:
[0, 55, 59, 62, 63, 64, 69, 78, 69, 79, 86, 103, 105, 123, 126, 134, 10, 144, 124, 73, 94, 105, 38, 30, 114, 95, 10, 46, 103, 84, 79, 106, 84, 81, 89, 134, 86, 108, 79, 49, 144, 89, 103, 10, 20, 111, 116, 128, 126, 137, 138, 154]
START TIMES OF ACTIVITIES OF PROJECT 4:
[0, 330, 340, 344, 347, 359, 368, 376, 322, 380, 393, 397, 399, 404, 405, 436, 436, 446, 405, 371, 360, 401, 446, 171, 412, 407, 454, 389, 393, 393, 345, 404, 360, 371, 428, 406, 399, 413, 178, 349, 368, 412, 415, 57, 214, 313, 420, 435, 428, 443, 443, 455]
START TIMES OF ACTIVITIES OF PROJECT 5:
[0, 26, 36, 40, 46, 57, 62, 71, 80, 85, 90, 64, 96, 99, 40, 104, 114, 139, 16, 96, 6, 140, 104, 93, 139, 56, 71, 121, 140, 147, 71, 121, 81, 90, 16, 149, 48, 125, 23, 102, 125, 86, 129, 48, 17, 8, 56, 99, 105, 121, 131, 150]
START TIMES OF ACTIVITIES OF PROJECT 6:
[0, 7, 27, 29, 9, 7, 39, 16, 20, 45, 7, 44, 7, 46, 17, 48, 39, 11, 57, 64, 17, 64, 7, 0, 9, 7, 69, 57, 50, 44, 44, 52, 50, 42, 42, 18, 20, 69, 56, 83, 31, 73, 12, 75, 46, 73, 29, 29, 12, 77, 86, 96]
TRANSFERS OF GLOBAL RESOURCE G1
(0, 1, 0): 9 
(0, 1, 1): 25 
(0, 1, 6): 5 
(0, 2, 15): 5 
(0, 3, 0): 144 
(0, 5, 0): 9 
(0, 5, 8): 10 
(0, 6, 1): 30 
(0, 6, 6): 1 
(1, 2, 15): 3 
(1, 3, 16): 6 
(1, 3, 41): 7 
(1, 3, 70): 12 
(1, 4, 41): 7 
(1, 6, 35): 4 
(2, 0, 299): 30 
(2, 3, 40): 50 
(2, 3, 138): 2 
(2, 4, 291): 25 
(2, 4, 300): 18 
(2, 4, 308): 13 
(2, 4, 338): 35 
(3, 2, 21): 42 
(3, 2, 116): 110 
(3, 2, 194): 10 
(3, 4, 152): 97 
(3, 4, 294): 6 
(3, 5, 115): 6 
(4, 0, 455): 208 
(4, 2, 131): 1 
(4, 3, 76): 5 
(4, 5, 74): 4 
(5, 3, 20): 3 
(5, 3, 36): 2 
(5, 3, 74): 4 
(5, 3, 134): 9 
(5, 4, 160): 11 
(6, 2, 137): 2 
(6, 3, 68): 9 
(6, 3, 78): 7 
(6, 3, 79): 8 
(6, 3, 128): 3 
(6, 4, 47): 6 
TRANSFERS OF GLOBAL RESOURCE G2
(0, 1, 0): 38 
(0, 1, 1): 6 
(0, 2, 19): 3 
(0, 3, 1): 95 
(0, 5, 0): 5 
(0, 5, 2): 4 
(0, 5, 11): 1 
(0, 6, 0): 78 
(0, 6, 2): 9 
(1, 3, 33): 11 
(1, 3, 50): 10 
(1, 3, 81): 9 
(1, 4, 50): 17 
(1, 5, 13): 2 
(1, 5, 19): 4 
(1, 5, 81): 1 
(2, 0, 299): 18 
(2, 3, 38): 21 
(2, 4, 44): 19 
(2, 4, 201): 12 
(2, 4, 300): 133 
(2, 4, 317): 11 
(2, 4, 422): 51 
(3, 2, 114): 38 
(3, 2, 122): 14 
(3, 2, 126): 57 
(3, 2, 145): 18 
(3, 2, 192): 3 
(3, 4, 165): 78 
(3, 5, 120): 2 
(3, 5, 135): 3 
(4, 0, 455): 221 
(4, 1, 59): 9 
(4, 2, 226): 6 
(4, 2, 235): 70 
(4, 3, 80): 27 
(5, 1, 62): 1 
(5, 3, 33): 5 
(5, 3, 129): 6 
(5, 4, 204): 12 
(6, 2, 19): 37 
(6, 2, 126): 2 
(6, 2, 132): 14 
(6, 2, 192): 1 
(6, 2, 231): 2 
(6, 3, 25): 1 
(6, 3, 73): 28 
(6, 5, 129): 2 
}
