INSTANCE: "B_18_50_20" 
RELEASES: [0, 0, 0, 0, 0, 0, 0, 0, 0, 0, 0, 0, 0, 0, 0, 0, 0, 0]
DUEDATES: [136, 160, 116, 119, 130, 126, 138, 80, 94, 72, 70, 138, 124, 120, 120, 120, 139, 105]
COMPLETION TIMES: [284, 185, 119, 146, 148, 599, 295, 101, 109, 83, 78, 449, 141, 154, 153, 142, 512, 103]
MAKESPANS: [284, 185, 119, 146, 148, 599, 295, 101, 109, 83, 78, 449, 141, 154, 153, 142, 512, 103]
DELAYS: [148, 25, 3, 27, 18, 473, 157, 21, 15, 11, 8, 311, 17, 34, 33, 22, 373, 0]
COST: 2748.5

Solution = { 
START TIMES OF ACTIVITIES OF PROJECT 1:
[0, 160, 179, 162, 190, 175, 191, 194, 201, 207, 209, 221, 140, 230, 218, 239, 201, 246, 190, 251, 259, 269, 198, 180, 150, 165, 198, 258, 239, 162, 258, 241, 264, 246, 172, 213, 281, 259, 262, 202, 110, 264, 248, 278, 254, 265, 259, 257, 280, 207, 275, 284]
START TIMES OF ACTIVITIES OF PROJECT 2:
[0, 55, 61, 68, 36, 75, 52, 96, 73, 15, 15, 30, 105, 83, 42, 20, 106, 106, 15, 120, 105, 83, 61, 105, 21, 133, 120, 105, 110, 106, 144, 86, 165, 113, 129, 83, 107, 137, 75, 152, 137, 110, 144, 122, 105, 158, 158, 165, 124, 175, 30, 185]
START TIMES OF ACTIVITIES OF PROJECT 3:
[0, 25, 27, 35, 39, 27, 60, 54, 56, 65, 25, 65, 25, 66, 56, 74, 51, 25, 79, 90, 56, 92, 51, 63, 41, 29, 99, 81, 84, 65, 68, 76, 72, 65, 43, 67, 57, 43, 74, 116, 41, 96, 66, 90, 66, 82, 82, 47, 29, 92, 106, 119]
START TIMES OF ACTIVITIES OF PROJECT 4:
[0, 25, 36, 43, 51, 65, 72, 78, 88, 94, 106, 56, 115, 118, 36, 121, 138, 126, 90, 97, 11, 129, 65, 115, 126, 129, 95, 65, 94, 104, 78, 110, 81, 72, 73, 118, 72, 76, 106, 99, 96, 14, 15, 110, 32, 11, 76, 16, 36, 16, 39, 146]
START TIMES OF ACTIVITIES OF PROJECT 5:
[0, 16, 43, 49, 24, 25, 80, 59, 18, 82, 13, 45, 39, 86, 69, 94, 103, 76, 107, 119, 102, 126, 140, 102, 45, 13, 129, 81, 100, 81, 83, 83, 110, 76, 94, 69, 118, 82, 111, 110, 25, 126, 18, 106, 111, 124, 136, 18, 33, 119, 126, 148]
START TIMES OF ACTIVITIES OF PROJECT 6:
[0, 491, 506, 245, 510, 515, 498, 526, 531, 533, 534, 543, 445, 556, 40, 561, 516, 568, 510, 574, 587, 564, 455, 499, 516, 465, 529, 582, 557, 455, 584, 564, 589, 574, 350, 534, 587, 556, 582, 553, 523, 531, 577, 590, 582, 590, 587, 590, 529, 341, 591, 599]
START TIMES OF ACTIVITIES OF PROJECT 7:
[0, 178, 193, 183, 197, 216, 192, 220, 222, 224, 226, 235, 126, 245, 287, 246, 120, 249, 183, 256, 265, 212, 254, 202, 197, 168, 254, 265, 246, 136, 278, 245, 280, 256, 112, 227, 272, 264, 224, 269, 276, 226, 259, 225, 264, 272, 226, 264, 294, 158, 272, 295]
START TIMES OF ACTIVITIES OF PROJECT 8:
[0, 25, 25, 25, 25, 0, 29, 25, 25, 32, 40, 37, 41, 34, 33, 50, 62, 25, 56, 65, 56, 46, 45, 25, 72, 77, 36, 65, 73, 34, 50, 36, 4, 76, 72, 68, 94, 62, 79, 62, 82, 73, 56, 75, 68, 79, 56, 48, 73, 85, 46, 101]
START TIMES OF ACTIVITIES OF PROJECT 9:
[0, 22, 27, 27, 22, 30, 40, 54, 50, 9, 22, 30, 75, 18, 57, 40, 78, 54, 9, 53, 31, 22, 86, 47, 98, 47, 100, 59, 57, 78, 43, 65, 94, 104, 99, 86, 78, 72, 57, 65, 43, 99, 73, 61, 57, 56, 31, 65, 81, 22, 29, 109]
START TIMES OF ACTIVITIES OF PROJECT 10:
[0, 28, 28, 35, 28, 28, 19, 28, 28, 29, 19, 0, 28, 19, 0, 33, 49, 45, 40, 46, 35, 60, 49, 54, 37, 19, 55, 37, 47, 40, 65, 54, 47, 63, 54, 63, 66, 73, 46, 66, 80, 64, 67, 80, 73, 72, 59, 63, 64, 58, 49, 83]
START TIMES OF ACTIVITIES OF PROJECT 11:
[0, 20, 20, 20, 20, 21, 20, 25, 20, 0, 24, 18, 42, 42, 28, 26, 20, 38, 33, 28, 20, 21, 36, 33, 54, 25, 35, 25, 68, 64, 44, 27, 18, 72, 76, 44, 72, 43, 45, 43, 58, 67, 59, 40, 77, 51, 59, 45, 39, 40, 18, 78]
START TIMES OF ACTIVITIES OF PROJECT 12:
[0, 327, 333, 44, 349, 337, 361, 372, 373, 374, 376, 385, 305, 394, 323, 400, 360, 410, 335, 415, 417, 439, 415, 315, 362, 298, 402, 430, 400, 350, 432, 417, 435, 406, 421, 376, 446, 405, 430, 407, 345, 436, 415, 434, 433, 435, 432, 434, 374, 350, 424, 449]
START TIMES OF ACTIVITIES OF PROJECT 13:
[0, 38, 40, 42, 15, 36, 57, 59, 64, 66, 0, 42, 26, 67, 66, 69, 57, 22, 83, 112, 66, 86, 48, 15, 66, 22, 117, 45, 106, 66, 86, 67, 73, 70, 73, 27, 64, 99, 88, 137, 44, 117, 67, 83, 83, 106, 96, 68, 30, 108, 127, 141]
START TIMES OF ACTIVITIES OF PROJECT 14:
[0, 43, 49, 66, 47, 30, 76, 51, 60, 77, 10, 51, 0, 84, 60, 86, 104, 77, 120, 125, 69, 139, 131, 94, 45, 10, 142, 88, 108, 83, 78, 78, 118, 84, 95, 40, 86, 114, 120, 128, 51, 132, 47, 104, 106, 130, 123, 53, 47, 142, 144, 154]
START TIMES OF ACTIVITIES OF PROJECT 15:
[0, 25, 28, 31, 69, 72, 73, 88, 98, 102, 107, 48, 111, 116, 104, 120, 109, 127, 83, 120, 88, 131, 61, 62, 111, 102, 107, 123, 112, 102, 120, 131, 73, 128, 73, 77, 13, 105, 102, 147, 56, 51, 41, 125, 140, 0, 109, 120, 44, 31, 152, 153]
START TIMES OF ACTIVITIES OF PROJECT 16:
[0, 27, 83, 88, 25, 22, 96, 50, 76, 98, 32, 84, 15, 103, 75, 108, 124, 12, 110, 116, 85, 118, 34, 30, 30, 70, 133, 85, 126, 98, 41, 99, 108, 103, 100, 64, 136, 84, 110, 112, 33, 121, 33, 112, 131, 116, 80, 85, 58, 116, 121, 142]
START TIMES OF ACTIVITIES OF PROJECT 17:
[0, 364, 380, 74, 390, 421, 389, 428, 437, 439, 440, 460, 370, 469, 381, 470, 427, 481, 346, 487, 495, 509, 408, 391, 408, 398, 473, 498, 470, 409, 498, 475, 419, 476, 417, 440, 506, 449, 479, 495, 476, 498, 480, 415, 484, 498, 506, 481, 487, 355, 498, 512]
START TIMES OF ACTIVITIES OF PROJECT 18:
[0, 0, 39, 18, 19, 25, 0, 29, 19, 73, 5, 10, 18, 56, 41, 33, 39, 19, 12, 6, 55, 49, 61, 54, 67, 80, 29, 51, 24, 87, 79, 21, 68, 29, 49, 23, 31, 18, 51, 58, 53, 55, 93, 18, 64, 79, 6, 49, 18, 64, 73, 103]
TRANSFERS OF GLOBAL RESOURCE G1
(0, 2, 0): 15 
(0, 3, 8): 7 
(0, 4, 0): 7 
(0, 4, 3): 6 
(0, 4, 4): 6 
(0, 5, 0): 3 
(0, 5, 3): 1 
(0, 5, 5): 1 
(0, 8, 0): 11 
(0, 9, 0): 17 
(0, 9, 5): 1 
(0, 10, 0): 18 
(0, 11, 0): 57 
(0, 11, 1): 10 
(0, 13, 0): 19 
(0, 14, 0): 5 
(0, 15, 0): 14 
(0, 16, 0): 3 
(0, 18, 0): 27 
(0, 18, 1): 21 
(1, 3, 114): 3 
(1, 6, 292): 110 
(1, 12, 256): 22 
(1, 12, 263): 8 
(1, 12, 273): 3 
(1, 12, 281): 14 
(1, 12, 295): 11 
(1, 12, 307): 5 
(1, 17, 316): 7 
(1, 17, 334): 6 
(1, 17, 359): 2 
(2, 1, 149): 12 
(2, 7, 167): 6 
(2, 7, 196): 2 
(2, 7, 215): 6 
(2, 7, 216): 2 
(2, 16, 16): 4 
(2, 16, 23): 2 
(2, 16, 110): 1 
(2, 16, 113): 3 
(2, 16, 115): 6 
(3, 1, 108): 20 
(3, 1, 138): 3 
(3, 4, 43): 4 
(3, 4, 70): 1 
(3, 4, 73): 9 
(3, 11, 74): 2 
(4, 1, 103): 6 
(4, 1, 133): 6 
(4, 1, 153): 12 
(4, 2, 86): 5 
(4, 3, 17): 5 
(4, 5, 32): 7 
(4, 14, 34): 2 
(5, 1, 124): 2 
(5, 1, 134): 1 
(5, 1, 144): 11 
(5, 1, 149): 4 
(5, 8, 61): 3 
(5, 14, 25): 1 
(5, 14, 35): 1 
(5, 14, 83): 1 
(5, 14, 103): 3 
(5, 14, 123): 1 
(6, 0, 599): 193 
(6, 1, 61): 1 
(6, 7, 106): 1 
(6, 7, 258): 4 
(6, 12, 284): 14 
(6, 14, 48): 4 
(6, 17, 356): 3 
(6, 17, 376): 10 
(7, 6, 239): 15 
(7, 12, 289): 11 
(7, 12, 296): 18 
(8, 1, 88): 16 
(8, 15, 41): 5 
(8, 15, 45): 3 
(8, 15, 58): 4 
(8, 15, 99): 5 
(8, 15, 101): 3 
(9, 1, 114): 8 
(9, 1, 124): 7 
(9, 16, 59): 6 
(9, 16, 60): 1 
(9, 16, 67): 7 
(9, 16, 68): 2 
(9, 16, 96): 3 
(10, 1, 80): 17 
(10, 14, 31): 1 
(10, 14, 94): 3 
(10, 17, 69): 3 
(11, 1, 106): 12 
(11, 3, 22): 9 
(11, 3, 26): 3 
(11, 3, 38): 1 
(11, 3, 57): 2 
(11, 3, 62): 7 
(11, 3, 63): 2 
(11, 4, 41): 5 
(11, 4, 55): 5 
(11, 8, 27): 7 
(11, 14, 25): 9 
(11, 14, 27): 4 
(11, 15, 23): 2 
(11, 15, 27): 1 
(12, 0, 449): 17 
(12, 5, 45): 1 
(12, 6, 451): 36 
(12, 6, 477): 12 
(12, 6, 496): 18 
(12, 6, 502): 12 
(12, 6, 568): 18 
(12, 9, 45): 7 
(12, 9, 46): 3 
(12, 14, 51): 1 
(12, 17, 463): 11 
(13, 1, 73): 2 
(13, 1, 123): 2 
(13, 1, 128): 6 
(13, 6, 26): 1 
(13, 7, 104): 7 
(13, 7, 128): 4 
(13, 7, 170): 6 
(13, 7, 189): 1 
(13, 18, 45): 9 
(14, 1, 131): 8 
(14, 1, 141): 2 
(14, 5, 19): 3 
(14, 5, 77): 11 
(14, 6, 210): 3 
(14, 7, 215): 5 
(14, 10, 16): 2 
(14, 17, 61): 2 
(15, 1, 120): 5 
(15, 1, 130): 7 
(15, 8, 31): 2 
(15, 8, 33): 2 
(15, 8, 37): 3 
(15, 8, 53): 4 
(15, 8, 62): 1 
(15, 8, 70): 3 
(15, 12, 249): 10 
(16, 1, 133): 14 
(16, 1, 140): 1 
(16, 2, 44): 5 
(16, 2, 94): 4 
(16, 2, 95): 5 
(16, 2, 133): 2 
(16, 12, 271): 8 
(17, 0, 512): 39 
(17, 1, 80): 5 
(18, 1, 116): 1 
(18, 2, 87): 8 
(18, 5, 54): 1 
(18, 6, 22): 5 
(18, 9, 75): 6 
(18, 10, 23): 1 
(18, 10, 26): 3 
(18, 12, 34): 12 
(18, 13, 38): 3 
(18, 13, 53): 5 
(18, 13, 55): 1 
(18, 13, 60): 10 
(18, 16, 52): 1 
TRANSFERS OF GLOBAL RESOURCE G2
(0, 2, 0): 4 
(0, 3, 0): 41 
(0, 3, 2): 1 
(0, 4, 0): 10 
(0, 4, 1): 13 
(0, 5, 0): 13 
(0, 5, 8): 2 
(0, 8, 0): 34 
(0, 9, 0): 6 
(0, 9, 13): 18 
(0, 10, 0): 36 
(0, 11, 0): 22 
(0, 11, 2): 19 
(0, 13, 0): 18 
(0, 13, 15): 5 
(0, 14, 1): 4 
(0, 15, 0): 10 
(0, 15, 12): 4 
(0, 16, 0): 7 
(0, 16, 3): 7 
(0, 16, 22): 1 
(0, 18, 0): 8 
(0, 18, 12): 1 
(0, 18, 13): 6 
(0, 18, 18): 5 
(0, 18, 19): 3 
(1, 6, 200): 4 
(1, 12, 284): 115 
(2, 7, 115): 7 
(2, 7, 147): 10 
(2, 7, 186): 12 
(2, 11, 42): 8 
(2, 14, 34): 9 
(2, 14, 95): 8 
(2, 14, 122): 6 
(2, 14, 130): 2 
(3, 1, 101): 33 
(3, 1, 131): 24 
(3, 12, 39): 9 
(4, 2, 89): 7 
(4, 2, 90): 1 
(4, 2, 97): 4 
(4, 2, 149): 2 
(4, 7, 86): 3 
(4, 7, 100): 8 
(4, 7, 132): 4 
(4, 7, 152): 8 
(4, 9, 48): 5 
(4, 9, 49): 5 
(4, 18, 46): 8 
(5, 4, 26): 4 
(5, 4, 63): 1 
(5, 4, 116): 3 
(5, 6, 25): 1 
(5, 6, 230): 3 
(5, 7, 133): 7 
(5, 7, 143): 10 
(5, 7, 162): 5 
(5, 17, 54): 3 
(6, 0, 599): 137 
(6, 12, 253): 18 
(6, 12, 270): 11 
(6, 12, 292): 1 
(6, 17, 69): 1 
(6, 17, 359): 47 
(6, 17, 384): 2 
(6, 17, 455): 38 
(6, 17, 476): 15 
(7, 0, 295): 1 
(7, 6, 198): 23 
(7, 6, 294): 49 
(7, 12, 282): 6 
(7, 12, 294): 23 
(7, 14, 136): 17 
(7, 17, 295): 63 
(7, 17, 338): 3 
(7, 17, 358): 7 
(7, 17, 425): 1 
(8, 1, 89): 8 
(8, 3, 41): 5 
(8, 3, 42): 1 
(8, 4, 97): 3 
(8, 12, 29): 9 
(8, 15, 94): 7 
(8, 17, 40): 1 
(9, 2, 93): 5 
(9, 4, 31): 2 
(9, 4, 64): 3 
(9, 4, 65): 8 
(9, 4, 68): 4 
(9, 4, 118): 1 
(9, 5, 35): 5 
(9, 5, 94): 3 
(9, 7, 91): 2 
(9, 18, 14): 1 
(9, 18, 49): 1 
(9, 18, 51): 4 
(9, 18, 52): 2 
(10, 7, 81): 22 
(10, 7, 89): 2 
(10, 13, 29): 2 
(10, 14, 68): 4 
(10, 15, 101): 4 
(10, 16, 58): 2 
(11, 2, 27): 15 
(11, 2, 52): 8 
(11, 2, 72): 1 
(11, 2, 80): 2 
(11, 2, 83): 5 
(11, 14, 29): 7 
(11, 14, 32): 4 
(11, 16, 54): 10 
(12, 0, 449): 50 
(12, 3, 46): 16 
(12, 3, 49): 2 
(12, 6, 420): 2 
(12, 6, 446): 51 
(12, 17, 362): 23 
(12, 17, 429): 1 
(12, 17, 448): 17 
(12, 17, 451): 30 
(13, 2, 124): 2 
(13, 7, 91): 15 
(13, 7, 137): 8 
(13, 7, 147): 1 
(13, 16, 17): 3 
(13, 16, 104): 1 
(13, 16, 113): 7 
(14, 2, 156): 6 
(14, 5, 49): 3 
(14, 7, 106): 14 
(14, 7, 114): 17 
(14, 7, 152): 22 
(15, 1, 129): 21 
(15, 1, 154): 4 
(15, 7, 164): 8 
(15, 13, 60): 9 
(15, 16, 58): 1 
(15, 16, 70): 1 
(15, 16, 110): 1 
(16, 1, 94): 5 
(16, 1, 124): 8 
(16, 1, 144): 16 
(16, 7, 131): 4 
(16, 7, 141): 2 
(16, 13, 37): 1 
(16, 13, 80): 2 
(16, 15, 38): 1 
(16, 15, 42): 10 
(16, 15, 99): 7 
(16, 15, 141): 2 
(17, 0, 512): 110 
(17, 4, 103): 1 
(17, 5, 106): 1 
(17, 6, 440): 99 
(17, 6, 486): 11 
(17, 6, 510): 4 
(17, 6, 511): 7 
(17, 6, 584): 16 
(17, 7, 75): 2 
(17, 14, 79): 1 
(18, 4, 68): 1 
(18, 4, 116): 1 
(18, 5, 69): 4 
(18, 5, 70): 1 
(18, 5, 115): 5 
(18, 9, 26): 1 
(18, 9, 74): 6 
(18, 11, 27): 3 
(18, 16, 33): 4 
(18, 16, 59): 9 
(18, 16, 104): 4 
}
