INSTANCE: "A_18_60_8" 
RELEASES: [0, 0, 0, 0, 0, 0, 0, 0, 0, 0, 0, 0, 0, 0, 0, 0, 0, 0]
DUEDATES: [129, 116, 77, 117, 111, 131, 96, 98, 93, 152, 125, 84, 69, 111, 114, 137, 140, 84]
COMPLETION TIMES: [172, 243, 359, 355, 418, 244, 130, 120, 236, 314, 154, 282, 81, 373, 123, 371, 266, 199]
MAKESPANS: [172, 243, 359, 355, 418, 244, 130, 120, 236, 314, 154, 282, 81, 373, 123, 371, 266, 199]
DELAYS: [43, 127, 282, 238, 307, 113, 34, 22, 143, 162, 29, 198, 12, 262, 9, 234, 126, 115]
COST: 3448.0

Solution = { 
START TIMES OF ACTIVITIES OF PROJECT 1:
[0, 6, 6, 6, 28, 44, 14, 44, 19, 61, 61, 53, 33, 114, 75, 80, 71, 75, 14, 79, 90, 77, 37, 31, 33, 87, 15, 91, 71, 16, 105, 101, 24, 101, 122, 93, 134, 51, 107, 91, 135, 95, 121, 134, 22, 95, 127, 143, 125, 78, 83, 127, 115, 47, 150, 151, 157, 161, 140, 170, 161, 172]
START TIMES OF ACTIVITIES OF PROJECT 2:
[0, 9, 9, 10, 62, 106, 72, 106, 77, 116, 121, 122, 169, 129, 102, 15, 137, 30, 180, 159, 137, 203, 145, 24, 148, 173, 159, 35, 192, 122, 132, 177, 184, 192, 175, 192, 158, 184, 215, 163, 38, 210, 159, 206, 205, 176, 197, 197, 196, 190, 193, 203, 218, 213, 226, 215, 235, 226, 231, 236, 224, 243]
START TIMES OF ACTIVITIES OF PROJECT 3:
[0, 191, 281, 289, 285, 294, 285, 291, 296, 264, 294, 291, 303, 299, 295, 296, 305, 319, 307, 311, 283, 315, 313, 325, 321, 296, 306, 325, 299, 305, 317, 319, 309, 308, 315, 331, 321, 335, 311, 321, 330, 329, 334, 328, 334, 331, 337, 340, 341, 335, 340, 338, 347, 341, 340, 339, 337, 341, 347, 353, 349, 359]
START TIMES OF ACTIVITIES OF PROJECT 4:
[0, 0, 198, 215, 206, 225, 234, 244, 247, 279, 244, 232, 264, 247, 283, 290, 223, 299, 265, 294, 234, 295, 309, 258, 313, 234, 250, 242, 299, 251, 250, 256, 270, 321, 242, 322, 270, 268, 275, 213, 325, 278, 317, 290, 299, 228, 307, 326, 292, 333, 265, 303, 332, 333, 302, 331, 317, 333, 340, 346, 336, 355]
START TIMES OF ACTIVITIES OF PROJECT 5:
[0, 318, 285, 277, 312, 304, 351, 326, 292, 294, 300, 285, 374, 353, 335, 344, 336, 356, 375, 364, 380, 370, 323, 343, 336, 379, 364, 394, 388, 368, 406, 398, 386, 337, 342, 382, 358, 346, 388, 347, 360, 378, 403, 363, 360, 350, 346, 330, 386, 392, 403, 393, 397, 406, 398, 403, 386, 407, 396, 413, 411, 418]
START TIMES OF ACTIVITIES OF PROJECT 6:
[0, 74, 121, 20, 124, 142, 145, 132, 156, 128, 127, 79, 143, 168, 38, 153, 131, 166, 149, 89, 172, 178, 169, 159, 151, 161, 168, 185, 148, 176, 195, 170, 174, 158, 165, 199, 203, 175, 181, 187, 199, 195, 180, 174, 212, 190, 209, 181, 189, 213, 197, 215, 209, 213, 204, 216, 234, 193, 239, 224, 225, 244]
START TIMES OF ACTIVITIES OF PROJECT 7:
[0, 10, 10, 68, 16, 17, 23, 85, 12, 24, 21, 34, 77, 42, 45, 18, 76, 33, 90, 74, 89, 87, 48, 55, 27, 28, 97, 77, 108, 53, 81, 93, 58, 90, 41, 42, 71, 60, 48, 85, 98, 98, 118, 103, 87, 67, 37, 96, 109, 33, 123, 102, 63, 113, 125, 80, 101, 111, 127, 104, 115, 130]
START TIMES OF ACTIVITIES OF PROJECT 8:
[0, 6, 6, 6, 14, 17, 17, 27, 18, 26, 14, 30, 38, 36, 53, 26, 54, 50, 26, 65, 42, 47, 63, 14, 42, 63, 58, 81, 59, 80, 86, 68, 74, 66, 74, 84, 86, 94, 79, 68, 79, 90, 105, 21, 69, 88, 84, 88, 88, 88, 90, 78, 102, 99, 99, 95, 105, 109, 113, 119, 110, 120]
START TIMES OF ACTIVITIES OF PROJECT 9:
[0, 150, 0, 121, 128, 146, 172, 159, 152, 169, 165, 141, 150, 159, 197, 174, 166, 188, 171, 197, 179, 159, 203, 181, 177, 156, 166, 190, 184, 178, 202, 208, 160, 174, 175, 205, 194, 181, 181, 201, 163, 182, 190, 205, 171, 199, 216, 208, 221, 221, 186, 224, 224, 211, 175, 228, 227, 213, 232, 231, 219, 236]
START TIMES OF ACTIVITIES OF PROJECT 10:
[0, 126, 124, 100, 164, 135, 178, 139, 145, 187, 135, 167, 150, 188, 201, 155, 145, 152, 235, 173, 184, 176, 190, 243, 158, 208, 175, 192, 201, 235, 226, 186, 269, 252, 203, 259, 220, 251, 274, 257, 218, 165, 242, 278, 266, 280, 203, 289, 295, 253, 289, 257, 271, 289, 286, 293, 270, 291, 304, 308, 301, 314]
START TIMES OF ACTIVITIES OF PROJECT 11:
[0, 10, 10, 10, 16, 11, 21, 17, 30, 26, 45, 11, 63, 43, 35, 93, 35, 107, 73, 53, 88, 61, 94, 20, 92, 59, 53, 79, 77, 31, 110, 73, 33, 84, 42, 29, 111, 47, 55, 92, 49, 86, 83, 130, 111, 111, 123, 101, 70, 131, 97, 121, 141, 131, 135, 138, 118, 122, 135, 148, 141, 154]
START TIMES OF ACTIVITIES OF PROJECT 12:
[0, 87, 11, 188, 198, 206, 197, 199, 197, 207, 223, 232, 202, 214, 209, 201, 219, 233, 194, 239, 216, 232, 239, 215, 215, 240, 226, 241, 225, 223, 252, 230, 244, 239, 238, 248, 247, 249, 242, 256, 258, 210, 262, 257, 249, 256, 261, 265, 260, 265, 254, 259, 264, 272, 268, 260, 265, 277, 275, 271, 278, 282]
START TIMES OF ACTIVITIES OF PROJECT 13:
[0, 10, 10, 10, 32, 23, 18, 28, 41, 16, 25, 20, 25, 23, 35, 44, 38, 31, 47, 44, 53, 33, 49, 46, 21, 54, 20, 35, 23, 50, 44, 26, 54, 15, 38, 52, 56, 51, 45, 39, 33, 37, 55, 41, 52, 56, 56, 59, 46, 60, 63, 54, 65, 67, 74, 65, 67, 53, 79, 69, 65, 81]
START TIMES OF ACTIVITIES OF PROJECT 14:
[0, 249, 252, 246, 266, 252, 272, 257, 282, 262, 268, 285, 297, 277, 301, 312, 292, 282, 318, 324, 276, 306, 282, 314, 311, 326, 299, 319, 299, 290, 325, 308, 316, 334, 337, 290, 319, 298, 301, 328, 312, 342, 339, 339, 327, 352, 327, 301, 324, 353, 365, 352, 348, 358, 359, 361, 362, 365, 370, 370, 368, 373]
START TIMES OF ACTIVITIES OF PROJECT 15:
[0, 9, 9, 9, 14, 25, 14, 18, 14, 43, 24, 29, 29, 17, 23, 58, 64, 69, 39, 54, 33, 33, 54, 73, 57, 24, 80, 49, 47, 61, 54, 33, 41, 83, 53, 55, 87, 60, 83, 71, 69, 76, 87, 94, 65, 77, 94, 101, 100, 82, 101, 107, 97, 101, 107, 113, 43, 91, 115, 118, 115, 123]
START TIMES OF ACTIVITIES OF PROJECT 16:
[0, 77, 182, 245, 248, 248, 178, 248, 260, 181, 254, 267, 282, 293, 181, 250, 258, 277, 275, 244, 254, 266, 280, 189, 242, 271, 260, 267, 290, 285, 303, 280, 263, 285, 337, 307, 293, 302, 339, 274, 314, 324, 327, 317, 305, 347, 298, 352, 344, 335, 329, 343, 347, 351, 307, 358, 352, 360, 367, 361, 361, 371]
START TIMES OF ACTIVITIES OF PROJECT 17:
[0, 111, 57, 92, 67, 98, 82, 118, 127, 74, 121, 123, 141, 133, 85, 143, 90, 95, 121, 140, 83, 124, 106, 146, 131, 179, 151, 127, 160, 205, 143, 169, 160, 147, 151, 211, 133, 234, 162, 197, 170, 188, 151, 213, 160, 174, 187, 211, 220, 242, 232, 220, 197, 246, 222, 232, 251, 236, 222, 257, 243, 266]
START TIMES OF ACTIVITIES OF PROJECT 18:
[0, 11, 131, 7, 119, 120, 137, 21, 138, 137, 136, 148, 23, 120, 138, 125, 103, 128, 122, 139, 138, 148, 122, 150, 110, 110, 126, 126, 113, 151, 142, 169, 149, 150, 130, 138, 159, 140, 163, 148, 120, 169, 135, 150, 155, 168, 148, 176, 159, 156, 162, 171, 156, 173, 152, 177, 184, 174, 184, 190, 195, 199]
TRANSFERS OF GLOBAL RESOURCE G1
(0, 1, 0): 18 
(0, 1, 8): 3 
(0, 2, 0): 2 
(0, 7, 0): 10 
(0, 7, 2): 1 
(0, 8, 0): 16 
(0, 11, 2): 16 
(0, 11, 3): 1 
(0, 12, 8): 2 
(0, 13, 0): 14 
(0, 15, 0): 20 
(0, 18, 0): 2 
(0, 18, 4): 5 
(1, 2, 22): 1 
(1, 2, 98): 2 
(1, 2, 124): 1 
(1, 2, 151): 2 
(1, 2, 161): 2 
(1, 6, 152): 1 
(1, 7, 15): 2 
(1, 7, 16): 2 
(1, 7, 19): 1 
(1, 7, 59): 1 
(1, 9, 145): 2 
(1, 9, 153): 1 
(1, 11, 31): 2 
(1, 16, 172): 8 
(1, 16, 175): 2 
(1, 17, 151): 1 
(2, 1, 113): 6 
(2, 6, 15): 2 
(2, 6, 138): 2 
(2, 6, 163): 4 
(2, 6, 204): 1 
(2, 7, 39): 1 
(2, 7, 46): 2 
(2, 7, 74): 2 
(2, 7, 75): 1 
(2, 7, 83): 2 
(2, 9, 113): 2 
(2, 10, 140): 1 
(2, 10, 196): 1 
(2, 10, 198): 1 
(2, 10, 213): 2 
(2, 11, 122): 1 
(2, 14, 237): 9 
(2, 14, 243): 2 
(2, 16, 243): 7 
(2, 17, 78): 1 
(2, 17, 136): 3 
(2, 17, 137): 2 
(2, 17, 143): 1 
(2, 17, 209): 4 
(2, 18, 116): 1 
(3, 0, 359): 32 
(3, 4, 193): 9 
(3, 4, 274): 1 
(3, 4, 328): 1 
(3, 5, 313): 3 
(3, 5, 316): 3 
(3, 5, 327): 1 
(3, 9, 194): 1 
(3, 16, 314): 1 
(3, 16, 317): 1 
(4, 0, 347): 7 
(4, 3, 259): 3 
(4, 3, 284): 2 
(4, 3, 300): 1 
(4, 3, 306): 8 
(4, 5, 309): 2 
(4, 5, 337): 1 
(4, 5, 347): 1 
(4, 5, 354): 2 
(4, 16, 238): 1 
(5, 0, 418): 29 
(5, 3, 301): 6 
(5, 16, 306): 1 
(6, 2, 175): 4 
(6, 2, 187): 2 
(6, 2, 230): 3 
(6, 7, 30): 2 
(6, 7, 45): 5 
(6, 7, 90): 6 
(6, 10, 96): 2 
(6, 10, 172): 2 
(6, 10, 174): 1 
(6, 10, 214): 4 
(6, 10, 231): 2 
(6, 16, 235): 1 
(6, 16, 239): 2 
(6, 17, 90): 2 
(6, 17, 138): 4 
(6, 17, 149): 4 
(6, 17, 158): 3 
(6, 17, 172): 1 
(6, 17, 185): 2 
(6, 17, 195): 2 
(6, 17, 203): 1 
(6, 17, 230): 4 
(6, 17, 244): 7 
(7, 2, 28): 2 
(7, 2, 60): 6 
(7, 2, 100): 1 
(7, 2, 104): 6 
(7, 2, 130): 9 
(7, 6, 35): 4 
(7, 6, 118): 9 
(7, 6, 124): 2 
(7, 6, 129): 1 
(7, 9, 114): 2 
(7, 10, 123): 2 
(7, 17, 55): 1 
(7, 17, 80): 4 
(7, 17, 109): 1 
(7, 17, 125): 2 
(8, 9, 117): 1 
(8, 11, 23): 2 
(8, 11, 30): 2 
(8, 11, 44): 1 
(8, 11, 80): 1 
(8, 11, 108): 2 
(8, 13, 21): 3 
(8, 15, 43): 1 
(8, 15, 45): 1 
(8, 15, 49): 2 
(8, 15, 114): 1 
(8, 16, 70): 6 
(8, 18, 21): 3 
(8, 18, 101): 1 
(8, 18, 108): 3 
(8, 18, 118): 1 
(8, 18, 120): 3 
(8, 18, 123): 7 
(9, 2, 216): 1 
(9, 4, 211): 1 
(9, 4, 216): 1 
(9, 4, 220): 3 
(9, 11, 126): 5 
(9, 12, 182): 7 
(9, 12, 209): 1 
(9, 12, 219): 2 
(9, 12, 220): 2 
(9, 12, 226): 1 
(9, 12, 233): 2 
(9, 12, 234): 3 
(9, 16, 237): 5 
(9, 16, 239): 1 
(10, 0, 314): 6 
(10, 2, 179): 3 
(10, 3, 294): 1 
(10, 6, 189): 1 
(10, 6, 195): 1 
(10, 7, 108): 6 
(10, 12, 243): 1 
(10, 12, 247): 1 
(10, 14, 299): 7 
(10, 14, 304): 1 
(10, 14, 306): 4 
(10, 16, 295): 1 
(10, 16, 315): 3 
(10, 17, 104): 1 
(10, 17, 139): 5 
(10, 17, 158): 1 
(10, 17, 167): 8 
(10, 17, 195): 2 
(10, 17, 209): 2 
(10, 17, 211): 5 
(11, 2, 93): 1 
(11, 6, 148): 1 
(11, 7, 95): 1 
(11, 8, 35): 2 
(11, 8, 87): 1 
(11, 8, 96): 2 
(11, 9, 136): 7 
(11, 9, 141): 1 
(11, 9, 151): 2 
(11, 10, 137): 3 
(11, 13, 15): 1 
(11, 13, 35): 7 
(11, 13, 43): 2 
(11, 15, 21): 3 
(11, 15, 27): 4 
(11, 15, 37): 1 
(11, 15, 39): 1 
(11, 15, 45): 1 
(11, 15, 55): 5 
(11, 15, 74): 3 
(11, 15, 89): 4 
(11, 17, 140): 1 
(11, 18, 132): 6 
(11, 18, 156): 4 
(12, 2, 93): 1 
(12, 3, 272): 7 
(12, 3, 274): 7 
(12, 3, 282): 7 
(12, 4, 268): 1 
(12, 4, 273): 1 
(12, 4, 282): 2 
(12, 5, 272): 7 
(12, 5, 280): 4 
(12, 5, 287): 1 
(12, 11, 21): 2 
(12, 16, 241): 1 
(12, 16, 245): 1 
(12, 16, 251): 2 
(13, 6, 33): 1 
(13, 6, 69): 4 
(13, 6, 74): 1 
(13, 7, 90): 1 
(13, 8, 63): 4 
(13, 8, 79): 2 
(13, 11, 39): 3 
(13, 11, 67): 1 
(13, 11, 80): 2 
(13, 11, 81): 4 
(13, 15, 31): 1 
(13, 15, 47): 1 
(13, 15, 51): 6 
(13, 15, 74): 3 
(13, 15, 78): 2 
(13, 15, 85): 1 
(13, 17, 78): 6 
(14, 0, 373): 21 
(14, 3, 281): 1 
(14, 10, 277): 1 
(14, 10, 281): 3 
(14, 16, 298): 1 
(14, 16, 328): 4 
(14, 16, 342): 1 
(15, 2, 93): 2 
(15, 2, 97): 3 
(15, 6, 69): 5 
(15, 7, 59): 2 
(15, 8, 59): 5 
(15, 8, 61): 1 
(15, 8, 62): 2 
(15, 8, 64): 2 
(15, 10, 93): 2 
(15, 11, 24): 2 
(15, 11, 61): 2 
(15, 11, 68): 1 
(15, 11, 77): 2 
(15, 11, 82): 1 
(15, 11, 105): 3 
(15, 11, 116): 1 
(15, 11, 121): 2 
(15, 13, 13): 5 
(15, 13, 14): 2 
(15, 13, 16): 1 
(15, 13, 43): 7 
(15, 18, 121): 3 
(15, 18, 124): 5 
(16, 0, 371): 15 
(16, 1, 84): 1 
(16, 1, 85): 3 
(16, 2, 95): 1 
(16, 4, 280): 4 
(16, 4, 282): 1 
(16, 4, 283): 2 
(16, 5, 315): 7 
(16, 5, 329): 2 
(16, 5, 355): 2 
(16, 9, 196): 1 
(16, 12, 84): 1 
(16, 12, 191): 10 
(16, 12, 196): 4 
(16, 12, 257): 1 
(16, 12, 258): 2 
(17, 2, 155): 1 
(17, 2, 180): 1 
(17, 2, 220): 4 
(17, 4, 257): 1 
(17, 6, 143): 1 
(17, 6, 163): 9 
(17, 6, 164): 4 
(17, 6, 166): 4 
(17, 6, 179): 8 
(17, 7, 69): 1 
(17, 7, 83): 1 
(17, 7, 96): 2 
(17, 10, 98): 3 
(17, 10, 122): 3 
(17, 10, 124): 2 
(17, 10, 133): 4 
(17, 10, 143): 6 
(17, 10, 153): 1 
(17, 10, 176): 2 
(17, 10, 218): 5 
(17, 10, 240): 3 
(17, 10, 272): 2 
(17, 12, 252): 3 
(17, 14, 235): 1 
(17, 14, 251): 3 
(17, 14, 257): 5 
(17, 16, 234): 2 
(18, 3, 186): 10 
(18, 8, 16): 1 
(18, 8, 25): 3 
(18, 9, 145): 1 
(18, 9, 151): 5 
(18, 9, 166): 3 
(18, 9, 169): 1 
(18, 9, 174): 2 
(18, 9, 185): 1 
(18, 9, 197): 2 
(18, 10, 174): 2 
(18, 11, 26): 1 
(18, 11, 28): 4 
(18, 12, 207): 1 
(18, 13, 13): 1 
(18, 16, 173): 1 
(18, 16, 174): 4 
(18, 17, 142): 1 
TRANSFERS OF GLOBAL RESOURCE G2
(0, 1, 4): 20 
(0, 2, 0): 15 
(0, 7, 1): 16 
(0, 8, 0): 5 
(0, 11, 0): 17 
(0, 12, 0): 1 
(0, 13, 3): 16 
(0, 15, 0): 17 
(0, 18, 0): 2 
(1, 2, 127): 1 
(1, 2, 159): 2 
(1, 6, 158): 2 
(1, 8, 9): 6 
(1, 8, 33): 2 
(1, 8, 53): 2 
(1, 8, 54): 1 
(1, 8, 79): 1 
(1, 8, 85): 2 
(1, 8, 89): 1 
(1, 10, 168): 2 
(1, 12, 77): 2 
(1, 13, 9): 2 
(1, 13, 13): 1 
(1, 16, 168): 3 
(1, 16, 172): 2 
(1, 17, 174): 2 
(1, 18, 116): 1 
(1, 18, 128): 2 
(1, 18, 167): 1 
(2, 4, 220): 2 
(2, 4, 239): 2 
(2, 6, 18): 6 
(2, 6, 119): 1 
(2, 6, 141): 2 
(2, 6, 201): 6 
(2, 12, 178): 1 
(2, 12, 198): 1 
(2, 12, 223): 1 
(2, 13, 24): 3 
(2, 15, 18): 3 
(2, 15, 19): 1 
(2, 15, 41): 2 
(2, 15, 48): 2 
(2, 15, 51): 1 
(2, 16, 238): 4 
(2, 16, 240): 1 
(2, 16, 244): 3 
(2, 17, 46): 3 
(2, 17, 186): 1 
(2, 17, 223): 1 
(3, 0, 359): 24 
(3, 4, 293): 2 
(3, 5, 339): 5 
(3, 12, 193): 1 
(3, 16, 275): 4 
(3, 16, 342): 5 
(3, 16, 356): 3 
(4, 0, 347): 9 
(4, 3, 258): 5 
(4, 3, 285): 2 
(4, 5, 278): 4 
(4, 5, 321): 2 
(4, 5, 337): 1 
(4, 5, 340): 3 
(4, 5, 344): 5 
(4, 16, 237): 2 
(4, 16, 240): 3 
(5, 0, 418): 36 
(6, 2, 33): 6 
(6, 2, 104): 1 
(6, 2, 174): 3 
(6, 4, 214): 7 
(6, 4, 219): 4 
(6, 11, 45): 2 
(6, 11, 79): 1 
(6, 15, 85): 1 
(6, 16, 232): 5 
(6, 16, 244): 9 
(6, 17, 45): 2 
(6, 17, 80): 1 
(6, 17, 175): 3 
(7, 11, 58): 2 
(7, 11, 88): 5 
(7, 11, 96): 1 
(7, 11, 106): 3 
(7, 11, 130): 2 
(7, 13, 12): 1 
(7, 13, 17): 3 
(7, 13, 19): 4 
(7, 13, 35): 3 
(7, 13, 37): 1 
(7, 13, 55): 1 
(7, 18, 97): 5 
(7, 18, 113): 6 
(7, 18, 114): 1 
(7, 18, 116): 4 
(7, 18, 119): 1 
(7, 18, 120): 1 
(7, 18, 122): 5 
(7, 18, 124): 1 
(7, 18, 131): 2 
(8, 1, 19): 2 
(8, 1, 42): 2 
(8, 1, 46): 1 
(8, 1, 70): 1 
(8, 9, 110): 3 
(8, 9, 117): 1 
(8, 10, 117): 4 
(8, 10, 119): 10 
(9, 10, 219): 4 
(9, 12, 183): 1 
(9, 12, 214): 1 
(9, 12, 216): 8 
(9, 12, 222): 1 
(9, 12, 233): 5 
(9, 14, 233): 4 
(9, 18, 134): 1 
(10, 1, 140): 2 
(10, 3, 185): 1 
(10, 3, 299): 4 
(10, 3, 309): 4 
(10, 3, 313): 3 
(10, 8, 102): 1 
(10, 12, 186): 5 
(10, 12, 192): 2 
(10, 12, 195): 4 
(10, 12, 196): 2 
(10, 12, 204): 2 
(10, 12, 205): 1 
(10, 12, 212): 1 
(10, 14, 242): 3 
(10, 14, 245): 1 
(10, 14, 273): 5 
(10, 14, 294): 1 
(10, 14, 312): 1 
(10, 14, 314): 7 
(11, 6, 151): 5 
(11, 6, 154): 2 
(11, 7, 37): 2 
(11, 9, 137): 2 
(11, 13, 12): 2 
(11, 13, 16): 4 
(11, 13, 46): 1 
(11, 13, 47): 2 
(11, 13, 75): 1 
(11, 17, 70): 1 
(11, 17, 102): 4 
(11, 17, 119): 3 
(11, 17, 120): 4 
(11, 17, 156): 7 
(11, 18, 118): 1 
(11, 18, 120): 1 
(12, 3, 276): 1 
(12, 3, 278): 8 
(12, 3, 280): 5 
(12, 3, 284): 5 
(12, 8, 23): 1 
(12, 8, 98): 1 
(12, 10, 98): 1 
(12, 10, 218): 1 
(12, 10, 233): 7 
(12, 10, 267): 1 
(12, 10, 268): 6 
(12, 14, 245): 3 
(12, 14, 272): 4 
(12, 14, 273): 3 
(13, 1, 68): 8 
(13, 7, 29): 5 
(13, 7, 44): 1 
(13, 7, 63): 3 
(13, 7, 67): 10 
(13, 7, 70): 1 
(13, 7, 73): 2 
(13, 7, 81): 2 
(13, 7, 83): 8 
(13, 11, 27): 1 
(13, 11, 29): 4 
(13, 17, 67): 1 
(14, 0, 373): 20 
(14, 3, 257): 2 
(14, 5, 319): 5 
(14, 5, 323): 1 
(14, 10, 266): 2 
(14, 10, 289): 1 
(14, 12, 257): 2 
(15, 2, 115): 2 
(15, 2, 116): 1 
(15, 2, 123): 6 
(15, 6, 32): 4 
(15, 6, 68): 4 
(15, 6, 115): 5 
(15, 6, 121): 3 
(15, 8, 96): 1 
(15, 13, 65): 1 
(15, 16, 73): 4 
(16, 0, 371): 20 
(16, 3, 259): 2 
(16, 3, 310): 1 
(16, 3, 326): 1 
(16, 4, 270): 8 
(16, 4, 294): 2 
(16, 4, 302): 3 
(16, 5, 326): 1 
(16, 5, 327): 1 
(16, 10, 198): 3 
(16, 12, 189): 1 
(16, 12, 192): 1 
(16, 15, 83): 2 
(16, 15, 87): 2 
(17, 1, 144): 2 
(17, 2, 111): 1 
(17, 2, 162): 9 
(17, 5, 272): 6 
(17, 5, 287): 2 
(17, 6, 144): 4 
(17, 6, 146): 1 
(17, 10, 248): 2 
(17, 11, 97): 2 
(17, 11, 131): 2 
(17, 12, 208): 1 
(17, 14, 252): 1 
(18, 4, 199): 6 
(18, 7, 27): 2 
(18, 9, 144): 3 
(18, 9, 146): 2 
(18, 9, 150): 1 
(18, 9, 153): 2 
(18, 9, 159): 2 
(18, 9, 166): 3 
(18, 9, 168): 4 
(18, 9, 205): 2 
(18, 10, 159): 6 
(18, 12, 182): 1 
(18, 12, 184): 1 
}
