INSTANCE: "A_8_60_14" 
RELEASES: [0, 0, 0, 0, 0, 0, 0, 0]
DUEDATES: [152, 121, 162, 119, 94, 107, 73, 116]
COMPLETION TIMES: [239, 273, 321, 329, 366, 120, 137, 146]
MAKESPANS: [239, 273, 321, 329, 366, 120, 137, 146]
DELAYS: [87, 152, 159, 210, 272, 13, 64, 30]
COST: 1459.0

Solution = { 
START TIMES OF ACTIVITIES OF PROJECT 1:
[0, 21, 19, 19, 66, 30, 26, 54, 122, 57, 44, 133, 34, 66, 87, 129, 126, 75, 71, 84, 39, 57, 182, 139, 139, 30, 77, 144, 163, 171, 163, 134, 172, 148, 180, 188, 154, 189, 142, 142, 199, 153, 152, 176, 149, 213, 201, 189, 190, 149, 201, 200, 205, 196, 212, 216, 222, 222, 223, 232, 203, 239]
START TIMES OF ACTIVITIES OF PROJECT 2:
[0, 121, 9, 148, 129, 138, 153, 179, 181, 142, 186, 168, 181, 208, 153, 188, 172, 173, 177, 190, 181, 193, 160, 200, 206, 200, 209, 211, 241, 190, 231, 194, 220, 197, 226, 232, 213, 224, 203, 235, 222, 256, 222, 246, 227, 237, 233, 239, 232, 251, 251, 250, 241, 258, 256, 264, 261, 264, 268, 251, 265, 273]
START TIMES OF ACTIVITIES OF PROJECT 3:
[0, 146, 151, 143, 152, 156, 166, 177, 175, 162, 166, 200, 215, 171, 190, 208, 182, 186, 175, 227, 191, 181, 237, 225, 228, 189, 189, 227, 245, 245, 222, 237, 191, 245, 218, 215, 254, 251, 198, 262, 208, 268, 263, 284, 205, 245, 266, 275, 162, 274, 293, 258, 278, 304, 287, 299, 292, 297, 309, 305, 313, 321]
START TIMES OF ACTIVITIES OF PROJECT 4:
[0, 181, 23, 177, 164, 27, 213, 186, 186, 229, 204, 186, 232, 235, 254, 238, 244, 194, 204, 213, 268, 245, 264, 219, 236, 247, 262, 220, 246, 256, 247, 283, 215, 278, 265, 227, 277, 261, 252, 271, 278, 285, 293, 289, 271, 291, 299, 285, 285, 293, 314, 304, 280, 304, 303, 315, 312, 312, 312, 319, 319, 329]
START TIMES OF ACTIVITIES OF PROJECT 5:
[0, 264, 268, 273, 272, 292, 281, 280, 288, 292, 302, 302, 299, 278, 281, 290, 297, 300, 330, 307, 316, 322, 329, 319, 338, 306, 308, 307, 341, 335, 342, 291, 315, 311, 336, 324, 312, 323, 339, 322, 314, 344, 338, 326, 333, 340, 323, 335, 348, 333, 337, 339, 349, 348, 344, 350, 349, 353, 359, 363, 356, 366]
START TIMES OF ACTIVITIES OF PROJECT 6:
[0, 14, 14, 14, 16, 22, 20, 36, 20, 25, 23, 20, 46, 23, 43, 23, 31, 38, 43, 28, 57, 28, 71, 68, 76, 54, 62, 41, 74, 22, 68, 36, 29, 35, 82, 47, 33, 29, 31, 89, 71, 57, 55, 26, 25, 62, 74, 41, 48, 31, 47, 84, 104, 90, 99, 89, 110, 103, 112, 103, 95, 120]
START TIMES OF ACTIVITIES OF PROJECT 7:
[0, 22, 22, 25, 48, 31, 31, 25, 53, 64, 58, 42, 27, 87, 64, 49, 35, 38, 58, 99, 81, 42, 70, 102, 91, 59, 106, 97, 77, 70, 83, 97, 108, 116, 78, 86, 69, 52, 96, 103, 96, 120, 110, 107, 76, 78, 119, 112, 124, 120, 116, 121, 93, 93, 125, 99, 107, 122, 123, 134, 114, 137]
START TIMES OF ACTIVITIES OF PROJECT 8:
[0, 10, 25, 25, 29, 27, 46, 39, 51, 58, 62, 65, 51, 65, 57, 37, 73, 57, 76, 81, 72, 86, 86, 46, 47, 108, 102, 73, 96, 63, 100, 89, 96, 100, 57, 60, 85, 76, 102, 108, 62, 108, 86, 91, 128, 107, 106, 115, 100, 112, 114, 119, 121, 114, 129, 115, 138, 114, 123, 139, 132, 146]
TRANSFERS OF GLOBAL RESOURCE G1
(0, 1, 0): 8 
(0, 1, 2): 6 
(0, 2, 0): 9 
(0, 4, 0): 5 
(0, 6, 3): 5 
(0, 6, 5): 9 
(0, 6, 9): 2 
(0, 6, 20): 1 
(0, 7, 0): 7 
(0, 7, 3): 2 
(0, 8, 0): 10 
(1, 2, 176): 1 
(1, 2, 208): 3 
(1, 2, 227): 3 
(1, 3, 139): 2 
(1, 3, 169): 2 
(1, 4, 140): 1 
(1, 4, 210): 1 
(1, 4, 219): 1 
(1, 5, 239): 7 
(1, 5, 243): 1 
(1, 7, 27): 6 
(1, 7, 38): 2 
(1, 7, 72): 1 
(1, 7, 77): 3 
(1, 7, 87): 7 
(1, 7, 95): 1 
(2, 0, 273): 1 
(2, 1, 20): 2 
(2, 3, 210): 2 
(2, 3, 257): 4 
(2, 3, 275): 1 
(2, 5, 254): 3 
(2, 5, 257): 2 
(2, 5, 268): 1 
(2, 5, 273): 3 
(2, 5, 275): 7 
(2, 6, 19): 6 
(2, 7, 23): 1 
(3, 0, 321): 11 
(3, 2, 182): 3 
(3, 4, 190): 2 
(3, 4, 213): 3 
(3, 4, 250): 2 
(3, 4, 279): 6 
(3, 5, 253): 2 
(3, 5, 306): 1 
(3, 5, 310): 1 
(3, 5, 318): 1 
(4, 0, 329): 14 
(4, 5, 279): 3 
(4, 5, 313): 1 
(4, 5, 316): 5 
(4, 8, 28): 2 
(4, 8, 30): 1 
(4, 8, 37): 1 
(4, 8, 42): 1 
(5, 0, 366): 38 
(6, 1, 104): 1 
(6, 2, 126): 10 
(6, 3, 135): 6 
(6, 7, 49): 1 
(6, 7, 61): 2 
(6, 7, 74): 1 
(6, 7, 82): 1 
(6, 8, 97): 1 
(7, 1, 53): 4 
(7, 1, 118): 9 
(7, 1, 122): 7 
(7, 1, 129): 2 
(7, 1, 130): 3 
(7, 2, 153): 4 
(7, 4, 136): 1 
(7, 4, 140): 1 
(7, 4, 145): 3 
(7, 4, 178): 1 
(8, 3, 133): 2 
(8, 3, 136): 3 
(8, 3, 141): 1 
(8, 3, 152): 8 
(8, 3, 165): 1 
(8, 4, 155): 1 
TRANSFERS OF GLOBAL RESOURCE G2
(0, 1, 13): 16 
(0, 1, 28): 1 
(0, 6, 0): 22 
(0, 6, 2): 1 
(0, 6, 6): 7 
(0, 7, 0): 9 
(0, 8, 0): 7 
(1, 2, 94): 2 
(1, 2, 152): 6 
(1, 3, 196): 2 
(1, 3, 199): 1 
(1, 4, 190): 1 
(1, 4, 218): 4 
(1, 4, 239): 4 
(1, 4, 242): 3 
(1, 5, 240): 2 
(1, 6, 99): 1 
(1, 8, 21): 2 
(1, 8, 39): 2 
(1, 8, 43): 4 
(1, 8, 49): 1 
(1, 8, 88): 1 
(1, 8, 94): 1 
(1, 8, 106): 2 
(1, 8, 107): 2 
(2, 4, 210): 2 
(2, 5, 245): 2 
(2, 5, 273): 16 
(3, 0, 321): 14 
(3, 2, 158): 1 
(3, 5, 222): 1 
(3, 5, 226): 5 
(4, 0, 329): 14 
(4, 5, 254): 2 
(4, 5, 278): 1 
(4, 5, 286): 1 
(4, 5, 288): 2 
(4, 5, 315): 3 
(5, 0, 366): 35 
(6, 1, 46): 1 
(6, 1, 111): 1 
(6, 1, 115): 1 
(6, 1, 122): 3 
(6, 1, 123): 3 
(6, 1, 138): 1 
(6, 3, 121): 2 
(6, 7, 32): 5 
(6, 7, 43): 1 
(6, 7, 54): 1 
(6, 7, 66): 5 
(6, 7, 73): 2 
(6, 7, 97): 5 
(6, 8, 43): 2 
(7, 1, 112): 1 
(7, 1, 132): 3 
(7, 1, 163): 1 
(7, 1, 172): 1 
(7, 2, 125): 1 
(7, 2, 129): 3 
(7, 2, 138): 2 
(7, 3, 126): 3 
(7, 3, 127): 2 
(7, 4, 121): 3 
(7, 4, 134): 4 
(7, 4, 138): 2 
(7, 6, 85): 2 
(8, 1, 69): 1 
(8, 1, 118): 2 
(8, 1, 125): 5 
(8, 2, 146): 5 
(8, 3, 129): 4 
(8, 3, 132): 7 
}
