INSTANCE: "B_6_50_30" 
RELEASES: [0, 0, 0, 0, 0, 0]
DUEDATES: [150, 109, 131, 146, 146, 132]
COMPLETION TIMES: [180, 114, 292, 285, 169, 147]
MAKESPANS: [180, 114, 292, 285, 169, 147]
DELAYS: [30, 5, 161, 139, 23, 15]
COST: 780.0

Solution = { 
START TIMES OF ACTIVITIES OF PROJECT 1:
[0, 10, 16, 22, 26, 28, 29, 85, 29, 87, 93, 102, 112, 117, 125, 132, 74, 142, 120, 93, 63, 119, 110, 53, 125, 120, 102, 159, 109, 95, 102, 101, 130, 80, 43, 133, 106, 126, 73, 160, 37, 109, 144, 93, 127, 137, 149, 125, 165, 173, 173, 180]
START TIMES OF ACTIVITIES OF PROJECT 2:
[0, 19, 39, 41, 23, 25, 50, 33, 41, 59, 13, 59, 13, 64, 56, 66, 56, 13, 73, 81, 60, 79, 19, 56, 21, 19, 87, 63, 110, 60, 58, 68, 62, 62, 66, 25, 39, 13, 73, 87, 28, 90, 50, 77, 63, 84, 36, 42, 21, 86, 100, 114]
START TIMES OF ACTIVITIES OF PROJECT 3:
[0, 184, 186, 12, 199, 207, 273, 214, 219, 221, 222, 233, 53, 243, 193, 256, 219, 269, 175, 274, 282, 248, 63, 63, 200, 274, 12, 282, 256, 70, 284, 245, 249, 263, 244, 230, 288, 239, 231, 252, 211, 211, 268, 245, 273, 259, 286, 233, 259, 220, 286, 292]
START TIMES OF ACTIVITIES OF PROJECT 4:
[0, 157, 158, 168, 176, 186, 187, 203, 10, 216, 218, 223, 227, 241, 247, 257, 19, 266, 247, 191, 29, 227, 274, 138, 235, 233, 221, 265, 227, 218, 221, 242, 247, 198, 241, 249, 202, 248, 222, 209, 150, 217, 250, 217, 187, 196, 257, 266, 266, 283, 274, 285]
START TIMES OF ACTIVITIES OF PROJECT 5:
[0, 13, 35, 36, 52, 59, 63, 67, 20, 72, 81, 96, 98, 100, 101, 108, 12, 115, 101, 156, 143, 98, 146, 25, 104, 104, 104, 124, 81, 12, 98, 20, 97, 42, 86, 110, 81, 112, 112, 159, 63, 96, 108, 99, 42, 116, 128, 137, 140, 140, 149, 169]
START TIMES OF ACTIVITIES OF PROJECT 6:
[0, 32, 33, 36, 45, 47, 49, 75, 11, 84, 86, 98, 106, 115, 128, 131, 22, 139, 117, 92, 125, 107, 115, 130, 117, 113, 11, 111, 113, 131, 107, 84, 122, 125, 98, 139, 68, 123, 50, 60, 52, 45, 133, 56, 89, 57, 69, 137, 11, 49, 47, 147]
TRANSFERS OF GLOBAL RESOURCE G1
(0, 1, 6): 173 
(0, 2, 2): 26 
(0, 2, 22): 1 
(0, 3, 0): 9 
(0, 4, 0): 148 
(0, 5, 7): 1 
(0, 5, 8): 11 
(0, 6, 0): 24 
(0, 6, 11): 21 
(0, 6, 21): 6 
(0, 6, 22): 8 
(1, 0, 180): 19 
(1, 2, 96): 5 
(1, 3, 43): 85 
(1, 3, 165): 61 
(1, 3, 174): 20 
(1, 3, 197): 1 
(1, 3, 204): 6 
(1, 3, 210): 18 
(1, 3, 239): 27 
(1, 3, 272): 10 
(1, 4, 125): 37 
(1, 4, 244): 11 
(1, 5, 39): 5 
(1, 5, 101): 3 
(1, 5, 143): 2 
(1, 6, 97): 9 
(2, 1, 60): 1 
(2, 4, 137): 7 
(2, 6, 18): 5 
(2, 6, 28): 6 
(2, 6, 71): 10 
(2, 6, 102): 7 
(2, 6, 103): 7 
(3, 0, 292): 206 
(3, 1, 70): 76 
(3, 1, 83): 3 
(3, 2, 14): 2 
(3, 5, 84): 10 
(4, 0, 285): 192 
(4, 1, 40): 23 
(4, 1, 61): 16 
(4, 2, 40): 9 
(4, 3, 42): 7 
(4, 6, 19): 81 
(4, 6, 29): 8 
(4, 6, 53): 4 
(5, 0, 169): 11 
(5, 1, 50): 5 
(5, 1, 90): 6 
(5, 1, 156): 2 
(5, 3, 163): 3 
(5, 6, 126): 5 
(6, 1, 60): 14 
(6, 3, 152): 50 
(6, 4, 135): 67 
(6, 4, 147): 49 
(6, 4, 154): 13 
(6, 4, 238): 3 
(6, 4, 254): 5 
TRANSFERS OF GLOBAL RESOURCE G2
(0, 1, 0): 12 
(0, 2, 0): 54 
(0, 3, 4): 10 
(0, 4, 6): 19 
(0, 4, 15): 21 
(0, 4, 25): 12 
(0, 5, 0): 114 
(0, 5, 1): 29 
(0, 6, 2): 29 
(1, 4, 131): 3 
(1, 4, 150): 10 
(1, 4, 234): 4 
(1, 4, 235): 6 
(1, 6, 47): 8 
(2, 0, 114): 4 
(2, 1, 149): 3 
(2, 3, 47): 10 
(2, 5, 34): 22 
(2, 5, 51): 6 
(2, 5, 107): 22 
(2, 5, 158): 4 
(2, 6, 52): 1 
(3, 0, 292): 116 
(3, 1, 66): 5 
(3, 1, 73): 2 
(3, 1, 78): 1 
(3, 1, 86): 5 
(3, 1, 95): 1 
(3, 2, 104): 1 
(3, 4, 25): 10 
(3, 4, 253): 37 
(3, 5, 76): 34 
(3, 5, 103): 31 
(3, 5, 107): 11 
(3, 6, 109): 1 
(3, 6, 111): 4 
(3, 6, 113): 1 
(3, 6, 115): 2 
(4, 0, 285): 174 
(4, 3, 49): 89 
(4, 3, 210): 5 
(4, 3, 229): 1 
(4, 3, 235): 11 
(4, 3, 265): 19 
(4, 3, 270): 1 
(5, 0, 169): 6 
(5, 1, 118): 2 
(5, 2, 20): 3 
(5, 2, 22): 1 
(5, 2, 24): 6 
(5, 3, 170): 60 
(5, 3, 179): 50 
(5, 3, 244): 6 
(5, 4, 21): 4 
(5, 4, 130): 74 
(5, 4, 149): 33 
(5, 4, 234): 7 
(5, 4, 242): 14 
(5, 6, 29): 8 
(5, 6, 48): 6 
(5, 6, 113): 5 
(5, 6, 135): 2 
(6, 2, 14): 2 
(6, 2, 76): 5 
(6, 4, 24): 23 
(6, 4, 133): 21 
(6, 4, 152): 2 
(6, 5, 77): 14 
}
