INSTANCE: "A_12_60_38" 
RELEASES: [0, 0, 0, 0, 0, 0, 0, 0, 0, 0, 0, 0]
DUEDATES: [137, 105, 104, 103, 116, 126, 66, 140, 75, 83, 149, 118]
COMPLETION TIMES: [182, 128, 126, 189, 138, 266, 97, 160, 94, 191, 238, 266]
MAKESPANS: [182, 128, 126, 189, 138, 266, 97, 160, 94, 191, 238, 266]
DELAYS: [45, 23, 22, 86, 22, 140, 31, 20, 19, 108, 89, 148]
COST: 1414.0

Solution = { 
START TIMES OF ACTIVITIES OF PROJECT 1:
[0, 22, 22, 32, 40, 38, 51, 29, 41, 34, 32, 62, 73, 52, 52, 62, 37, 47, 34, 66, 66, 77, 71, 76, 42, 88, 88, 66, 83, 114, 69, 106, 79, 84, 105, 125, 77, 130, 146, 97, 97, 106, 97, 120, 112, 114, 120, 125, 134, 158, 148, 134, 148, 162, 136, 156, 167, 158, 136, 173, 165, 182]
START TIMES OF ACTIVITIES OF PROJECT 2:
[0, 22, 22, 22, 28, 30, 37, 25, 30, 37, 30, 50, 83, 42, 37, 45, 50, 92, 56, 33, 83, 56, 58, 52, 66, 54, 45, 60, 38, 109, 99, 53, 65, 74, 100, 54, 104, 65, 25, 66, 51, 64, 101, 110, 99, 73, 90, 64, 34, 54, 106, 73, 113, 106, 103, 104, 113, 115, 124, 123, 111, 128]
START TIMES OF ACTIVITIES OF PROJECT 3:
[0, 17, 17, 75, 35, 27, 24, 79, 49, 44, 23, 67, 54, 44, 27, 50, 34, 79, 93, 94, 51, 60, 38, 47, 85, 65, 79, 63, 72, 27, 80, 107, 55, 68, 84, 50, 89, 81, 60, 94, 63, 113, 89, 106, 103, 85, 106, 84, 101, 67, 103, 117, 105, 97, 114, 109, 109, 108, 119, 115, 117, 126]
START TIMES OF ACTIVITIES OF PROJECT 4:
[0, 25, 127, 74, 83, 92, 94, 81, 94, 85, 81, 128, 101, 99, 99, 113, 106, 34, 106, 60, 115, 129, 106, 74, 130, 118, 119, 91, 133, 127, 156, 130, 113, 132, 149, 115, 119, 133, 173, 166, 141, 84, 91, 135, 167, 135, 154, 141, 167, 150, 149, 154, 166, 177, 153, 181, 156, 174, 181, 186, 176, 189]
START TIMES OF ACTIVITIES OF PROJECT 5:
[0, 18, 4, 21, 18, 8, 55, 25, 23, 62, 27, 36, 18, 36, 28, 65, 71, 18, 36, 46, 54, 25, 74, 36, 44, 69, 46, 36, 46, 65, 57, 93, 57, 79, 76, 63, 83, 76, 88, 86, 93, 86, 101, 97, 72, 92, 110, 100, 100, 101, 123, 111, 95, 115, 104, 124, 119, 119, 123, 128, 126, 138]
START TIMES OF ACTIVITIES OF PROJECT 6:
[0, 49, 149, 143, 144, 152, 159, 160, 160, 173, 167, 183, 149, 253, 184, 191, 169, 176, 158, 186, 208, 173, 169, 161, 159, 192, 165, 196, 184, 146, 207, 224, 137, 201, 216, 216, 207, 191, 208, 196, 223, 239, 226, 235, 163, 200, 232, 228, 240, 198, 187, 228, 216, 174, 242, 240, 249, 255, 244, 264, 254, 266]
START TIMES OF ACTIVITIES OF PROJECT 7:
[0, 21, 21, 21, 38, 28, 26, 29, 29, 48, 51, 35, 34, 32, 22, 35, 31, 42, 56, 22, 45, 34, 28, 59, 59, 66, 65, 50, 37, 37, 58, 31, 66, 36, 45, 73, 51, 40, 44, 37, 63, 61, 54, 48, 22, 65, 75, 74, 68, 42, 82, 59, 84, 66, 91, 80, 68, 87, 89, 92, 89, 97]
START TIMES OF ACTIVITIES OF PROJECT 8:
[0, 16, 16, 16, 29, 46, 21, 32, 38, 54, 45, 23, 23, 38, 40, 42, 41, 38, 86, 56, 81, 56, 87, 23, 41, 66, 72, 59, 66, 81, 50, 125, 81, 91, 90, 91, 73, 95, 46, 100, 83, 72, 111, 82, 105, 103, 113, 117, 141, 93, 133, 95, 109, 143, 125, 100, 133, 141, 151, 151, 147, 160]
START TIMES OF ACTIVITIES OF PROJECT 9:
[0, 15, 15, 15, 17, 30, 42, 55, 31, 24, 22, 23, 34, 32, 24, 28, 46, 52, 41, 32, 32, 54, 59, 34, 39, 51, 32, 39, 62, 52, 52, 41, 43, 29, 56, 63, 57, 63, 71, 61, 17, 69, 63, 73, 57, 41, 49, 40, 64, 73, 70, 63, 51, 71, 63, 83, 73, 70, 90, 83, 77, 94]
START TIMES OF ACTIVITIES OF PROJECT 10:
[0, 103, 12, 108, 111, 72, 105, 128, 90, 121, 116, 141, 123, 108, 106, 132, 111, 131, 134, 128, 139, 123, 131, 135, 141, 132, 131, 148, 163, 151, 146, 154, 141, 151, 156, 158, 156, 158, 148, 146, 142, 156, 150, 149, 171, 171, 154, 164, 164, 157, 175, 163, 177, 181, 171, 164, 184, 178, 173, 181, 188, 191]
START TIMES OF ACTIVITIES OF PROJECT 11:
[0, 91, 96, 107, 103, 116, 109, 148, 125, 108, 139, 110, 100, 151, 124, 117, 131, 139, 149, 166, 149, 154, 182, 132, 154, 109, 155, 137, 165, 179, 173, 157, 189, 178, 197, 194, 194, 197, 168, 161, 219, 184, 184, 204, 167, 210, 205, 203, 210, 162, 220, 206, 220, 207, 224, 204, 219, 220, 220, 230, 228, 238]
START TIMES OF ACTIVITIES OF PROJECT 12:
[0, 147, 21, 150, 155, 161, 190, 155, 169, 161, 177, 187, 167, 178, 197, 222, 177, 169, 167, 190, 199, 187, 197, 212, 201, 206, 181, 226, 178, 194, 230, 233, 181, 239, 206, 215, 197, 200, 190, 222, 233, 219, 234, 227, 216, 244, 227, 206, 235, 236, 250, 244, 236, 251, 235, 247, 244, 250, 243, 257, 254, 266]
TRANSFERS OF GLOBAL RESOURCE G1
(0, 1, 3): 7 
(0, 2, 0): 27 
(0, 3, 3): 5 
(0, 3, 9): 4 
(0, 5, 0): 3 
(0, 5, 14): 14 
(0, 5, 17): 10 
(0, 7, 9): 26 
(0, 7, 10): 1 
(0, 8, 0): 23 
(0, 9, 0): 18 
(0, 9, 7): 1 
(1, 0, 174): 10 
(1, 2, 97): 2 
(1, 4, 101): 1 
(1, 6, 118): 1 
(1, 6, 216): 1 
(1, 8, 54): 3 
(1, 8, 136): 6 
(1, 9, 44): 1 
(1, 9, 52): 2 
(1, 9, 59): 2 
(1, 10, 106): 1 
(1, 11, 83): 1 
(1, 11, 197): 1 
(1, 11, 211): 4 
(2, 3, 25): 9 
(2, 3, 93): 1 
(2, 4, 126): 3 
(2, 5, 55): 1 
(2, 6, 135): 3 
(2, 8, 25): 5 
(2, 10, 128): 4 
(2, 11, 137): 2 
(2, 12, 125): 1 
(2, 12, 128): 4 
(3, 2, 42): 1 
(3, 2, 113): 1 
(3, 8, 128): 1 
(3, 10, 54): 1 
(3, 10, 116): 1 
(3, 10, 117): 6 
(3, 11, 85): 6 
(3, 11, 133): 2 
(3, 11, 143): 9 
(4, 6, 201): 2 
(4, 6, 213): 1 
(4, 12, 130): 3 
(4, 12, 133): 4 
(4, 12, 173): 7 
(4, 12, 177): 1 
(4, 12, 184): 6 
(5, 4, 107): 4 
(5, 4, 109): 4 
(5, 6, 44): 9 
(5, 6, 132): 1 
(5, 6, 138): 8 
(5, 6, 144): 2 
(5, 7, 29): 1 
(5, 8, 24): 1 
(5, 9, 26): 1 
(6, 0, 266): 28 
(6, 4, 59): 7 
(6, 5, 64): 2 
(7, 3, 80): 1 
(7, 4, 93): 4 
(7, 4, 95): 1 
(7, 5, 76): 1 
(7, 10, 59): 1 
(7, 10, 77): 2 
(7, 10, 95): 6 
(7, 10, 110): 6 
(7, 10, 115): 2 
(7, 10, 118): 1 
(7, 11, 80): 1 
(7, 11, 91): 2 
(8, 1, 29): 2 
(8, 1, 35): 4 
(8, 1, 66): 1 
(8, 1, 72): 3 
(8, 1, 151): 1 
(8, 1, 160): 2 
(8, 1, 162): 5 
(8, 3, 92): 2 
(8, 6, 120): 1 
(8, 6, 146): 2 
(8, 9, 20): 2 
(8, 9, 26): 6 
(8, 9, 43): 1 
(8, 9, 49): 4 
(8, 9, 68): 1 
(8, 10, 104): 1 
(8, 11, 157): 2 
(8, 11, 201): 2 
(8, 12, 158): 6 
(8, 12, 160): 2 
(9, 1, 17): 2 
(9, 1, 74): 9 
(9, 3, 89): 6 
(9, 8, 79): 4 
(9, 8, 80): 1 
(9, 8, 83): 4 
(9, 8, 88): 2 
(9, 11, 82): 4 
(9, 11, 87): 4 
(9, 11, 98): 3 
(10, 0, 190): 35 
(11, 0, 238): 32 
(11, 2, 111): 1 
(11, 2, 112): 1 
(11, 6, 121): 6 
(11, 10, 108): 3 
(12, 0, 266): 34 
TRANSFERS OF GLOBAL RESOURCE G2
(0, 1, 0): 12 
(0, 2, 7): 8 
(0, 2, 10): 3 
(0, 3, 0): 13 
(0, 4, 0): 1 
(0, 5, 0): 29 
(0, 7, 0): 20 
(0, 7, 1): 13 
(0, 7, 5): 1 
(0, 7, 7): 2 
(0, 8, 6): 8 
(0, 8, 19): 1 
(0, 9, 1): 13 
(0, 9, 3): 11 
(0, 9, 8): 2 
(0, 9, 9): 2 
(0, 9, 10): 1 
(0, 10, 0): 4 
(0, 12, 0): 3 
(1, 0, 182): 5 
(1, 6, 132): 9 
(1, 6, 138): 4 
(1, 6, 162): 1 
(1, 6, 180): 1 
(1, 11, 75): 1 
(1, 11, 80): 2 
(1, 11, 204): 3 
(2, 1, 119): 2 
(2, 4, 42): 2 
(2, 4, 114): 3 
(2, 4, 115): 1 
(2, 5, 59): 2 
(2, 5, 83): 2 
(2, 5, 90): 1 
(2, 5, 101): 1 
(2, 8, 42): 1 
(2, 8, 58): 1 
(2, 8, 74): 5 
(2, 8, 125): 2 
(2, 10, 133): 2 
(2, 11, 121): 1 
(2, 12, 127): 2 
(2, 12, 133): 4 
(3, 1, 135): 1 
(3, 4, 60): 1 
(3, 10, 94): 5 
(3, 10, 107): 2 
(3, 10, 112): 1 
(3, 10, 122): 2 
(3, 10, 123): 3 
(3, 12, 138): 9 
(3, 12, 141): 3 
(4, 0, 189): 25 
(5, 0, 138): 6 
(5, 2, 22): 3 
(5, 2, 27): 3 
(5, 2, 70): 4 
(5, 2, 96): 3 
(5, 4, 44): 5 
(5, 4, 125): 4 
(5, 6, 125): 1 
(5, 8, 63): 1 
(5, 8, 72): 1 
(5, 11, 130): 3 
(5, 11, 135): 2 
(5, 12, 132): 2 
(6, 0, 266): 23 
(6, 1, 60): 1 
(7, 1, 95): 7 
(7, 6, 97): 6 
(7, 6, 104): 1 
(7, 8, 67): 3 
(7, 10, 94): 3 
(7, 11, 77): 4 
(7, 11, 81): 4 
(7, 11, 88): 6 
(7, 11, 105): 2 
(8, 0, 160): 7 
(8, 2, 91): 1 
(8, 2, 101): 4 
(8, 2, 102): 1 
(8, 5, 100): 1 
(8, 10, 111): 4 
(8, 10, 137): 5 
(9, 1, 88): 1 
(9, 2, 96): 2 
(9, 3, 87): 2 
(9, 3, 89): 7 
(9, 4, 73): 2 
(9, 4, 94): 5 
(9, 4, 103): 1 
(9, 5, 78): 1 
(9, 5, 97): 1 
(9, 10, 85): 2 
(9, 10, 87): 6 
(10, 0, 190): 26 
(10, 1, 141): 1 
(10, 3, 29): 3 
(10, 9, 16): 1 
(10, 12, 177): 1 
(10, 12, 190): 7 
(11, 0, 238): 27 
(11, 1, 140): 1 
(12, 0, 266): 28 
(12, 3, 29): 2 
(12, 6, 30): 1 
}
