INSTANCE: "B_6_50_26" 
RELEASES: [0, 0, 0, 0, 0, 0]
DUEDATES: [178, 105, 125, 98, 68, 164]
COMPLETION TIMES: [292, 131, 159, 99, 70, 233]
MAKESPANS: [292, 131, 159, 99, 70, 233]
DELAYS: [114, 26, 34, 1, 2, 69]
COST: 615.0

Solution = { 
START TIMES OF ACTIVITIES OF PROJECT 1:
[0, 147, 149, 156, 163, 177, 182, 195, 204, 214, 218, 21, 230, 238, 185, 256, 242, 258, 203, 246, 245, 282, 238, 247, 172, 218, 225, 261, 257, 261, 242, 271, 45, 262, 180, 272, 31, 35, 269, 182, 277, 288, 273, 284, 49, 277, 11, 238, 262, 277, 284, 292]
START TIMES OF ACTIVITIES OF PROJECT 2:
[0, 30, 34, 43, 51, 56, 63, 72, 78, 84, 89, 12, 100, 111, 34, 112, 103, 117, 114, 41, 11, 122, 38, 94, 117, 85, 89, 18, 96, 98, 72, 121, 63, 63, 63, 111, 72, 23, 85, 89, 34, 46, 12, 92, 26, 11, 82, 17, 37, 14, 16, 131]
START TIMES OF ACTIVITIES OF PROJECT 3:
[0, 51, 60, 6, 63, 73, 56, 81, 83, 84, 89, 92, 27, 95, 84, 116, 83, 120, 97, 132, 138, 107, 34, 63, 111, 41, 120, 137, 97, 38, 109, 107, 97, 95, 114, 86, 150, 13, 123, 137, 116, 139, 90, 56, 64, 141, 139, 141, 146, 34, 148, 159]
START TIMES OF ACTIVITIES OF PROJECT 4:
[0, 11, 0, 11, 37, 11, 19, 5, 20, 19, 11, 29, 29, 0, 35, 10, 26, 43, 19, 49, 43, 49, 71, 29, 49, 19, 48, 73, 58, 59, 62, 58, 71, 43, 77, 58, 77, 59, 83, 87, 68, 59, 91, 87, 80, 77, 80, 77, 77, 88, 62, 99]
START TIMES OF ACTIVITIES OF PROJECT 5:
[0, 0, 14, 21, 9, 26, 13, 9, 21, 32, 9, 5, 46, 5, 49, 27, 27, 29, 50, 59, 38, 10, 9, 42, 33, 0, 61, 50, 38, 36, 59, 33, 49, 32, 41, 27, 35, 22, 10, 61, 19, 20, 46, 20, 30, 28, 59, 9, 9, 9, 9, 70]
START TIMES OF ACTIVITIES OF PROJECT 6:
[0, 104, 110, 116, 127, 129, 131, 132, 85, 141, 164, 172, 181, 183, 199, 216, 20, 225, 64, 142, 133, 108, 95, 10, 181, 139, 182, 140, 181, 144, 144, 211, 149, 142, 74, 146, 159, 211, 154, 187, 76, 182, 201, 117, 186, 205, 209, 216, 216, 223, 193, 233]
TRANSFERS OF GLOBAL RESOURCE G1
(0, 1, 4): 44 
(0, 2, 0): 20 
(0, 2, 1): 59 
(0, 3, 0): 8 
(0, 3, 7): 27 
(0, 3, 21): 15 
(0, 4, 4): 5 
(0, 4, 5): 9 
(0, 4, 14): 1 
(0, 5, 0): 24 
(0, 5, 1): 2 
(0, 6, 7): 73 
(1, 0, 292): 185 
(1, 3, 21): 14 
(1, 6, 59): 67 
(2, 1, 41): 2 
(2, 1, 45): 2 
(2, 1, 143): 28 
(2, 3, 18): 12 
(2, 3, 77): 5 
(2, 3, 111): 5 
(2, 3, 128): 3 
(2, 3, 130): 17 
(2, 5, 18): 3 
(2, 5, 20): 2 
(2, 5, 23): 3 
(2, 6, 76): 22 
(3, 0, 159): 4 
(3, 1, 43): 10 
(3, 1, 141): 92 
(3, 1, 179): 17 
(3, 2, 63): 1 
(3, 2, 89): 3 
(3, 2, 94): 11 
(3, 4, 48): 7 
(3, 5, 7): 8 
(3, 6, 60): 5 
(3, 6, 100): 2 
(3, 6, 155): 4 
(3, 6, 212): 23 
(4, 0, 96): 10 
(4, 2, 87): 3 
(4, 6, 66): 7 
(4, 6, 77): 12 
(5, 2, 62): 7 
(5, 3, 24): 27 
(5, 4, 50): 5 
(5, 6, 58): 1 
(5, 6, 68): 6 
(6, 0, 233): 88 
(6, 1, 30): 14 
(6, 1, 40): 2 
(6, 1, 44): 7 
(6, 1, 241): 48 
(6, 3, 23): 4 
(6, 3, 30): 4 
(6, 3, 34): 33 
(6, 3, 77): 9 
(6, 3, 133): 4 
(6, 4, 35): 5 
(6, 5, 30): 4 
TRANSFERS OF GLOBAL RESOURCE G2
(0, 1, 0): 14 
(0, 1, 10): 5 
(0, 2, 0): 20 
(0, 2, 2): 5 
(0, 2, 4): 5 
(0, 2, 5): 3 
(0, 3, 0): 5 
(0, 3, 25): 1 
(0, 4, 0): 27 
(0, 5, 0): 19 
(0, 5, 17): 2 
(0, 5, 18): 7 
(0, 5, 19): 1 
(0, 6, 0): 105 
(1, 0, 292): 54 
(1, 4, 65): 4 
(1, 6, 62): 9 
(1, 6, 73): 13 
(2, 1, 124): 12 
(2, 3, 26): 2 
(2, 3, 33): 12 
(2, 3, 88): 3 
(2, 3, 89): 7 
(2, 3, 96): 1 
(2, 3, 136): 5 
(2, 6, 46): 3 
(2, 6, 67): 1 
(2, 6, 86): 1 
(3, 0, 159): 2 
(3, 1, 161): 9 
(3, 2, 84): 4 
(3, 2, 116): 10 
(3, 6, 67): 9 
(3, 6, 141): 10 
(4, 1, 135): 16 
(4, 5, 13): 4 
(4, 5, 19): 6 
(4, 6, 85): 18 
(5, 1, 39): 1 
(5, 1, 43): 6 
(5, 4, 55): 9 
(5, 4, 70): 4 
(5, 6, 49): 19 
(6, 0, 233): 163 
(6, 1, 135): 10 
(6, 1, 234): 7 
(6, 3, 20): 7 
(6, 3, 23): 1 
}
