INSTANCE: "A_18_60_28" 
RELEASES: [0, 0, 0, 0, 0, 0, 0, 0, 0, 0, 0, 0, 0, 0, 0, 0, 0, 0]
DUEDATES: [74, 120, 92, 103, 92, 92, 91, 139, 86, 111, 90, 101, 108, 101, 74, 66, 90, 118]
COMPLETION TIMES: [102, 151, 120, 173, 110, 110, 186, 154, 112, 130, 112, 120, 186, 120, 200, 100, 159, 147]
MAKESPANS: [102, 151, 120, 173, 110, 110, 186, 154, 112, 130, 112, 120, 186, 120, 200, 100, 159, 147]
DELAYS: [28, 31, 28, 70, 18, 18, 95, 15, 26, 19, 22, 19, 78, 19, 126, 34, 69, 29]
COST: 1618.0

Solution = { 
START TIMES OF ACTIVITIES OF PROJECT 1:
[0, 9, 9, 9, 15, 14, 24, 24, 53, 32, 13, 13, 13, 21, 30, 25, 41, 31, 41, 55, 56, 32, 20, 62, 51, 71, 51, 26, 38, 65, 20, 28, 55, 57, 47, 48, 38, 63, 54, 52, 76, 54, 22, 63, 58, 69, 56, 85, 75, 71, 71, 68, 81, 57, 90, 81, 98, 71, 98, 100, 89, 102]
START TIMES OF ACTIVITIES OF PROJECT 2:
[0, 8, 8, 0, 27, 18, 18, 79, 34, 34, 40, 69, 12, 13, 34, 82, 61, 94, 110, 15, 79, 15, 18, 41, 50, 46, 85, 91, 101, 101, 59, 96, 85, 12, 113, 98, 111, 130, 125, 52, 83, 113, 123, 113, 124, 101, 118, 110, 130, 138, 72, 123, 126, 122, 135, 126, 140, 140, 143, 138, 149, 151]
START TIMES OF ACTIVITIES OF PROJECT 3:
[0, 11, 11, 18, 19, 18, 26, 36, 31, 35, 47, 26, 40, 28, 78, 35, 21, 40, 25, 23, 31, 70, 50, 57, 51, 21, 49, 82, 73, 67, 66, 34, 23, 81, 90, 78, 78, 57, 87, 84, 50, 54, 63, 42, 114, 45, 83, 90, 98, 98, 104, 84, 98, 53, 79, 99, 109, 104, 115, 109, 93, 120]
START TIMES OF ACTIVITIES OF PROJECT 4:
[0, 15, 98, 73, 25, 25, 90, 86, 90, 100, 92, 109, 105, 116, 86, 26, 95, 114, 118, 108, 80, 102, 145, 111, 153, 108, 119, 125, 125, 39, 95, 127, 43, 126, 126, 106, 149, 133, 135, 128, 119, 127, 138, 112, 116, 132, 139, 139, 125, 135, 146, 141, 139, 159, 147, 151, 157, 157, 167, 151, 166, 173]
START TIMES OF ACTIVITIES OF PROJECT 5:
[0, 11, 17, 11, 24, 30, 17, 44, 33, 26, 21, 49, 21, 25, 24, 23, 21, 21, 38, 20, 49, 33, 39, 29, 33, 57, 40, 34, 66, 62, 31, 44, 41, 39, 77, 51, 86, 82, 75, 60, 67, 49, 76, 80, 85, 80, 90, 48, 71, 89, 53, 89, 89, 90, 55, 93, 94, 99, 100, 97, 103, 110]
START TIMES OF ACTIVITIES OF PROJECT 6:
[0, 6, 11, 11, 18, 21, 18, 27, 26, 32, 18, 30, 31, 30, 29, 25, 38, 37, 27, 44, 51, 12, 58, 44, 31, 44, 75, 61, 57, 65, 57, 29, 48, 49, 67, 50, 74, 78, 40, 49, 73, 66, 85, 75, 51, 76, 65, 79, 78, 79, 78, 83, 83, 69, 89, 88, 87, 93, 95, 78, 100, 110]
START TIMES OF ACTIVITIES OF PROJECT 7:
[0, 10, 10, 10, 26, 102, 122, 117, 32, 18, 36, 119, 131, 106, 34, 108, 131, 118, 129, 134, 140, 138, 149, 139, 134, 140, 118, 125, 159, 148, 167, 46, 133, 125, 143, 140, 112, 122, 159, 125, 17, 164, 153, 152, 141, 160, 141, 151, 159, 149, 155, 159, 163, 169, 159, 169, 156, 159, 178, 169, 177, 186]
START TIMES OF ACTIVITIES OF PROJECT 8:
[0, 9, 10, 10, 26, 32, 20, 20, 42, 41, 44, 43, 26, 23, 32, 13, 52, 79, 52, 54, 62, 27, 55, 76, 64, 91, 81, 70, 51, 96, 81, 70, 57, 97, 97, 89, 88, 84, 116, 95, 101, 97, 29, 94, 72, 106, 102, 102, 102, 118, 120, 123, 120, 129, 128, 118, 133, 143, 143, 134, 153, 154]
START TIMES OF ACTIVITIES OF PROJECT 9:
[0, 3, 10, 10, 10, 18, 18, 19, 11, 54, 18, 60, 29, 20, 27, 21, 19, 33, 42, 10, 35, 18, 63, 27, 31, 45, 68, 45, 68, 29, 18, 68, 35, 27, 18, 88, 33, 43, 45, 74, 67, 45, 74, 33, 54, 86, 78, 55, 54, 80, 93, 90, 71, 87, 39, 93, 102, 94, 105, 97, 102, 112]
START TIMES OF ACTIVITIES OF PROJECT 10:
[0, 8, 36, 8, 17, 25, 13, 20, 13, 57, 20, 25, 27, 30, 43, 44, 35, 45, 41, 40, 42, 30, 45, 55, 61, 37, 64, 72, 50, 50, 64, 70, 47, 83, 78, 69, 80, 46, 82, 93, 86, 77, 95, 98, 87, 92, 98, 105, 101, 91, 102, 119, 104, 119, 111, 125, 105, 108, 111, 127, 119, 130]
START TIMES OF ACTIVITIES OF PROJECT 11:
[0, 9, 9, 9, 12, 29, 25, 18, 33, 43, 12, 29, 34, 18, 25, 29, 24, 50, 39, 19, 43, 33, 61, 45, 30, 21, 40, 54, 61, 33, 65, 83, 55, 32, 64, 88, 83, 46, 45, 52, 30, 70, 76, 70, 29, 74, 88, 68, 93, 93, 51, 99, 96, 94, 46, 105, 100, 95, 108, 102, 101, 112]
START TIMES OF ACTIVITIES OF PROJECT 12:
[0, 11, 11, 11, 12, 37, 15, 20, 27, 12, 21, 46, 44, 28, 30, 37, 40, 52, 36, 59, 52, 30, 21, 50, 42, 82, 56, 58, 64, 67, 72, 94, 110, 100, 70, 38, 104, 44, 55, 71, 88, 20, 72, 64, 84, 78, 89, 83, 107, 97, 92, 114, 102, 92, 57, 103, 100, 111, 115, 112, 115, 120]
START TIMES OF ACTIVITIES OF PROJECT 13:
[0, 9, 9, 9, 23, 12, 38, 101, 33, 100, 33, 51, 109, 122, 56, 111, 37, 109, 50, 127, 17, 129, 130, 135, 135, 139, 132, 105, 130, 96, 118, 44, 110, 163, 134, 131, 117, 161, 134, 145, 168, 140, 171, 140, 162, 161, 154, 119, 154, 179, 171, 158, 149, 167, 168, 176, 173, 176, 185, 183, 183, 186]
START TIMES OF ACTIVITIES OF PROJECT 14:
[0, 7, 7, 7, 11, 18, 19, 24, 27, 11, 29, 37, 11, 59, 10, 46, 33, 18, 85, 48, 66, 16, 26, 34, 20, 83, 99, 20, 20, 47, 39, 92, 96, 56, 10, 24, 37, 19, 75, 48, 48, 19, 61, 52, 74, 39, 76, 22, 99, 95, 83, 70, 45, 57, 64, 109, 101, 92, 108, 112, 112, 120]
START TIMES OF ACTIVITIES OF PROJECT 15:
[0, 129, 126, 129, 130, 141, 131, 139, 146, 131, 141, 133, 154, 146, 142, 144, 141, 161, 148, 168, 131, 151, 158, 178, 151, 138, 156, 161, 146, 153, 159, 153, 148, 161, 167, 162, 169, 165, 142, 165, 179, 173, 163, 169, 173, 178, 179, 181, 182, 183, 178, 179, 189, 179, 181, 182, 183, 189, 188, 195, 187, 200]
START TIMES OF ACTIVITIES OF PROJECT 16:
[0, 10, 10, 10, 11, 13, 16, 38, 23, 24, 16, 28, 40, 32, 53, 44, 47, 34, 63, 52, 37, 24, 61, 24, 59, 56, 52, 60, 62, 17, 59, 65, 58, 69, 61, 73, 68, 75, 62, 48, 43, 77, 44, 83, 71, 68, 78, 72, 44, 73, 69, 62, 83, 77, 85, 93, 78, 79, 88, 90, 95, 100]
START TIMES OF ACTIVITIES OF PROJECT 17:
[0, 67, 93, 12, 41, 94, 54, 83, 76, 102, 107, 47, 97, 92, 84, 94, 119, 81, 94, 98, 108, 93, 111, 76, 126, 64, 92, 116, 124, 80, 83, 116, 64, 104, 92, 129, 109, 117, 129, 114, 76, 81, 113, 116, 124, 118, 98, 129, 131, 124, 135, 139, 123, 132, 129, 141, 138, 130, 140, 150, 131, 159]
START TIMES OF ACTIVITIES OF PROJECT 18:
[0, 10, 11, 18, 18, 45, 23, 23, 25, 49, 32, 49, 29, 67, 25, 36, 63, 64, 38, 58, 72, 39, 55, 75, 65, 72, 85, 68, 80, 64, 81, 59, 75, 87, 96, 86, 110, 79, 63, 95, 77, 74, 126, 106, 101, 87, 119, 117, 96, 120, 133, 106, 107, 127, 121, 138, 131, 135, 142, 119, 137, 147]
TRANSFERS OF GLOBAL RESOURCE G1
(0, 1, 0): 5 
(0, 1, 4): 12 
(0, 1, 6): 6 
(0, 2, 4): 7 
(0, 2, 8): 1 
(0, 2, 11): 1 
(0, 3, 0): 3 
(0, 4, 3): 9 
(0, 5, 6): 7 
(0, 6, 0): 6 
(0, 6, 5): 2 
(0, 7, 0): 15 
(0, 8, 0): 1 
(0, 8, 1): 3 
(0, 9, 0): 4 
(0, 9, 8): 4 
(0, 9, 15): 1 
(0, 10, 0): 15 
(0, 11, 1): 11 
(0, 11, 4): 4 
(0, 12, 0): 13 
(0, 12, 1): 14 
(0, 13, 6): 25 
(0, 14, 0): 12 
(0, 14, 3): 5 
(0, 14, 4): 2 
(0, 14, 9): 1 
(0, 16, 1): 21 
(0, 16, 2): 2 
(0, 16, 7): 8 
(0, 17, 0): 4 
(0, 18, 0): 7 
(1, 3, 76): 2 
(1, 3, 101): 4 
(1, 5, 20): 2 
(1, 5, 21): 7 
(1, 5, 26): 1 
(1, 5, 67): 3 
(1, 5, 81): 1 
(1, 6, 57): 4 
(1, 6, 59): 1 
(1, 6, 79): 2 
(1, 7, 30): 1 
(1, 13, 99): 1 
(1, 14, 41): 2 
(1, 14, 60): 1 
(1, 14, 62): 1 
(1, 14, 104): 4 
(1, 14, 105): 6 
(1, 17, 58): 1 
(1, 17, 74): 1 
(1, 17, 75): 1 
(1, 17, 98): 4 
(2, 0, 151): 12 
(2, 3, 34): 1 
(2, 5, 35): 2 
(2, 5, 51): 1 
(2, 5, 89): 4 
(2, 7, 118): 3 
(2, 11, 67): 1 
(2, 13, 40): 2 
(2, 13, 96): 3 
(2, 13, 97): 2 
(2, 13, 101): 1 
(2, 13, 130): 2 
(2, 14, 85): 2 
(2, 17, 115): 2 
(3, 17, 40): 4 
(3, 17, 46): 1 
(3, 17, 63): 1 
(3, 17, 66): 9 
(3, 17, 80): 3 
(3, 17, 82): 4 
(3, 17, 106): 2 
(3, 17, 108): 5 
(3, 17, 110): 1 
(3, 17, 115): 3 
(3, 17, 123): 8 
(4, 0, 173): 30 
(4, 8, 26): 1 
(4, 8, 29): 4 
(4, 8, 49): 2 
(4, 8, 120): 3 
(4, 15, 141): 5 
(4, 16, 53): 2 
(5, 1, 43): 6 
(5, 1, 86): 2 
(5, 2, 57): 6 
(5, 2, 75): 3 
(5, 2, 78): 3 
(5, 6, 60): 3 
(5, 7, 110): 10 
(5, 13, 35): 2 
(5, 13, 97): 2 
(5, 13, 102): 1 
(5, 14, 35): 8 
(5, 14, 44): 6 
(6, 9, 13): 1 
(6, 9, 28): 1 
(6, 9, 58): 1 
(6, 9, 81): 3 
(6, 9, 97): 1 
(6, 10, 38): 1 
(6, 10, 41): 2 
(6, 10, 42): 2 
(6, 10, 78): 1 
(6, 10, 79): 9 
(6, 13, 96): 8 
(6, 14, 52): 1 
(6, 18, 40): 2 
(6, 18, 53): 3 
(6, 18, 54): 4 
(6, 18, 58): 2 
(6, 18, 112): 7 
(7, 0, 186): 37 
(7, 2, 133): 3 
(7, 3, 15): 5 
(7, 3, 18): 1 
(7, 3, 31): 2 
(7, 3, 44): 3 
(7, 3, 47): 2 
(7, 3, 54): 3 
(8, 0, 153): 4 
(8, 4, 70): 6 
(8, 4, 83): 3 
(8, 4, 97): 1 
(8, 4, 105): 3 
(8, 4, 125): 1 
(8, 4, 136): 3 
(8, 11, 42): 1 
(8, 15, 137): 2 
(8, 15, 139): 5 
(8, 15, 141): 1 
(8, 16, 55): 9 
(8, 16, 57): 2 
(8, 16, 58): 3 
(9, 2, 52): 1 
(9, 2, 103): 1 
(9, 5, 44): 2 
(9, 5, 46): 1 
(9, 6, 43): 2 
(9, 6, 44): 1 
(9, 6, 45): 2 
(9, 10, 24): 1 
(9, 10, 44): 3 
(9, 10, 105): 3 
(9, 10, 113): 2 
(9, 13, 104): 6 
(9, 16, 43): 1 
(9, 18, 110): 5 
(10, 0, 130): 15 
(10, 6, 14): 5 
(10, 9, 96): 3 
(10, 12, 93): 2 
(10, 12, 96): 2 
(10, 13, 88): 2 
(10, 13, 127): 3 
(10, 15, 138): 4 
(10, 18, 26): 3 
(10, 18, 60): 10 
(10, 18, 61): 6 
(10, 18, 77): 1 
(10, 18, 78): 3 
(10, 18, 103): 2 
(10, 18, 107): 1 
(10, 18, 116): 3 
(11, 0, 112): 6 
(11, 2, 103): 3 
(11, 2, 104): 2 
(11, 4, 78): 3 
(11, 4, 119): 1 
(11, 7, 101): 2 
(11, 7, 108): 1 
(11, 16, 33): 1 
(11, 16, 34): 4 
(11, 16, 36): 5 
(11, 16, 39): 2 
(11, 16, 40): 5 
(11, 16, 61): 1 
(11, 17, 101): 2 
(11, 17, 106): 1 
(11, 17, 107): 1 
(12, 6, 16): 1 
(12, 8, 15): 2 
(12, 8, 43): 1 
(12, 9, 13): 3 
(12, 10, 13): 3 
(12, 10, 39): 1 
(12, 10, 112): 1 
(12, 15, 121): 7 
(12, 15, 124): 3 
(12, 15, 125): 2 
(12, 15, 126): 6 
(12, 15, 136): 4 
(12, 15, 137): 3 
(12, 15, 139): 3 
(12, 16, 48): 1 
(12, 18, 72): 1 
(13, 0, 186): 32 
(13, 2, 14): 1 
(13, 2, 57): 4 
(13, 2, 122): 2 
(13, 5, 14): 4 
(13, 5, 17): 1 
(13, 5, 26): 1 
(13, 5, 48): 3 
(13, 5, 63): 2 
(13, 6, 13): 7 
(13, 7, 110): 4 
(13, 7, 116): 2 
(13, 9, 13): 2 
(13, 9, 63): 2 
(13, 10, 56): 1 
(13, 10, 111): 7 
(13, 14, 13): 1 
(14, 1, 21): 4 
(14, 1, 51): 8 
(14, 1, 85): 6 
(14, 1, 86): 1 
(14, 3, 73): 3 
(14, 5, 20): 5 
(14, 5, 26): 1 
(14, 5, 51): 4 
(14, 6, 20): 2 
(14, 7, 116): 1 
(14, 9, 77): 5 
(14, 13, 100): 2 
(14, 13, 125): 2 
(14, 13, 126): 2 
(14, 13, 129): 1 
(14, 13, 130): 8 
(15, 0, 200): 45 
(16, 4, 85): 2 
(16, 4, 95): 1 
(16, 4, 97): 9 
(16, 4, 100): 5 
(16, 8, 22): 3 
(16, 8, 23): 1 
(16, 8, 25): 3 
(16, 8, 48): 7 
(16, 8, 72): 3 
(16, 8, 75): 8 
(16, 8, 84): 1 
(16, 8, 98): 1 
(16, 11, 20): 1 
(16, 11, 21): 7 
(16, 11, 25): 4 
(16, 11, 28): 4 
(16, 11, 70): 1 
(16, 11, 84): 2 
(16, 11, 89): 1 
(16, 11, 96): 3 
(17, 0, 159): 29 
(17, 3, 17): 4 
(17, 3, 53): 4 
(17, 3, 77): 3 
(17, 3, 98): 1 
(17, 7, 98): 10 
(17, 7, 137): 6 
(17, 7, 155): 1 
(18, 0, 147): 21 
(18, 6, 68): 2 
(18, 6, 69): 1 
(18, 6, 70): 6 
(18, 6, 71): 2 
(18, 10, 39): 3 
(18, 10, 54): 1 
(18, 10, 69): 3 
(18, 10, 83): 6 
(18, 12, 91): 5 
(18, 12, 94): 4 
(18, 12, 95): 2 
(18, 13, 86): 1 
(18, 14, 83): 3 
TRANSFERS OF GLOBAL RESOURCE G2
(0, 1, 5): 18 
(0, 2, 0): 14 
(0, 3, 4): 15 
(0, 5, 0): 8 
(0, 6, 0): 16 
(0, 7, 5): 15 
(0, 8, 0): 14 
(0, 9, 0): 18 
(0, 9, 1): 8 
(0, 10, 1): 11 
(0, 11, 0): 24 
(0, 12, 4): 14 
(0, 13, 0): 7 
(0, 14, 0): 21 
(0, 16, 0): 18 
(0, 18, 0): 9 
(1, 2, 67): 2 
(1, 2, 105): 1 
(1, 3, 31): 3 
(1, 3, 68): 3 
(1, 4, 13): 1 
(1, 4, 37): 9 
(1, 4, 71): 8 
(1, 4, 78): 2 
(1, 4, 84): 3 
(1, 4, 100): 5 
(1, 4, 103): 7 
(1, 10, 16): 3 
(1, 10, 31): 1 
(1, 10, 76): 1 
(1, 10, 78): 3 
(1, 10, 88): 2 
(1, 10, 101): 6 
(2, 0, 151): 32 
(2, 1, 17): 1 
(2, 1, 23): 1 
(2, 1, 36): 1 
(2, 7, 94): 2 
(2, 9, 25): 1 
(2, 10, 26): 1 
(2, 10, 46): 1 
(2, 10, 89): 2 
(2, 13, 94): 1 
(3, 1, 20): 5 
(3, 1, 42): 1 
(3, 4, 93): 5 
(3, 4, 106): 2 
(3, 4, 107): 1 
(3, 7, 122): 2 
(3, 8, 130): 6 
(3, 9, 28): 2 
(3, 9, 66): 2 
(3, 9, 92): 2 
(3, 10, 87): 1 
(4, 0, 173): 34 
(4, 1, 26): 2 
(4, 1, 28): 2 
(4, 1, 45): 2 
(4, 1, 53): 5 
(4, 1, 54): 1 
(4, 1, 55): 1 
(4, 1, 96): 4 
(4, 2, 118): 7 
(4, 2, 120): 4 
(4, 10, 43): 1 
(4, 15, 115): 3 
(5, 6, 24): 6 
(5, 6, 25): 2 
(5, 6, 60): 6 
(5, 6, 72): 1 
(5, 6, 82): 2 
(5, 7, 92): 2 
(5, 7, 119): 2 
(5, 11, 25): 1 
(5, 11, 78): 2 
(5, 11, 90): 4 
(5, 11, 94): 1 
(5, 13, 119): 5 
(5, 15, 109): 6 
(5, 17, 92): 1 
(5, 17, 118): 3 
(6, 5, 22): 2 
(6, 5, 30): 2 
(6, 5, 32): 3 
(6, 5, 40): 3 
(6, 5, 43): 3 
(6, 5, 56): 1 
(6, 5, 65): 2 
(6, 5, 76): 6 
(6, 5, 88): 5 
(6, 11, 28): 2 
(6, 11, 50): 1 
(6, 11, 90): 2 
(6, 13, 119): 3 
(6, 17, 93): 2 
(6, 17, 119): 1 
(7, 0, 186): 36 
(7, 1, 54): 1 
(7, 5, 28): 1 
(7, 11, 54): 2 
(7, 13, 18): 1 
(7, 13, 28): 2 
(7, 14, 18): 8 
(7, 16, 22): 1 
(7, 16, 32): 1 
(8, 0, 154): 19 
(8, 12, 63): 1 
(8, 12, 84): 1 
(8, 12, 96): 1 
(8, 12, 100): 3 
(8, 14, 44): 2 
(8, 14, 95): 2 
(8, 14, 104): 1 
(8, 15, 125): 8 
(8, 15, 138): 2 
(8, 16, 32): 6 
(8, 18, 66): 4 
(8, 18, 72): 4 
(8, 18, 73): 4 
(8, 18, 85): 1 
(8, 18, 140): 4 
(9, 1, 15): 1 
(9, 1, 18): 3 
(9, 1, 19): 3 
(9, 1, 45): 1 
(9, 2, 103): 1 
(9, 2, 110): 3 
(9, 3, 74): 3 
(9, 3, 76): 4 
(9, 4, 20): 4 
(9, 4, 107): 3 
(9, 10, 20): 7 
(9, 10, 42): 1 
(9, 10, 45): 1 
(9, 10, 75): 2 
(9, 10, 77): 1 
(9, 15, 111): 1 
(10, 1, 37): 3 
(10, 1, 61): 3 
(10, 1, 71): 1 
(10, 2, 68): 5 
(10, 2, 118): 1 
(10, 2, 119): 5 
(10, 4, 83): 1 
(10, 4, 97): 2 
(10, 4, 99): 1 
(10, 4, 132): 2 
(10, 4, 136): 10 
(10, 8, 127): 2 
(10, 9, 55): 5 
(10, 9, 83): 1 
(10, 15, 130): 3 
(11, 5, 12): 2 
(11, 5, 16): 4 
(11, 5, 34): 2 
(11, 6, 16): 1 
(11, 6, 20): 4 
(11, 7, 101): 4 
(11, 7, 105): 5 
(11, 7, 112): 2 
(11, 7, 115): 3 
(11, 13, 102): 2 
(11, 17, 34): 1 
(11, 17, 69): 2 
(11, 17, 106): 2 
(11, 17, 112): 2 
(11, 17, 117): 3 
(12, 8, 53): 1 
(12, 8, 112): 3 
(12, 8, 116): 4 
(12, 8, 119): 8 
(12, 14, 17): 3 
(12, 14, 23): 5 
(12, 14, 46): 5 
(12, 14, 47): 1 
(12, 14, 56): 7 
(12, 14, 63): 5 
(12, 14, 82): 5 
(12, 14, 84): 1 
(12, 14, 91): 2 
(12, 14, 107): 1 
(12, 14, 108): 2 
(12, 15, 120): 5 
(12, 18, 13): 5 
(12, 18, 40): 3 
(12, 18, 58): 2 
(12, 18, 112): 1 
(12, 18, 115): 3 
(13, 0, 186): 27 
(13, 7, 112): 2 
(13, 7, 117): 2 
(13, 7, 136): 1 
(13, 15, 135): 4 
(13, 16, 57): 1 
(13, 17, 38): 2 
(13, 17, 44): 1 
(13, 17, 51): 2 
(13, 17, 64): 5 
(13, 17, 111): 3 
(13, 17, 113): 4 
(13, 17, 114): 1 
(13, 17, 121): 5 
(14, 7, 11): 2 
(14, 7, 111): 1 
(14, 7, 113): 1 
(14, 7, 116): 5 
(14, 8, 39): 4 
(14, 8, 51): 2 
(14, 8, 53): 1 
(14, 8, 119): 1 
(14, 12, 10): 7 
(14, 12, 29): 7 
(14, 12, 36): 7 
(14, 12, 37): 5 
(14, 12, 66): 7 
(14, 12, 70): 3 
(14, 12, 71): 1 
(14, 12, 96): 6 
(14, 12, 110): 6 
(14, 15, 120): 3 
(14, 16, 32): 2 
(14, 16, 33): 2 
(14, 18, 40): 1 
(14, 18, 112): 3 
(15, 0, 200): 53 
(16, 7, 100): 2 
(16, 13, 13): 1 
(16, 13, 92): 8 
(16, 13, 96): 10 
(16, 13, 97): 6 
(16, 14, 40): 3 
(16, 14, 78): 1 
(17, 0, 148): 23 
(17, 8, 131): 2 
(17, 13, 106): 1 
(17, 13, 126): 2 
(17, 13, 127): 2 
(17, 13, 131): 8 
(17, 15, 132): 2 
(18, 0, 147): 6 
(18, 3, 23): 1 
(18, 8, 21): 1 
(18, 8, 27): 1 
(18, 8, 40): 2 
(18, 8, 41): 1 
(18, 8, 77): 4 
(18, 8, 89): 2 
(18, 8, 92): 4 
(18, 12, 25): 1 
(18, 12, 78): 1 
(18, 12, 89): 1 
(18, 13, 90): 1 
(18, 14, 21): 1 
(18, 14, 103): 1 
(18, 15, 138): 4 
(18, 15, 139): 6 
(18, 15, 145): 6 
}
