INSTANCE: "B_16_50_13" 
RELEASES: [0, 0, 0, 0, 0, 0, 0, 0, 0, 0, 0, 0, 0, 0, 0, 0]
DUEDATES: [115, 123, 115, 70, 121, 126, 172, 140, 138, 77, 135, 125, 150, 68, 68, 146]
COMPLETION TIMES: [160, 258, 156, 88, 170, 174, 645, 482, 182, 122, 321, 196, 284, 95, 85, 433]
MAKESPANS: [160, 258, 156, 88, 170, 174, 645, 482, 182, 122, 321, 196, 284, 95, 85, 433]
DELAYS: [45, 135, 41, 18, 49, 48, 473, 342, 44, 45, 186, 71, 134, 27, 17, 287]
COST: 2906.5

Solution = { 
START TIMES OF ACTIVITIES OF PROJECT 1:
[0, 47, 49, 69, 47, 24, 77, 60, 62, 96, 0, 95, 0, 97, 62, 99, 102, 16, 135, 145, 68, 138, 116, 125, 49, 35, 150, 99, 125, 93, 82, 97, 94, 131, 85, 51, 64, 108, 96, 138, 51, 150, 82, 107, 82, 133, 105, 51, 40, 135, 135, 160]
START TIMES OF ACTIVITIES OF PROJECT 2:
[0, 163, 170, 176, 181, 183, 192, 193, 195, 205, 213, 221, 225, 232, 238, 218, 67, 230, 249, 144, 231, 76, 213, 207, 205, 195, 245, 67, 238, 177, 125, 183, 192, 207, 220, 247, 81, 172, 254, 253, 170, 177, 176, 209, 136, 249, 120, 152, 156, 73, 240, 258]
START TIMES OF ACTIVITIES OF PROJECT 3:
[0, 24, 65, 77, 37, 28, 87, 35, 106, 98, 24, 95, 0, 99, 38, 101, 105, 24, 121, 130, 97, 129, 43, 26, 26, 38, 135, 97, 124, 97, 99, 99, 117, 119, 109, 52, 61, 73, 121, 127, 67, 135, 67, 136, 101, 144, 95, 67, 65, 146, 146, 156]
START TIMES OF ACTIVITIES OF PROJECT 4:
[0, 22, 22, 27, 22, 22, 52, 52, 22, 0, 25, 49, 22, 40, 30, 33, 44, 64, 27, 32, 29, 29, 54, 40, 45, 27, 40, 34, 70, 71, 54, 32, 52, 74, 82, 70, 74, 58, 54, 54, 65, 44, 79, 54, 81, 62, 53, 55, 75, 31, 53, 88]
START TIMES OF ACTIVITIES OF PROJECT 5:
[0, 70, 96, 103, 104, 106, 113, 114, 116, 125, 133, 138, 147, 153, 157, 133, 37, 138, 166, 47, 138, 59, 134, 125, 167, 116, 157, 64, 147, 36, 41, 106, 63, 125, 142, 55, 79, 82, 157, 161, 79, 79, 87, 126, 51, 161, 47, 87, 61, 51, 87, 170]
START TIMES OF ACTIVITIES OF PROJECT 6:
[0, 48, 52, 54, 75, 77, 80, 87, 100, 109, 113, 121, 0, 126, 136, 90, 9, 146, 54, 48, 153, 121, 126, 109, 126, 138, 94, 93, 148, 80, 109, 152, 159, 141, 167, 87, 77, 59, 53, 65, 54, 87, 59, 80, 148, 146, 51, 19, 136, 138, 161, 174]
START TIMES OF ACTIVITIES OF PROJECT 7:
[0, 496, 497, 505, 511, 517, 518, 526, 491, 528, 530, 532, 546, 553, 566, 585, 66, 594, 585, 495, 608, 489, 503, 556, 554, 509, 538, 577, 553, 554, 570, 585, 613, 595, 471, 524, 595, 106, 520, 597, 479, 596, 615, 538, 599, 618, 627, 629, 629, 635, 601, 645]
START TIMES OF ACTIVITIES OF PROJECT 8:
[0, 345, 356, 20, 366, 375, 388, 380, 393, 394, 404, 413, 335, 436, 404, 437, 439, 447, 20, 456, 463, 346, 440, 366, 383, 426, 440, 463, 437, 394, 479, 442, 444, 445, 423, 396, 472, 426, 439, 454, 423, 442, 446, 456, 450, 463, 405, 464, 473, 27, 467, 482]
START TIMES OF ACTIVITIES OF PROJECT 9:
[0, 76, 77, 79, 88, 100, 102, 112, 120, 125, 130, 174, 132, 138, 132, 150, 141, 160, 40, 138, 30, 178, 106, 132, 157, 131, 165, 166, 125, 70, 111, 169, 122, 153, 102, 150, 62, 116, 92, 49, 100, 90, 102, 118, 107, 59, 157, 116, 162, 166, 101, 182]
START TIMES OF ACTIVITIES OF PROJECT 10:
[0, 40, 50, 58, 68, 32, 80, 50, 51, 51, 82, 0, 88, 56, 92, 110, 64, 64, 68, 0, 23, 0, 23, 50, 112, 82, 98, 73, 82, 80, 80, 65, 60, 108, 50, 88, 58, 65, 68, 59, 59, 53, 72, 54, 78, 23, 56, 62, 47, 59, 95, 122]
START TIMES OF ACTIVITIES OF PROJECT 11:
[0, 204, 207, 207, 210, 211, 209, 215, 234, 239, 240, 253, 15, 282, 210, 283, 25, 286, 240, 292, 301, 249, 224, 224, 263, 194, 286, 300, 283, 25, 268, 269, 271, 300, 35, 253, 305, 276, 269, 308, 273, 303, 303, 300, 311, 311, 305, 308, 276, 184, 308, 321]
START TIMES OF ACTIVITIES OF PROJECT 12:
[0, 64, 74, 94, 100, 113, 78, 122, 18, 131, 139, 143, 164, 165, 170, 131, 177, 186, 83, 0, 189, 122, 165, 170, 78, 193, 105, 122, 165, 146, 160, 148, 153, 165, 142, 100, 149, 165, 139, 154, 143, 153, 139, 186, 176, 110, 64, 150, 84, 165, 100, 196]
START TIMES OF ACTIVITIES OF PROJECT 13:
[0, 138, 141, 144, 154, 164, 173, 176, 52, 177, 180, 196, 208, 221, 224, 227, 81, 245, 222, 203, 120, 221, 130, 192, 227, 215, 205, 237, 189, 178, 235, 184, 221, 178, 250, 245, 189, 232, 205, 214, 146, 202, 245, 180, 63, 206, 261, 202, 269, 259, 277, 284]
START TIMES OF ACTIVITIES OF PROJECT 14:
[0, 22, 0, 36, 46, 33, 31, 47, 40, 30, 30, 51, 40, 52, 30, 22, 0, 33, 35, 56, 59, 54, 30, 22, 68, 88, 81, 81, 69, 60, 69, 47, 47, 52, 82, 38, 46, 72, 60, 78, 54, 30, 45, 27, 38, 38, 22, 60, 70, 70, 34, 95]
START TIMES OF ACTIVITIES OF PROJECT 15:
[0, 19, 21, 25, 15, 15, 32, 42, 20, 15, 15, 48, 0, 62, 23, 42, 23, 36, 21, 68, 75, 39, 43, 80, 53, 48, 68, 53, 48, 55, 51, 40, 56, 48, 23, 25, 32, 37, 29, 21, 48, 23, 29, 53, 19, 26, 15, 0, 0, 32, 15, 85]
START TIMES OF ACTIVITIES OF PROJECT 16:
[0, 319, 329, 333, 345, 347, 348, 351, 270, 355, 364, 373, 375, 380, 381, 410, 287, 420, 381, 364, 336, 377, 420, 302, 388, 383, 428, 429, 364, 364, 334, 380, 348, 368, 388, 382, 375, 396, 300, 309, 344, 396, 397, 299, 260, 278, 402, 410, 410, 417, 417, 433]
TRANSFERS OF GLOBAL RESOURCE G1
(0, 1, 0): 1 
(0, 3, 0): 9 
(0, 4, 0): 31 
(0, 8, 11): 131 
(0, 10, 0): 30 
(0, 11, 0): 92 
(0, 15, 0): 26 
(0, 15, 6): 3 
(0, 15, 8): 13 
(1, 2, 114): 1 
(1, 2, 141): 11 
(1, 2, 150): 4 
(1, 9, 55): 9 
(1, 9, 69): 2 
(1, 9, 85): 7 
(1, 9, 104): 5 
(1, 9, 171): 7 
(2, 1, 73): 3 
(2, 1, 74): 5 
(2, 1, 77): 3 
(2, 1, 80): 1 
(2, 11, 182): 10 
(2, 11, 218): 10 
(2, 16, 249): 59 
(2, 16, 259): 85 
(3, 1, 67): 2 
(3, 1, 68): 1 
(3, 2, 129): 7 
(3, 9, 70): 1 
(3, 9, 156): 12 
(3, 10, 38): 2 
(3, 10, 39): 5 
(4, 1, 58): 3 
(4, 2, 85): 14 
(4, 5, 40): 11 
(4, 5, 44): 9 
(4, 13, 42): 1 
(4, 13, 120): 2 
(4, 13, 128): 2 
(5, 2, 82): 5 
(5, 2, 202): 9 
(5, 9, 65): 5 
(5, 13, 123): 3 
(5, 13, 165): 7 
(6, 2, 190): 1 
(6, 9, 139): 3 
(6, 11, 148): 4 
(6, 11, 158): 1 
(6, 11, 168): 7 
(6, 12, 92): 11 
(7, 0, 645): 130 
(7, 2, 120): 6 
(7, 2, 129): 2 
(7, 5, 115): 5 
(7, 5, 121): 2 
(7, 6, 119): 4 
(8, 0, 482): 32 
(8, 2, 37): 30 
(8, 3, 37): 16 
(8, 4, 38): 11 
(8, 5, 33): 2 
(8, 6, 27): 13 
(8, 6, 30): 6 
(8, 7, 51): 19 
(8, 7, 456): 61 
(8, 7, 464): 12 
(8, 7, 474): 6 
(8, 7, 476): 24 
(8, 7, 480): 8 
(8, 7, 570): 17 
(8, 12, 37): 24 
(8, 13, 40): 10 
(9, 1, 40): 9 
(9, 1, 131): 7 
(9, 2, 112): 33 
(9, 2, 139): 30 
(9, 2, 148): 4 
(9, 11, 180): 103 
(9, 11, 190): 22 
(10, 1, 64): 1 
(10, 1, 84): 1 
(10, 2, 128): 4 
(10, 3, 25): 1 
(10, 3, 86): 2 
(10, 3, 112): 1 
(10, 3, 115): 1 
(10, 9, 64): 3 
(10, 9, 80): 13 
(10, 9, 95): 4 
(10, 9, 99): 1 
(10, 14, 24): 21 
(10, 14, 25): 7 
(10, 14, 30): 1 
(10, 14, 62): 3 
(10, 14, 64): 6 
(11, 0, 321): 1 
(11, 1, 25): 3 
(11, 1, 39): 4 
(11, 7, 449): 1 
(11, 8, 311): 80 
(11, 8, 321): 52 
(11, 8, 342): 7 
(11, 8, 402): 9 
(11, 9, 26): 63 
(11, 9, 45): 17 
(11, 10, 39): 7 
(11, 10, 40): 3 
(11, 10, 42): 4 
(11, 10, 45): 3 
(11, 15, 39): 6 
(11, 15, 40): 2 
(11, 15, 50): 8 
(11, 16, 277): 13 
(12, 2, 118): 1 
(12, 2, 186): 12 
(12, 6, 72): 4 
(12, 7, 458): 1 
(12, 11, 147): 3 
(12, 11, 167): 1 
(12, 11, 234): 1 
(12, 16, 206): 12 
(13, 2, 201): 2 
(13, 8, 323): 12 
(13, 9, 73): 6 
(13, 11, 205): 1 
(13, 16, 223): 4 
(14, 9, 83): 23 
(14, 10, 52): 5 
(14, 10, 54): 11 
(15, 1, 30): 2 
(15, 9, 56): 2 
(15, 9, 64): 12 
(15, 9, 70): 13 
(15, 11, 32): 28 
(15, 14, 26): 1 
(16, 0, 433): 173 
TRANSFERS OF GLOBAL RESOURCE G2
(0, 1, 0): 4 
(0, 3, 18): 32 
(0, 4, 0): 7 
(0, 4, 2): 8 
(0, 4, 4): 1 
(0, 6, 0): 9 
(0, 8, 0): 68 
(0, 10, 0): 1 
(0, 11, 13): 99 
(0, 11, 23): 7 
(0, 12, 0): 2 
(0, 14, 0): 16 
(0, 15, 0): 13 
(0, 15, 2): 9 
(0, 15, 4): 5 
(1, 2, 52): 2 
(1, 2, 58): 7 
(1, 2, 61): 8 
(1, 2, 110): 3 
(1, 2, 141): 1 
(1, 2, 168): 9 
(1, 3, 86): 1 
(1, 6, 53): 1 
(1, 11, 169): 11 
(1, 11, 179): 9 
(2, 1, 84): 4 
(2, 1, 92): 2 
(2, 1, 93): 2 
(2, 3, 80): 5 
(2, 3, 82): 1 
(2, 11, 187): 10 
(2, 16, 257): 18 
(3, 1, 27): 4 
(3, 1, 34): 10 
(3, 6, 38): 15 
(3, 6, 77): 10 
(3, 6, 142): 1 
(3, 9, 138): 1 
(3, 11, 178): 18 
(3, 12, 138): 2 
(3, 13, 107): 9 
(4, 7, 61): 22 
(4, 7, 101): 4 
(4, 9, 34): 2 
(4, 9, 70): 4 
(4, 14, 62): 1 
(4, 14, 71): 10 
(5, 6, 55): 2 
(5, 10, 52): 1 
(5, 11, 173): 16 
(5, 12, 151): 10 
(5, 14, 51): 7 
(6, 1, 116): 2 
(6, 2, 93): 4 
(6, 3, 63): 1 
(6, 3, 89): 3 
(6, 4, 19): 1 
(6, 5, 19): 6 
(6, 9, 95): 4 
(6, 10, 23): 1 
(6, 11, 174): 20 
(6, 14, 54): 6 
(7, 0, 645): 249 
(7, 4, 77): 1 
(7, 13, 76): 30 
(7, 13, 115): 98 
(7, 13, 125): 13 
(8, 0, 482): 32 
(8, 5, 27): 2 
(8, 5, 31): 7 
(8, 5, 37): 16 
(8, 7, 549): 91 
(8, 10, 27): 3 
(8, 10, 37): 21 
(8, 10, 38): 17 
(8, 10, 41): 2 
(9, 11, 180): 16 
(9, 13, 125): 12 
(9, 13, 232): 1 
(10, 2, 70): 3 
(10, 5, 130): 3 
(10, 6, 122): 1 
(10, 7, 65): 25 
(10, 12, 120): 1 
(10, 12, 123): 2 
(10, 13, 86): 1 
(10, 13, 94): 10 
(11, 1, 32): 8 
(11, 3, 46): 9 
(11, 3, 59): 7 
(11, 4, 26): 16 
(11, 4, 27): 5 
(11, 4, 28): 4 
(11, 6, 38): 3 
(11, 6, 41): 6 
(11, 7, 39): 14 
(11, 8, 314): 99 
(11, 8, 324): 11 
(11, 12, 45): 9 
(11, 13, 26): 19 
(11, 13, 37): 3 
(11, 14, 46): 3 
(11, 16, 263): 30 
(11, 16, 284): 9 
(11, 16, 333): 15 
(12, 1, 113): 4 
(12, 2, 196): 3 
(12, 2, 197): 2 
(12, 3, 84): 3 
(12, 5, 22): 2 
(12, 11, 175): 5 
(12, 11, 185): 10 
(12, 11, 263): 3 
(12, 13, 207): 1 
(13, 7, 101): 56 
(13, 7, 466): 1 
(13, 8, 338): 5 
(13, 11, 256): 9 
(13, 11, 274): 37 
(13, 16, 248): 8 
(13, 16, 269): 34 
(13, 16, 279): 44 
(13, 16, 318): 7 
(14, 7, 52): 4 
(14, 7, 92): 17 
(14, 9, 25): 4 
(14, 9, 35): 3 
(14, 9, 57): 1 
(14, 9, 101): 3 
(14, 9, 102): 2 
(14, 9, 106): 5 
(14, 13, 46): 4 
(15, 1, 28): 1 
(15, 1, 35): 5 
(15, 1, 73): 1 
(15, 1, 87): 5 
(15, 3, 81): 5 
(15, 3, 83): 3 
(15, 12, 46): 7 
(16, 7, 438): 106 
(16, 7, 456): 10 
(16, 7, 462): 8 
(16, 7, 463): 18 
(16, 7, 552): 15 
(16, 8, 405): 8 
}
