INSTANCE: "A_20_60_12" 
RELEASES: [0, 0, 0, 0, 0, 0, 0, 0, 0, 0, 0, 0, 0, 0, 0, 0, 0, 0, 0, 0]
DUEDATES: [117, 98, 120, 106, 122, 125, 94, 95, 73, 107, 142, 95, 106, 86, 96, 140, 101, 96, 131, 139]
COMPLETION TIMES: [414, 249, 377, 258, 148, 174, 110, 135, 188, 167, 416, 229, 444, 291, 362, 457, 135, 283, 451, 327]
MAKESPANS: [414, 249, 377, 258, 148, 174, 110, 135, 188, 167, 416, 229, 444, 291, 362, 457, 135, 283, 451, 327]
DELAYS: [297, 151, 257, 152, 26, 49, 16, 40, 115, 60, 274, 134, 338, 205, 266, 317, 34, 187, 320, 188]
COST: 4520.5

Solution = { 
START TIMES OF ACTIVITIES OF PROJECT 1:
[0, 10, 10, 299, 18, 132, 160, 309, 334, 324, 170, 333, 312, 295, 357, 372, 355, 282, 329, 141, 359, 173, 364, 341, 364, 337, 335, 348, 376, 369, 336, 289, 369, 387, 354, 387, 313, 376, 397, 25, 386, 345, 343, 350, 376, 351, 376, 364, 385, 398, 364, 386, 386, 391, 378, 396, 400, 398, 400, 405, 403, 414]
START TIMES OF ACTIVITIES OF PROJECT 2:
[0, 112, 56, 199, 131, 187, 96, 106, 135, 140, 121, 141, 152, 173, 131, 158, 138, 158, 212, 186, 220, 169, 191, 164, 176, 190, 160, 150, 141, 202, 203, 204, 199, 207, 192, 202, 176, 222, 183, 222, 191, 206, 203, 190, 214, 209, 225, 167, 207, 209, 228, 225, 216, 210, 216, 230, 235, 236, 230, 237, 240, 249]
START TIMES OF ACTIVITIES OF PROJECT 3:
[0, 249, 253, 43, 274, 276, 292, 253, 266, 241, 261, 298, 280, 274, 305, 282, 282, 276, 277, 321, 282, 288, 289, 262, 267, 299, 318, 320, 309, 287, 346, 327, 276, 300, 317, 315, 282, 288, 299, 297, 309, 335, 335, 268, 334, 316, 352, 354, 336, 341, 302, 312, 327, 346, 347, 360, 312, 344, 359, 359, 370, 377]
START TIMES OF ACTIVITIES OF PROJECT 4:
[0, 17, 109, 123, 162, 141, 133, 129, 150, 131, 151, 140, 178, 171, 151, 129, 169, 174, 158, 143, 191, 171, 153, 169, 145, 162, 181, 192, 161, 163, 191, 171, 200, 185, 202, 142, 150, 219, 200, 187, 140, 217, 193, 205, 213, 219, 210, 229, 228, 228, 231, 228, 241, 236, 208, 231, 242, 217, 246, 236, 248, 258]
START TIMES OF ACTIVITIES OF PROJECT 5:
[0, 15, 5, 63, 19, 13, 36, 29, 15, 37, 13, 30, 29, 46, 41, 48, 66, 21, 38, 38, 44, 28, 50, 58, 66, 51, 72, 45, 82, 72, 64, 58, 71, 80, 78, 86, 82, 108, 58, 91, 71, 115, 86, 115, 36, 44, 105, 96, 72, 107, 123, 123, 135, 131, 105, 107, 128, 125, 141, 141, 91, 148]
START TIMES OF ACTIVITIES OF PROJECT 6:
[0, 19, 19, 19, 41, 29, 72, 45, 79, 55, 87, 46, 60, 64, 64, 111, 78, 68, 88, 91, 115, 91, 121, 36, 121, 94, 100, 94, 108, 74, 71, 101, 50, 108, 70, 56, 125, 71, 88, 112, 153, 117, 113, 142, 77, 138, 157, 129, 122, 170, 132, 147, 157, 157, 147, 150, 139, 143, 171, 164, 164, 174]
START TIMES OF ACTIVITIES OF PROJECT 7:
[0, 13, 13, 13, 22, 28, 22, 19, 21, 19, 36, 35, 22, 30, 20, 25, 39, 31, 29, 36, 44, 57, 38, 45, 16, 42, 49, 57, 27, 32, 62, 44, 19, 54, 41, 64, 64, 49, 25, 65, 67, 66, 75, 67, 68, 81, 71, 53, 79, 77, 85, 88, 78, 91, 91, 100, 100, 84, 101, 101, 89, 110]
START TIMES OF ACTIVITIES OF PROJECT 8:
[0, 19, 19, 19, 69, 41, 25, 44, 54, 28, 40, 50, 33, 32, 48, 35, 33, 25, 57, 28, 53, 29, 62, 71, 55, 59, 36, 58, 67, 67, 58, 36, 44, 40, 80, 71, 118, 80, 76, 96, 92, 53, 103, 86, 112, 107, 109, 48, 113, 121, 81, 87, 109, 101, 57, 117, 119, 121, 125, 132, 125, 135]
START TIMES OF ACTIVITIES OF PROJECT 9:
[0, 33, 72, 62, 81, 68, 91, 76, 119, 129, 90, 78, 78, 109, 94, 149, 86, 86, 128, 121, 134, 94, 142, 123, 147, 110, 137, 119, 120, 122, 152, 142, 139, 158, 134, 96, 101, 136, 103, 149, 124, 162, 158, 156, 159, 100, 168, 159, 167, 167, 152, 176, 134, 165, 168, 168, 160, 176, 177, 185, 169, 188]
START TIMES OF ACTIVITIES OF PROJECT 10:
[0, 16, 16, 60, 87, 45, 23, 80, 26, 127, 23, 46, 47, 96, 27, 75, 39, 64, 124, 125, 52, 84, 45, 54, 80, 66, 73, 64, 108, 45, 116, 132, 55, 72, 79, 56, 117, 138, 101, 117, 69, 145, 116, 142, 127, 142, 138, 108, 125, 66, 130, 140, 130, 145, 148, 151, 142, 130, 151, 158, 151, 167]
START TIMES OF ACTIVITIES OF PROJECT 11:
[0, 0, 278, 259, 269, 292, 288, 275, 292, 301, 294, 301, 281, 289, 282, 52, 319, 329, 310, 310, 318, 299, 311, 334, 351, 339, 339, 304, 313, 346, 338, 319, 322, 350, 347, 358, 322, 328, 343, 346, 357, 348, 338, 365, 339, 368, 368, 358, 365, 348, 357, 384, 358, 390, 378, 390, 394, 397, 393, 407, 407, 416]
START TIMES OF ACTIVITIES OF PROJECT 12:
[0, 102, 0, 123, 130, 134, 130, 147, 103, 151, 121, 151, 151, 143, 161, 139, 157, 166, 153, 164, 141, 113, 188, 163, 182, 152, 205, 157, 158, 191, 172, 156, 189, 164, 182, 202, 191, 195, 191, 176, 181, 181, 206, 183, 198, 166, 198, 205, 197, 200, 202, 203, 203, 186, 208, 208, 212, 212, 220, 191, 219, 229]
START TIMES OF ACTIVITIES OF PROJECT 13:
[0, 118, 339, 316, 349, 340, 368, 340, 355, 362, 355, 371, 313, 324, 356, 381, 371, 373, 380, 362, 327, 380, 367, 388, 403, 372, 396, 406, 381, 413, 416, 420, 421, 373, 403, 373, 382, 386, 377, 429, 392, 416, 413, 416, 428, 414, 400, 396, 404, 421, 422, 429, 422, 432, 422, 423, 433, 429, 433, 428, 437, 444]
START TIMES OF ACTIVITIES OF PROJECT 14:
[0, 181, 0, 17, 186, 200, 205, 214, 217, 226, 193, 233, 196, 189, 214, 205, 190, 217, 217, 200, 226, 236, 214, 241, 241, 205, 206, 246, 247, 253, 241, 255, 218, 247, 261, 256, 254, 256, 225, 229, 215, 247, 248, 222, 259, 263, 237, 263, 262, 253, 268, 261, 270, 274, 270, 258, 280, 277, 284, 280, 289, 291]
START TIMES OF ACTIVITIES OF PROJECT 15:
[0, 93, 238, 253, 261, 100, 269, 261, 248, 277, 256, 282, 271, 268, 288, 287, 271, 281, 269, 244, 299, 265, 316, 277, 282, 282, 291, 297, 309, 321, 299, 311, 295, 306, 302, 291, 319, 325, 300, 317, 321, 342, 307, 317, 329, 326, 321, 344, 324, 332, 331, 322, 337, 339, 344, 350, 351, 351, 342, 350, 360, 362]
START TIMES OF ACTIVITIES OF PROJECT 16:
[0, 274, 16, 50, 273, 255, 281, 282, 297, 265, 290, 330, 334, 303, 285, 313, 268, 282, 297, 344, 344, 345, 292, 347, 313, 351, 370, 334, 351, 379, 347, 385, 360, 366, 377, 388, 353, 388, 386, 369, 397, 360, 370, 418, 395, 384, 406, 386, 406, 418, 408, 428, 428, 423, 429, 439, 441, 441, 408, 447, 448, 457]
START TIMES OF ACTIVITIES OF PROJECT 17:
[0, 16, 16, 16, 18, 21, 23, 18, 29, 33, 19, 37, 34, 43, 46, 41, 25, 28, 40, 40, 54, 93, 54, 66, 41, 101, 31, 75, 35, 38, 80, 53, 85, 43, 94, 58, 48, 48, 88, 58, 87, 94, 118, 75, 86, 109, 62, 96, 78, 96, 47, 125, 56, 101, 115, 125, 101, 115, 128, 129, 108, 135]
START TIMES OF ACTIVITIES OF PROJECT 18:
[0, 170, 179, 175, 185, 223, 234, 183, 172, 187, 176, 228, 244, 236, 239, 205, 224, 221, 210, 203, 222, 270, 187, 219, 182, 215, 236, 206, 249, 200, 227, 238, 236, 192, 188, 197, 195, 239, 212, 252, 241, 206, 268, 256, 254, 230, 260, 263, 266, 230, 274, 237, 259, 276, 277, 264, 247, 273, 279, 239, 277, 283]
START TIMES OF ACTIVITIES OF PROJECT 19:
[0, 309, 298, 172, 319, 336, 303, 327, 319, 329, 327, 357, 333, 313, 361, 359, 304, 346, 348, 339, 352, 329, 320, 374, 348, 333, 398, 339, 363, 357, 370, 389, 368, 409, 383, 384, 393, 417, 400, 403, 417, 373, 322, 430, 409, 422, 403, 411, 421, 351, 379, 441, 425, 443, 432, 420, 428, 445, 447, 434, 445, 451]
START TIMES OF ACTIVITIES OF PROJECT 20:
[0, 178, 21, 183, 187, 192, 183, 214, 31, 27, 195, 192, 202, 204, 195, 200, 223, 214, 229, 223, 252, 241, 232, 232, 257, 202, 209, 223, 233, 219, 192, 241, 237, 246, 254, 238, 260, 214, 238, 269, 248, 244, 250, 276, 257, 262, 271, 294, 252, 276, 285, 254, 285, 283, 300, 300, 322, 313, 326, 318, 307, 327]
TRANSFERS OF GLOBAL RESOURCE G1
(0, 1, 0): 10 
(0, 4, 0): 7 
(0, 5, 0): 10 
(0, 5, 2): 7 
(0, 5, 6): 1 
(0, 6, 0): 6 
(0, 7, 0): 20 
(0, 7, 6): 7 
(0, 8, 0): 15 
(0, 10, 0): 11 
(0, 17, 1): 12 
(0, 17, 3): 5 
(0, 17, 4): 2 
(1, 0, 414): 21 
(1, 7, 14): 2 
(1, 7, 29): 1 
(1, 7, 30): 2 
(1, 7, 35): 1 
(1, 9, 25): 4 
(1, 13, 365): 4 
(1, 13, 401): 3 
(1, 15, 301): 1 
(1, 16, 376): 1 
(1, 20, 171): 5 
(2, 3, 233): 2 
(2, 9, 66): 3 
(2, 9, 123): 1 
(2, 9, 133): 1 
(2, 9, 141): 1 
(2, 11, 240): 9 
(2, 15, 247): 1 
(2, 16, 239): 9 
(2, 16, 249): 1 
(2, 20, 175): 1 
(2, 20, 189): 1 
(2, 20, 234): 4 
(3, 0, 377): 11 
(3, 1, 302): 1 
(3, 7, 56): 3 
(3, 13, 336): 1 
(3, 13, 380): 1 
(3, 15, 307): 1 
(3, 19, 332): 1 
(3, 19, 352): 3 
(3, 19, 372): 4 
(4, 3, 229): 10 
(4, 3, 249): 3 
(4, 3, 250): 1 
(4, 3, 262): 7 
(4, 7, 29): 1 
(4, 8, 25): 6 
(4, 12, 145): 2 
(4, 12, 176): 1 
(4, 12, 184): 1 
(4, 12, 205): 1 
(4, 15, 229): 5 
(4, 15, 262): 1 
(5, 1, 142): 5 
(5, 4, 132): 1 
(5, 6, 21): 1 
(5, 6, 45): 1 
(5, 9, 128): 1 
(5, 9, 132): 1 
(5, 9, 143): 4 
(5, 10, 46): 2 
(5, 13, 113): 2 
(5, 20, 148): 1 
(6, 10, 85): 1 
(6, 14, 162): 7 
(6, 14, 174): 10 
(6, 14, 177): 1 
(6, 14, 187): 2 
(6, 17, 21): 1 
(6, 17, 81): 3 
(6, 18, 151): 1 
(7, 2, 47): 3 
(7, 9, 54): 9 
(7, 9, 64): 1 
(7, 9, 68): 5 
(7, 9, 70): 2 
(7, 9, 88): 3 
(7, 9, 92): 3 
(7, 9, 114): 1 
(7, 9, 115): 1 
(7, 12, 89): 6 
(7, 12, 108): 2 
(7, 12, 110): 7 
(8, 3, 36): 3 
(8, 4, 122): 3 
(8, 4, 134): 4 
(8, 4, 135): 6 
(8, 7, 61): 1 
(8, 7, 62): 1 
(8, 10, 71): 1 
(8, 12, 90): 1 
(8, 15, 81): 7 
(9, 2, 90): 9 
(9, 2, 106): 1 
(9, 2, 161): 3 
(9, 2, 177): 8 
(9, 2, 180): 1 
(9, 2, 196): 3 
(9, 2, 197): 2 
(9, 2, 201): 1 
(9, 7, 36): 3 
(9, 16, 36): 1 
(9, 20, 171): 7 
(9, 20, 176): 1 
(9, 20, 185): 1 
(10, 4, 147): 1 
(10, 6, 102): 1 
(10, 6, 104): 1 
(10, 17, 28): 8 
(10, 17, 61): 1 
(10, 17, 75): 1 
(10, 17, 80): 3 
(10, 17, 82): 2 
(10, 17, 89): 1 
(10, 17, 103): 2 
(10, 18, 155): 10 
(10, 18, 167): 4 
(10, 19, 158): 5 
(11, 0, 416): 14 
(11, 16, 323): 3 
(11, 16, 338): 3 
(11, 16, 363): 3 
(11, 16, 411): 7 
(12, 4, 155): 1 
(12, 4, 193): 2 
(12, 4, 221): 10 
(12, 4, 235): 1 
(12, 8, 107): 1 
(12, 15, 229): 3 
(12, 15, 233): 2 
(12, 18, 229): 1 
(13, 0, 444): 29 
(13, 1, 321): 7 
(13, 1, 385): 1 
(13, 5, 120): 1 
(13, 6, 120): 1 
(13, 11, 324): 1 
(13, 16, 319): 1 
(13, 19, 324): 1 
(14, 1, 287): 2 
(14, 13, 290): 8 
(14, 13, 293): 10 
(15, 1, 326): 3 
(15, 1, 347): 1 
(15, 1, 354): 6 
(15, 1, 390): 1 
(15, 4, 114): 2 
(15, 8, 100): 3 
(15, 8, 107): 2 
(15, 11, 364): 1 
(15, 11, 365): 1 
(15, 13, 348): 3 
(15, 13, 353): 3 
(15, 13, 358): 2 
(15, 13, 362): 5 
(16, 0, 457): 15 
(16, 7, 58): 1 
(16, 11, 271): 1 
(16, 11, 282): 1 
(16, 11, 292): 3 
(16, 11, 304): 1 
(16, 11, 377): 7 
(16, 11, 386): 4 
(17, 4, 135): 1 
(17, 6, 34): 6 
(17, 6, 39): 1 
(17, 6, 43): 3 
(17, 6, 67): 3 
(17, 6, 122): 2 
(17, 10, 34): 1 
(17, 10, 41): 2 
(17, 10, 42): 7 
(17, 10, 67): 1 
(17, 10, 96): 3 
(17, 10, 111): 1 
(17, 10, 112): 2 
(17, 10, 140): 8 
(18, 1, 284): 1 
(18, 15, 268): 2 
(18, 15, 282): 3 
(18, 15, 291): 1 
(18, 19, 282): 6 
(18, 19, 287): 7 
(18, 19, 297): 1 
(19, 0, 451): 23 
(19, 18, 179): 3 
(19, 18, 184): 1 
(19, 18, 190): 1 
(20, 1, 270): 1 
(20, 1, 283): 4 
(20, 1, 312): 1 
(20, 1, 329): 1 
(20, 2, 196): 1 
(20, 2, 203): 1 
(20, 2, 209): 1 
(20, 11, 257): 1 
(20, 15, 249): 1 
(20, 15, 272): 1 
(20, 15, 283): 1 
(20, 15, 295): 1 
(20, 15, 326): 1 
(20, 15, 328): 1 
(20, 16, 327): 3 
(20, 16, 329): 1 
TRANSFERS OF GLOBAL RESOURCE G2
(0, 5, 0): 2 
(0, 5, 8): 14 
(0, 5, 10): 3 
(0, 6, 15): 16 
(0, 7, 8): 28 
(0, 8, 3): 11 
(0, 14, 0): 6 
(0, 16, 0): 5 
(0, 17, 0): 19 
(0, 17, 2): 4 
(0, 20, 0): 10 
(1, 0, 413): 29 
(1, 18, 170): 1 
(1, 19, 297): 6 
(1, 19, 303): 4 
(1, 19, 313): 2 
(1, 19, 314): 4 
(1, 19, 357): 3 
(1, 20, 177): 2 
(2, 9, 67): 7 
(2, 9, 76): 2 
(2, 9, 145): 1 
(2, 14, 172): 1 
(2, 14, 203): 1 
(2, 14, 212): 3 
(2, 14, 240): 3 
(2, 15, 222): 3 
(2, 15, 232): 5 
(2, 15, 237): 6 
(2, 15, 249): 9 
(3, 0, 377): 7 
(3, 1, 312): 2 
(3, 1, 329): 1 
(3, 10, 60): 1 
(3, 16, 360): 2 
(3, 16, 378): 1 
(3, 19, 329): 4 
(3, 19, 362): 3 
(3, 19, 366): 3 
(4, 11, 242): 3 
(4, 14, 171): 2 
(4, 14, 199): 2 
(4, 14, 200): 1 
(4, 14, 211): 1 
(4, 14, 239): 5 
(4, 16, 252): 7 
(5, 1, 108): 2 
(5, 2, 115): 1 
(5, 6, 33): 1 
(5, 6, 37): 1 
(5, 6, 149): 2 
(5, 7, 21): 3 
(5, 7, 23): 1 
(5, 7, 39): 1 
(5, 7, 43): 3 
(5, 7, 72): 9 
(5, 12, 87): 1 
(5, 12, 108): 1 
(5, 12, 136): 3 
(5, 12, 137): 2 
(5, 15, 75): 1 
(5, 17, 33): 6 
(6, 2, 165): 1 
(6, 4, 172): 1 
(6, 5, 22): 9 
(6, 7, 22): 1 
(6, 7, 24): 3 
(6, 8, 23): 1 
(6, 8, 79): 7 
(6, 12, 91): 4 
(6, 12, 140): 1 
(6, 12, 175): 2 
(6, 12, 177): 5 
(6, 14, 171): 3 
(6, 18, 164): 2 
(6, 18, 165): 2 
(6, 20, 162): 8 
(7, 2, 90): 1 
(7, 2, 119): 1 
(7, 4, 111): 3 
(7, 4, 113): 1 
(7, 4, 115): 2 
(7, 5, 65): 5 
(7, 5, 101): 3 
(7, 6, 34): 7 
(7, 6, 38): 3 
(7, 6, 53): 1 
(7, 6, 63): 2 
(7, 6, 67): 4 
(7, 6, 101): 6 
(7, 6, 104): 1 
(7, 6, 118): 1 
(7, 12, 96): 4 
(7, 17, 96): 4 
(8, 4, 93): 6 
(8, 4, 107): 1 
(8, 4, 113): 6 
(8, 4, 129): 1 
(8, 6, 64): 1 
(8, 6, 102): 1 
(8, 12, 135): 1 
(8, 12, 136): 7 
(8, 16, 47): 1 
(9, 2, 177): 8 
(9, 2, 185): 1 
(9, 2, 188): 7 
(9, 11, 36): 4 
(9, 14, 173): 3 
(9, 14, 176): 1 
(9, 14, 177): 2 
(9, 14, 180): 1 
(10, 18, 158): 3 
(10, 18, 159): 3 
(10, 19, 152): 1 
(10, 20, 167): 3 
(11, 0, 407): 15 
(11, 1, 315): 1 
(11, 9, 60): 3 
(11, 9, 62): 1 
(11, 13, 331): 1 
(11, 16, 341): 1 
(11, 16, 359): 4 
(12, 3, 229): 2 
(12, 3, 241): 1 
(12, 18, 160): 1 
(12, 18, 162): 1 
(12, 18, 165): 4 
(12, 18, 166): 3 
(12, 18, 169): 1 
(12, 18, 172): 1 
(12, 18, 209): 1 
(12, 18, 211): 2 
(12, 18, 220): 3 
(12, 18, 229): 2 
(12, 20, 212): 1 
(12, 20, 221): 9 
(13, 0, 437): 31 
(13, 1, 124): 1 
(14, 8, 20): 1 
(14, 9, 20): 5 
(14, 11, 263): 7 
(14, 11, 266): 4 
(14, 11, 267): 3 
(14, 11, 296): 5 
(14, 13, 277): 2 
(14, 15, 289): 3 
(14, 16, 260): 1 
(14, 16, 270): 2 
(14, 16, 291): 1 
(14, 20, 269): 1 
(15, 13, 108): 1 
(15, 13, 306): 1 
(15, 13, 317): 2 
(15, 13, 329): 3 
(15, 13, 330): 2 
(15, 13, 357): 8 
(15, 13, 361): 7 
(15, 13, 362): 3 
(15, 13, 370): 1 
(15, 13, 371): 1 
(16, 0, 457): 19 
(16, 8, 30): 3 
(16, 8, 33): 2 
(16, 10, 58): 1 
(17, 2, 50): 9 
(17, 2, 90): 1 
(17, 2, 100): 1 
(17, 2, 115): 1 
(17, 2, 125): 4 
(17, 2, 129): 1 
(17, 2, 135): 4 
(17, 5, 53): 1 
(17, 6, 138): 3 
(17, 9, 49): 1 
(17, 9, 59): 2 
(17, 9, 78): 2 
(17, 9, 109): 1 
(17, 9, 136): 2 
(18, 1, 270): 4 
(18, 1, 283): 10 
(18, 12, 188): 1 
(18, 15, 279): 2 
(18, 19, 288): 6 
(18, 19, 294): 1 
(18, 20, 193): 1 
(18, 20, 197): 2 
(18, 20, 202): 1 
(18, 20, 207): 1 
(18, 20, 245): 2 
(19, 0, 451): 17 
(19, 1, 327): 6 
(19, 1, 337): 2 
(19, 1, 348): 5 
(19, 1, 349): 7 
(19, 1, 370): 3 
(19, 20, 181): 1 
(20, 1, 267): 2 
(20, 1, 318): 1 
(20, 1, 319): 4 
(20, 3, 36): 1 
(20, 3, 242): 2 
(20, 3, 254): 5 
(20, 3, 260): 1 
(20, 3, 261): 3 
(20, 3, 267): 6 
(20, 3, 281): 1 
(20, 3, 298): 2 
(20, 5, 36): 1 
(20, 10, 34): 7 
(20, 10, 35): 1 
(20, 18, 257): 1 
(20, 19, 309): 4 
}
