INSTANCE: "B_10_50_32" 
RELEASES: [0, 0, 0, 0, 0, 0, 0, 0, 0, 0]
DUEDATES: [124, 129, 145, 60, 135, 67, 109, 140, 121, 121]
COMPLETION TIMES: [154, 113, 167, 68, 307, 67, 137, 160, 164, 172]
MAKESPANS: [154, 113, 167, 68, 307, 67, 137, 160, 164, 172]
DELAYS: [30, 0, 22, 8, 172, 0, 28, 20, 43, 51]
COST: 941.5

Solution = { 
START TIMES OF ACTIVITIES OF PROJECT 1:
[0, 37, 39, 42, 42, 43, 44, 55, 60, 61, 62, 76, 24, 102, 34, 103, 42, 108, 86, 122, 135, 116, 137, 46, 100, 90, 106, 136, 105, 66, 90, 86, 142, 128, 60, 71, 151, 147, 123, 134, 122, 151, 129, 103, 132, 135, 136, 135, 140, 125, 145, 154]
START TIMES OF ACTIVITIES OF PROJECT 2:
[0, 23, 28, 36, 37, 45, 47, 57, 59, 68, 76, 81, 85, 91, 99, 59, 14, 39, 109, 90, 85, 45, 81, 68, 14, 0, 99, 75, 56, 100, 47, 90, 39, 60, 91, 36, 14, 39, 99, 57, 36, 101, 102, 85, 14, 101, 14, 45, 81, 14, 46, 113]
START TIMES OF ACTIVITIES OF PROJECT 3:
[0, 57, 61, 22, 62, 65, 137, 80, 88, 96, 100, 104, 22, 110, 96, 115, 104, 124, 32, 130, 134, 132, 64, 73, 62, 47, 122, 152, 150, 156, 24, 110, 124, 104, 118, 130, 158, 152, 166, 88, 73, 108, 88, 108, 103, 33, 147, 147, 43, 38, 156, 167]
START TIMES OF ACTIVITIES OF PROJECT 4:
[0, 19, 14, 29, 20, 14, 10, 29, 14, 25, 14, 14, 38, 38, 19, 20, 10, 22, 19, 34, 38, 22, 29, 41, 14, 46, 46, 40, 14, 29, 47, 42, 49, 48, 34, 32, 65, 50, 61, 59, 56, 50, 50, 50, 49, 54, 42, 32, 40, 54, 56, 68]
START TIMES OF ACTIVITIES OF PROJECT 5:
[0, 184, 193, 194, 205, 208, 209, 222, 167, 224, 225, 247, 257, 265, 270, 279, 208, 287, 270, 213, 159, 255, 150, 175, 261, 233, 229, 297, 237, 229, 228, 251, 261, 228, 241, 238, 240, 247, 237, 287, 195, 247, 248, 225, 213, 255, 265, 270, 271, 279, 280, 307]
START TIMES OF ACTIVITIES OF PROJECT 6:
[0, 0, 7, 21, 27, 12, 35, 20, 12, 30, 38, 12, 45, 0, 52, 55, 45, 38, 32, 13, 21, 12, 21, 12, 57, 42, 37, 35, 39, 27, 42, 26, 26, 57, 24, 14, 14, 24, 22, 21, 55, 22, 59, 45, 21, 12, 53, 24, 18, 25, 30, 67]
START TIMES OF ACTIVITIES OF PROJECT 7:
[0, 63, 69, 70, 71, 76, 77, 78, 80, 88, 96, 101, 104, 115, 121, 96, 88, 105, 128, 38, 101, 44, 98, 88, 101, 75, 124, 12, 121, 12, 28, 73, 111, 71, 129, 112, 48, 88, 124, 128, 73, 73, 70, 103, 55, 110, 36, 63, 109, 28, 115, 137]
START TIMES OF ACTIVITIES OF PROJECT 8:
[0, 43, 48, 55, 64, 66, 68, 77, 91, 96, 101, 28, 127, 133, 127, 134, 112, 143, 19, 158, 93, 153, 68, 104, 143, 101, 27, 34, 96, 121, 83, 153, 101, 134, 91, 134, 104, 69, 67, 34, 66, 73, 9, 93, 82, 131, 137, 137, 149, 145, 140, 160]
START TIMES OF ACTIVITIES OF PROJECT 9:
[0, 53, 58, 59, 60, 72, 74, 83, 86, 95, 105, 124, 128, 143, 149, 105, 41, 122, 156, 135, 113, 85, 103, 113, 85, 50, 149, 31, 74, 113, 95, 62, 62, 124, 113, 66, 63, 62, 149, 122, 59, 156, 107, 122, 31, 127, 62, 65, 143, 31, 74, 164]
START TIMES OF ACTIVITIES OF PROJECT 10:
[0, 80, 87, 88, 96, 103, 105, 117, 124, 139, 144, 40, 147, 153, 144, 154, 71, 159, 117, 85, 50, 169, 18, 147, 159, 136, 23, 46, 129, 67, 126, 39, 138, 154, 123, 153, 109, 46, 117, 103, 88, 129, 29, 124, 58, 20, 156, 165, 136, 20, 33, 172]
TRANSFERS OF GLOBAL RESOURCE G1
(0, 1, 0): 7 
(0, 1, 10): 8 
(0, 2, 0): 3 
(0, 2, 14): 39 
(0, 3, 0): 34 
(0, 3, 2): 20 
(0, 3, 16): 4 
(0, 4, 0): 4 
(0, 4, 4): 16 
(0, 4, 9): 6 
(0, 4, 10): 8 
(0, 6, 0): 37 
(0, 6, 1): 1 
(0, 6, 5): 5 
(0, 7, 0): 29 
(0, 7, 16): 24 
(0, 7, 24): 25 
(0, 7, 43): 1 
(0, 8, 0): 6 
(0, 8, 10): 5 
(0, 9, 0): 24 
(0, 10, 3): 6 
(1, 5, 147): 4 
(1, 5, 164): 15 
(1, 5, 217): 14 
(1, 7, 77): 7 
(1, 7, 82): 1 
(1, 10, 103): 4 
(1, 10, 142): 2 
(2, 1, 99): 6 
(2, 1, 113): 1 
(2, 7, 43): 5 
(2, 7, 51): 30 
(2, 7, 103): 13 
(3, 0, 167): 18 
(3, 5, 190): 25 
(3, 8, 77): 6 
(3, 8, 80): 2 
(3, 8, 85): 8 
(4, 2, 58): 2 
(4, 2, 65): 2 
(4, 2, 81): 2 
(4, 3, 26): 1 
(4, 7, 43): 21 
(4, 7, 51): 1 
(4, 8, 23): 2 
(4, 8, 29): 2 
(4, 8, 72): 1 
(5, 0, 307): 294 
(6, 1, 28): 3 
(6, 1, 51): 12 
(6, 7, 42): 3 
(6, 7, 50): 3 
(6, 7, 83): 12 
(6, 9, 37): 1 
(6, 10, 31): 5 
(6, 10, 32): 2 
(6, 10, 72): 1 
(6, 10, 95): 1 
(7, 2, 79): 1 
(7, 5, 129): 123 
(7, 5, 216): 64 
(7, 8, 85): 4 
(8, 1, 105): 9 
(8, 2, 67): 2 
(8, 2, 82): 4 
(8, 5, 203): 18 
(8, 7, 47): 1 
(8, 9, 107): 2 
(9, 5, 151): 10 
(9, 5, 168): 1 
(9, 7, 43): 1 
(9, 7, 84): 14 
(9, 7, 89): 1 
(10, 1, 123): 1 
(10, 5, 144): 5 
(10, 5, 161): 10 
(10, 5, 178): 5 
TRANSFERS OF GLOBAL RESOURCE G2
(0, 1, 5): 99 
(0, 2, 0): 49 
(0, 3, 19): 17 
(0, 3, 30): 1 
(0, 4, 0): 32 
(0, 4, 5): 25 
(0, 4, 6): 18 
(0, 6, 0): 28 
(0, 7, 0): 20 
(0, 8, 0): 5 
(0, 8, 1): 3 
(0, 9, 1): 10 
(0, 10, 0): 16 
(0, 10, 2): 6 
(0, 10, 11): 13 
(1, 0, 154): 52 
(1, 3, 69): 7 
(1, 3, 85): 3 
(1, 3, 137): 1 
(1, 5, 138): 17 
(1, 5, 147): 11 
(1, 5, 172): 9 
(1, 5, 176): 46 
(1, 5, 210): 3 
(1, 5, 218): 2 
(1, 7, 63): 12 
(1, 10, 71): 5 
(1, 10, 137): 2 
(2, 5, 136): 4 
(2, 6, 18): 12 
(2, 10, 21): 12 
(2, 10, 25): 16 
(2, 10, 59): 14 
(2, 10, 63): 8 
(2, 10, 72): 5 
(2, 10, 109): 16 
(3, 1, 117): 10 
(3, 5, 120): 5 
(3, 5, 179): 18 
(3, 10, 38): 1 
(4, 1, 30): 16 
(4, 1, 53): 25 
(4, 2, 57): 10 
(4, 2, 61): 1 
(4, 3, 75): 1 
(4, 7, 21): 3 
(4, 8, 28): 1 
(4, 9, 25): 8 
(4, 9, 35): 4 
(4, 9, 57): 1 
(4, 10, 28): 2 
(4, 10, 50): 3 
(5, 0, 307): 248 
(6, 2, 33): 6 
(6, 2, 36): 2 
(6, 2, 42): 5 
(6, 2, 43): 9 
(6, 2, 44): 2 
(6, 10, 23): 7 
(6, 10, 29): 1 
(6, 10, 48): 1 
(6, 10, 57): 5 
(6, 10, 61): 1 
(6, 10, 70): 1 
(7, 0, 133): 3 
(7, 1, 126): 18 
(7, 3, 77): 4 
(7, 8, 38): 2 
(7, 8, 77): 1 
(7, 8, 86): 1 
(7, 8, 88): 1 
(7, 8, 99): 1 
(7, 8, 129): 4 
(7, 8, 135): 1 
(8, 0, 160): 17 
(8, 1, 113): 2 
(8, 7, 68): 1 
(9, 0, 164): 22 
(9, 5, 93): 1 
(10, 2, 94): 3 
(10, 5, 138): 53 
(10, 5, 147): 20 
(10, 5, 155): 17 
(10, 5, 172): 42 
}
