INSTANCE: "A_10_60_35" 
RELEASES: [0, 0, 0, 0, 0, 0, 0, 0, 0, 0]
DUEDATES: [90, 103, 74, 111, 136, 81, 122, 125, 103, 101]
COMPLETION TIMES: [113, 127, 156, 232, 195, 129, 174, 156, 262, 111]
MAKESPANS: [113, 127, 156, 232, 195, 129, 174, 156, 262, 111]
DELAYS: [23, 24, 82, 121, 59, 48, 52, 31, 159, 10]
COST: 1132.0

Solution = { 
START TIMES OF ACTIVITIES OF PROJECT 1:
[0, 13, 10, 22, 25, 34, 23, 22, 41, 36, 28, 48, 45, 22, 81, 37, 29, 67, 38, 31, 70, 45, 85, 41, 37, 38, 53, 60, 80, 64, 71, 84, 58, 37, 42, 74, 51, 53, 51, 69, 48, 73, 67, 74, 52, 77, 89, 87, 95, 95, 73, 98, 98, 95, 17, 106, 102, 89, 109, 101, 101, 113]
START TIMES OF ACTIVITIES OF PROJECT 2:
[0, 23, 23, 23, 32, 32, 41, 39, 34, 73, 30, 24, 66, 46, 46, 58, 53, 33, 59, 39, 71, 50, 42, 41, 78, 74, 80, 92, 29, 93, 95, 51, 66, 68, 29, 68, 60, 71, 96, 93, 51, 43, 53, 74, 80, 84, 93, 84, 100, 80, 93, 86, 105, 112, 105, 116, 108, 105, 108, 121, 118, 127]
START TIMES OF ACTIVITIES OF PROJECT 3:
[0, 22, 22, 22, 26, 42, 26, 34, 59, 24, 39, 28, 66, 49, 49, 40, 89, 99, 43, 79, 24, 61, 71, 105, 128, 33, 74, 95, 47, 71, 77, 77, 70, 111, 109, 86, 113, 89, 54, 101, 122, 131, 126, 118, 112, 109, 133, 132, 138, 138, 133, 130, 144, 138, 139, 130, 144, 144, 146, 150, 146, 156]
START TIMES OF ACTIVITIES OF PROJECT 4:
[0, 142, 30, 28, 34, 32, 149, 157, 179, 160, 187, 159, 191, 160, 169, 173, 168, 178, 148, 189, 140, 30, 179, 150, 181, 168, 185, 183, 179, 44, 196, 195, 182, 142, 173, 198, 201, 155, 33, 181, 196, 185, 209, 195, 180, 202, 148, 219, 209, 217, 220, 201, 211, 217, 190, 193, 208, 220, 221, 226, 225, 232]
START TIMES OF ACTIVITIES OF PROJECT 5:
[0, 26, 24, 33, 55, 31, 42, 63, 30, 31, 60, 63, 73, 75, 42, 46, 72, 95, 116, 46, 82, 135, 86, 100, 144, 73, 55, 101, 95, 135, 85, 95, 62, 127, 144, 110, 118, 107, 116, 141, 106, 176, 120, 152, 148, 132, 158, 170, 124, 159, 168, 177, 148, 161, 176, 177, 186, 186, 190, 191, 159, 195]
START TIMES OF ACTIVITIES OF PROJECT 6:
[0, 25, 25, 25, 31, 34, 35, 39, 34, 43, 46, 55, 40, 37, 45, 74, 52, 55, 70, 68, 43, 52, 64, 46, 61, 69, 89, 63, 79, 69, 63, 82, 90, 114, 87, 93, 59, 77, 76, 103, 105, 82, 105, 84, 93, 93, 97, 111, 98, 103, 101, 76, 111, 119, 114, 77, 117, 124, 122, 115, 125, 129]
START TIMES OF ACTIVITIES OF PROJECT 7:
[0, 27, 27, 27, 33, 28, 55, 45, 66, 79, 62, 60, 68, 88, 90, 78, 69, 66, 82, 92, 115, 110, 126, 38, 131, 82, 88, 92, 97, 47, 97, 121, 39, 98, 96, 51, 129, 102, 121, 114, 148, 124, 142, 146, 104, 135, 164, 138, 135, 171, 119, 136, 157, 152, 155, 158, 151, 158, 172, 166, 161, 174]
START TIMES OF ACTIVITIES OF PROJECT 8:
[0, 21, 21, 21, 36, 30, 29, 49, 61, 67, 67, 28, 93, 33, 75, 31, 46, 47, 74, 100, 64, 38, 38, 96, 82, 83, 48, 49, 79, 54, 112, 54, 47, 74, 58, 101, 70, 127, 90, 112, 107, 57, 120, 84, 117, 123, 122, 87, 129, 125, 137, 110, 128, 91, 113, 137, 140, 140, 129, 147, 143, 156]
START TIMES OF ACTIVITIES OF PROJECT 9:
[0, 162, 165, 155, 172, 172, 173, 175, 179, 189, 183, 198, 180, 179, 164, 175, 191, 203, 207, 194, 170, 186, 195, 203, 241, 197, 208, 208, 203, 176, 186, 216, 187, 209, 214, 188, 221, 224, 214, 213, 208, 215, 221, 210, 205, 217, 229, 226, 214, 224, 230, 230, 233, 239, 236, 239, 239, 246, 255, 241, 255, 262]
START TIMES OF ACTIVITIES OF PROJECT 10:
[0, 13, 13, 13, 14, 17, 18, 40, 17, 14, 22, 50, 28, 31, 29, 36, 18, 48, 35, 54, 47, 41, 51, 54, 43, 63, 48, 65, 71, 78, 75, 93, 93, 97, 60, 23, 86, 62, 60, 71, 81, 41, 58, 55, 85, 63, 68, 68, 102, 82, 73, 106, 83, 102, 76, 93, 81, 101, 107, 103, 106, 111]
TRANSFERS OF GLOBAL RESOURCE G1
(0, 1, 0): 6 
(0, 1, 4): 3 
(0, 2, 4): 16 
(0, 2, 5): 2 
(0, 3, 0): 26 
(0, 4, 0): 6 
(0, 5, 0): 9 
(0, 5, 7): 1 
(0, 6, 0): 10 
(0, 7, 0): 6 
(0, 7, 1): 3 
(0, 8, 3): 15 
(0, 8, 10): 3 
(0, 10, 0): 7 
(0, 10, 1): 13 
(0, 10, 5): 9 
(1, 3, 99): 1 
(1, 4, 111): 5 
(1, 4, 113): 3 
(1, 6, 102): 1 
(1, 8, 107): 3 
(1, 10, 41): 4 
(1, 10, 45): 2 
(1, 10, 52): 4 
(1, 10, 53): 2 
(1, 10, 74): 8 
(1, 10, 99): 3 
(1, 10, 100): 8 
(2, 7, 34): 1 
(2, 7, 51): 4 
(2, 7, 110): 3 
(2, 7, 124): 1 
(2, 7, 127): 10 
(2, 7, 131): 2 
(2, 9, 138): 2 
(3, 0, 156): 19 
(3, 4, 151): 9 
(3, 6, 27): 2 
(3, 6, 30): 3 
(3, 6, 31): 1 
(3, 6, 33): 1 
(3, 6, 35): 6 
(3, 6, 101): 3 
(3, 6, 111): 5 
(3, 6, 113): 7 
(4, 0, 232): 29 
(4, 2, 53): 4 
(4, 2, 57): 1 
(4, 7, 38): 1 
(4, 9, 148): 4 
(4, 9, 203): 4 
(5, 0, 195): 20 
(6, 3, 91): 1 
(6, 3, 118): 4 
(6, 3, 126): 7 
(6, 3, 129): 4 
(6, 3, 142): 9 
(6, 4, 123): 1 
(6, 4, 145): 1 
(6, 9, 120): 3 
(6, 9, 122): 3 
(6, 9, 123): 8 
(7, 0, 174): 16 
(7, 5, 150): 2 
(7, 9, 145): 2 
(7, 9, 164): 3 
(7, 9, 166): 8 
(8, 0, 156): 12 
(8, 1, 57): 1 
(8, 4, 140): 1 
(8, 5, 76): 1 
(8, 5, 140): 3 
(8, 5, 146): 4 
(8, 9, 137): 1 
(8, 9, 141): 1 
(8, 10, 36): 1 
(8, 10, 41): 3 
(9, 0, 262): 39 
(10, 1, 15): 2 
(10, 1, 27): 4 
(10, 1, 29): 5 
(10, 1, 32): 2 
(10, 1, 36): 1 
(10, 1, 62): 9 
(10, 1, 65): 6 
(10, 1, 82): 1 
(10, 1, 83): 3 
(10, 1, 87): 1 
(10, 3, 62): 1 
(10, 3, 86): 3 
(10, 4, 109): 2 
(10, 4, 111): 15 
(10, 6, 105): 2 
(10, 8, 104): 2 
(10, 8, 108): 3 
(10, 8, 110): 2 
TRANSFERS OF GLOBAL RESOURCE G2
(0, 1, 0): 7 
(0, 1, 3): 6 
(0, 1, 12): 3 
(0, 1, 13): 3 
(0, 2, 0): 7 
(0, 2, 1): 7 
(0, 3, 1): 14 
(0, 4, 7): 3 
(0, 4, 9): 5 
(0, 5, 0): 10 
(0, 5, 7): 3 
(0, 6, 11): 13 
(0, 7, 0): 10 
(0, 7, 1): 6 
(0, 8, 0): 16 
(0, 8, 9): 2 
(0, 10, 2): 13 
(0, 10, 3): 14 
(1, 3, 52): 1 
(1, 3, 107): 3 
(1, 3, 109): 2 
(1, 3, 111): 1 
(1, 3, 113): 7 
(1, 3, 114): 1 
(1, 10, 78): 4 
(2, 4, 32): 3 
(2, 4, 138): 2 
(2, 4, 140): 14 
(2, 4, 155): 2 
(2, 6, 72): 2 
(2, 6, 83): 1 
(2, 8, 78): 1 
(2, 10, 73): 1 
(3, 9, 148): 5 
(3, 9, 157): 7 
(3, 9, 158): 5 
(3, 9, 165): 11 
(3, 9, 201): 1 
(4, 0, 232): 30 
(4, 2, 39): 4 
(4, 2, 40): 1 
(4, 2, 44): 1 
(4, 2, 49): 2 
(4, 2, 57): 1 
(4, 6, 51): 1 
(4, 10, 52): 1 
(5, 0, 195): 18 
(5, 7, 33): 2 
(5, 7, 62): 3 
(5, 7, 98): 1 
(5, 7, 123): 2 
(5, 7, 125): 1 
(5, 7, 129): 7 
(5, 8, 39): 1 
(5, 8, 65): 2 
(6, 2, 106): 1 
(6, 2, 108): 2 
(6, 4, 171): 2 
(6, 4, 172): 6 
(6, 4, 179): 2 
(6, 4, 187): 2 
(6, 8, 126): 2 
(6, 9, 180): 9 
(6, 10, 44): 3 
(6, 10, 64): 1 
(6, 10, 99): 1 
(6, 10, 102): 5 
(6, 10, 103): 1 
(7, 0, 174): 32 
(7, 5, 49): 2 
(7, 5, 76): 1 
(7, 5, 110): 4 
(7, 5, 171): 1 
(7, 8, 30): 1 
(7, 8, 59): 3 
(7, 8, 92): 1 
(8, 0, 156): 19 
(8, 5, 76): 2 
(8, 5, 85): 1 
(8, 5, 106): 1 
(8, 7, 80): 6 
(8, 7, 116): 1 
(8, 7, 130): 2 
(8, 9, 176): 5 
(9, 0, 262): 43 
(10, 5, 115): 12 
(10, 6, 21): 9 
(10, 6, 33): 3 
(10, 6, 51): 1 
(10, 6, 78): 3 
(10, 6, 115): 4 
(10, 7, 118): 4 
(10, 8, 127): 8 
}
