INSTANCE: "A_16_60_3" 
RELEASES: [0, 0, 0, 0, 0, 0, 0, 0, 0, 0, 0, 0, 0, 0, 0, 0]
DUEDATES: [129, 120, 116, 84, 86, 114, 96, 104, 104, 140, 98, 107, 87, 77, 106, 119]
COMPLETION TIMES: [396, 248, 208, 262, 113, 251, 112, 159, 288, 367, 330, 157, 346, 113, 197, 252]
MAKESPANS: [396, 248, 208, 262, 113, 251, 112, 159, 288, 367, 330, 157, 346, 113, 197, 252]
DELAYS: [267, 128, 92, 178, 27, 137, 16, 55, 184, 227, 232, 50, 259, 36, 91, 133]
COST: 2955.5

Solution = { 
START TIMES OF ACTIVITIES OF PROJECT 1:
[0, 260, 276, 106, 277, 296, 284, 289, 296, 302, 305, 312, 282, 289, 322, 312, 329, 320, 291, 344, 346, 333, 301, 292, 292, 337, 292, 344, 308, 270, 320, 352, 282, 324, 341, 353, 343, 308, 345, 341, 345, 350, 361, 371, 296, 346, 367, 354, 369, 334, 318, 362, 330, 328, 374, 374, 381, 385, 380, 394, 385, 396]
START TIMES OF ACTIVITIES OF PROJECT 2:
[0, 117, 112, 119, 127, 208, 130, 135, 159, 121, 130, 148, 158, 152, 163, 163, 131, 138, 174, 151, 137, 174, 133, 176, 171, 210, 211, 149, 178, 146, 199, 196, 137, 184, 188, 167, 208, 162, 148, 194, 184, 151, 190, 223, 204, 230, 188, 219, 198, 234, 207, 216, 239, 171, 228, 224, 232, 228, 239, 234, 243, 248]
START TIMES OF ACTIVITIES OF PROJECT 3:
[0, 97, 99, 55, 87, 120, 106, 106, 106, 90, 106, 109, 117, 117, 119, 125, 126, 111, 141, 124, 171, 117, 144, 144, 144, 136, 172, 125, 136, 141, 148, 135, 151, 134, 159, 163, 158, 162, 164, 169, 178, 169, 178, 171, 178, 153, 144, 188, 164, 154, 187, 193, 167, 186, 194, 191, 201, 193, 202, 195, 194, 208]
START TIMES OF ACTIVITIES OF PROJECT 4:
[0, 8, 143, 8, 35, 105, 160, 32, 174, 18, 149, 208, 158, 36, 209, 137, 163, 184, 110, 199, 150, 210, 163, 212, 170, 206, 167, 184, 212, 227, 18, 226, 209, 212, 107, 119, 231, 219, 234, 204, 148, 227, 194, 208, 219, 240, 129, 240, 221, 189, 195, 243, 190, 245, 237, 248, 245, 245, 255, 257, 251, 262]
START TIMES OF ACTIVITIES OF PROJECT 5:
[0, 2, 2, 9, 12, 9, 44, 19, 22, 43, 22, 62, 22, 9, 45, 35, 14, 22, 33, 29, 54, 38, 45, 48, 51, 33, 30, 57, 54, 72, 69, 56, 46, 57, 77, 81, 63, 65, 53, 50, 44, 62, 61, 57, 71, 65, 71, 81, 86, 66, 94, 77, 99, 86, 65, 81, 96, 89, 94, 103, 100, 113]
START TIMES OF ACTIVITIES OF PROJECT 6:
[0, 9, 15, 153, 22, 24, 32, 164, 167, 119, 173, 155, 183, 196, 143, 180, 42, 164, 21, 175, 185, 155, 153, 178, 187, 204, 167, 194, 175, 17, 140, 207, 176, 128, 170, 182, 168, 204, 25, 162, 208, 177, 225, 200, 218, 207, 134, 235, 215, 228, 236, 214, 237, 219, 214, 221, 235, 236, 242, 244, 244, 251]
START TIMES OF ACTIVITIES OF PROJECT 7:
[0, 5, 5, 5, 7, 22, 51, 13, 10, 9, 7, 26, 11, 46, 52, 34, 63, 44, 29, 19, 22, 79, 17, 44, 38, 46, 30, 22, 76, 38, 33, 76, 49, 25, 15, 19, 66, 51, 82, 90, 80, 101, 86, 91, 48, 59, 54, 72, 102, 58, 105, 101, 62, 79, 107, 66, 83, 92, 109, 103, 96, 112]
START TIMES OF ACTIVITIES OF PROJECT 8:
[0, 9, 87, 9, 19, 43, 13, 18, 24, 25, 15, 39, 68, 33, 33, 26, 52, 89, 29, 108, 62, 42, 44, 62, 50, 115, 54, 83, 89, 80, 95, 117, 110, 126, 103, 20, 114, 42, 76, 78, 105, 91, 92, 65, 117, 73, 102, 98, 130, 106, 105, 133, 134, 125, 106, 122, 113, 145, 150, 144, 154, 159]
START TIMES OF ACTIVITIES OF PROJECT 9:
[0, 19, 16, 183, 178, 186, 187, 193, 197, 23, 197, 202, 174, 205, 192, 216, 187, 183, 231, 224, 206, 202, 212, 221, 212, 218, 241, 188, 207, 247, 218, 227, 232, 217, 193, 184, 204, 193, 241, 230, 252, 184, 233, 223, 255, 194, 256, 187, 263, 256, 263, 251, 251, 201, 258, 248, 267, 273, 280, 276, 280, 288]
START TIMES OF ACTIVITIES OF PROJECT 10:
[0, 257, 35, 258, 166, 264, 55, 264, 267, 45, 267, 276, 280, 290, 256, 300, 48, 94, 267, 280, 173, 269, 161, 283, 274, 284, 293, 283, 290, 300, 283, 306, 316, 303, 307, 319, 287, 315, 317, 307, 307, 293, 307, 327, 325, 325, 329, 316, 327, 330, 329, 334, 339, 338, 335, 349, 343, 351, 332, 349, 358, 367]
START TIMES OF ACTIVITIES OF PROJECT 11:
[0, 39, 229, 183, 239, 258, 243, 258, 243, 248, 48, 249, 258, 277, 253, 266, 261, 264, 280, 263, 295, 264, 268, 273, 268, 268, 269, 267, 263, 280, 282, 278, 278, 288, 270, 276, 280, 288, 269, 305, 287, 294, 280, 287, 285, 295, 306, 278, 288, 281, 297, 308, 297, 296, 298, 311, 316, 317, 313, 307, 321, 330]
START TIMES OF ACTIVITIES OF PROJECT 12:
[0, 16, 9, 33, 49, 18, 37, 72, 22, 62, 22, 43, 27, 58, 26, 64, 33, 37, 99, 107, 24, 96, 40, 60, 100, 81, 58, 79, 88, 27, 96, 119, 74, 104, 106, 69, 107, 115, 89, 139, 79, 126, 110, 119, 127, 119, 130, 97, 125, 90, 132, 115, 130, 120, 146, 127, 137, 130, 143, 134, 149, 157]
START TIMES OF ACTIVITIES OF PROJECT 13:
[0, 263, 250, 10, 272, 288, 276, 290, 289, 272, 253, 304, 276, 307, 305, 254, 312, 282, 263, 286, 287, 282, 296, 286, 296, 292, 294, 301, 301, 312, 308, 290, 311, 314, 296, 306, 308, 321, 328, 322, 330, 301, 314, 338, 317, 322, 307, 326, 315, 313, 321, 323, 324, 334, 339, 316, 329, 334, 336, 341, 332, 346]
START TIMES OF ACTIVITIES OF PROJECT 14:
[0, 8, 8, 8, 12, 21, 20, 37, 44, 10, 21, 22, 51, 26, 31, 42, 42, 57, 53, 55, 10, 35, 64, 65, 54, 27, 52, 66, 28, 41, 59, 45, 59, 48, 55, 63, 72, 72, 22, 64, 83, 67, 63, 54, 75, 72, 81, 76, 77, 87, 82, 76, 102, 83, 76, 75, 77, 93, 83, 108, 92, 113]
START TIMES OF ACTIVITIES OF PROJECT 15:
[0, 10, 10, 10, 18, 25, 113, 12, 34, 127, 24, 70, 62, 68, 41, 69, 117, 34, 116, 47, 12, 135, 72, 87, 152, 67, 140, 130, 108, 164, 162, 155, 167, 116, 120, 78, 120, 133, 78, 174, 135, 168, 161, 146, 169, 155, 143, 137, 151, 167, 148, 168, 168, 185, 182, 175, 186, 170, 184, 186, 190, 197]
START TIMES OF ACTIVITIES OF PROJECT 16:
[0, 68, 101, 139, 143, 105, 160, 110, 75, 169, 130, 152, 107, 115, 153, 183, 189, 105, 127, 145, 190, 143, 189, 116, 135, 162, 161, 170, 162, 183, 172, 187, 169, 199, 180, 174, 200, 222, 197, 190, 197, 206, 206, 209, 183, 212, 229, 205, 216, 213, 234, 226, 199, 234, 206, 235, 212, 234, 220, 242, 241, 252]
TRANSFERS OF GLOBAL RESOURCE G1
(0, 4, 0): 7 
(0, 5, 0): 11 
(0, 6, 0): 10 
(0, 7, 0): 17 
(0, 7, 2): 13 
(0, 8, 0): 3 
(0, 12, 0): 8 
(0, 13, 0): 2 
(0, 14, 2): 26 
(0, 15, 1): 2 
(1, 0, 396): 26 
(1, 10, 297): 2 
(1, 10, 335): 9 
(1, 15, 109): 1 
(2, 4, 160): 1 
(2, 11, 219): 6 
(2, 13, 245): 4 
(2, 13, 248): 8 
(2, 13, 249): 1 
(3, 4, 179): 1 
(3, 4, 180): 3 
(3, 8, 109): 1 
(3, 9, 181): 3 
(3, 16, 64): 5 
(3, 16, 106): 3 
(3, 16, 123): 2 
(3, 16, 126): 6 
(3, 16, 141): 1 
(3, 16, 179): 4 
(3, 16, 193): 5 
(3, 16, 195): 3 
(3, 16, 196): 8 
(3, 16, 202): 1 
(3, 16, 205): 1 
(4, 3, 141): 2 
(4, 3, 148): 1 
(4, 3, 149): 1 
(4, 5, 14): 1 
(4, 5, 48): 1 
(4, 6, 148): 1 
(4, 8, 18): 1 
(4, 8, 35): 2 
(4, 8, 115): 6 
(4, 8, 119): 4 
(4, 8, 143): 1 
(4, 11, 240): 4 
(4, 11, 241): 2 
(4, 11, 245): 1 
(4, 11, 250): 8 
(4, 13, 256): 2 
(4, 13, 274): 7 
(4, 14, 19): 2 
(4, 14, 44): 1 
(5, 4, 99): 5 
(5, 4, 102): 6 
(5, 7, 47): 1 
(5, 7, 59): 5 
(5, 7, 72): 5 
(5, 7, 97): 4 
(5, 8, 79): 1 
(5, 8, 103): 1 
(5, 15, 99): 2 
(5, 15, 104): 1 
(6, 5, 25): 2 
(6, 9, 15): 3 
(6, 9, 18): 2 
(6, 9, 177): 7 
(6, 9, 182): 1 
(6, 9, 183): 1 
(6, 9, 187): 2 
(6, 9, 196): 1 
(6, 9, 211): 2 
(6, 9, 222): 9 
(6, 9, 240): 3 
(6, 10, 250): 8 
(6, 10, 251): 6 
(6, 10, 252): 3 
(6, 11, 249): 1 
(6, 14, 25): 1 
(6, 14, 29): 2 
(6, 14, 38): 1 
(6, 14, 47): 4 
(7, 2, 107): 5 
(7, 2, 112): 8 
(7, 3, 104): 1 
(7, 4, 22): 1 
(7, 5, 10): 1 
(7, 5, 31): 3 
(7, 5, 34): 2 
(7, 5, 52): 1 
(7, 5, 67): 2 
(7, 5, 90): 2 
(7, 6, 106): 1 
(7, 11, 34): 7 
(7, 12, 19): 1 
(7, 12, 92): 2 
(7, 12, 102): 3 
(7, 12, 112): 4 
(7, 14, 33): 1 
(7, 15, 53): 3 
(7, 15, 107): 1 
(7, 15, 111): 1 
(8, 3, 51): 5 
(8, 3, 93): 6 
(8, 3, 95): 6 
(8, 3, 116): 2 
(8, 3, 132): 1 
(8, 3, 159): 10 
(8, 4, 98): 3 
(8, 4, 100): 1 
(8, 4, 130): 5 
(8, 6, 132): 1 
(8, 14, 32): 3 
(8, 14, 43): 1 
(8, 14, 48): 1 
(8, 14, 52): 1 
(8, 16, 94): 1 
(8, 16, 132): 4 
(8, 16, 136): 1 
(8, 16, 138): 1 
(9, 1, 251): 9 
(9, 1, 275): 2 
(9, 6, 21): 2 
(9, 6, 23): 3 
(9, 6, 203): 1 
(9, 6, 213): 3 
(9, 6, 217): 7 
(9, 6, 218): 2 
(9, 6, 234): 4 
(9, 10, 28): 1 
(9, 10, 251): 6 
(9, 10, 293): 1 
(9, 11, 287): 6 
(10, 0, 367): 23 
(10, 1, 103): 1 
(10, 1, 279): 7 
(10, 1, 281): 3 
(10, 1, 309): 8 
(10, 1, 321): 2 
(10, 1, 382): 6 
(10, 6, 167): 8 
(10, 9, 181): 1 
(10, 13, 270): 1 
(10, 15, 56): 1 
(10, 15, 102): 1 
(11, 0, 330): 16 
(11, 4, 191): 2 
(11, 5, 64): 2 
(11, 7, 58): 4 
(11, 10, 282): 1 
(11, 10, 314): 8 
(11, 13, 280): 1 
(11, 13, 298): 3 
(11, 13, 302): 1 
(11, 13, 322): 3 
(11, 14, 49): 1 
(12, 2, 149): 5 
(12, 10, 86): 1 
(12, 10, 158): 1 
(12, 15, 16): 2 
(12, 15, 45): 3 
(12, 15, 60): 3 
(12, 15, 85): 3 
(12, 15, 111): 7 
(12, 15, 114): 4 
(12, 15, 125): 2 
(12, 15, 138): 1 
(12, 15, 150): 8 
(13, 0, 346): 34 
(13, 12, 13): 1 
(13, 12, 21): 1 
(14, 5, 12): 1 
(14, 5, 62): 1 
(14, 5, 87): 1 
(14, 6, 113): 7 
(14, 8, 10): 7 
(14, 8, 14): 3 
(14, 8, 20): 1 
(14, 8, 60): 1 
(14, 8, 75): 3 
(14, 8, 78): 3 
(14, 8, 82): 3 
(14, 8, 84): 6 
(14, 8, 87): 2 
(14, 8, 108): 1 
(14, 9, 12): 1 
(14, 16, 60): 2 
(14, 16, 93): 2 
(15, 2, 197): 1 
(15, 2, 200): 1 
(15, 6, 131): 1 
(15, 6, 155): 1 
(15, 6, 171): 3 
(15, 6, 195): 1 
(15, 6, 198): 2 
(15, 7, 73): 1 
(15, 9, 187): 2 
(15, 9, 197): 2 
(15, 10, 88): 1 
(15, 10, 155): 8 
(15, 11, 174): 2 
(15, 12, 24): 1 
(15, 12, 41): 3 
(15, 12, 70): 4 
(15, 12, 72): 3 
(15, 12, 95): 3 
(15, 12, 97): 1 
(15, 12, 117): 1 
(15, 12, 132): 1 
(15, 12, 144): 3 
(16, 3, 83): 4 
(16, 3, 116): 3 
(16, 3, 154): 3 
(16, 3, 167): 2 
(16, 4, 161): 3 
(16, 4, 213): 10 
(16, 6, 169): 1 
(16, 8, 73): 1 
(16, 8, 76): 2 
(16, 9, 168): 2 
(16, 9, 211): 2 
(16, 9, 231): 1 
(16, 9, 257): 2 
(16, 10, 271): 2 
(16, 10, 274): 1 
(16, 10, 277): 2 
(16, 10, 284): 1 
(16, 11, 215): 1 
(16, 11, 229): 3 
(16, 11, 247): 1 
(16, 13, 267): 2 
(16, 13, 282): 1 
TRANSFERS OF GLOBAL RESOURCE G2
(0, 5, 0): 14 
(0, 6, 0): 4 
(0, 7, 0): 22 
(0, 7, 2): 2 
(0, 7, 8): 1 
(0, 8, 0): 12 
(0, 13, 2): 6 
(0, 14, 0): 16 
(0, 14, 2): 7 
(0, 14, 4): 1 
(0, 15, 0): 10 
(1, 0, 396): 20 
(1, 10, 316): 2 
(1, 10, 324): 8 
(1, 12, 109): 9 
(2, 1, 257): 7 
(2, 3, 121): 1 
(2, 8, 121): 1 
(2, 9, 230): 2 
(2, 9, 231): 1 
(2, 10, 245): 6 
(2, 11, 233): 1 
(2, 13, 242): 2 
(2, 16, 138): 2 
(2, 16, 153): 2 
(2, 16, 190): 1 
(2, 16, 192): 1 
(2, 16, 209): 1 
(2, 16, 227): 1 
(3, 1, 99): 5 
(3, 2, 137): 1 
(3, 2, 205): 5 
(3, 4, 141): 2 
(3, 6, 136): 1 
(3, 6, 149): 2 
(3, 6, 151): 2 
(3, 6, 160): 1 
(3, 6, 204): 5 
(3, 9, 202): 1 
(3, 9, 205): 4 
(3, 16, 202): 2 
(4, 1, 263): 1 
(4, 1, 264): 1 
(4, 9, 174): 2 
(4, 9, 243): 1 
(4, 9, 248): 5 
(4, 11, 36): 3 
(4, 11, 45): 1 
(4, 11, 180): 8 
(4, 11, 226): 2 
(4, 11, 240): 2 
(4, 11, 255): 4 
(4, 11, 258): 7 
(4, 11, 264): 1 
(4, 15, 107): 2 
(4, 15, 178): 1 
(4, 15, 180): 1 
(5, 2, 114): 4 
(5, 7, 23): 3 
(5, 7, 48): 1 
(5, 7, 66): 1 
(5, 7, 74): 4 
(5, 7, 85): 2 
(5, 15, 114): 2 
(5, 16, 71): 1 
(5, 16, 97): 4 
(5, 16, 103): 4 
(6, 1, 250): 1 
(6, 3, 168): 2 
(6, 3, 189): 3 
(6, 3, 191): 2 
(6, 8, 26): 3 
(6, 8, 47): 8 
(6, 8, 142): 5 
(6, 10, 166): 2 
(6, 10, 249): 1 
(6, 10, 250): 9 
(6, 10, 251): 10 
(6, 14, 26): 4 
(6, 14, 49): 2 
(7, 1, 96): 3 
(7, 2, 108): 9 
(7, 2, 113): 5 
(7, 5, 16): 1 
(7, 5, 38): 5 
(7, 5, 40): 5 
(7, 8, 92): 3 
(7, 14, 40): 2 
(7, 15, 96): 1 
(7, 16, 92): 3 
(8, 2, 105): 1 
(8, 3, 120): 6 
(8, 6, 12): 1 
(8, 6, 116): 3 
(8, 6, 125): 2 
(8, 6, 137): 5 
(8, 6, 150): 3 
(8, 6, 159): 6 
(8, 7, 65): 1 
(8, 10, 31): 1 
(8, 10, 44): 1 
(8, 10, 51): 3 
(8, 10, 157): 1 
(8, 12, 65): 1 
(8, 14, 33): 3 
(8, 14, 37): 1 
(8, 14, 55): 4 
(9, 1, 291): 5 
(9, 1, 292): 2 
(9, 4, 28): 2 
(9, 4, 31): 2 
(9, 4, 195): 7 
(9, 4, 200): 8 
(9, 4, 202): 2 
(9, 4, 205): 1 
(9, 4, 208): 1 
(9, 4, 233): 3 
(9, 11, 227): 7 
(9, 11, 256): 5 
(9, 11, 268): 4 
(9, 11, 271): 5 
(9, 15, 183): 1 
(10, 0, 367): 26 
(10, 1, 263): 6 
(10, 1, 288): 1 
(10, 2, 188): 1 
(10, 2, 208): 1 
(10, 6, 189): 1 
(10, 8, 58): 3 
(10, 13, 264): 1 
(10, 13, 271): 1 
(10, 13, 272): 1 
(10, 14, 56): 1 
(10, 14, 57): 1 
(11, 0, 330): 9 
(11, 9, 191): 8 
(11, 9, 246): 4 
(11, 12, 58): 2 
(11, 13, 281): 4 
(11, 13, 282): 2 
(11, 13, 284): 3 
(11, 13, 295): 2 
(11, 13, 306): 8 
(11, 13, 311): 2 
(11, 13, 315): 6 
(11, 15, 58): 2 
(12, 1, 100): 1 
(12, 4, 97): 2 
(12, 4, 152): 2 
(12, 15, 23): 3 
(12, 15, 65): 3 
(12, 15, 66): 1 
(12, 15, 67): 3 
(12, 15, 106): 8 
(12, 15, 111): 4 
(12, 15, 128): 4 
(12, 15, 149): 8 
(12, 15, 150): 4 
(12, 15, 153): 3 
(13, 0, 346): 40 
(13, 1, 343): 3 
(13, 1, 344): 2 
(13, 5, 12): 1 
(13, 9, 273): 2 
(13, 11, 255): 2 
(13, 12, 11): 5 
(14, 3, 84): 5 
(14, 3, 87): 3 
(14, 3, 94): 3 
(14, 3, 108): 1 
(14, 3, 114): 5 
(14, 6, 20): 9 
(14, 6, 22): 2 
(14, 6, 30): 1 
(14, 6, 117): 3 
(14, 8, 21): 2 
(14, 8, 85): 2 
(14, 8, 88): 2 
(14, 8, 91): 1 
(14, 8, 99): 1 
(14, 12, 76): 3 
(15, 4, 99): 3 
(15, 4, 137): 5 
(15, 4, 143): 1 
(15, 9, 13): 3 
(15, 9, 20): 1 
(15, 9, 171): 8 
(15, 9, 175): 1 
(15, 9, 190): 12 
(15, 12, 47): 8 
(15, 12, 87): 6 
(15, 12, 123): 1 
(15, 12, 135): 1 
(15, 12, 137): 8 
(15, 12, 141): 2 
(15, 14, 38): 1 
(16, 1, 253): 1 
(16, 2, 167): 2 
(16, 4, 127): 1 
(16, 6, 161): 1 
(16, 13, 240): 6 
(16, 13, 243): 2 
(16, 13, 253): 9 
}
