INSTANCE: "B_10_50_24" 
RELEASES: [0, 0, 0, 0, 0, 0, 0, 0, 0, 0]
DUEDATES: [142, 114, 68, 131, 135, 160, 157, 57, 64, 108]
COMPLETION TIMES: [155, 119, 69, 128, 151, 321, 201, 61, 58, 117]
MAKESPANS: [155, 119, 69, 128, 151, 321, 201, 61, 58, 117]
DELAYS: [13, 5, 1, 0, 16, 161, 44, 4, 0, 9]
COST: 816.5

Solution = { 
START TIMES OF ACTIVITIES OF PROJECT 1:
[0, 49, 54, 7, 63, 72, 76, 73, 83, 85, 86, 103, 7, 113, 44, 118, 26, 123, 27, 126, 138, 134, 17, 67, 95, 34, 114, 138, 114, 83, 152, 119, 142, 121, 119, 86, 152, 106, 127, 143, 124, 103, 129, 116, 134, 131, 152, 129, 129, 17, 143, 155]
START TIMES OF ACTIVITIES OF PROJECT 2:
[0, 7, 0, 28, 29, 6, 7, 10, 5, 65, 7, 0, 5, 15, 28, 19, 38, 15, 37, 52, 34, 34, 35, 55, 34, 46, 72, 35, 44, 95, 55, 59, 19, 52, 103, 80, 40, 82, 81, 107, 103, 72, 117, 76, 95, 65, 107, 90, 103, 76, 72, 119]
START TIMES OF ACTIVITIES OF PROJECT 3:
[0, 0, 16, 23, 9, 25, 8, 9, 23, 31, 32, 0, 42, 5, 47, 29, 29, 24, 48, 58, 19, 15, 16, 51, 14, 4, 60, 48, 48, 32, 45, 43, 57, 41, 45, 40, 37, 24, 14, 40, 30, 31, 55, 20, 8, 29, 46, 9, 9, 14, 37, 69]
START TIMES OF ACTIVITIES OF PROJECT 4:
[0, 5, 34, 35, 33, 5, 45, 12, 5, 48, 0, 35, 5, 54, 21, 55, 79, 23, 65, 81, 35, 70, 55, 8, 39, 16, 86, 38, 101, 53, 103, 37, 72, 68, 62, 48, 21, 86, 91, 73, 70, 111, 77, 91, 68, 101, 8, 68, 8, 101, 121, 128]
START TIMES OF ACTIVITIES OF PROJECT 5:
[0, 26, 36, 47, 53, 55, 65, 67, 76, 87, 92, 40, 95, 98, 40, 103, 126, 113, 55, 76, 91, 114, 110, 98, 121, 16, 17, 113, 113, 124, 74, 133, 60, 92, 22, 122, 8, 147, 23, 111, 137, 81, 137, 40, 101, 8, 62, 110, 67, 114, 133, 151]
START TIMES OF ACTIVITIES OF PROJECT 6:
[0, 173, 178, 186, 193, 200, 202, 218, 205, 224, 227, 232, 242, 261, 278, 279, 155, 288, 10, 202, 314, 256, 164, 212, 242, 251, 279, 263, 199, 271, 224, 284, 251, 224, 298, 224, 256, 268, 294, 312, 115, 212, 268, 272, 256, 277, 284, 294, 268, 303, 320, 321]
START TIMES OF ACTIVITIES OF PROJECT 7:
[0, 60, 67, 71, 73, 76, 83, 95, 43, 100, 110, 116, 118, 119, 121, 134, 47, 143, 121, 88, 23, 118, 139, 53, 125, 147, 86, 163, 117, 110, 90, 111, 128, 90, 132, 156, 98, 177, 51, 157, 83, 116, 124, 178, 10, 33, 173, 177, 184, 184, 193, 201]
START TIMES OF ACTIVITIES OF PROJECT 8:
[0, 7, 0, 9, 15, 15, 7, 7, 9, 7, 29, 20, 10, 9, 5, 23, 18, 3, 0, 7, 17, 22, 0, 10, 9, 33, 48, 25, 18, 39, 33, 33, 27, 14, 25, 58, 33, 35, 49, 35, 43, 33, 58, 23, 31, 30, 20, 23, 30, 30, 30, 61]
START TIMES OF ACTIVITIES OF PROJECT 9:
[0, 2, 0, 0, 9, 0, 2, 6, 9, 6, 9, 7, 9, 9, 13, 14, 9, 21, 27, 9, 30, 15, 9, 15, 18, 38, 13, 39, 14, 9, 49, 30, 39, 21, 34, 27, 39, 18, 57, 57, 50, 45, 47, 40, 30, 40, 29, 27, 43, 49, 27, 58]
START TIMES OF ACTIVITIES OF PROJECT 10:
[0, 12, 19, 16, 18, 28, 37, 16, 45, 28, 16, 9, 56, 22, 31, 49, 62, 34, 73, 70, 28, 24, 70, 9, 80, 41, 84, 73, 49, 98, 63, 41, 82, 101, 42, 80, 63, 70, 88, 46, 107, 62, 29, 103, 75, 95, 37, 41, 101, 44, 16, 117]
TRANSFERS OF GLOBAL RESOURCE G1
(0, 1, 0): 12 
(0, 2, 0): 30 
(0, 3, 0): 15 
(0, 3, 1): 22 
(0, 4, 0): 29 
(0, 4, 3): 9 
(0, 6, 0): 3 
(0, 7, 0): 78 
(0, 8, 0): 32 
(0, 8, 2): 18 
(0, 9, 0): 19 
(0, 9, 7): 20 
(0, 10, 0): 9 
(0, 10, 4): 1 
(1, 3, 34): 1 
(1, 4, 94): 5 
(1, 5, 10): 4 
(1, 5, 16): 1 
(1, 5, 20): 3 
(1, 5, 107): 5 
(1, 6, 143): 7 
(1, 6, 152): 2 
(1, 6, 161): 25 
(2, 4, 43): 4 
(2, 5, 44): 3 
(2, 5, 119): 4 
(2, 6, 103): 1 
(2, 7, 19): 19 
(2, 7, 29): 9 
(2, 7, 56): 1 
(2, 7, 124): 14 
(2, 8, 45): 2 
(2, 8, 54): 6 
(2, 10, 13): 1 
(2, 10, 56): 8 
(2, 10, 57): 4 
(2, 10, 76): 5 
(2, 10, 78): 2 
(3, 2, 19): 3 
(3, 2, 25): 6 
(3, 5, 83): 1 
(3, 5, 98): 1 
(3, 5, 122): 2 
(3, 6, 97): 17 
(3, 7, 13): 5 
(3, 7, 23): 6 
(3, 9, 19): 3 
(3, 10, 15): 2 
(3, 10, 16): 4 
(3, 10, 50): 2 
(4, 1, 20): 3 
(4, 1, 42): 1 
(4, 1, 56): 5 
(4, 1, 76): 1 
(4, 1, 112): 3 
(4, 1, 122): 1 
(4, 1, 124): 1 
(4, 2, 30): 1 
(4, 3, 28): 2 
(4, 3, 33): 1 
(4, 5, 11): 3 
(4, 5, 15): 5 
(4, 5, 63): 2 
(4, 5, 80): 5 
(4, 5, 87): 1 
(4, 5, 126): 1 
(4, 6, 109): 12 
(4, 6, 149): 1 
(4, 9, 25): 3 
(4, 10, 13): 8 
(5, 0, 151): 11 
(5, 1, 77): 4 
(5, 1, 80): 3 
(5, 1, 115): 2 
(5, 1, 121): 1 
(5, 1, 123): 10 
(5, 6, 157): 12 
(6, 0, 321): 172 
(6, 9, 21): 3 
(7, 0, 201): 114 
(7, 2, 86): 3 
(7, 2, 91): 7 
(7, 6, 149): 12 
(7, 6, 158): 10 
(7, 6, 184): 55 
(7, 6, 209): 4 
(8, 2, 24): 9 
(8, 2, 33): 2 
(8, 2, 36): 1 
(8, 2, 68): 8 
(8, 3, 37): 5 
(8, 3, 39): 6 
(8, 7, 18): 7 
(8, 7, 28): 18 
(8, 10, 10): 2 
(9, 1, 41): 6 
(9, 2, 31): 1 
(9, 2, 34): 8 
(9, 4, 49): 7 
(9, 4, 50): 6 
(9, 5, 85): 2 
(9, 7, 13): 7 
(9, 10, 17): 9 
(9, 10, 52): 1 
(9, 10, 73): 1 
(10, 2, 31): 3 
(10, 2, 34): 1 
(10, 6, 99): 14 
(10, 7, 20): 3 
(10, 7, 48): 9 
(10, 7, 57): 11 
(10, 7, 92): 10 
(10, 7, 113): 2 
(10, 7, 125): 6 
TRANSFERS OF GLOBAL RESOURCE G2
(0, 1, 2): 104 
(0, 2, 0): 9 
(0, 2, 2): 6 
(0, 2, 5): 6 
(0, 3, 0): 13 
(0, 3, 5): 1 
(0, 3, 7): 1 
(0, 4, 1): 17 
(0, 4, 4): 8 
(0, 4, 8): 5 
(0, 5, 0): 9 
(0, 6, 1): 23 
(0, 7, 6): 27 
(0, 7, 19): 6 
(0, 8, 0): 1 
(0, 8, 2): 23 
(0, 9, 0): 38 
(0, 10, 0): 15 
(0, 10, 3): 3 
(0, 10, 7): 6 
(1, 3, 9): 5 
(1, 3, 34): 3 
(1, 4, 67): 2 
(1, 4, 76): 1 
(1, 5, 19): 2 
(1, 5, 77): 2 
(1, 5, 83): 4 
(1, 5, 91): 1 
(1, 5, 118): 4 
(1, 6, 155): 69 
(1, 6, 164): 34 
(1, 6, 190): 23 
(1, 7, 17): 42 
(1, 7, 118): 14 
(2, 1, 18): 3 
(2, 1, 94): 5 
(2, 1, 97): 9 
(2, 7, 15): 2 
(2, 7, 43): 12 
(2, 7, 52): 2 
(2, 7, 116): 3 
(2, 7, 117): 4 
(2, 7, 131): 1 
(3, 1, 42): 4 
(3, 2, 54): 3 
(3, 2, 61): 2 
(3, 2, 69): 4 
(3, 4, 30): 4 
(3, 7, 48): 16 
(4, 1, 39): 6 
(4, 1, 44): 18 
(4, 1, 90): 2 
(4, 1, 98): 1 
(4, 2, 74): 3 
(4, 5, 95): 1 
(4, 5, 106): 1 
(4, 6, 110): 8 
(4, 7, 117): 6 
(4, 7, 132): 7 
(4, 8, 27): 3 
(4, 8, 30): 13 
(5, 1, 40): 6 
(5, 1, 68): 2 
(5, 1, 69): 3 
(5, 1, 125): 2 
(5, 1, 148): 7 
(5, 6, 188): 4 
(5, 7, 51): 2 
(5, 7, 130): 5 
(6, 0, 321): 265 
(6, 1, 18): 3 
(6, 2, 24): 3 
(6, 2, 25): 1 
(6, 2, 27): 1 
(6, 3, 22): 6 
(6, 3, 26): 2 
(6, 4, 30): 7 
(6, 7, 127): 8 
(7, 0, 201): 56 
(7, 1, 38): 10 
(7, 1, 146): 5 
(7, 6, 143): 36 
(7, 6, 187): 3 
(7, 6, 212): 91 
(7, 6, 244): 1 
(7, 9, 33): 9 
(8, 1, 20): 4 
(8, 1, 37): 1 
(8, 4, 9): 3 
(8, 4, 34): 3 
(8, 4, 35): 5 
(8, 4, 51): 1 
(8, 4, 52): 3 
(8, 4, 67): 3 
(8, 4, 69): 7 
(8, 5, 36): 5 
(8, 7, 51): 5 
(9, 1, 20): 3 
(9, 1, 66): 2 
(9, 5, 59): 1 
(9, 7, 16): 22 
(9, 7, 44): 5 
(9, 7, 53): 11 
(9, 10, 54): 2 
(9, 10, 66): 1 
(10, 1, 95): 6 
(10, 2, 26): 1 
(10, 2, 96): 2 
(10, 3, 20): 2 
(10, 5, 34): 1 
(10, 6, 98): 4 
(10, 7, 18): 2 
(10, 7, 46): 8 
(10, 7, 119): 1 
}
