INSTANCE: "B_6_50_27" 
RELEASES: [0, 0, 0, 0, 0, 0]
DUEDATES: [125, 122, 108, 112, 111, 135]
COMPLETION TIMES: [264, 134, 116, 123, 118, 160]
MAKESPANS: [264, 134, 116, 123, 118, 160]
DELAYS: [139, 12, 8, 11, 7, 25]
COST: 558.5

Solution = { 
START TIMES OF ACTIVITIES OF PROJECT 1:
[0, 165, 172, 9, 174, 182, 173, 189, 190, 192, 193, 202, 136, 213, 192, 214, 190, 217, 127, 223, 231, 257, 146, 175, 156, 247, 231, 233, 214, 146, 248, 233, 191, 223, 9, 195, 261, 237, 211, 244, 220, 247, 227, 163, 233, 251, 241, 213, 231, 118, 251, 264]
START TIMES OF ACTIVITIES OF PROJECT 2:
[0, 20, 37, 39, 43, 49, 57, 62, 64, 73, 83, 92, 19, 94, 104, 64, 9, 114, 27, 26, 124, 99, 94, 73, 32, 77, 64, 82, 39, 51, 57, 127, 74, 92, 92, 51, 10, 32, 30, 27, 27, 27, 100, 49, 118, 119, 10, 23, 62, 74, 109, 134]
START TIMES OF ACTIVITIES OF PROJECT 3:
[0, 7, 14, 28, 30, 34, 40, 50, 65, 69, 74, 79, 87, 92, 97, 49, 105, 75, 103, 87, 71, 57, 65, 50, 39, 16, 38, 69, 34, 87, 34, 22, 22, 97, 32, 9, 7, 7, 34, 6, 111, 97, 6, 7, 22, 30, 38, 44, 103, 16, 77, 116]
START TIMES OF ACTIVITIES OF PROJECT 4:
[0, 11, 18, 30, 9, 37, 63, 45, 61, 67, 9, 23, 8, 71, 54, 73, 37, 20, 91, 100, 63, 114, 9, 80, 14, 12, 105, 45, 94, 67, 67, 68, 79, 67, 81, 54, 103, 67, 93, 94, 13, 109, 19, 91, 75, 101, 73, 20, 24, 113, 103, 123]
START TIMES OF ACTIVITIES OF PROJECT 5:
[0, 10, 12, 29, 10, 12, 39, 28, 45, 44, 7, 44, 20, 62, 34, 64, 101, 24, 73, 80, 58, 76, 14, 23, 12, 7, 95, 45, 95, 47, 44, 49, 56, 91, 48, 64, 115, 76, 62, 104, 14, 85, 44, 59, 58, 104, 93, 24, 81, 106, 107, 118]
START TIMES OF ACTIVITIES OF PROJECT 6:
[0, 35, 45, 10, 52, 57, 44, 65, 70, 80, 88, 98, 25, 112, 52, 120, 72, 126, 52, 134, 141, 83, 35, 108, 113, 131, 120, 144, 113, 70, 144, 122, 120, 131, 11, 98, 155, 121, 151, 141, 147, 73, 144, 153, 151, 149, 159, 153, 149, 88, 153, 160]
TRANSFERS OF GLOBAL RESOURCE G1
(0, 1, 0): 58 
(0, 2, 0): 15 
(0, 3, 0): 20 
(0, 3, 15): 2 
(0, 4, 0): 10 
(0, 4, 3): 3 
(0, 4, 9): 2 
(0, 5, 0): 25 
(0, 5, 3): 15 
(0, 5, 7): 1 
(0, 5, 13): 2 
(0, 6, 8): 10 
(1, 0, 264): 157 
(1, 3, 12): 5 
(1, 3, 28): 1 
(1, 3, 64): 1 
(1, 5, 53): 4 
(2, 0, 118): 6 
(2, 1, 173): 6 
(2, 1, 198): 4 
(2, 4, 60): 11 
(3, 1, 108): 21 
(3, 4, 11): 2 
(3, 4, 60): 4 
(3, 6, 62): 5 
(4, 1, 150): 6 
(4, 1, 177): 11 
(4, 2, 23): 5 
(4, 2, 25): 3 
(4, 2, 93): 3 
(4, 3, 27): 2 
(4, 6, 112): 2 
(5, 1, 107): 8 
(5, 1, 135): 4 
(5, 1, 154): 3 
(5, 6, 29): 11 
(5, 6, 114): 10 
(5, 6, 115): 6 
(5, 6, 147): 2 
(5, 6, 149): 5 
(6, 1, 108): 6 
(6, 1, 126): 9 
(6, 1, 136): 3 
(6, 1, 163): 12 
(6, 1, 182): 17 
(6, 2, 90): 1 
(6, 3, 26): 1 
(6, 5, 14): 2 
TRANSFERS OF GLOBAL RESOURCE G2
(0, 1, 4): 65 
(0, 2, 0): 6 
(0, 2, 1): 8 
(0, 3, 0): 12 
(0, 3, 1): 13 
(0, 3, 3): 10 
(0, 4, 0): 10 
(0, 4, 1): 48 
(0, 5, 0): 23 
(0, 6, 0): 18 
(0, 6, 1): 36 
(0, 6, 15): 1 
(1, 0, 264): 136 
(1, 2, 19): 13 
(1, 4, 10): 2 
(1, 6, 13): 35 
(1, 6, 23): 15 
(2, 1, 110): 11 
(2, 1, 128): 8 
(2, 5, 30): 2 
(2, 6, 19): 2 
(2, 6, 46): 11 
(2, 6, 82): 9 
(3, 1, 116): 9 
(3, 2, 82): 3 
(3, 4, 50): 9 
(3, 4, 96): 6 
(3, 6, 22): 14 
(3, 6, 39): 7 
(4, 1, 114): 31 
(4, 1, 123): 1 
(4, 1, 132): 5 
(4, 2, 91): 3 
(4, 3, 34): 9 
(4, 3, 75): 1 
(4, 6, 22): 30 
(4, 6, 75): 3 
(5, 0, 118): 2 
(5, 1, 122): 22 
(5, 2, 75): 1 
(5, 3, 24): 3 
(5, 4, 83): 2 
(5, 6, 70): 2 
(6, 0, 160): 112 
(6, 1, 106): 11 
(6, 1, 124): 1 
(6, 1, 153): 11 
(6, 1, 161): 5 
(6, 1, 180): 21 
(6, 2, 58): 8 
(6, 2, 118): 1 
(6, 4, 54): 6 
(6, 5, 97): 7 
}
