INSTANCE: "B_2_50_38" 
RELEASES: [0, 0]
DUEDATES: [186, 122]
COMPLETION TIMES: [267, 109]
MAKESPANS: [267, 109]
DELAYS: [81, 0]
COST: 228.5

Solution = { 
START TIMES OF ACTIVITIES OF PROJECT 1:
[0, 118, 121, 124, 131, 133, 135, 137, 98, 144, 148, 153, 159, 200, 202, 250, 27, 259, 80, 160, 164, 167, 232, 89, 186, 162, 160, 114, 159, 35, 146, 212, 176, 146, 260, 171, 159, 185, 178, 212, 17, 185, 192, 102, 200, 222, 224, 232, 250, 250, 240, 267]
START TIMES OF ACTIVITIES OF PROJECT 2:
[0, 34, 37, 38, 36, 27, 47, 47, 55, 53, 34, 54, 27, 59, 55, 64, 47, 33, 69, 71, 65, 71, 27, 25, 38, 27, 76, 59, 99, 62, 27, 62, 65, 69, 49, 37, 59, 65, 67, 86, 40, 76, 37, 67, 52, 79, 59, 55, 27, 73, 89, 109]
TRANSFERS OF GLOBAL RESOURCE G1
(0, 1, 0): 88 
(0, 1, 18): 36 
(0, 1, 72): 11 
(0, 1, 81): 7 
(0, 2, 0): 4 
(0, 2, 2): 31 
(1, 0, 267): 170 
(2, 0, 109): 7 
(2, 1, 65): 9 
(2, 1, 69): 5 
(2, 1, 81): 5 
(2, 1, 85): 9 
TRANSFERS OF GLOBAL RESOURCE G2
(0, 1, 5): 42 
(0, 1, 68): 19 
(0, 2, 0): 98 
(1, 0, 267): 143 
(2, 0, 109): 16 
(2, 1, 52): 36 
(2, 1, 61): 11 
(2, 1, 86): 27 
(2, 1, 90): 8 
}
