INSTANCE: "B_4_50_33" 
RELEASES: [0, 0, 0, 0]
DUEDATES: [129, 117, 101, 111]
COMPLETION TIMES: [140, 237, 113, 137]
MAKESPANS: [140, 237, 113, 137]
DELAYS: [11, 120, 12, 26]
COST: 398.0

Solution = { 
START TIMES OF ACTIVITIES OF PROJECT 1:
[0, 25, 30, 38, 39, 47, 49, 58, 68, 77, 91, 98, 102, 108, 117, 103, 38, 41, 127, 108, 135, 49, 85, 91, 21, 116, 116, 60, 49, 119, 77, 85, 41, 87, 95, 59, 24, 38, 119, 87, 49, 127, 121, 98, 16, 121, 87, 96, 105, 11, 50, 140]
START TIMES OF ACTIVITIES OF PROJECT 2:
[0, 132, 136, 144, 145, 157, 159, 162, 169, 174, 184, 189, 193, 205, 215, 164, 32, 147, 22, 225, 200, 22, 182, 189, 162, 22, 213, 151, 32, 214, 174, 182, 147, 184, 196, 41, 54, 144, 213, 184, 144, 231, 214, 213, 80, 215, 50, 54, 187, 22, 145, 237]
START TIMES OF ACTIVITIES OF PROJECT 3:
[0, 22, 30, 32, 38, 42, 22, 44, 0, 53, 59, 69, 71, 74, 75, 75, 87, 96, 11, 22, 99, 71, 77, 77, 11, 112, 38, 107, 77, 71, 77, 103, 87, 62, 69, 42, 62, 62, 61, 82, 45, 62, 90, 101, 59, 49, 47, 45, 64, 97, 22, 113]
START TIMES OF ACTIVITIES OF PROJECT 4:
[0, 24, 33, 36, 26, 44, 54, 60, 67, 61, 0, 60, 0, 69, 67, 80, 44, 24, 95, 119, 87, 99, 110, 44, 26, 28, 125, 89, 91, 86, 70, 69, 89, 78, 71, 101, 122, 80, 91, 119, 46, 125, 47, 104, 98, 110, 135, 35, 34, 112, 125, 137]
TRANSFERS OF GLOBAL RESOURCE G1
(0, 1, 0): 46 
(0, 1, 5): 31 
(0, 1, 9): 38 
(0, 1, 82): 3 
(0, 2, 5): 31 
(0, 2, 115): 1 
(0, 3, 0): 19 
(0, 3, 11): 7 
(0, 4, 0): 7 
(0, 4, 9): 3 
(1, 0, 140): 27 
(1, 2, 66): 19 
(1, 2, 118): 53 
(1, 2, 130): 4 
(1, 2, 168): 20 
(1, 2, 175): 6 
(2, 0, 237): 159 
(2, 1, 35): 3 
(2, 3, 35): 1 
(2, 3, 37): 3 
(2, 3, 64): 6 
(2, 3, 100): 1 
(2, 3, 105): 7 
(2, 4, 24): 4 
(2, 4, 25): 6 
(3, 1, 50): 2 
(3, 1, 88): 6 
(3, 2, 15): 1 
(3, 2, 73): 10 
(3, 2, 125): 19 
(3, 4, 75): 6 
(4, 2, 71): 8 
(4, 2, 123): 3 
(4, 2, 135): 9 
(4, 2, 173): 6 
TRANSFERS OF GLOBAL RESOURCE G2
(0, 1, 0): 7 
(0, 1, 5): 10 
(0, 1, 10): 3 
(0, 1, 76): 4 
(0, 1, 80): 5 
(0, 1, 84): 2 
(0, 2, 0): 65 
(0, 2, 10): 3 
(0, 2, 19): 9 
(0, 2, 58): 7 
(0, 2, 110): 31 
(0, 3, 0): 28 
(0, 4, 9): 17 
(0, 4, 19): 6 
(1, 0, 130): 1 
(1, 2, 67): 14 
(1, 2, 119): 16 
(2, 0, 237): 174 
(3, 0, 112): 8 
(3, 2, 93): 18 
(3, 4, 90): 2 
(4, 0, 137): 14 
(4, 2, 106): 11 
}
