INSTANCE: "A_2_60_3" 
RELEASES: [0, 0]
DUEDATES: [131, 77]
COMPLETION TIMES: [150, 103]
MAKESPANS: [150, 103]
DELAYS: [19, 26]
COST: 149.0

Solution = { 
START TIMES OF ACTIVITIES OF PROJECT 1:
[0, 14, 14, 30, 24, 32, 44, 35, 20, 55, 50, 56, 35, 66, 79, 57, 55, 67, 81, 35, 50, 66, 64, 46, 73, 64, 93, 70, 96, 42, 117, 84, 103, 111, 72, 77, 86, 120, 111, 105, 123, 103, 105, 126, 111, 133, 123, 119, 129, 104, 95, 129, 133, 139, 130, 128, 139, 139, 141, 141, 145, 150]
START TIMES OF ACTIVITIES OF PROJECT 2:
[0, 10, 10, 10, 14, 23, 22, 24, 31, 12, 23, 24, 47, 34, 24, 35, 29, 65, 38, 37, 12, 44, 54, 67, 51, 29, 39, 51, 28, 39, 64, 42, 61, 61, 62, 68, 66, 72, 24, 68, 76, 70, 66, 61, 85, 77, 81, 78, 79, 80, 80, 75, 87, 85, 86, 71, 93, 86, 93, 98, 93, 103]
TRANSFERS OF GLOBAL RESOURCE G1
(0, 1, 0): 16 
(0, 2, 0): 10 
(0, 2, 2): 4 
(0, 2, 4): 2 
(0, 2, 14): 5 
(0, 2, 18): 3 
(0, 2, 19): 1 
(1, 0, 150): 27 
(2, 0, 103): 14 
(2, 1, 83): 1 
(2, 1, 102): 3 
(2, 1, 105): 1 
(2, 1, 107): 1 
(2, 1, 118): 5 
TRANSFERS OF GLOBAL RESOURCE G2
(0, 1, 7): 11 
(0, 2, 4): 16 
(0, 2, 6): 7 
(0, 2, 8): 1 
(1, 0, 150): 35 
(2, 1, 22): 1 
(2, 1, 24): 1 
(2, 1, 58): 1 
(2, 1, 88): 2 
(2, 1, 96): 1 
(2, 1, 103): 4 
(2, 1, 131): 14 
}
