INSTANCE: "B_2_50_7" 
RELEASES: [0, 0]
DUEDATES: [163, 68]
COMPLETION TIMES: [213, 63]
MAKESPANS: [213, 63]
DELAYS: [50, 0]
COST: 163.0

Solution = { 
START TIMES OF ACTIVITIES OF PROJECT 1:
[0, 68, 70, 83, 84, 90, 101, 110, 101, 113, 119, 123, 127, 141, 165, 195, 201, 205, 142, 9, 164, 139, 185, 9, 164, 134, 210, 80, 159, 141, 146, 159, 195, 119, 177, 173, 125, 139, 109, 95, 127, 126, 154, 56, 154, 62, 169, 184, 177, 188, 194, 213]
START TIMES OF ACTIVITIES OF PROJECT 2:
[0, 2, 10, 14, 0, 12, 22, 29, 12, 0, 13, 35, 12, 40, 20, 35, 20, 21, 11, 46, 53, 35, 25, 58, 43, 45, 46, 35, 36, 41, 53, 29, 36, 36, 29, 14, 44, 22, 19, 18, 19, 36, 4, 52, 2, 28, 3, 20, 25, 5, 0, 63]
TRANSFERS OF GLOBAL RESOURCE G1
(0, 1, 1): 3 
(0, 2, 0): 13 
(0, 2, 6): 1 
(1, 0, 213): 17 
(1, 2, 12): 1 
(1, 2, 18): 2 
(2, 1, 46): 4 
(2, 1, 52): 3 
(2, 1, 58): 5 
(2, 1, 109): 1 
(2, 1, 113): 4 
TRANSFERS OF GLOBAL RESOURCE G2
(0, 1, 0): 123 
(0, 2, 0): 13 
(0, 2, 8): 5 
(0, 2, 9): 5 
(1, 0, 213): 143 
(2, 0, 63): 3 
(2, 1, 58): 20 
}
