INSTANCE: "A_14_60_30" 
RELEASES: [0, 0, 0, 0, 0, 0, 0, 0, 0, 0, 0, 0, 0, 0]
DUEDATES: [103, 87, 120, 70, 127, 103, 103, 101, 122, 118, 159, 128, 66, 92]
COMPLETION TIMES: [117, 148, 168, 216, 162, 117, 132, 233, 151, 158, 187, 144, 81, 117]
MAKESPANS: [117, 148, 168, 216, 162, 117, 132, 233, 151, 158, 187, 144, 81, 117]
DELAYS: [14, 61, 48, 146, 35, 14, 29, 132, 29, 40, 28, 16, 15, 25]
COST: 1381.5

Solution = { 
START TIMES OF ACTIVITIES OF PROJECT 1:
[0, 0, 27, 22, 20, 36, 29, 29, 38, 16, 32, 28, 45, 33, 34, 57, 40, 12, 55, 18, 62, 55, 59, 21, 63, 65, 66, 54, 33, 68, 85, 56, 62, 92, 51, 40, 43, 51, 77, 95, 66, 32, 53, 59, 95, 75, 85, 69, 98, 65, 77, 71, 96, 81, 79, 103, 82, 96, 105, 108, 108, 117]
START TIMES OF ACTIVITIES OF PROJECT 2:
[0, 9, 56, 78, 67, 74, 75, 105, 64, 93, 84, 64, 115, 120, 88, 109, 73, 121, 88, 87, 78, 78, 94, 109, 115, 120, 93, 84, 102, 105, 132, 119, 115, 92, 127, 95, 106, 112, 142, 103, 111, 126, 131, 123, 114, 127, 123, 122, 127, 132, 137, 131, 114, 117, 138, 128, 133, 142, 145, 139, 138, 148]
START TIMES OF ACTIVITIES OF PROJECT 3:
[0, 9, 6, 9, 14, 16, 31, 51, 21, 21, 40, 21, 13, 27, 50, 40, 61, 84, 100, 29, 57, 47, 31, 57, 60, 62, 115, 46, 91, 88, 50, 97, 71, 13, 103, 131, 113, 132, 134, 79, 67, 124, 130, 140, 134, 133, 129, 134, 143, 149, 71, 129, 143, 137, 152, 139, 157, 157, 160, 151, 166, 168]
START TIMES OF ACTIVITIES OF PROJECT 4:
[0, 143, 38, 145, 151, 152, 151, 148, 156, 163, 156, 159, 150, 168, 157, 186, 158, 146, 161, 178, 167, 153, 176, 180, 176, 166, 181, 178, 150, 176, 183, 178, 187, 195, 183, 169, 157, 160, 176, 181, 166, 199, 188, 195, 190, 165, 198, 190, 203, 199, 191, 200, 183, 178, 204, 197, 189, 205, 206, 213, 198, 216]
START TIMES OF ACTIVITIES OF PROJECT 5:
[0, 14, 11, 18, 35, 19, 26, 63, 30, 34, 58, 42, 51, 60, 64, 96, 91, 72, 81, 69, 97, 65, 81, 83, 125, 71, 88, 96, 97, 131, 92, 119, 133, 85, 96, 100, 128, 103, 102, 113, 113, 100, 107, 113, 121, 133, 120, 121, 137, 107, 143, 137, 146, 108, 125, 145, 149, 150, 153, 159, 147, 162]
START TIMES OF ACTIVITIES OF PROJECT 6:
[0, 10, 10, 10, 11, 25, 18, 11, 34, 29, 21, 38, 18, 24, 22, 43, 40, 61, 28, 34, 17, 46, 37, 48, 74, 44, 85, 94, 51, 77, 68, 84, 80, 44, 56, 43, 50, 59, 60, 86, 70, 82, 82, 78, 83, 104, 80, 63, 85, 98, 61, 82, 101, 99, 101, 89, 104, 112, 116, 111, 105, 117]
START TIMES OF ACTIVITIES OF PROJECT 7:
[0, 10, 17, 11, 19, 17, 38, 26, 28, 29, 29, 63, 66, 41, 31, 46, 38, 50, 59, 58, 75, 28, 47, 61, 21, 63, 99, 56, 50, 73, 79, 60, 74, 87, 87, 39, 84, 95, 81, 70, 39, 67, 81, 103, 95, 85, 107, 109, 105, 94, 99, 100, 110, 116, 94, 110, 115, 99, 126, 121, 121, 132]
START TIMES OF ACTIVITIES OF PROJECT 8:
[0, 35, 158, 139, 134, 141, 143, 146, 151, 100, 158, 158, 108, 186, 143, 160, 142, 142, 193, 161, 176, 149, 153, 173, 167, 186, 212, 116, 160, 221, 173, 201, 205, 161, 148, 136, 161, 148, 176, 161, 222, 143, 203, 153, 186, 121, 187, 146, 207, 195, 194, 212, 167, 169, 174, 173, 216, 202, 225, 221, 225, 233]
START TIMES OF ACTIVITIES OF PROJECT 9:
[0, 12, 11, 19, 21, 26, 37, 31, 42, 26, 44, 19, 108, 35, 35, 118, 50, 66, 60, 48, 69, 83, 83, 41, 70, 60, 75, 68, 94, 48, 79, 60, 29, 118, 74, 52, 123, 75, 83, 122, 122, 92, 80, 130, 87, 103, 141, 91, 101, 148, 97, 126, 138, 136, 135, 138, 107, 111, 149, 145, 141, 151]
START TIMES OF ACTIVITIES OF PROJECT 10:
[0, 15, 11, 13, 23, 41, 24, 29, 52, 29, 61, 114, 59, 80, 39, 50, 54, 49, 35, 80, 103, 69, 94, 114, 92, 41, 75, 122, 69, 104, 86, 78, 31, 127, 84, 107, 77, 131, 83, 117, 122, 125, 89, 123, 104, 114, 117, 108, 121, 126, 137, 138, 130, 138, 144, 141, 137, 134, 148, 149, 148, 158]
START TIMES OF ACTIVITIES OF PROJECT 11:
[0, 5, 5, 5, 6, 15, 17, 25, 41, 16, 25, 34, 72, 25, 49, 67, 34, 31, 48, 127, 125, 79, 106, 94, 97, 87, 35, 105, 115, 118, 146, 97, 42, 105, 87, 94, 160, 113, 50, 114, 57, 137, 120, 128, 57, 73, 151, 137, 13, 127, 152, 168, 159, 173, 147, 173, 168, 152, 178, 182, 179, 187]
START TIMES OF ACTIVITIES OF PROJECT 12:
[0, 8, 8, 8, 12, 20, 31, 41, 36, 11, 14, 47, 51, 59, 17, 64, 26, 15, 56, 57, 69, 77, 20, 24, 64, 95, 58, 71, 36, 71, 86, 60, 62, 33, 72, 94, 100, 67, 81, 69, 101, 85, 79, 90, 111, 89, 116, 80, 94, 120, 87, 127, 106, 110, 120, 111, 122, 98, 137, 136, 128, 144]
START TIMES OF ACTIVITIES OF PROJECT 13:
[0, 8, 8, 8, 9, 11, 14, 22, 21, 23, 18, 27, 31, 36, 34, 42, 18, 32, 47, 31, 31, 22, 55, 23, 27, 27, 41, 35, 57, 19, 53, 40, 45, 52, 26, 56, 55, 58, 52, 43, 48, 58, 44, 60, 56, 38, 61, 47, 38, 58, 51, 52, 58, 60, 70, 69, 62, 65, 72, 68, 78, 81]
START TIMES OF ACTIVITIES OF PROJECT 14:
[0, 9, 9, 9, 10, 25, 27, 12, 36, 33, 46, 10, 18, 30, 10, 37, 28, 42, 35, 37, 54, 46, 51, 57, 28, 16, 67, 75, 30, 19, 84, 37, 39, 63, 51, 54, 27, 41, 46, 56, 49, 52, 57, 40, 73, 99, 66, 76, 76, 88, 96, 103, 103, 15, 94, 106, 104, 111, 112, 116, 116, 117]
TRANSFERS OF GLOBAL RESOURCE G1
(0, 1, 0): 10 
(0, 3, 0): 5 
(0, 3, 3): 9 
(0, 3, 8): 1 
(0, 5, 3): 9 
(0, 5, 6): 2 
(0, 6, 0): 13 
(0, 6, 1): 7 
(0, 7, 0): 7 
(0, 9, 0): 2 
(0, 10, 4): 4 
(0, 11, 0): 20 
(0, 11, 1): 2 
(0, 11, 8): 3 
(0, 12, 5): 15 
(0, 12, 9): 8 
(0, 12, 12): 1 
(0, 13, 0): 24 
(0, 14, 0): 25 
(0, 14, 1): 6 
(1, 5, 105): 4 
(1, 5, 117): 8 
(1, 9, 18): 4 
(1, 9, 34): 1 
(1, 9, 63): 4 
(1, 9, 65): 2 
(1, 9, 84): 1 
(1, 9, 94): 2 
(1, 9, 115): 1 
(1, 10, 86): 1 
(1, 14, 30): 2 
(1, 14, 34): 1 
(1, 14, 36): 1 
(1, 14, 62): 2 
(1, 14, 89): 3 
(2, 0, 148): 15 
(2, 8, 93): 2 
(2, 8, 124): 3 
(2, 8, 133): 8 
(2, 11, 138): 4 
(3, 0, 168): 12 
(3, 1, 60): 1 
(3, 4, 29): 1 
(3, 4, 136): 3 
(3, 4, 139): 2 
(3, 4, 143): 4 
(3, 4, 144): 3 
(3, 5, 31): 2 
(3, 5, 60): 3 
(3, 5, 61): 4 
(3, 5, 84): 1 
(3, 5, 115): 2 
(3, 8, 139): 1 
(3, 8, 141): 3 
(3, 8, 166): 1 
(3, 10, 19): 2 
(3, 10, 81): 6 
(4, 0, 216): 37 
(4, 10, 49): 1 
(5, 0, 162): 14 
(5, 3, 109): 2 
(5, 3, 126): 7 
(5, 4, 131): 4 
(5, 10, 22): 2 
(5, 10, 23): 8 
(5, 10, 38): 1 
(5, 10, 51): 4 
(5, 10, 60): 1 
(5, 10, 68): 6 
(5, 10, 76): 2 
(5, 10, 77): 3 
(5, 10, 91): 3 
(5, 10, 93): 1 
(5, 10, 102): 1 
(5, 10, 103): 8 
(5, 10, 107): 3 
(5, 10, 121): 1 
(5, 10, 122): 1 
(5, 10, 124): 9 
(6, 2, 69): 4 
(6, 2, 111): 7 
(6, 3, 119): 2 
(6, 7, 16): 1 
(6, 7, 18): 4 
(6, 7, 38): 7 
(6, 7, 56): 2 
(6, 7, 57): 1 
(6, 7, 96): 9 
(6, 8, 94): 2 
(6, 11, 99): 2 
(6, 12, 94): 1 
(6, 12, 120): 1 
(6, 12, 129): 3 
(6, 13, 18): 1 
(6, 13, 40): 1 
(6, 14, 95): 1 
(7, 0, 132): 1 
(7, 2, 50): 5 
(7, 2, 103): 1 
(7, 2, 105): 4 
(7, 2, 108): 1 
(7, 2, 109): 1 
(7, 3, 113): 5 
(7, 3, 114): 1 
(7, 4, 119): 2 
(7, 4, 122): 1 
(7, 4, 132): 2 
(7, 6, 45): 1 
(7, 6, 48): 6 
(7, 6, 71): 1 
(7, 6, 79): 1 
(7, 6, 86): 3 
(7, 8, 132): 4 
(7, 11, 103): 1 
(7, 13, 36): 1 
(7, 13, 66): 1 
(8, 0, 233): 31 
(8, 12, 129): 3 
(9, 0, 151): 20 
(9, 1, 13): 1 
(9, 1, 42): 4 
(9, 1, 54): 3 
(9, 1, 72): 1 
(9, 3, 122): 1 
(9, 14, 32): 1 
(9, 14, 39): 2 
(9, 14, 54): 1 
(9, 14, 93): 5 
(9, 14, 103): 4 
(10, 0, 158): 9 
(10, 3, 41): 7 
(10, 3, 129): 3 
(10, 4, 133): 2 
(10, 4, 134): 3 
(10, 4, 141): 7 
(10, 4, 144): 4 
(10, 5, 29): 4 
(10, 5, 33): 1 
(10, 5, 34): 2 
(10, 5, 57): 2 
(10, 5, 62): 4 
(10, 5, 63): 3 
(10, 5, 80): 1 
(10, 5, 84): 1 
(10, 5, 87): 3 
(10, 5, 95): 9 
(10, 5, 112): 10 
(10, 5, 142): 3 
(11, 0, 187): 19 
(11, 6, 18): 2 
(11, 7, 16): 5 
(11, 8, 114): 1 
(11, 8, 134): 5 
(11, 12, 19): 2 
(11, 12, 42): 9 
(11, 12, 80): 2 
(11, 12, 96): 1 
(11, 13, 15): 2 
(11, 14, 45): 1 
(12, 0, 144): 15 
(12, 2, 68): 1 
(12, 3, 38): 1 
(12, 3, 92): 1 
(12, 6, 67): 1 
(12, 8, 92): 4 
(12, 11, 29): 2 
(12, 11, 62): 2 
(12, 11, 67): 2 
(12, 11, 68): 2 
(12, 11, 89): 1 
(12, 11, 108): 1 
(12, 11, 122): 3 
(12, 11, 147): 3 
(12, 13, 17): 14 
(12, 13, 38): 1 
(12, 13, 39): 1 
(12, 14, 92): 4 
(13, 2, 57): 4 
(13, 2, 71): 3 
(13, 2, 81): 1 
(13, 3, 78): 1 
(13, 6, 33): 2 
(13, 6, 78): 4 
(13, 6, 79): 3 
(13, 6, 82): 3 
(13, 6, 85): 2 
(13, 7, 27): 2 
(13, 7, 56): 1 
(13, 7, 57): 1 
(13, 7, 59): 1 
(13, 7, 71): 1 
(13, 7, 80): 1 
(13, 11, 79): 1 
(13, 12, 9): 2 
(13, 12, 53): 3 
(13, 12, 79): 3 
(13, 12, 80): 3 
(13, 14, 27): 2 
(13, 14, 32): 1 
(13, 14, 49): 1 
(14, 1, 11): 9 
(14, 1, 46): 5 
(14, 1, 77): 3 
(14, 3, 119): 5 
(14, 5, 75): 1 
(14, 5, 117): 2 
(14, 9, 16): 11 
(14, 9, 18): 2 
(14, 9, 45): 1 
(14, 9, 47): 2 
(14, 9, 76): 8 
(14, 9, 115): 2 
(14, 10, 75): 1 
(14, 10, 109): 1 
(14, 10, 115): 4 
(14, 10, 118): 4 
(14, 12, 74): 2 
TRANSFERS OF GLOBAL RESOURCE G2
(0, 2, 0): 10 
(0, 3, 0): 16 
(0, 5, 0): 6 
(0, 6, 0): 14 
(0, 6, 1): 6 
(0, 7, 0): 6 
(0, 7, 1): 9 
(0, 9, 2): 2 
(0, 10, 0): 8 
(0, 11, 0): 27 
(0, 12, 0): 20 
(0, 13, 0): 21 
(0, 13, 1): 2 
(0, 14, 1): 15 
(0, 14, 2): 8 
(1, 3, 111): 2 
(1, 6, 31): 1 
(1, 6, 34): 6 
(1, 6, 71): 4 
(1, 6, 74): 1 
(1, 6, 101): 1 
(1, 6, 102): 8 
(1, 6, 108): 1 
(1, 7, 34): 2 
(1, 7, 41): 2 
(1, 7, 82): 2 
(1, 7, 95): 2 
(1, 10, 107): 6 
(2, 0, 148): 1 
(2, 4, 148): 1 
(2, 8, 94): 3 
(2, 8, 128): 1 
(2, 8, 130): 5 
(2, 8, 136): 1 
(2, 8, 143): 3 
(2, 8, 145): 1 
(2, 8, 147): 3 
(2, 8, 152): 2 
(2, 9, 19): 8 
(2, 9, 64): 1 
(2, 9, 92): 1 
(2, 9, 95): 1 
(2, 9, 99): 2 
(2, 9, 120): 4 
(2, 9, 139): 12 
(2, 11, 18): 1 
(2, 12, 19): 1 
(3, 0, 168): 28 
(3, 2, 67): 1 
(3, 2, 103): 3 
(3, 8, 27): 5 
(3, 8, 92): 1 
(3, 8, 135): 1 
(3, 8, 138): 3 
(3, 9, 10): 2 
(3, 9, 35): 1 
(3, 9, 102): 1 
(3, 11, 39): 1 
(4, 0, 216): 37 
(4, 10, 51): 3 
(5, 0, 162): 12 
(5, 2, 93): 1 
(5, 4, 147): 1 
(5, 4, 148): 6 
(5, 7, 98): 2 
(5, 8, 127): 3 
(5, 10, 35): 1 
(5, 10, 98): 1 
(5, 11, 98): 2 
(5, 12, 38): 5 
(5, 12, 92): 4 
(5, 12, 113): 2 
(5, 13, 35): 1 
(5, 13, 44): 1 
(6, 1, 13): 2 
(6, 1, 17): 1 
(6, 1, 19): 2 
(6, 1, 24): 8 
(6, 1, 51): 3 
(6, 1, 52): 4 
(6, 1, 65): 2 
(6, 1, 89): 4 
(6, 3, 115): 7 
(6, 3, 116): 8 
(6, 7, 63): 3 
(6, 7, 83): 1 
(6, 7, 95): 2 
(6, 7, 96): 1 
(6, 8, 123): 1 
(6, 10, 114): 2 
(6, 11, 115): 1 
(6, 12, 117): 1 
(6, 14, 89): 1 
(6, 14, 92): 4 
(7, 0, 132): 13 
(7, 1, 17): 3 
(7, 1, 74): 2 
(7, 1, 76): 3 
(7, 5, 111): 6 
(7, 6, 18): 1 
(7, 6, 76): 4 
(7, 10, 112): 2 
(7, 13, 27): 2 
(7, 14, 20): 1 
(8, 0, 233): 30 
(8, 2, 105): 3 
(8, 3, 43): 4 
(8, 10, 39): 1 
(9, 0, 151): 25 
(9, 2, 54): 10 
(9, 2, 72): 4 
(9, 2, 86): 1 
(9, 2, 109): 1 
(9, 2, 113): 10 
(9, 3, 123): 1 
(9, 8, 126): 3 
(9, 10, 31): 1 
(9, 11, 145): 2 
(10, 0, 158): 3 
(10, 2, 132): 4 
(10, 4, 35): 1 
(10, 4, 140): 6 
(10, 4, 142): 3 
(10, 4, 143): 2 
(10, 4, 145): 3 
(10, 4, 149): 3 
(10, 4, 153): 4 
(10, 5, 58): 1 
(10, 9, 83): 1 
(10, 9, 84): 1 
(10, 9, 95): 1 
(10, 11, 90): 1 
(10, 13, 16): 2 
(10, 13, 58): 2 
(11, 0, 187): 21 
(11, 2, 135): 1 
(11, 4, 33): 2 
(11, 5, 55): 1 
(11, 9, 13): 6 
(11, 9, 38): 1 
(11, 9, 42): 5 
(11, 9, 54): 3 
(11, 9, 73): 2 
(11, 9, 116): 3 
(11, 10, 110): 5 
(11, 12, 35): 1 
(11, 12, 110): 2 
(11, 13, 41): 2 
(11, 13, 54): 1 
(12, 2, 130): 2 
(12, 4, 148): 2 
(12, 4, 151): 2 
(12, 4, 152): 4 
(12, 5, 27): 7 
(12, 5, 62): 3 
(12, 5, 88): 3 
(12, 7, 98): 1 
(12, 8, 128): 2 
(12, 10, 25): 2 
(12, 11, 88): 1 
(12, 11, 99): 8 
(12, 11, 145): 3 
(12, 11, 146): 4 
(12, 13, 13): 3 
(12, 13, 17): 6 
(12, 13, 33): 3 
(12, 13, 39): 1 
(12, 13, 56): 1 
(12, 13, 64): 4 
(13, 5, 11): 1 
(13, 5, 48): 3 
(13, 5, 61): 3 
(13, 5, 82): 8 
(13, 6, 72): 1 
(13, 10, 68): 3 
(13, 10, 71): 2 
(13, 11, 81): 4 
(13, 12, 11): 2 
(13, 12, 19): 1 
(13, 12, 46): 10 
(13, 12, 50): 1 
(13, 12, 58): 2 
(13, 12, 59): 1 
(13, 12, 68): 2 
(13, 12, 71): 4 
(13, 12, 79): 2 
(13, 12, 80): 1 
(13, 14, 72): 1 
(14, 1, 11): 2 
(14, 1, 54): 1 
(14, 1, 59): 1 
(14, 2, 58): 1 
(14, 3, 117): 9 
(14, 6, 53): 5 
(14, 6, 54): 3 
(14, 6, 75): 2 
(14, 7, 51): 3 
(14, 7, 53): 1 
(14, 10, 107): 1 
(14, 11, 116): 1 
}
