INSTANCE: "A_18_60_5" 
RELEASES: [0, 0, 0, 0, 0, 0, 0, 0, 0, 0, 0, 0, 0, 0, 0, 0, 0, 0]
DUEDATES: [141, 94, 104, 121, 143, 89, 94, 107, 117, 142, 122, 151, 101, 111, 140, 105, 111, 116]
COMPLETION TIMES: [234, 219, 393, 156, 454, 93, 359, 371, 130, 269, 282, 436, 116, 132, 386, 143, 272, 283]
MAKESPANS: [234, 219, 393, 156, 454, 93, 359, 371, 130, 269, 282, 436, 116, 132, 386, 143, 272, 283]
DELAYS: [93, 125, 289, 35, 311, 4, 265, 264, 13, 127, 160, 285, 15, 21, 246, 38, 161, 167]
COST: 3673.5

Solution = { 
START TIMES OF ACTIVITIES OF PROJECT 1:
[0, 60, 52, 66, 74, 77, 86, 95, 92, 123, 118, 142, 108, 69, 149, 117, 104, 163, 162, 133, 92, 132, 121, 141, 110, 171, 184, 141, 176, 149, 147, 190, 143, 129, 155, 160, 168, 104, 180, 174, 196, 198, 151, 208, 162, 203, 150, 196, 172, 220, 199, 202, 210, 190, 218, 228, 210, 216, 223, 230, 221, 234]
START TIMES OF ACTIVITIES OF PROJECT 2:
[0, 109, 13, 130, 117, 117, 130, 134, 139, 120, 142, 141, 152, 106, 139, 138, 150, 148, 165, 142, 160, 148, 174, 155, 177, 159, 157, 160, 184, 170, 188, 149, 170, 147, 170, 168, 152, 162, 184, 163, 96, 188, 167, 180, 172, 185, 178, 188, 177, 177, 190, 193, 192, 193, 184, 203, 197, 190, 212, 200, 201, 219]
START TIMES OF ACTIVITIES OF PROJECT 3:
[0, 247, 248, 160, 257, 276, 252, 265, 173, 267, 249, 277, 319, 258, 326, 314, 281, 327, 257, 340, 291, 266, 275, 314, 310, 350, 332, 334, 340, 339, 346, 363, 365, 365, 352, 320, 357, 333, 329, 331, 356, 258, 344, 340, 357, 354, 359, 362, 372, 359, 367, 382, 377, 373, 338, 372, 380, 382, 383, 387, 387, 393]
START TIMES OF ACTIVITIES OF PROJECT 4:
[0, 4, 0, 3, 15, 24, 17, 15, 24, 28, 17, 28, 61, 38, 8, 78, 37, 38, 12, 44, 44, 74, 34, 54, 34, 44, 81, 68, 124, 80, 83, 81, 101, 89, 105, 78, 103, 105, 54, 114, 77, 63, 98, 120, 84, 112, 115, 114, 127, 132, 140, 139, 117, 140, 129, 146, 123, 146, 150, 155, 134, 156]
START TIMES OF ACTIVITIES OF PROJECT 5:
[0, 306, 132, 313, 318, 327, 327, 336, 342, 359, 346, 318, 327, 344, 335, 346, 361, 335, 355, 374, 385, 361, 390, 323, 336, 359, 350, 365, 365, 372, 367, 404, 376, 372, 389, 391, 338, 390, 372, 395, 382, 367, 404, 376, 398, 385, 409, 401, 413, 406, 418, 409, 412, 428, 420, 384, 420, 430, 445, 440, 432, 454]
START TIMES OF ACTIVITIES OF PROJECT 6:
[0, 4, 0, 0, 10, 10, 8, 10, 21, 19, 1, 9, 28, 31, 11, 11, 19, 40, 21, 10, 34, 31, 50, 29, 24, 31, 54, 43, 66, 40, 17, 41, 24, 19, 28, 52, 38, 48, 34, 32, 68, 50, 50, 48, 56, 57, 60, 54, 54, 56, 72, 66, 69, 76, 28, 67, 72, 83, 90, 82, 83, 93]
START TIMES OF ACTIVITIES OF PROJECT 7:
[0, 273, 272, 244, 253, 259, 265, 279, 288, 281, 277, 267, 269, 266, 281, 293, 302, 289, 275, 278, 284, 293, 294, 289, 275, 284, 307, 306, 296, 301, 308, 283, 278, 328, 310, 295, 309, 298, 282, 296, 316, 307, 316, 315, 313, 322, 320, 323, 342, 325, 337, 340, 301, 332, 333, 343, 344, 338, 345, 348, 352, 359]
START TIMES OF ACTIVITIES OF PROJECT 8:
[0, 251, 0, 268, 290, 300, 261, 309, 310, 294, 275, 326, 351, 309, 302, 312, 320, 325, 283, 297, 316, 284, 332, 337, 300, 300, 324, 268, 313, 300, 284, 291, 316, 312, 337, 311, 348, 355, 332, 345, 347, 325, 328, 302, 313, 347, 333, 343, 333, 339, 342, 357, 356, 357, 355, 361, 361, 362, 363, 359, 364, 371]
START TIMES OF ACTIVITIES OF PROJECT 9:
[0, 7, 7, 7, 33, 40, 15, 17, 46, 24, 27, 20, 25, 49, 55, 62, 15, 26, 53, 51, 22, 51, 32, 59, 78, 36, 38, 48, 86, 44, 29, 33, 87, 102, 53, 86, 41, 66, 77, 49, 106, 62, 57, 69, 83, 27, 67, 96, 96, 107, 43, 96, 101, 108, 99, 106, 80, 108, 123, 115, 110, 130]
START TIMES OF ACTIVITIES OF PROJECT 10:
[0, 32, 8, 116, 136, 127, 18, 43, 110, 142, 112, 144, 67, 113, 159, 46, 156, 179, 153, 126, 179, 127, 152, 175, 159, 187, 180, 136, 199, 205, 194, 172, 165, 206, 195, 189, 189, 169, 193, 193, 219, 206, 184, 190, 185, 205, 222, 199, 220, 196, 200, 235, 215, 242, 235, 228, 246, 250, 244, 260, 260, 269]
START TIMES OF ACTIVITIES OF PROJECT 11:
[0, 101, 156, 153, 160, 200, 164, 161, 173, 170, 179, 177, 181, 102, 191, 197, 188, 205, 189, 217, 179, 163, 172, 187, 213, 196, 185, 210, 197, 213, 174, 216, 199, 210, 221, 221, 209, 222, 265, 189, 216, 231, 229, 226, 238, 254, 239, 242, 225, 245, 247, 234, 255, 225, 233, 269, 254, 260, 270, 273, 278, 282]
START TIMES OF ACTIVITIES OF PROJECT 12:
[0, 269, 272, 255, 276, 283, 289, 325, 307, 316, 306, 314, 372, 316, 263, 289, 263, 290, 319, 372, 294, 317, 413, 326, 297, 340, 270, 382, 295, 299, 325, 366, 301, 279, 381, 349, 394, 356, 404, 332, 346, 402, 382, 385, 390, 403, 401, 398, 381, 374, 400, 410, 413, 409, 415, 414, 423, 394, 428, 418, 414, 436]
START TIMES OF ACTIVITIES OF PROJECT 13:
[0, 6, 6, 6, 8, 11, 13, 8, 28, 32, 26, 19, 35, 22, 44, 11, 18, 47, 67, 23, 33, 68, 37, 53, 68, 69, 19, 62, 24, 18, 81, 56, 82, 28, 79, 35, 28, 43, 42, 59, 69, 57, 92, 76, 83, 82, 59, 77, 79, 87, 45, 99, 32, 82, 92, 98, 89, 92, 109, 110, 99, 116]
START TIMES OF ACTIVITIES OF PROJECT 14:
[0, 8, 8, 8, 21, 16, 38, 17, 22, 16, 57, 69, 32, 63, 18, 26, 48, 25, 27, 38, 67, 56, 70, 71, 76, 70, 85, 48, 62, 78, 72, 78, 87, 35, 26, 83, 44, 79, 91, 91, 37, 93, 91, 88, 87, 96, 88, 35, 37, 73, 42, 101, 59, 102, 80, 108, 109, 117, 123, 128, 119, 132]
START TIMES OF ACTIVITIES OF PROJECT 15:
[0, 234, 42, 257, 273, 269, 53, 242, 251, 52, 245, 247, 259, 257, 263, 280, 55, 142, 245, 270, 279, 248, 274, 279, 263, 280, 298, 255, 280, 291, 273, 316, 289, 287, 291, 297, 286, 306, 335, 308, 307, 289, 291, 328, 333, 300, 316, 317, 326, 333, 358, 333, 337, 347, 337, 368, 352, 370, 358, 368, 377, 386]
START TIMES OF ACTIVITIES OF PROJECT 16:
[0, 6, 6, 6, 20, 80, 13, 20, 25, 9, 37, 29, 39, 22, 63, 29, 22, 29, 35, 42, 13, 70, 37, 46, 103, 78, 118, 47, 53, 90, 63, 105, 69, 75, 40, 29, 39, 120, 95, 113, 88, 97, 21, 73, 115, 104, 88, 86, 52, 115, 101, 118, 66, 95, 80, 98, 110, 120, 125, 129, 138, 143]
START TIMES OF ACTIVITIES OF PROJECT 17:
[0, 138, 136, 130, 144, 150, 203, 158, 149, 165, 158, 138, 198, 207, 167, 174, 168, 175, 225, 188, 213, 183, 199, 210, 157, 229, 193, 248, 243, 188, 252, 252, 232, 214, 183, 243, 222, 178, 233, 146, 210, 215, 259, 223, 219, 168, 203, 215, 232, 238, 257, 239, 239, 260, 247, 257, 238, 263, 252, 260, 265, 272]
START TIMES OF ACTIVITIES OF PROJECT 18:
[0, 8, 8, 23, 97, 112, 107, 205, 113, 122, 125, 221, 178, 197, 126, 25, 205, 107, 184, 205, 229, 223, 213, 14, 215, 234, 230, 25, 225, 126, 228, 216, 223, 194, 189, 227, 234, 212, 229, 234, 118, 237, 235, 241, 241, 232, 233, 245, 240, 232, 234, 250, 255, 241, 263, 247, 275, 250, 265, 276, 270, 283]
TRANSFERS OF GLOBAL RESOURCE G1
(0, 4, 0): 7 
(0, 4, 4): 3 
(0, 6, 0): 4 
(0, 6, 4): 9 
(0, 9, 0): 17 
(0, 13, 0): 19 
(0, 13, 2): 4 
(0, 14, 6): 18 
(0, 16, 0): 16 
(1, 8, 234): 4 
(1, 10, 180): 3 
(1, 10, 225): 1 
(1, 10, 232): 1 
(1, 11, 179): 1 
(1, 11, 180): 1 
(1, 11, 234): 3 
(1, 15, 233): 3 
(1, 15, 236): 1 
(1, 16, 96): 1 
(1, 16, 113): 1 
(1, 17, 204): 2 
(1, 17, 228): 1 
(1, 17, 242): 1 
(2, 3, 167): 5 
(2, 6, 22): 1 
(2, 10, 161): 1 
(2, 11, 166): 2 
(2, 17, 173): 1 
(2, 17, 200): 2 
(2, 17, 219): 1 
(2, 18, 18): 2 
(2, 18, 20): 1 
(2, 18, 108): 2 
(2, 18, 184): 1 
(2, 18, 200): 5 
(2, 18, 208): 4 
(2, 18, 210): 7 
(2, 18, 218): 4 
(2, 18, 223): 2 
(3, 0, 393): 28 
(3, 5, 297): 2 
(3, 7, 261): 1 
(3, 7, 281): 5 
(3, 7, 334): 2 
(3, 12, 331): 1 
(3, 18, 174): 6 
(3, 18, 261): 3 
(3, 18, 266): 2 
(4, 1, 121): 1 
(4, 2, 129): 1 
(4, 2, 130): 1 
(4, 11, 156): 3 
(4, 11, 157): 2 
(4, 16, 19): 4 
(4, 16, 66): 2 
(4, 16, 67): 4 
(4, 16, 85): 10 
(4, 16, 87): 4 
(4, 16, 92): 2 
(4, 16, 107): 1 
(4, 16, 115): 2 
(4, 17, 134): 1 
(4, 17, 164): 4 
(5, 0, 454): 25 
(5, 10, 142): 5 
(5, 15, 326): 3 
(6, 4, 75): 1 
(6, 9, 12): 3 
(6, 9, 35): 3 
(6, 9, 48): 2 
(6, 9, 75): 4 
(6, 9, 96): 1 
(6, 9, 98): 2 
(6, 13, 76): 4 
(6, 13, 93): 3 
(6, 14, 14): 1 
(6, 14, 20): 2 
(6, 14, 33): 5 
(6, 14, 36): 2 
(6, 14, 54): 3 
(6, 14, 57): 1 
(6, 14, 60): 10 
(6, 14, 76): 1 
(6, 14, 83): 1 
(6, 14, 86): 1 
(7, 0, 359): 1 
(7, 3, 312): 1 
(7, 3, 318): 3 
(7, 3, 319): 1 
(7, 3, 321): 8 
(7, 3, 348): 1 
(7, 3, 354): 5 
(7, 3, 355): 3 
(7, 3, 357): 2 
(7, 5, 292): 1 
(7, 5, 353): 3 
(7, 5, 360): 5 
(8, 0, 371): 8 
(8, 5, 351): 2 
(8, 12, 268): 1 
(8, 12, 275): 1 
(8, 12, 294): 2 
(8, 12, 306): 7 
(8, 12, 345): 4 
(8, 12, 348): 1 
(8, 12, 365): 1 
(8, 12, 371): 9 
(8, 12, 373): 9 
(8, 15, 274): 2 
(8, 15, 327): 10 
(9, 2, 130): 7 
(9, 4, 68): 3 
(9, 6, 21): 1 
(9, 6, 40): 1 
(9, 6, 69): 3 
(9, 6, 87): 1 
(9, 13, 80): 3 
(9, 14, 17): 1 
(9, 14, 54): 1 
(9, 14, 58): 4 
(9, 14, 67): 2 
(9, 14, 86): 3 
(9, 14, 114): 6 
(10, 1, 208): 3 
(10, 5, 130): 2 
(10, 11, 182): 3 
(10, 11, 184): 1 
(10, 11, 202): 4 
(10, 11, 206): 1 
(10, 11, 207): 3 
(10, 11, 210): 5 
(10, 11, 223): 2 
(10, 11, 230): 1 
(10, 11, 244): 1 
(10, 11, 262): 1 
(10, 12, 246): 5 
(10, 12, 260): 3 
(10, 15, 36): 1 
(10, 15, 228): 6 
(10, 17, 205): 1 
(10, 17, 248): 1 
(11, 8, 282): 5 
(11, 10, 107): 2 
(11, 10, 176): 1 
(11, 10, 192): 2 
(11, 10, 197): 5 
(11, 10, 217): 5 
(11, 10, 239): 6 
(11, 12, 254): 1 
(11, 15, 234): 2 
(11, 15, 255): 3 
(11, 15, 279): 7 
(11, 15, 281): 3 
(11, 17, 197): 2 
(11, 17, 219): 3 
(12, 0, 436): 26 
(12, 8, 283): 1 
(12, 8, 289): 1 
(12, 8, 290): 1 
(12, 8, 301): 1 
(12, 8, 324): 5 
(12, 8, 325): 6 
(12, 8, 342): 1 
(12, 8, 360): 1 
(12, 8, 362): 6 
(12, 15, 281): 1 
(12, 15, 320): 2 
(13, 2, 9): 4 
(13, 2, 92): 7 
(13, 2, 102): 2 
(13, 2, 116): 7 
(13, 4, 18): 2 
(13, 4, 57): 3 
(13, 9, 42): 1 
(13, 9, 116): 2 
(13, 14, 9): 1 
(13, 18, 89): 6 
(13, 18, 104): 3 
(14, 4, 95): 8 
(14, 4, 97): 5 
(14, 6, 26): 1 
(14, 6, 27): 5 
(14, 6, 29): 7 
(14, 6, 39): 2 
(14, 6, 41): 1 
(14, 6, 50): 3 
(14, 6, 65): 3 
(14, 6, 70): 8 
(14, 9, 96): 1 
(14, 11, 93): 2 
(14, 13, 46): 1 
(14, 16, 93): 2 
(14, 17, 127): 2 
(14, 17, 133): 10 
(14, 17, 135): 3 
(15, 0, 386): 9 
(15, 1, 54): 1 
(15, 5, 311): 1 
(15, 5, 316): 3 
(15, 5, 354): 2 
(15, 8, 255): 2 
(15, 8, 291): 5 
(15, 8, 303): 6 
(15, 8, 307): 2 
(15, 8, 337): 9 
(15, 10, 150): 2 
(15, 12, 310): 6 
(16, 1, 47): 4 
(16, 1, 61): 1 
(16, 1, 64): 1 
(16, 1, 105): 5 
(16, 1, 124): 2 
(16, 1, 127): 3 
(16, 1, 144): 2 
(16, 2, 127): 1 
(16, 4, 12): 1 
(16, 4, 35): 1 
(16, 4, 41): 1 
(16, 4, 75): 4 
(16, 4, 80): 1 
(16, 4, 98): 1 
(16, 5, 125): 3 
(16, 10, 25): 1 
(16, 10, 103): 1 
(16, 10, 120): 7 
(16, 10, 129): 1 
(16, 13, 26): 1 
(16, 14, 48): 1 
(16, 15, 129): 2 
(16, 17, 125): 4 
(17, 1, 192): 1 
(17, 3, 148): 1 
(17, 4, 146): 1 
(17, 7, 239): 8 
(17, 7, 260): 4 
(17, 7, 264): 7 
(17, 7, 272): 2 
(17, 7, 273): 5 
(17, 8, 240): 1 
(17, 11, 147): 5 
(17, 11, 157): 1 
(17, 11, 190): 4 
(17, 11, 272): 1 
(17, 15, 277): 2 
(18, 2, 125): 1 
(18, 2, 129): 10 
(18, 3, 243): 8 
(18, 3, 245): 8 
(18, 3, 253): 4 
(18, 5, 284): 7 
(18, 5, 296): 2 
(18, 12, 278): 1 
(18, 13, 29): 3 
(18, 17, 239): 2 
(18, 17, 244): 2 
TRANSFERS OF GLOBAL RESOURCE G2
(0, 4, 0): 2 
(0, 6, 0): 9 
(0, 6, 1): 2 
(0, 9, 0): 14 
(0, 10, 0): 8 
(0, 13, 4): 1 
(0, 13, 6): 10 
(0, 14, 0): 20 
(0, 16, 3): 22 
(0, 18, 0): 8 
(1, 2, 162): 3 
(1, 3, 233): 1 
(1, 3, 234): 1 
(1, 3, 237): 1 
(1, 10, 66): 5 
(1, 10, 112): 6 
(1, 10, 141): 1 
(1, 10, 151): 2 
(1, 10, 178): 1 
(1, 10, 179): 1 
(1, 10, 214): 5 
(1, 11, 97): 4 
(1, 11, 160): 5 
(1, 11, 229): 1 
(1, 11, 230): 5 
(1, 11, 238): 4 
(1, 15, 223): 4 
(1, 16, 73): 3 
(2, 4, 22): 1 
(2, 10, 212): 5 
(2, 16, 123): 1 
(2, 17, 215): 3 
(2, 18, 173): 7 
(2, 18, 179): 1 
(2, 18, 184): 8 
(2, 18, 208): 1 
(2, 18, 210): 7 
(2, 18, 224): 3 
(3, 0, 393): 17 
(3, 1, 165): 1 
(3, 5, 300): 3 
(3, 5, 329): 1 
(3, 5, 332): 3 
(3, 5, 366): 1 
(3, 5, 368): 1 
(3, 5, 395): 7 
(3, 8, 262): 2 
(3, 8, 269): 1 
(3, 8, 284): 3 
(3, 8, 291): 1 
(3, 8, 296): 1 
(3, 8, 327): 2 
(3, 17, 164): 1 
(3, 17, 182): 1 
(3, 18, 168): 1 
(4, 1, 85): 4 
(4, 1, 142): 4 
(4, 1, 143): 2 
(4, 2, 11): 1 
(4, 2, 128): 10 
(4, 2, 132): 2 
(4, 2, 136): 3 
(4, 2, 150): 2 
(4, 2, 155): 1 
(4, 2, 157): 1 
(4, 2, 160): 1 
(4, 3, 148): 2 
(4, 10, 146): 7 
(4, 10, 150): 1 
(4, 11, 142): 1 
(4, 11, 152): 1 
(4, 13, 29): 5 
(4, 13, 31): 2 
(4, 13, 55): 2 
(4, 13, 88): 1 
(4, 16, 48): 2 
(5, 0, 454): 24 
(5, 3, 344): 1 
(5, 3, 353): 1 
(6, 2, 90): 3 
(6, 9, 35): 1 
(6, 9, 72): 1 
(6, 9, 76): 1 
(6, 10, 56): 1 
(6, 14, 54): 2 
(6, 15, 39): 1 
(6, 15, 50): 4 
(6, 16, 54): 1 
(6, 18, 21): 7 
(6, 18, 93): 6 
(7, 0, 359): 9 
(7, 3, 302): 4 
(7, 3, 306): 7 
(7, 3, 311): 1 
(7, 3, 342): 5 
(7, 3, 344): 2 
(7, 3, 351): 2 
(7, 5, 309): 1 
(7, 12, 348): 1 
(7, 12, 354): 7 
(7, 17, 254): 4 
(8, 0, 371): 4 
(8, 3, 304): 2 
(8, 3, 340): 1 
(8, 5, 357): 2 
(8, 7, 314): 3 
(8, 7, 316): 3 
(8, 12, 362): 7 
(8, 12, 364): 8 
(9, 2, 97): 1 
(9, 4, 66): 4 
(9, 4, 70): 1 
(9, 4, 97): 3 
(9, 4, 131): 2 
(9, 13, 68): 1 
(9, 14, 33): 1 
(9, 14, 58): 6 
(9, 14, 59): 1 
(9, 14, 63): 1 
(9, 14, 67): 1 
(9, 14, 113): 1 
(9, 14, 115): 2 
(9, 14, 124): 4 
(9, 16, 13): 1 
(9, 16, 69): 1 
(9, 17, 124): 6 
(9, 17, 130): 4 
(9, 17, 132): 2 
(10, 1, 51): 2 
(10, 1, 59): 4 
(10, 1, 68): 5 
(10, 1, 116): 3 
(10, 1, 117): 1 
(10, 1, 131): 1 
(10, 1, 189): 1 
(10, 1, 195): 8 
(10, 1, 201): 1 
(10, 1, 209): 1 
(10, 2, 190): 1 
(10, 3, 232): 7 
(10, 4, 18): 7 
(10, 4, 68): 1 
(10, 4, 133): 1 
(10, 6, 20): 1 
(10, 11, 159): 2 
(10, 11, 168): 2 
(10, 11, 192): 3 
(10, 11, 195): 1 
(10, 11, 260): 1 
(10, 11, 264): 1 
(10, 12, 263): 3 
(10, 15, 224): 5 
(10, 18, 233): 2 
(11, 1, 104): 1 
(11, 1, 106): 2 
(11, 1, 180): 1 
(11, 1, 212): 2 
(11, 1, 214): 1 
(11, 8, 270): 2 
(11, 8, 281): 2 
(11, 8, 284): 2 
(11, 10, 105): 1 
(11, 10, 175): 2 
(11, 10, 179): 1 
(11, 10, 214): 4 
(11, 12, 249): 3 
(11, 12, 257): 2 
(11, 12, 270): 2 
(11, 12, 283): 8 
(11, 12, 284): 4 
(12, 0, 436): 32 
(12, 3, 297): 4 
(12, 3, 301): 1 
(12, 3, 333): 1 
(12, 5, 294): 1 
(12, 5, 301): 5 
(12, 5, 326): 1 
(12, 8, 303): 1 
(12, 8, 337): 1 
(13, 1, 45): 2 
(13, 1, 116): 4 
(13, 4, 40): 3 
(13, 4, 119): 5 
(13, 4, 120): 1 
(13, 9, 23): 2 
(13, 9, 39): 2 
(13, 10, 39): 4 
(13, 16, 19): 4 
(13, 16, 79): 2 
(13, 16, 85): 4 
(13, 16, 97): 1 
(13, 16, 100): 8 
(14, 2, 98): 2 
(14, 2, 134): 3 
(14, 4, 109): 1 
(14, 4, 131): 4 
(14, 4, 132): 6 
(14, 9, 28): 4 
(14, 9, 39): 1 
(14, 9, 42): 1 
(14, 9, 53): 3 
(14, 9, 82): 1 
(14, 9, 83): 2 
(14, 9, 104): 4 
(14, 16, 105): 1 
(14, 17, 136): 5 
(14, 18, 102): 6 
(15, 0, 386): 10 
(15, 4, 55): 2 
(15, 4, 57): 1 
(15, 4, 62): 1 
(15, 6, 66): 1 
(15, 7, 322): 1 
(15, 8, 272): 1 
(15, 8, 278): 2 
(15, 8, 339): 1 
(15, 12, 300): 2 
(15, 18, 247): 5 
(16, 1, 45): 1 
(16, 1, 140): 1 
(16, 2, 103): 1 
(16, 4, 10): 3 
(16, 4, 12): 1 
(16, 4, 110): 2 
(16, 4, 119): 3 
(16, 9, 37): 1 
(16, 10, 36): 2 
(16, 10, 120): 7 
(16, 11, 143): 9 
(16, 13, 12): 6 
(16, 13, 36): 1 
(16, 13, 61): 4 
(16, 13, 75): 2 
(16, 13, 91): 5 
(16, 13, 108): 2 
(17, 3, 149): 2 
(17, 3, 236): 1 
(17, 7, 241): 9 
(17, 7, 263): 5 
(17, 7, 264): 2 
(17, 7, 266): 5 
(17, 7, 272): 6 
(17, 7, 274): 1 
(17, 8, 264): 1 
(18, 2, 125): 1 
(18, 2, 129): 1 
(18, 6, 15): 7 
(18, 6, 28): 8 
(18, 7, 252): 4 
(18, 7, 253): 2 
(18, 7, 283): 2 
(18, 8, 263): 2 
(18, 8, 271): 2 
(18, 8, 285): 3 
(18, 9, 115): 5 
(18, 10, 194): 1 
(18, 14, 114): 4 
(18, 14, 118): 1 
(18, 15, 252): 2 
(18, 15, 254): 6 
(18, 15, 256): 5 
(18, 17, 194): 2 
(18, 17, 197): 4 
}
