INSTANCE: "A_14_60_5" 
RELEASES: [0, 0, 0, 0, 0, 0, 0, 0, 0, 0, 0, 0, 0, 0]
DUEDATES: [95, 69, 106, 119, 123, 106, 121, 125, 116, 86, 116, 137, 107, 110]
COMPLETION TIMES: [132, 343, 137, 265, 167, 346, 225, 311, 276, 113, 170, 255, 195, 371]
MAKESPANS: [132, 343, 137, 265, 167, 346, 225, 311, 276, 113, 170, 255, 195, 371]
DELAYS: [37, 274, 31, 146, 44, 240, 104, 186, 160, 27, 54, 118, 88, 261]
COST: 2538.0

Solution = { 
START TIMES OF ACTIVITIES OF PROJECT 1:
[0, 7, 9, 7, 8, 35, 20, 16, 43, 43, 55, 8, 27, 53, 23, 60, 17, 21, 22, 20, 64, 60, 60, 70, 37, 17, 67, 50, 39, 39, 81, 47, 19, 48, 51, 68, 51, 25, 60, 75, 49, 58, 71, 51, 59, 84, 96, 103, 61, 111, 117, 75, 93, 88, 98, 103, 98, 109, 127, 121, 108, 132]
START TIMES OF ACTIVITIES OF PROJECT 2:
[0, 45, 20, 271, 310, 279, 275, 282, 294, 279, 283, 290, 282, 297, 306, 297, 255, 288, 320, 298, 293, 287, 302, 302, 306, 296, 288, 293, 289, 304, 297, 291, 313, 285, 291, 318, 327, 306, 313, 299, 294, 306, 324, 319, 297, 325, 315, 319, 319, 323, 327, 327, 325, 330, 337, 325, 328, 325, 341, 332, 328, 343]
START TIMES OF ACTIVITIES OF PROJECT 3:
[0, 6, 6, 16, 10, 16, 44, 7, 25, 81, 25, 34, 36, 44, 26, 48, 49, 29, 47, 32, 8, 87, 47, 57, 100, 42, 92, 74, 36, 97, 65, 103, 100, 53, 69, 53, 59, 63, 53, 106, 69, 103, 117, 80, 115, 110, 77, 69, 87, 114, 79, 103, 115, 128, 125, 110, 129, 117, 121, 121, 130, 137]
START TIMES OF ACTIVITIES OF PROJECT 4:
[0, 129, 136, 204, 143, 160, 143, 196, 143, 229, 151, 166, 153, 183, 174, 183, 189, 176, 189, 178, 215, 178, 187, 166, 153, 169, 227, 206, 183, 241, 213, 202, 160, 170, 211, 218, 211, 228, 240, 224, 204, 187, 239, 234, 189, 224, 215, 218, 219, 228, 234, 230, 239, 247, 196, 250, 238, 248, 256, 261, 255, 265]
START TIMES OF ACTIVITIES OF PROJECT 5:
[0, 4, 4, 4, 8, 14, 25, 25, 19, 19, 34, 15, 8, 81, 34, 34, 41, 83, 104, 87, 47, 87, 89, 44, 79, 49, 107, 74, 90, 95, 95, 116, 51, 8, 138, 110, 68, 125, 133, 105, 87, 82, 148, 148, 151, 113, 123, 121, 132, 151, 58, 107, 140, 125, 128, 121, 156, 138, 159, 157, 159, 167]
START TIMES OF ACTIVITIES OF PROJECT 6:
[0, 14, 64, 9, 145, 30, 250, 235, 261, 271, 258, 280, 259, 240, 252, 55, 261, 285, 287, 263, 265, 271, 297, 282, 313, 272, 284, 288, 278, 111, 271, 311, 262, 288, 289, 272, 303, 307, 290, 307, 291, 296, 303, 280, 309, 296, 297, 316, 297, 308, 318, 314, 316, 323, 320, 323, 323, 330, 339, 325, 339, 346]
START TIMES OF ACTIVITIES OF PROJECT 7:
[0, 13, 11, 35, 21, 97, 40, 131, 146, 101, 147, 112, 133, 156, 41, 140, 107, 108, 143, 121, 147, 142, 48, 134, 154, 121, 151, 131, 190, 142, 161, 142, 163, 161, 170, 153, 180, 167, 154, 177, 147, 167, 198, 186, 170, 175, 189, 177, 175, 191, 203, 195, 196, 210, 208, 216, 206, 216, 220, 196, 213, 225]
START TIMES OF ACTIVITIES OF PROJECT 8:
[0, 181, 83, 73, 187, 125, 176, 184, 181, 217, 183, 167, 203, 226, 226, 260, 207, 204, 224, 237, 230, 238, 264, 192, 234, 217, 228, 236, 247, 200, 213, 269, 194, 245, 236, 201, 282, 237, 247, 249, 282, 250, 279, 289, 214, 256, 294, 259, 252, 303, 250, 265, 275, 277, 294, 297, 273, 286, 304, 297, 301, 311]
START TIMES OF ACTIVITIES OF PROJECT 9:
[0, 140, 103, 10, 12, 146, 146, 27, 156, 159, 161, 173, 190, 179, 162, 20, 196, 34, 214, 203, 180, 228, 204, 151, 187, 207, 237, 137, 231, 162, 184, 214, 221, 224, 197, 198, 212, 205, 231, 241, 59, 241, 213, 235, 245, 197, 225, 215, 221, 235, 244, 249, 251, 244, 259, 247, 268, 244, 251, 269, 256, 276]
START TIMES OF ACTIVITIES OF PROJECT 10:
[0, 9, 9, 9, 10, 17, 23, 23, 19, 31, 25, 17, 42, 23, 35, 29, 10, 33, 42, 45, 89, 13, 50, 31, 30, 102, 20, 57, 20, 38, 61, 27, 45, 65, 72, 100, 53, 66, 88, 85, 34, 42, 56, 48, 35, 48, 75, 71, 77, 88, 78, 85, 79, 94, 91, 96, 103, 98, 103, 107, 97, 113]
START TIMES OF ACTIVITIES OF PROJECT 11:
[0, 16, 8, 7, 47, 50, 15, 25, 26, 69, 50, 30, 38, 38, 50, 84, 67, 18, 94, 45, 141, 59, 103, 97, 77, 93, 133, 77, 61, 106, 91, 93, 84, 40, 113, 69, 101, 81, 121, 118, 148, 88, 124, 112, 119, 97, 101, 133, 106, 98, 108, 148, 134, 151, 159, 149, 163, 151, 164, 154, 159, 170]
START TIMES OF ACTIVITIES OF PROJECT 12:
[0, 109, 76, 125, 128, 156, 115, 128, 125, 118, 176, 134, 151, 160, 115, 128, 137, 146, 144, 159, 136, 164, 158, 84, 162, 169, 149, 158, 165, 175, 173, 173, 136, 169, 183, 198, 178, 204, 208, 169, 188, 213, 215, 230, 195, 240, 183, 245, 223, 218, 187, 209, 226, 231, 188, 213, 231, 241, 249, 252, 248, 255]
START TIMES OF ACTIVITIES OF PROJECT 13:
[0, 9, 115, 9, 21, 12, 24, 31, 32, 47, 32, 124, 158, 114, 53, 116, 67, 132, 31, 120, 77, 41, 149, 134, 85, 56, 124, 65, 67, 41, 41, 53, 167, 143, 156, 97, 156, 144, 124, 147, 159, 70, 147, 87, 109, 149, 125, 159, 125, 134, 134, 183, 158, 180, 168, 169, 167, 168, 187, 171, 187, 195]
START TIMES OF ACTIVITIES OF PROJECT 14:
[0, 269, 182, 172, 183, 185, 294, 195, 295, 278, 299, 277, 302, 297, 180, 282, 310, 313, 320, 303, 271, 245, 271, 280, 300, 315, 301, 311, 257, 278, 319, 340, 314, 318, 302, 283, 307, 289, 350, 332, 327, 333, 324, 352, 359, 341, 351, 320, 285, 352, 327, 327, 340, 341, 337, 350, 340, 354, 364, 361, 364, 371]
TRANSFERS OF GLOBAL RESOURCE G1
(0, 1, 0): 4 
(0, 1, 1): 4 
(0, 1, 2): 1 
(0, 3, 0): 4 
(0, 5, 1): 7 
(0, 5, 5): 11 
(0, 6, 3): 1 
(0, 6, 8): 3 
(0, 7, 0): 9 
(0, 9, 0): 1 
(0, 9, 2): 5 
(0, 10, 0): 19 
(0, 10, 1): 13 
(0, 11, 0): 3 
(0, 13, 1): 5 
(1, 3, 56): 1 
(1, 3, 60): 2 
(1, 5, 74): 1 
(1, 5, 99): 1 
(1, 6, 103): 3 
(1, 9, 22): 3 
(1, 9, 98): 1 
(1, 9, 132): 8 
(1, 10, 70): 1 
(1, 12, 71): 1 
(1, 12, 79): 6 
(1, 12, 104): 9 
(2, 0, 343): 33 
(2, 1, 27): 1 
(2, 6, 51): 6 
(2, 6, 292): 5 
(2, 6, 293): 4 
(2, 11, 51): 1 
(2, 14, 264): 5 
(2, 14, 289): 1 
(2, 14, 292): 1 
(3, 1, 42): 4 
(3, 1, 84): 2 
(3, 1, 87): 1 
(3, 4, 120): 5 
(3, 4, 127): 2 
(3, 5, 138): 2 
(3, 10, 76): 1 
(3, 10, 85): 2 
(3, 10, 86): 9 
(3, 10, 88): 2 
(3, 11, 130): 1 
(3, 12, 140): 1 
(3, 12, 142): 1 
(3, 13, 130): 2 
(3, 13, 142): 1 
(3, 13, 144): 1 
(4, 2, 262): 5 
(4, 6, 236): 2 
(4, 6, 249): 2 
(4, 6, 251): 4 
(4, 8, 242): 2 
(4, 8, 256): 4 
(4, 8, 262): 2 
(4, 8, 265): 1 
(4, 12, 185): 2 
(4, 12, 239): 4 
(4, 13, 152): 2 
(4, 14, 252): 1 
(5, 1, 9): 3 
(5, 1, 31): 2 
(5, 1, 47): 2 
(5, 3, 49): 1 
(5, 3, 55): 1 
(5, 4, 129): 1 
(5, 7, 125): 3 
(5, 8, 164): 1 
(5, 9, 161): 3 
(5, 9, 167): 1 
(5, 11, 9): 1 
(5, 11, 52): 1 
(5, 11, 125): 1 
(5, 12, 114): 1 
(5, 12, 124): 3 
(5, 12, 130): 4 
(5, 12, 133): 3 
(5, 12, 158): 2 
(5, 13, 47): 2 
(6, 0, 346): 24 
(6, 1, 119): 2 
(6, 2, 16): 1 
(6, 2, 271): 9 
(6, 2, 275): 3 
(6, 2, 278): 2 
(6, 2, 281): 1 
(6, 2, 309): 4 
(6, 2, 324): 1 
(6, 5, 74): 1 
(6, 7, 116): 1 
(6, 8, 116): 1 
(6, 11, 24): 1 
(6, 11, 34): 2 
(6, 11, 63): 5 
(6, 11, 148): 9 
(6, 12, 150): 1 
(6, 14, 252): 1 
(6, 14, 272): 1 
(6, 14, 273): 1 
(6, 14, 327): 5 
(7, 3, 58): 1 
(7, 4, 216): 4 
(7, 4, 222): 1 
(7, 4, 226): 1 
(7, 6, 225): 2 
(7, 8, 60): 3 
(7, 8, 200): 2 
(7, 8, 221): 5 
(7, 12, 196): 1 
(7, 13, 21): 9 
(7, 13, 62): 2 
(7, 13, 67): 2 
(7, 13, 106): 2 
(7, 13, 112): 5 
(7, 13, 113): 1 
(7, 13, 140): 2 
(7, 13, 141): 3 
(7, 13, 144): 6 
(7, 13, 180): 6 
(7, 14, 227): 3 
(8, 0, 311): 3 
(8, 2, 294): 5 
(8, 2, 303): 1 
(8, 2, 311): 2 
(8, 6, 241): 2 
(8, 6, 288): 5 
(8, 6, 307): 2 
(8, 7, 84): 2 
(8, 11, 89): 1 
(8, 11, 130): 5 
(8, 14, 236): 1 
(8, 14, 288): 4 
(8, 14, 294): 1 
(8, 14, 306): 1 
(8, 14, 311): 4 
(9, 1, 34): 1 
(9, 1, 43): 1 
(9, 1, 116): 1 
(9, 2, 39): 7 
(9, 2, 249): 7 
(9, 2, 265): 4 
(9, 2, 279): 5 
(9, 6, 226): 2 
(9, 6, 254): 1 
(9, 6, 256): 3 
(9, 12, 141): 1 
(9, 12, 154): 1 
(9, 12, 187): 2 
(9, 14, 162): 1 
(10, 1, 18): 2 
(10, 3, 13): 1 
(10, 3, 29): 1 
(10, 3, 31): 6 
(10, 3, 33): 4 
(10, 3, 50): 1 
(10, 3, 56): 1 
(10, 3, 66): 5 
(10, 3, 94): 2 
(10, 3, 112): 2 
(10, 3, 114): 4 
(10, 4, 123): 2 
(10, 5, 112): 2 
(10, 12, 109): 2 
(10, 13, 104): 2 
(10, 13, 108): 10 
(11, 5, 112): 3 
(11, 6, 105): 1 
(11, 6, 139): 5 
(11, 8, 121): 4 
(11, 8, 163): 9 
(11, 13, 95): 1 
(11, 14, 166): 8 
(12, 1, 91): 6 
(12, 4, 214): 1 
(12, 5, 91): 1 
(12, 5, 144): 4 
(12, 6, 139): 5 
(12, 6, 229): 2 
(12, 6, 253): 1 
(12, 6, 255): 5 
(12, 6, 256): 6 
(12, 6, 257): 4 
(12, 9, 171): 7 
(12, 9, 199): 2 
(12, 9, 213): 1 
(12, 14, 175): 1 
(13, 4, 123): 1 
(13, 4, 137): 4 
(13, 4, 160): 1 
(13, 4, 172): 3 
(13, 4, 190): 4 
(13, 4, 200): 1 
(13, 5, 73): 3 
(13, 7, 32): 5 
(13, 7, 38): 1 
(13, 7, 45): 2 
(13, 7, 94): 8 
(13, 7, 128): 15 
(13, 7, 151): 3 
(13, 7, 164): 4 
(13, 7, 172): 4 
(13, 7, 192): 4 
(13, 12, 196): 1 
(14, 0, 371): 30 
(14, 8, 194): 1 
(14, 8, 195): 4 
(14, 9, 202): 5 
TRANSFERS OF GLOBAL RESOURCE G2
(0, 1, 0): 11 
(0, 1, 1): 8 
(0, 3, 0): 9 
(0, 5, 0): 16 
(0, 6, 0): 8 
(0, 10, 2): 13 
(0, 11, 0): 6 
(0, 11, 1): 7 
(0, 13, 0): 8 
(1, 2, 15): 5 
(1, 2, 40): 1 
(1, 5, 69): 2 
(1, 5, 79): 1 
(1, 5, 85): 3 
(1, 5, 100): 1 
(1, 5, 122): 2 
(1, 6, 137): 2 
(1, 9, 124): 2 
(1, 10, 9): 1 
(1, 10, 89): 1 
(1, 11, 85): 1 
(1, 11, 135): 1 
(1, 13, 13): 1 
(1, 13, 98): 1 
(1, 13, 103): 4 
(2, 0, 343): 32 
(2, 1, 22): 4 
(2, 1, 53): 1 
(2, 5, 30): 1 
(3, 4, 122): 1 
(3, 4, 129): 4 
(3, 5, 126): 1 
(3, 7, 7): 2 
(3, 11, 36): 4 
(3, 11, 59): 5 
(3, 11, 67): 3 
(3, 11, 86): 2 
(3, 11, 92): 2 
(3, 11, 116): 4 
(3, 11, 117): 3 
(3, 11, 119): 1 
(3, 11, 122): 1 
(3, 12, 69): 4 
(3, 12, 130): 4 
(4, 6, 242): 1 
(4, 6, 263): 1 
(4, 8, 261): 2 
(4, 8, 263): 1 
(4, 8, 267): 2 
(4, 11, 140): 1 
(4, 11, 146): 1 
(4, 14, 179): 2 
(4, 14, 242): 9 
(4, 14, 266): 1 
(4, 14, 268): 8 
(5, 3, 10): 3 
(5, 3, 28): 2 
(5, 3, 47): 1 
(5, 4, 157): 1 
(5, 4, 161): 1 
(5, 4, 167): 6 
(5, 9, 19): 1 
(5, 9, 153): 1 
(5, 9, 165): 1 
(5, 9, 189): 1 
(5, 10, 7): 1 
(5, 10, 25): 1 
(5, 11, 31): 1 
(5, 13, 17): 1 
(5, 13, 58): 1 
(5, 13, 60): 1 
(5, 13, 113): 2 
(5, 13, 151): 1 
(5, 14, 165): 5 
(6, 0, 346): 30 
(6, 2, 245): 3 
(6, 2, 284): 3 
(6, 2, 287): 2 
(6, 2, 289): 2 
(6, 2, 292): 2 
(6, 8, 115): 1 
(6, 10, 16): 2 
(6, 10, 17): 1 
(6, 10, 20): 5 
(6, 10, 31): 2 
(6, 10, 32): 1 
(6, 10, 72): 9 
(6, 12, 115): 8 
(6, 12, 127): 1 
(6, 12, 149): 2 
(6, 12, 239): 3 
(6, 14, 338): 1 
(7, 4, 204): 3 
(7, 6, 45): 1 
(7, 6, 225): 9 
(7, 8, 174): 1 
(7, 8, 179): 5 
(7, 8, 181): 3 
(7, 8, 215): 2 
(7, 11, 64): 1 
(7, 12, 108): 4 
(7, 12, 124): 9 
(7, 12, 161): 3 
(7, 12, 168): 7 
(7, 12, 172): 2 
(7, 12, 174): 2 
(7, 12, 175): 1 
(7, 12, 194): 2 
(7, 12, 222): 3 
(7, 12, 225): 2 
(7, 12, 230): 2 
(8, 2, 306): 1 
(8, 2, 308): 1 
(8, 6, 225): 1 
(8, 6, 249): 3 
(8, 6, 293): 1 
(8, 6, 298): 2 
(8, 6, 301): 1 
(8, 6, 303): 4 
(8, 6, 306): 4 
(8, 6, 308): 1 
(8, 7, 132): 1 
(8, 7, 196): 4 
(8, 11, 85): 4 
(8, 12, 186): 3 
(8, 14, 301): 1 
(8, 14, 305): 1 
(8, 14, 327): 1 
(8, 14, 328): 1 
(9, 2, 255): 7 
(9, 2, 259): 6 
(9, 2, 263): 1 
(9, 2, 266): 1 
(9, 2, 269): 2 
(9, 2, 275): 1 
(9, 4, 206): 1 
(9, 5, 36): 1 
(9, 5, 66): 1 
(9, 5, 140): 1 
(9, 6, 241): 1 
(9, 8, 227): 1 
(9, 13, 29): 5 
(9, 13, 67): 5 
(9, 13, 112): 9 
(9, 13, 146): 2 
(9, 13, 155): 4 
(9, 13, 180): 2 
(9, 14, 278): 1 
(10, 1, 56): 1 
(10, 1, 59): 1 
(10, 1, 113): 3 
(10, 5, 64): 1 
(10, 6, 11): 1 
(10, 6, 27): 2 
(10, 6, 61): 8 
(10, 6, 108): 10 
(10, 7, 99): 1 
(10, 7, 104): 1 
(10, 7, 113): 5 
(10, 8, 65): 2 
(10, 11, 89): 2 
(11, 3, 27): 3 
(11, 3, 40): 1 
(11, 3, 45): 4 
(11, 3, 46): 1 
(11, 3, 51): 6 
(11, 3, 77): 2 
(11, 3, 101): 1 
(11, 3, 108): 7 
(11, 3, 112): 1 
(11, 4, 161): 2 
(11, 7, 102): 1 
(11, 7, 107): 6 
(11, 7, 158): 1 
(11, 7, 162): 5 
(11, 8, 77): 2 
(11, 8, 161): 4 
(11, 10, 17): 1 
(11, 12, 129): 3 
(11, 12, 157): 2 
(12, 4, 202): 2 
(12, 4, 204): 1 
(12, 6, 251): 5 
(12, 6, 253): 3 
(12, 6, 255): 9 
(12, 7, 96): 2 
(12, 7, 120): 3 
(12, 7, 130): 2 
(12, 7, 132): 1 
(12, 7, 142): 8 
(12, 7, 146): 2 
(12, 7, 153): 2 
(12, 7, 185): 7 
(12, 7, 197): 3 
(12, 7, 219): 5 
(12, 8, 179): 2 
(12, 8, 181): 2 
(12, 8, 198): 1 
(12, 8, 199): 3 
(12, 8, 201): 1 
(12, 11, 86): 1 
(12, 11, 92): 1 
(12, 11, 144): 1 
(13, 5, 74): 1 
(13, 9, 17): 5 
(13, 9, 56): 6 
(13, 9, 100): 9 
(13, 9, 134): 6 
(13, 9, 170): 1 
(13, 9, 176): 10 
(13, 9, 187): 7 
(13, 9, 194): 2 
(14, 0, 371): 24 
(14, 4, 186): 2 
(14, 4, 193): 2 
(14, 4, 208): 3 
}
