INSTANCE: "A_20_60_40" 
RELEASES: [0, 0, 0, 0, 0, 0, 0, 0, 0, 0, 0, 0, 0, 0, 0, 0, 0, 0, 0, 0]
DUEDATES: [111, 138, 86, 81, 70, 74, 118, 117, 103, 90, 149, 70, 117, 124, 107, 116, 134, 101, 137, 108]
COMPLETION TIMES: [147, 168, 113, 174, 79, 112, 253, 245, 152, 221, 174, 90, 140, 277, 232, 120, 169, 128, 225, 218]
MAKESPANS: [147, 168, 113, 174, 79, 112, 253, 245, 152, 221, 174, 90, 140, 277, 232, 120, 169, 128, 225, 218]
DELAYS: [36, 30, 27, 93, 9, 38, 135, 128, 49, 131, 25, 20, 23, 153, 125, 4, 35, 27, 88, 110]
COST: 2361.5

Solution = { 
START TIMES OF ACTIVITIES OF PROJECT 1:
[0, 20, 20, 20, 25, 25, 28, 36, 33, 58, 31, 37, 43, 46, 25, 49, 71, 98, 53, 52, 41, 46, 57, 62, 95, 72, 93, 81, 55, 71, 82, 62, 80, 86, 75, 86, 102, 76, 88, 115, 108, 81, 117, 115, 109, 89, 113, 131, 97, 88, 103, 117, 127, 131, 123, 137, 92, 137, 139, 139, 131, 147]
START TIMES OF ACTIVITIES OF PROJECT 2:
[0, 20, 20, 20, 28, 38, 47, 53, 54, 32, 58, 47, 61, 31, 108, 57, 34, 110, 62, 82, 31, 82, 74, 95, 32, 124, 114, 94, 127, 65, 96, 144, 91, 90, 120, 112, 66, 62, 98, 125, 109, 117, 115, 140, 100, 135, 96, 124, 110, 159, 131, 141, 149, 135, 157, 160, 140, 151, 158, 162, 160, 168]
START TIMES OF ACTIVITIES OF PROJECT 3:
[0, 15, 25, 25, 29, 33, 36, 37, 36, 94, 26, 43, 51, 35, 38, 43, 38, 40, 57, 25, 57, 31, 66, 41, 53, 60, 95, 50, 73, 40, 33, 68, 60, 55, 43, 76, 68, 83, 59, 74, 66, 85, 78, 60, 67, 93, 85, 71, 70, 84, 95, 94, 93, 96, 43, 96, 100, 103, 110, 105, 103, 113]
START TIMES OF ACTIVITIES OF PROJECT 4:
[0, 89, 25, 88, 98, 101, 97, 88, 97, 102, 122, 131, 102, 113, 106, 95, 107, 131, 94, 137, 110, 120, 127, 110, 103, 137, 113, 133, 117, 114, 141, 125, 133, 143, 125, 145, 111, 137, 139, 120, 151, 105, 134, 145, 142, 148, 152, 157, 152, 156, 138, 121, 157, 165, 160, 151, 153, 169, 168, 156, 170, 174]
START TIMES OF ACTIVITIES OF PROJECT 5:
[0, 11, 11, 11, 21, 21, 22, 12, 21, 18, 22, 22, 25, 24, 24, 30, 39, 24, 12, 20, 46, 34, 29, 36, 22, 33, 43, 53, 63, 39, 30, 34, 49, 49, 36, 57, 60, 44, 44, 55, 43, 39, 48, 26, 49, 33, 29, 64, 45, 62, 31, 67, 58, 64, 64, 72, 71, 72, 73, 73, 70, 79]
START TIMES OF ACTIVITIES OF PROJECT 6:
[0, 21, 21, 21, 25, 53, 25, 33, 42, 23, 48, 27, 56, 58, 52, 44, 34, 62, 46, 76, 23, 64, 62, 86, 56, 32, 66, 70, 60, 69, 69, 67, 49, 72, 74, 76, 76, 79, 49, 84, 87, 86, 80, 79, 94, 93, 91, 92, 95, 94, 85, 101, 101, 87, 95, 91, 96, 100, 102, 107, 102, 112]
START TIMES OF ACTIVITIES OF PROJECT 7:
[0, 109, 0, 109, 123, 124, 119, 170, 178, 128, 172, 142, 174, 219, 114, 181, 141, 142, 163, 151, 167, 181, 132, 161, 197, 167, 175, 179, 188, 183, 204, 183, 193, 188, 199, 185, 194, 197, 167, 204, 188, 233, 234, 210, 203, 208, 206, 215, 210, 224, 239, 231, 209, 232, 224, 244, 239, 238, 248, 232, 229, 253]
START TIMES OF ACTIVITIES OF PROJECT 8:
[0, 109, 111, 120, 128, 131, 138, 133, 151, 143, 135, 135, 138, 143, 168, 166, 133, 156, 154, 167, 150, 178, 154, 153, 170, 166, 202, 176, 190, 175, 232, 178, 158, 180, 200, 178, 190, 185, 167, 198, 196, 139, 202, 217, 188, 224, 210, 208, 220, 227, 191, 221, 232, 178, 213, 216, 228, 221, 236, 228, 241, 245]
START TIMES OF ACTIVITIES OF PROJECT 9:
[0, 20, 20, 20, 21, 36, 75, 22, 45, 90, 29, 49, 22, 28, 51, 87, 96, 78, 57, 57, 22, 106, 30, 98, 113, 75, 130, 106, 58, 125, 138, 119, 128, 45, 106, 36, 77, 88, 66, 130, 90, 128, 120, 108, 138, 113, 98, 101, 116, 126, 112, 123, 127, 143, 127, 138, 144, 121, 147, 138, 145, 152]
START TIMES OF ACTIVITIES OF PROJECT 10:
[0, 134, 94, 143, 147, 162, 155, 143, 168, 158, 146, 169, 181, 146, 204, 162, 150, 166, 162, 153, 175, 166, 178, 173, 158, 155, 173, 166, 180, 189, 178, 183, 184, 160, 173, 203, 188, 166, 195, 187, 162, 195, 193, 189, 155, 168, 193, 193, 201, 201, 179, 204, 208, 209, 101, 214, 203, 209, 217, 215, 215, 221]
START TIMES OF ACTIVITIES OF PROJECT 11:
[0, 20, 20, 20, 80, 29, 27, 38, 59, 29, 41, 91, 59, 45, 38, 79, 51, 66, 74, 95, 54, 67, 97, 75, 76, 22, 66, 85, 123, 131, 104, 86, 123, 113, 133, 138, 114, 107, 97, 107, 150, 113, 114, 131, 113, 147, 138, 137, 141, 129, 159, 146, 151, 140, 163, 146, 158, 151, 163, 167, 156, 174]
START TIMES OF ACTIVITIES OF PROJECT 12:
[0, 16, 16, 16, 22, 22, 22, 19, 29, 34, 27, 42, 21, 28, 29, 21, 29, 25, 36, 38, 42, 29, 40, 48, 51, 36, 49, 40, 21, 46, 53, 40, 56, 69, 53, 29, 47, 38, 46, 57, 56, 73, 61, 66, 52, 44, 70, 66, 77, 73, 64, 74, 54, 66, 78, 69, 57, 77, 78, 87, 69, 90]
START TIMES OF ACTIVITIES OF PROJECT 13:
[0, 20, 20, 20, 29, 26, 31, 27, 42, 112, 38, 52, 24, 53, 43, 35, 31, 45, 53, 76, 52, 27, 62, 56, 38, 58, 121, 105, 69, 52, 104, 86, 42, 37, 51, 58, 52, 60, 129, 57, 80, 98, 120, 68, 84, 87, 72, 123, 94, 87, 98, 112, 121, 129, 130, 88, 72, 128, 130, 137, 104, 140]
START TIMES OF ACTIVITIES OF PROJECT 14:
[0, 159, 150, 151, 164, 179, 170, 164, 169, 177, 152, 206, 161, 199, 167, 179, 153, 199, 229, 206, 239, 184, 177, 161, 188, 189, 181, 246, 245, 197, 229, 231, 236, 214, 217, 243, 221, 221, 206, 212, 257, 188, 236, 232, 178, 201, 212, 221, 252, 238, 243, 261, 219, 251, 249, 248, 258, 264, 268, 273, 273, 277]
START TIMES OF ACTIVITIES OF PROJECT 15:
[0, 129, 100, 114, 101, 122, 132, 148, 166, 138, 170, 131, 172, 133, 126, 137, 150, 151, 155, 176, 133, 131, 159, 141, 170, 186, 172, 140, 146, 153, 173, 181, 180, 189, 158, 136, 139, 151, 208, 172, 180, 196, 156, 182, 203, 203, 213, 191, 160, 210, 166, 190, 196, 190, 196, 210, 203, 214, 224, 222, 213, 232]
START TIMES OF ACTIVITIES OF PROJECT 16:
[0, 11, 11, 11, 15, 15, 24, 17, 16, 26, 34, 26, 26, 29, 43, 34, 43, 16, 28, 46, 61, 15, 50, 40, 36, 51, 51, 63, 45, 74, 58, 78, 29, 70, 58, 34, 74, 79, 54, 67, 76, 77, 90, 86, 60, 83, 91, 90, 77, 90, 91, 96, 80, 96, 100, 92, 105, 104, 105, 109, 111, 120]
START TIMES OF ACTIVITIES OF PROJECT 17:
[0, 22, 22, 22, 25, 31, 28, 25, 49, 43, 117, 33, 73, 50, 29, 52, 40, 49, 82, 48, 44, 77, 59, 60, 71, 109, 33, 41, 63, 67, 75, 113, 60, 73, 143, 89, 81, 99, 145, 89, 107, 104, 99, 113, 90, 136, 131, 147, 123, 130, 123, 138, 142, 153, 149, 141, 150, 158, 165, 163, 150, 169]
START TIMES OF ACTIVITIES OF PROJECT 18:
[0, 0, 28, 8, 23, 28, 29, 33, 29, 23, 39, 42, 8, 73, 23, 40, 67, 28, 87, 76, 53, 43, 47, 73, 47, 63, 101, 16, 47, 97, 53, 72, 82, 41, 47, 40, 36, 32, 93, 55, 98, 29, 58, 80, 84, 16, 85, 32, 98, 103, 92, 67, 57, 53, 84, 109, 112, 108, 115, 112, 121, 128]
START TIMES OF ACTIVITIES OF PROJECT 19:
[0, 66, 24, 97, 34, 107, 58, 73, 91, 34, 82, 84, 98, 97, 76, 111, 46, 51, 76, 103, 39, 84, 51, 114, 82, 126, 143, 88, 116, 162, 106, 152, 117, 115, 119, 168, 106, 176, 177, 135, 153, 135, 119, 171, 132, 128, 162, 168, 179, 181, 195, 179, 179, 205, 185, 195, 210, 197, 185, 216, 204, 225]
START TIMES OF ACTIVITIES OF PROJECT 20:
[0, 107, 96, 99, 115, 129, 102, 112, 137, 127, 148, 179, 105, 142, 131, 105, 156, 127, 137, 145, 134, 120, 163, 184, 158, 155, 192, 154, 142, 165, 164, 183, 190, 139, 148, 185, 160, 159, 174, 187, 140, 174, 194, 194, 189, 193, 174, 137, 150, 171, 160, 198, 165, 185, 171, 191, 193, 201, 207, 214, 205, 218]
TRANSFERS OF GLOBAL RESOURCE G1
(0, 1, 0): 17 
(0, 1, 5): 1 
(0, 2, 0): 6 
(0, 3, 0): 4 
(0, 4, 0): 2 
(0, 5, 0): 17 
(0, 5, 1): 11 
(0, 5, 11): 2 
(0, 6, 0): 26 
(0, 9, 0): 14 
(0, 9, 1): 6 
(0, 9, 2): 13 
(0, 11, 5): 16 
(0, 12, 0): 9 
(0, 12, 5): 12 
(0, 12, 6): 18 
(0, 13, 0): 17 
(0, 13, 4): 1 
(0, 16, 0): 12 
(0, 16, 4): 1 
(0, 16, 13): 2 
(0, 17, 0): 23 
(0, 18, 0): 17 
(0, 19, 0): 1 
(1, 2, 26): 6 
(1, 2, 28): 1 
(1, 2, 94): 10 
(1, 2, 154): 8 
(1, 4, 96): 2 
(1, 4, 99): 3 
(1, 4, 126): 1 
(1, 4, 150): 2 
(1, 5, 33): 1 
(1, 5, 52): 2 
(1, 5, 56): 1 
(1, 14, 134): 1 
(1, 14, 136): 1 
(1, 14, 142): 1 
(1, 14, 144): 2 
(2, 0, 168): 8 
(2, 1, 43): 4 
(2, 1, 65): 3 
(2, 1, 66): 2 
(2, 1, 102): 2 
(2, 1, 111): 1 
(2, 4, 122): 6 
(2, 5, 41): 1 
(2, 7, 162): 3 
(2, 7, 166): 6 
(2, 7, 168): 6 
(2, 14, 131): 1 
(3, 2, 47): 3 
(3, 8, 103): 8 
(3, 8, 127): 1 
(3, 8, 129): 5 
(3, 9, 82): 1 
(3, 12, 25): 1 
(3, 12, 57): 3 
(3, 12, 62): 1 
(3, 13, 121): 1 
(3, 18, 46): 1 
(3, 18, 48): 5 
(3, 18, 50): 9 
(3, 20, 103): 2 
(4, 0, 174): 32 
(4, 1, 39): 2 
(4, 1, 110): 1 
(4, 14, 139): 3 
(4, 14, 141): 3 
(4, 14, 142): 4 
(4, 14, 168): 1 
(4, 14, 210): 2 
(5, 1, 70): 6 
(5, 1, 75): 1 
(5, 1, 81): 2 
(5, 2, 76): 2 
(5, 2, 84): 1 
(5, 4, 73): 14 
(5, 4, 74): 1 
(5, 4, 79): 10 
(6, 2, 26): 3 
(6, 2, 98): 1 
(6, 4, 111): 1 
(6, 4, 114): 6 
(6, 7, 97): 2 
(6, 7, 107): 1 
(6, 7, 111): 2 
(6, 7, 112): 7 
(6, 14, 117): 1 
(6, 17, 113): 1 
(6, 17, 120): 1 
(7, 0, 253): 28 
(7, 17, 128): 5 
(8, 0, 245): 23 
(8, 7, 154): 2 
(9, 0, 152): 1 
(9, 2, 46): 1 
(9, 3, 27): 8 
(9, 3, 28): 14 
(9, 5, 28): 2 
(9, 7, 150): 2 
(9, 8, 148): 1 
(9, 8, 173): 7 
(9, 8, 175): 2 
(9, 14, 136): 6 
(9, 14, 142): 3 
(10, 0, 221): 32 
(10, 15, 105): 5 
(10, 15, 171): 1 
(10, 15, 172): 3 
(10, 15, 173): 1 
(10, 20, 179): 2 
(11, 0, 174): 8 
(11, 10, 92): 4 
(11, 10, 137): 3 
(11, 10, 141): 1 
(11, 15, 161): 4 
(11, 16, 27): 2 
(11, 16, 38): 4 
(11, 19, 85): 4 
(11, 20, 181): 1 
(11, 20, 182): 7 
(12, 3, 37): 5 
(12, 3, 72): 2 
(12, 3, 89): 4 
(12, 3, 96): 4 
(12, 9, 77): 1 
(12, 9, 86): 4 
(12, 9, 98): 4 
(12, 13, 47): 5 
(12, 16, 34): 1 
(12, 18, 35): 2 
(12, 18, 76): 15 
(12, 20, 76): 1 
(12, 20, 79): 1 
(13, 7, 147): 2 
(13, 9, 95): 2 
(13, 10, 139): 6 
(13, 10, 142): 3 
(13, 11, 135): 2 
(13, 11, 136): 1 
(13, 15, 135): 2 
(13, 15, 138): 1 
(13, 20, 105): 1 
(13, 20, 135): 2 
(13, 20, 136): 2 
(14, 0, 277): 29 
(15, 0, 232): 32 
(15, 10, 157): 1 
(16, 10, 87): 1 
(16, 10, 120): 6 
(16, 11, 67): 4 
(16, 11, 107): 4 
(16, 11, 124): 2 
(16, 15, 79): 4 
(16, 19, 79): 3 
(16, 20, 81): 2 
(16, 20, 84): 3 
(16, 20, 87): 3 
(16, 20, 114): 1 
(16, 20, 119): 2 
(16, 20, 122): 4 
(17, 0, 169): 9 
(17, 19, 25): 2 
(17, 19, 44): 2 
(17, 19, 52): 4 
(17, 19, 83): 1 
(17, 19, 118): 2 
(17, 19, 154): 2 
(17, 19, 157): 9 
(18, 2, 85): 1 
(18, 8, 125): 1 
(18, 9, 94): 2 
(18, 10, 125): 1 
(18, 10, 128): 1 
(18, 10, 130): 1 
(18, 11, 59): 2 
(18, 11, 62): 1 
(18, 11, 63): 1 
(18, 11, 90): 4 
(18, 11, 96): 1 
(18, 12, 13): 4 
(18, 12, 21): 1 
(18, 15, 115): 2 
(18, 16, 65): 1 
(18, 16, 66): 12 
(18, 16, 94): 4 
(18, 17, 124): 1 
(18, 19, 123): 1 
(18, 20, 112): 4 
(18, 20, 115): 2 
(18, 20, 133): 1 
(19, 0, 225): 20 
(19, 10, 153): 1 
(19, 15, 117): 3 
(19, 15, 120): 7 
(20, 0, 218): 26 
(20, 10, 144): 4 
(20, 10, 147): 4 
(20, 10, 163): 2 
(20, 10, 187): 5 
TRANSFERS OF GLOBAL RESOURCE G2
(0, 1, 0): 20 
(0, 2, 13): 18 
(0, 3, 0): 13 
(0, 4, 5): 1 
(0, 5, 0): 13 
(0, 5, 1): 5 
(0, 5, 10): 22 
(0, 5, 13): 1 
(0, 6, 11): 14 
(0, 9, 3): 10 
(0, 11, 0): 26 
(0, 12, 2): 12 
(0, 12, 7): 5 
(0, 12, 8): 10 
(0, 12, 15): 1 
(0, 13, 11): 18 
(0, 16, 1): 11 
(0, 16, 6): 2 
(0, 16, 7): 1 
(0, 17, 15): 18 
(0, 18, 0): 18 
(0, 19, 5): 5 
(1, 3, 24): 3 
(1, 3, 26): 7 
(1, 3, 52): 5 
(1, 3, 90): 2 
(1, 3, 91): 1 
(1, 7, 139): 1 
(1, 7, 143): 2 
(1, 9, 94): 2 
(1, 9, 101): 1 
(1, 9, 104): 4 
(1, 10, 139): 2 
(1, 10, 142): 5 
(1, 10, 153): 3 
(1, 14, 139): 3 
(2, 0, 168): 17 
(2, 6, 34): 4 
(2, 7, 144): 2 
(2, 9, 62): 3 
(2, 10, 144): 2 
(2, 12, 35): 1 
(2, 17, 34): 1 
(2, 17, 37): 1 
(2, 17, 41): 5 
(2, 17, 42): 1 
(2, 17, 64): 1 
(2, 17, 66): 2 
(2, 17, 100): 3 
(2, 17, 142): 1 
(3, 1, 38): 1 
(3, 1, 41): 7 
(3, 1, 44): 3 
(3, 1, 76): 4 
(3, 1, 81): 2 
(3, 1, 112): 3 
(3, 10, 79): 5 
(3, 10, 119): 6 
(4, 0, 174): 22 
(4, 8, 149): 5 
(4, 8, 161): 3 
(4, 8, 204): 4 
(4, 12, 38): 1 
(5, 4, 78): 11 
(5, 4, 79): 5 
(5, 4, 84): 2 
(5, 13, 25): 1 
(5, 13, 28): 4 
(5, 13, 78): 2 
(5, 16, 25): 2 
(5, 16, 26): 4 
(5, 16, 31): 7 
(5, 16, 73): 5 
(5, 16, 74): 8 
(6, 9, 112): 6 
(6, 10, 112): 4 
(6, 13, 93): 1 
(6, 17, 106): 7 
(6, 19, 112): 4 
(6, 20, 89): 5 
(6, 20, 92): 5 
(6, 20, 100): 1 
(6, 20, 124): 1 
(6, 20, 127): 3 
(7, 0, 253): 29 
(7, 10, 181): 1 
(8, 0, 245): 29 
(9, 6, 57): 1 
(9, 7, 126): 1 
(9, 7, 127): 2 
(9, 7, 148): 2 
(9, 10, 139): 2 
(9, 10, 142): 3 
(9, 14, 142): 1 
(9, 14, 143): 4 
(9, 14, 144): 6 
(9, 14, 145): 4 
(9, 17, 139): 1 
(10, 0, 221): 25 
(10, 7, 101): 4 
(10, 7, 159): 5 
(10, 9, 102): 1 
(10, 14, 161): 2 
(10, 14, 174): 5 
(10, 14, 214): 5 
(10, 14, 218): 1 
(11, 0, 174): 20 
(11, 13, 26): 8 
(11, 19, 32): 7 
(11, 19, 49): 3 
(11, 19, 80): 4 
(11, 19, 82): 7 
(11, 19, 114): 2 
(11, 19, 133): 1 
(11, 19, 160): 8 
(11, 19, 166): 2 
(11, 19, 169): 1 
(12, 2, 70): 5 
(12, 2, 82): 3 
(12, 2, 84): 3 
(12, 4, 79): 2 
(12, 8, 90): 4 
(12, 8, 92): 1 
(12, 13, 79): 1 
(12, 15, 87): 7 
(12, 16, 71): 1 
(12, 18, 69): 2 
(12, 18, 74): 5 
(13, 5, 53): 2 
(13, 6, 42): 1 
(13, 6, 45): 7 
(13, 6, 53): 1 
(13, 6, 69): 1 
(13, 6, 76): 1 
(13, 7, 140): 1 
(13, 11, 62): 3 
(13, 11, 74): 1 
(13, 11, 139): 1 
(13, 11, 151): 3 
(13, 17, 136): 1 
(13, 17, 137): 5 
(13, 19, 73): 1 
(13, 19, 151): 5 
(13, 20, 125): 4 
(13, 20, 136): 3 
(14, 0, 277): 23 
(14, 10, 170): 8 
(14, 10, 181): 1 
(14, 10, 186): 2 
(15, 0, 232): 26 
(15, 8, 102): 1 
(15, 8, 110): 1 
(16, 2, 40): 1 
(16, 2, 104): 2 
(16, 2, 107): 3 
(16, 4, 83): 5 
(16, 4, 86): 4 
(16, 4, 99): 2 
(16, 4, 120): 1 
(16, 4, 122): 2 
(16, 5, 41): 4 
(16, 5, 60): 1 
(16, 5, 69): 3 
(16, 8, 92): 1 
(16, 8, 119): 6 
(16, 11, 122): 1 
(16, 12, 40): 3 
(16, 13, 109): 2 
(17, 0, 169): 9 
(17, 1, 122): 1 
(17, 2, 25): 2 
(17, 2, 50): 2 
(17, 2, 51): 1 
(17, 2, 54): 1 
(17, 2, 75): 1 
(17, 2, 118): 2 
(17, 6, 27): 1 
(17, 6, 55): 4 
(17, 6, 57): 1 
(17, 6, 80): 1 
(17, 7, 153): 2 
(17, 7, 168): 2 
(17, 10, 168): 4 
(17, 14, 161): 3 
(17, 20, 124): 7 
(17, 20, 126): 1 
(17, 20, 135): 2 
(18, 8, 128): 3 
(18, 12, 53): 1 
(18, 15, 120): 7 
(18, 15, 122): 1 
(18, 15, 123): 7 
(18, 15, 124): 1 
(18, 15, 127): 2 
(18, 15, 128): 3 
(19, 0, 225): 19 
(19, 11, 57): 1 
(19, 11, 64): 7 
(19, 11, 93): 4 
(19, 11, 111): 7 
(19, 11, 121): 1 
(19, 11, 127): 1 
(19, 11, 144): 6 
(19, 13, 94): 4 
(20, 0, 218): 25 
(20, 7, 153): 6 
(20, 11, 108): 1 
}
