INSTANCE: "A_10_60_15" 
RELEASES: [0, 0, 0, 0, 0, 0, 0, 0, 0, 0]
DUEDATES: [125, 128, 95, 120, 141, 114, 116, 122, 111, 127]
COMPLETION TIMES: [387, 210, 107, 209, 213, 327, 152, 459, 453, 335]
MAKESPANS: [387, 210, 107, 209, 213, 327, 152, 459, 453, 335]
DELAYS: [262, 82, 12, 89, 72, 213, 36, 337, 342, 208]
COST: 2252.5

Solution = { 
START TIMES OF ACTIVITIES OF PROJECT 1:
[0, 244, 243, 249, 247, 244, 255, 259, 260, 288, 272, 247, 262, 303, 301, 334, 276, 252, 286, 300, 304, 325, 321, 255, 292, 288, 296, 316, 307, 297, 269, 315, 272, 349, 314, 270, 355, 334, 348, 353, 310, 353, 325, 362, 278, 329, 365, 315, 342, 373, 338, 355, 373, 370, 367, 370, 351, 365, 375, 380, 377, 387]
START TIMES OF ACTIVITIES OF PROJECT 2:
[0, 52, 70, 45, 60, 99, 88, 79, 93, 140, 114, 70, 122, 116, 108, 101, 66, 99, 99, 147, 108, 128, 166, 130, 109, 109, 65, 137, 123, 174, 134, 186, 140, 147, 106, 177, 154, 177, 114, 118, 135, 114, 147, 162, 103, 117, 197, 177, 154, 192, 163, 166, 196, 169, 196, 186, 200, 171, 200, 196, 201, 210]
START TIMES OF ACTIVITIES OF PROJECT 3:
[0, 8, 18, 18, 25, 26, 25, 34, 24, 46, 18, 38, 38, 35, 52, 33, 35, 37, 43, 41, 27, 19, 46, 49, 18, 41, 59, 48, 52, 62, 58, 35, 43, 46, 68, 73, 69, 78, 38, 52, 57, 60, 83, 59, 52, 55, 55, 78, 78, 73, 68, 69, 83, 71, 85, 89, 85, 90, 93, 74, 97, 107]
START TIMES OF ACTIVITIES OF PROJECT 4:
[0, 22, 20, 89, 77, 32, 42, 123, 97, 121, 157, 41, 28, 87, 32, 145, 107, 95, 37, 112, 122, 50, 95, 132, 162, 57, 150, 84, 132, 112, 152, 50, 141, 152, 137, 146, 184, 50, 178, 162, 168, 170, 127, 160, 162, 186, 191, 153, 149, 171, 150, 203, 178, 178, 190, 173, 191, 196, 196, 173, 207, 209]
START TIMES OF ACTIVITIES OF PROJECT 5:
[0, 21, 27, 21, 62, 65, 90, 96, 51, 81, 75, 148, 78, 35, 128, 74, 47, 132, 124, 115, 74, 110, 54, 123, 38, 174, 163, 119, 155, 125, 139, 185, 77, 124, 146, 146, 128, 105, 146, 175, 156, 159, 130, 179, 137, 189, 141, 153, 169, 171, 169, 158, 194, 173, 187, 172, 185, 196, 203, 192, 202, 213]
START TIMES OF ACTIVITIES OF PROJECT 6:
[0, 206, 219, 224, 214, 226, 242, 229, 210, 245, 217, 222, 242, 217, 224, 270, 240, 245, 236, 226, 234, 258, 249, 250, 245, 229, 266, 273, 259, 259, 266, 232, 274, 298, 253, 270, 282, 255, 272, 278, 280, 269, 297, 293, 289, 287, 293, 307, 293, 278, 294, 313, 299, 311, 303, 317, 264, 296, 319, 319, 322, 327]
START TIMES OF ACTIVITIES OF PROJECT 7:
[0, 22, 22, 40, 55, 58, 29, 31, 31, 63, 58, 32, 47, 40, 42, 72, 42, 49, 81, 68, 126, 32, 89, 58, 52, 82, 103, 40, 73, 87, 63, 54, 70, 56, 98, 111, 73, 72, 105, 120, 135, 79, 96, 119, 128, 84, 87, 105, 93, 87, 92, 110, 108, 120, 128, 133, 132, 138, 146, 112, 138, 152]
START TIMES OF ACTIVITIES OF PROJECT 8:
[0, 332, 338, 346, 356, 397, 347, 357, 342, 349, 346, 365, 367, 333, 378, 349, 373, 377, 381, 398, 367, 357, 351, 374, 386, 373, 374, 400, 385, 407, 367, 406, 391, 394, 421, 407, 387, 389, 446, 378, 415, 415, 431, 425, 439, 406, 431, 443, 421, 422, 436, 422, 446, 425, 415, 451, 439, 444, 451, 453, 455, 459]
START TIMES OF ACTIVITIES OF PROJECT 9:
[0, 330, 338, 309, 370, 333, 312, 343, 380, 353, 338, 351, 368, 392, 362, 370, 383, 362, 391, 388, 356, 382, 397, 388, 418, 397, 425, 397, 407, 388, 417, 389, 409, 420, 418, 403, 376, 410, 415, 403, 412, 429, 431, 398, 411, 439, 436, 372, 412, 423, 443, 427, 410, 427, 445, 443, 439, 446, 450, 450, 448, 453]
START TIMES OF ACTIVITIES OF PROJECT 10:
[0, 202, 216, 207, 213, 218, 218, 228, 226, 243, 224, 238, 217, 274, 265, 245, 253, 248, 219, 260, 234, 291, 261, 229, 276, 231, 275, 328, 284, 277, 258, 269, 300, 246, 241, 266, 281, 302, 255, 261, 324, 287, 277, 298, 241, 282, 298, 290, 331, 302, 312, 317, 250, 310, 309, 303, 296, 317, 328, 334, 326, 335]
TRANSFERS OF GLOBAL RESOURCE G1
(0, 3, 0): 7 
(0, 3, 10): 18 
(0, 3, 11): 6 
(0, 4, 0): 2 
(0, 4, 6): 2 
(0, 4, 10): 1 
(0, 5, 0): 7 
(0, 5, 6): 2 
(0, 7, 7): 6 
(0, 7, 17): 7 
(1, 0, 387): 4 
(1, 8, 377): 7 
(1, 9, 316): 4 
(1, 9, 337): 1 
(1, 9, 374): 12 
(1, 9, 397): 3 
(2, 1, 205): 4 
(2, 1, 206): 7 
(2, 1, 209): 2 
(2, 3, 79): 1 
(2, 4, 78): 7 
(2, 4, 121): 4 
(2, 4, 131): 1 
(2, 4, 144): 2 
(2, 4, 146): 1 
(2, 4, 162): 3 
(2, 6, 200): 3 
(2, 10, 196): 1 
(2, 10, 231): 2 
(3, 2, 42): 2 
(3, 2, 60): 6 
(3, 2, 98): 2 
(3, 2, 107): 1 
(3, 2, 108): 1 
(3, 4, 62): 5 
(3, 4, 107): 1 
(3, 4, 108): 1 
(3, 5, 60): 1 
(3, 5, 93): 2 
(3, 5, 98): 6 
(3, 5, 107): 3 
(3, 7, 64): 1 
(4, 1, 208): 1 
(4, 2, 39): 1 
(4, 2, 87): 4 
(4, 2, 95): 1 
(4, 2, 100): 1 
(4, 2, 108): 3 
(4, 2, 111): 3 
(4, 5, 48): 1 
(4, 6, 191): 8 
(4, 6, 202): 1 
(4, 6, 204): 2 
(4, 6, 209): 1 
(4, 6, 211): 4 
(4, 10, 193): 1 
(4, 10, 196): 1 
(4, 10, 228): 1 
(4, 10, 230): 1 
(5, 2, 34): 3 
(5, 2, 88): 1 
(5, 2, 158): 1 
(5, 2, 166): 1 
(5, 10, 194): 3 
(5, 10, 199): 2 
(5, 10, 205): 7 
(5, 10, 209): 2 
(5, 10, 220): 3 
(5, 10, 233): 1 
(6, 1, 317): 8 
(6, 1, 331): 4 
(6, 1, 336): 3 
(6, 9, 325): 3 
(6, 9, 327): 1 
(6, 9, 329): 1 
(7, 2, 147): 1 
(7, 2, 155): 6 
(7, 4, 125): 1 
(7, 4, 133): 4 
(7, 5, 92): 1 
(7, 5, 114): 1 
(8, 0, 459): 26 
(9, 0, 453): 28 
(10, 1, 253): 2 
(10, 6, 279): 1 
(10, 8, 302): 2 
(10, 8, 308): 1 
(10, 8, 316): 4 
(10, 8, 317): 2 
(10, 8, 335): 8 
(10, 8, 343): 2 
(10, 9, 263): 3 
TRANSFERS OF GLOBAL RESOURCE G2
(0, 3, 0): 24 
(0, 3, 6): 2 
(0, 4, 0): 4 
(0, 4, 2): 7 
(0, 5, 6): 7 
(0, 7, 0): 17 
(1, 0, 387): 7 
(1, 8, 323): 2 
(1, 8, 434): 2 
(1, 8, 435): 6 
(2, 5, 118): 1 
(2, 5, 161): 1 
(2, 6, 197): 3 
(2, 6, 201): 2 
(2, 6, 205): 4 
(2, 6, 208): 2 
(2, 6, 210): 8 
(3, 2, 27): 3 
(3, 2, 52): 3 
(3, 2, 61): 1 
(3, 2, 75): 3 
(3, 2, 88): 5 
(3, 2, 91): 6 
(3, 5, 29): 1 
(3, 5, 107): 3 
(3, 5, 121): 1 
(4, 1, 223): 10 
(4, 1, 227): 1 
(4, 5, 31): 1 
(4, 5, 65): 1 
(4, 5, 103): 1 
(4, 6, 182): 1 
(4, 6, 205): 1 
(4, 7, 104): 1 
(4, 10, 177): 6 
(4, 10, 188): 1 
(4, 10, 191): 5 
(5, 10, 196): 3 
(5, 10, 202): 7 
(5, 10, 205): 1 
(5, 10, 213): 6 
(6, 9, 283): 6 
(6, 9, 325): 3 
(6, 9, 327): 7 
(6, 9, 336): 3 
(6, 9, 342): 4 
(6, 10, 279): 1 
(7, 4, 62): 2 
(7, 4, 75): 1 
(7, 4, 128): 1 
(7, 4, 140): 8 
(7, 4, 146): 5 
(7, 4, 151): 1 
(8, 0, 459): 29 
(8, 1, 366): 1 
(9, 0, 453): 25 
(10, 1, 226): 3 
(10, 1, 231): 1 
(10, 1, 257): 1 
(10, 6, 247): 2 
(10, 6, 250): 1 
(10, 8, 320): 2 
(10, 8, 326): 4 
(10, 8, 330): 2 
(10, 8, 334): 1 
(10, 8, 335): 7 
(10, 8, 337): 4 
(10, 9, 405): 2 
}
