INSTANCE: "A_8_60_33" 
RELEASES: [0, 0, 0, 0, 0, 0, 0, 0]
DUEDATES: [107, 74, 139, 111, 64, 108, 81, 92]
COMPLETION TIMES: [137, 103, 148, 152, 214, 171, 201, 110]
MAKESPANS: [137, 103, 148, 152, 214, 171, 201, 110]
DELAYS: [30, 29, 9, 41, 150, 63, 120, 18]
COST: 848.0

Solution = { 
START TIMES OF ACTIVITIES OF PROJECT 1:
[0, 27, 26, 26, 27, 27, 52, 52, 37, 37, 48, 29, 51, 59, 35, 61, 62, 77, 83, 53, 29, 39, 107, 39, 50, 66, 41, 84, 57, 63, 92, 100, 47, 79, 53, 49, 70, 78, 101, 96, 92, 70, 104, 114, 121, 77, 103, 81, 68, 112, 87, 62, 86, 102, 111, 118, 87, 122, 132, 121, 131, 137]
START TIMES OF ACTIVITIES OF PROJECT 2:
[0, 24, 24, 24, 28, 37, 28, 36, 41, 26, 37, 30, 48, 42, 46, 42, 36, 60, 48, 52, 26, 49, 61, 62, 61, 36, 46, 64, 45, 57, 56, 52, 44, 77, 59, 61, 69, 65, 38, 71, 78, 85, 62, 66, 79, 80, 81, 74, 75, 83, 78, 76, 89, 84, 81, 76, 93, 93, 88, 98, 92, 103]
START TIMES OF ACTIVITIES OF PROJECT 3:
[0, 21, 21, 21, 31, 29, 37, 46, 29, 34, 47, 62, 48, 35, 47, 65, 123, 73, 31, 38, 45, 62, 57, 86, 65, 82, 71, 73, 71, 97, 93, 56, 39, 83, 72, 110, 72, 76, 115, 80, 86, 89, 80, 88, 95, 95, 110, 104, 115, 102, 119, 99, 114, 104, 128, 103, 118, 131, 140, 138, 133, 148]
START TIMES OF ACTIVITIES OF PROJECT 4:
[0, 30, 30, 46, 60, 32, 36, 48, 87, 48, 73, 51, 108, 103, 57, 77, 98, 82, 46, 75, 79, 74, 70, 83, 88, 93, 82, 88, 70, 33, 85, 113, 97, 67, 71, 90, 98, 114, 33, 70, 117, 110, 123, 103, 114, 113, 72, 133, 124, 134, 142, 107, 137, 134, 112, 120, 124, 128, 143, 142, 143, 152]
START TIMES OF ACTIVITIES OF PROJECT 5:
[0, 135, 30, 161, 176, 139, 151, 183, 163, 148, 139, 119, 171, 175, 158, 158, 173, 183, 165, 179, 183, 189, 178, 142, 160, 147, 169, 182, 174, 191, 194, 191, 175, 140, 178, 184, 151, 177, 198, 180, 167, 164, 176, 181, 186, 192, 198, 198, 192, 183, 171, 202, 201, 200, 202, 199, 204, 204, 209, 211, 206, 214]
START TIMES OF ACTIVITIES OF PROJECT 6:
[0, 38, 46, 30, 54, 68, 79, 86, 74, 54, 108, 64, 95, 136, 97, 114, 109, 102, 121, 110, 108, 111, 96, 65, 71, 121, 130, 110, 130, 110, 157, 123, 120, 103, 60, 143, 140, 125, 123, 65, 86, 89, 147, 134, 143, 98, 119, 103, 129, 150, 128, 141, 143, 152, 155, 160, 150, 151, 163, 164, 157, 171]
START TIMES OF ACTIVITIES OF PROJECT 7:
[0, 105, 105, 116, 114, 147, 125, 123, 125, 134, 138, 147, 130, 127, 137, 130, 155, 149, 126, 155, 156, 145, 153, 156, 149, 155, 157, 163, 162, 157, 167, 170, 178, 168, 170, 163, 138, 163, 164, 147, 169, 144, 180, 171, 177, 176, 183, 178, 181, 187, 161, 156, 175, 186, 187, 176, 181, 196, 195, 189, 197, 201]
START TIMES OF ACTIVITIES OF PROJECT 8:
[0, 20, 20, 27, 28, 27, 33, 35, 37, 35, 52, 28, 39, 35, 39, 42, 30, 64, 34, 32, 61, 43, 60, 54, 49, 30, 77, 42, 51, 55, 80, 42, 32, 63, 82, 55, 63, 44, 74, 71, 74, 77, 82, 47, 63, 78, 64, 72, 90, 84, 92, 68, 84, 64, 95, 90, 100, 95, 105, 100, 100, 110]
TRANSFERS OF GLOBAL RESOURCE G1
(0, 1, 0): 4 
(0, 1, 1): 12 
(0, 1, 3): 6 
(0, 1, 15): 3 
(0, 2, 2): 14 
(0, 2, 14): 6 
(0, 2, 15): 15 
(0, 3, 0): 20 
(0, 4, 0): 18 
(0, 4, 3): 2 
(0, 5, 0): 2 
(0, 6, 5): 6 
(0, 6, 13): 3 
(0, 8, 0): 7 
(0, 8, 7): 6 
(0, 8, 19): 8 
(1, 5, 155): 3 
(1, 6, 60): 1 
(1, 6, 89): 2 
(1, 6, 94): 7 
(1, 6, 115): 1 
(1, 6, 152): 2 
(1, 7, 124): 4 
(1, 7, 126): 9 
(1, 7, 132): 1 
(1, 7, 158): 1 
(1, 8, 54): 2 
(1, 8, 69): 1 
(2, 3, 88): 2 
(2, 5, 108): 2 
(2, 6, 59): 3 
(2, 6, 93): 2 
(2, 6, 94): 11 
(2, 6, 112): 2 
(2, 6, 114): 7 
(2, 7, 89): 1 
(2, 7, 98): 1 
(2, 7, 102): 2 
(2, 7, 105): 1 
(2, 7, 113): 1 
(2, 7, 122): 2 
(3, 0, 148): 18 
(3, 4, 69): 2 
(3, 4, 73): 1 
(3, 7, 118): 1 
(3, 7, 152): 4 
(4, 0, 152): 18 
(4, 3, 94): 2 
(4, 3, 100): 2 
(4, 6, 35): 1 
(5, 0, 214): 50 
(5, 2, 46): 1 
(5, 6, 40): 1 
(6, 1, 76): 3 
(6, 2, 76): 1 
(6, 5, 113): 6 
(6, 5, 134): 3 
(6, 5, 136): 1 
(6, 5, 145): 8 
(6, 5, 163): 5 
(6, 5, 165): 3 
(6, 5, 169): 9 
(6, 5, 170): 1 
(6, 5, 171): 2 
(6, 5, 172): 7 
(7, 0, 201): 46 
(8, 1, 95): 1 
(8, 1, 98): 2 
(8, 1, 102): 3 
(8, 7, 90): 3 
(8, 7, 99): 1 
(8, 7, 101): 5 
(8, 7, 108): 3 
(8, 7, 111): 4 
(8, 7, 112): 2 
TRANSFERS OF GLOBAL RESOURCE G2
(0, 1, 16): 13 
(0, 1, 17): 16 
(0, 2, 0): 16 
(0, 2, 2): 7 
(0, 2, 4): 5 
(0, 3, 6): 14 
(0, 3, 14): 5 
(0, 3, 16): 1 
(0, 4, 16): 9 
(0, 4, 19): 2 
(0, 5, 2): 3 
(0, 6, 0): 7 
(0, 8, 10): 8 
(0, 8, 17): 13 
(0, 8, 18): 8 
(1, 0, 137): 5 
(1, 2, 30): 1 
(1, 3, 31): 2 
(1, 3, 32): 2 
(1, 3, 65): 4 
(1, 3, 66): 9 
(1, 3, 108): 4 
(1, 3, 111): 1 
(1, 3, 112): 2 
(1, 4, 101): 1 
(1, 5, 122): 2 
(1, 5, 123): 1 
(1, 5, 126): 6 
(1, 5, 137): 2 
(1, 7, 124): 4 
(2, 3, 94): 1 
(2, 3, 95): 1 
(2, 6, 46): 3 
(2, 6, 66): 3 
(2, 6, 81): 2 
(2, 6, 94): 4 
(2, 6, 95): 7 
(2, 6, 100): 4 
(2, 7, 94): 3 
(2, 7, 103): 5 
(2, 7, 105): 4 
(3, 0, 148): 6 
(3, 1, 45): 1 
(3, 1, 46): 1 
(3, 1, 55): 1 
(3, 1, 77): 3 
(3, 1, 89): 5 
(3, 1, 93): 3 
(3, 2, 47): 1 
(3, 2, 48): 2 
(3, 2, 56): 1 
(3, 2, 80): 3 
(3, 2, 84): 1 
(3, 6, 124): 2 
(3, 6, 141): 3 
(3, 7, 125): 1 
(3, 7, 126): 9 
(3, 7, 128): 3 
(3, 7, 130): 1 
(4, 0, 152): 1 
(4, 5, 124): 4 
(4, 5, 133): 4 
(4, 5, 148): 11 
(4, 5, 149): 3 
(4, 5, 151): 3 
(4, 5, 152): 2 
(5, 0, 214): 46 
(5, 4, 40): 3 
(6, 0, 171): 24 
(6, 7, 125): 1 
(6, 7, 129): 8 
(6, 7, 172): 2 
(7, 0, 201): 45 
(8, 1, 52): 2 
(8, 1, 111): 1 
(8, 3, 57): 1 
(8, 4, 47): 4 
(8, 4, 84): 3 
(8, 4, 85): 1 
(8, 4, 90): 1 
(8, 4, 94): 1 
(8, 4, 100): 3 
(8, 5, 85): 5 
(8, 5, 101): 3 
(8, 7, 94): 1 
(8, 7, 101): 1 
(8, 7, 111): 2 
}
