INSTANCE: "A_16_60_35" 
RELEASES: [0, 0, 0, 0, 0, 0, 0, 0, 0, 0, 0, 0, 0, 0, 0, 0]
DUEDATES: [108, 95, 70, 137, 93, 148, 118, 66, 103, 90, 126, 118, 108, 66, 111, 101]
COMPLETION TIMES: [160, 113, 101, 178, 107, 302, 139, 178, 217, 110, 233, 127, 132, 71, 259, 219]
MAKESPANS: [160, 113, 101, 178, 107, 302, 139, 178, 217, 110, 233, 127, 132, 71, 259, 219]
DELAYS: [52, 18, 31, 41, 14, 154, 21, 112, 114, 20, 107, 9, 24, 5, 148, 118]
COST: 1817.0

Solution = { 
START TIMES OF ACTIVITIES OF PROJECT 1:
[0, 22, 22, 22, 30, 83, 73, 53, 88, 34, 93, 120, 31, 88, 36, 31, 73, 61, 63, 93, 85, 86, 106, 95, 71, 94, 139, 101, 45, 103, 112, 118, 130, 82, 80, 114, 121, 96, 127, 131, 70, 113, 134, 141, 135, 139, 116, 71, 88, 100, 76, 144, 112, 122, 125, 137, 138, 146, 152, 152, 151, 160]
START TIMES OF ACTIVITIES OF PROJECT 2:
[0, 0, 29, 22, 30, 39, 34, 53, 22, 30, 22, 44, 33, 47, 48, 31, 53, 57, 30, 82, 59, 60, 64, 22, 39, 37, 52, 71, 71, 65, 80, 70, 83, 50, 65, 74, 76, 75, 68, 75, 83, 83, 92, 29, 75, 80, 80, 82, 89, 89, 83, 85, 95, 96, 95, 88, 104, 105, 98, 112, 106, 113]
START TIMES OF ACTIVITIES OF PROJECT 3:
[0, 20, 20, 20, 26, 42, 26, 23, 44, 54, 31, 58, 25, 32, 35, 59, 44, 33, 62, 62, 68, 37, 60, 67, 65, 49, 70, 64, 25, 59, 74, 42, 72, 80, 66, 51, 61, 59, 68, 73, 70, 84, 78, 82, 64, 53, 88, 82, 88, 87, 74, 88, 67, 70, 89, 80, 82, 91, 92, 98, 85, 101]
START TIMES OF ACTIVITIES OF PROJECT 4:
[0, 19, 19, 30, 29, 36, 41, 26, 38, 29, 36, 51, 55, 65, 44, 81, 36, 59, 30, 55, 46, 53, 76, 58, 42, 60, 98, 67, 72, 113, 58, 74, 86, 90, 94, 123, 71, 148, 119, 78, 107, 84, 94, 116, 121, 103, 142, 104, 132, 144, 153, 121, 152, 148, 134, 160, 163, 162, 134, 169, 169, 178]
START TIMES OF ACTIVITIES OF PROJECT 5:
[0, 20, 20, 20, 22, 45, 29, 28, 24, 24, 26, 55, 68, 63, 66, 29, 55, 60, 59, 40, 32, 77, 31, 49, 39, 39, 42, 60, 80, 36, 70, 67, 62, 43, 31, 36, 50, 66, 45, 86, 80, 63, 90, 90, 76, 51, 76, 83, 88, 46, 95, 95, 82, 74, 100, 80, 90, 97, 102, 97, 101, 107]
START TIMES OF ACTIVITIES OF PROJECT 6:
[0, 154, 113, 158, 167, 160, 175, 175, 189, 176, 168, 155, 212, 179, 166, 189, 166, 158, 195, 179, 205, 161, 273, 201, 194, 217, 174, 226, 167, 178, 198, 221, 196, 185, 236, 207, 255, 226, 241, 231, 239, 263, 263, 246, 245, 239, 255, 239, 294, 276, 249, 273, 276, 250, 281, 274, 289, 286, 294, 278, 298, 302]
START TIMES OF ACTIVITIES OF PROJECT 7:
[0, 16, 12, 16, 16, 24, 18, 24, 32, 25, 44, 102, 34, 44, 32, 73, 39, 34, 31, 92, 63, 45, 83, 76, 96, 54, 53, 109, 45, 63, 96, 81, 54, 105, 44, 66, 66, 72, 63, 78, 99, 98, 99, 84, 92, 109, 102, 92, 83, 111, 117, 119, 105, 118, 124, 122, 109, 115, 128, 130, 128, 139]
START TIMES OF ACTIVITIES OF PROJECT 8:
[0, 106, 105, 112, 110, 112, 122, 122, 122, 130, 114, 130, 135, 144, 139, 144, 122, 134, 148, 131, 134, 130, 147, 122, 135, 131, 134, 147, 148, 115, 145, 131, 147, 155, 141, 149, 147, 152, 151, 141, 149, 160, 140, 162, 152, 151, 159, 139, 148, 155, 155, 149, 156, 160, 168, 171, 159, 164, 169, 164, 176, 178]
START TIMES OF ACTIVITIES OF PROJECT 9:
[0, 110, 48, 112, 49, 121, 150, 114, 131, 163, 113, 135, 120, 131, 120, 130, 153, 136, 132, 131, 113, 169, 126, 135, 174, 140, 174, 169, 142, 177, 154, 180, 180, 132, 143, 132, 159, 152, 143, 182, 159, 182, 189, 170, 182, 190, 167, 154, 176, 192, 169, 186, 193, 208, 197, 189, 209, 200, 204, 204, 210, 217]
START TIMES OF ACTIVITIES OF PROJECT 10:
[0, 20, 20, 18, 20, 26, 26, 30, 30, 37, 37, 53, 26, 39, 35, 44, 44, 77, 27, 31, 59, 44, 44, 26, 52, 36, 39, 66, 81, 34, 39, 55, 36, 54, 47, 56, 59, 53, 74, 51, 47, 52, 64, 64, 74, 54, 46, 79, 81, 20, 92, 89, 66, 86, 80, 91, 93, 29, 95, 101, 86, 110]
START TIMES OF ACTIVITIES OF PROJECT 11:
[0, 89, 99, 173, 107, 119, 107, 112, 108, 151, 119, 126, 113, 149, 161, 165, 136, 128, 141, 163, 178, 140, 158, 146, 142, 163, 142, 176, 171, 142, 181, 198, 134, 175, 190, 190, 194, 165, 179, 167, 196, 195, 200, 208, 148, 173, 206, 201, 209, 154, 184, 201, 187, 164, 211, 213, 218, 222, 217, 231, 227, 233]
START TIMES OF ACTIVITIES OF PROJECT 12:
[0, 15, 0, 16, 26, 16, 21, 29, 38, 20, 31, 20, 35, 74, 21, 43, 31, 32, 27, 46, 38, 42, 46, 56, 93, 45, 65, 65, 88, 45, 74, 45, 58, 49, 62, 69, 79, 62, 56, 69, 74, 112, 113, 83, 78, 95, 88, 98, 83, 88, 107, 97, 95, 98, 106, 112, 118, 104, 122, 105, 111, 127]
START TIMES OF ACTIVITIES OF PROJECT 13:
[0, 18, 18, 18, 30, 21, 21, 40, 47, 26, 26, 21, 50, 59, 43, 61, 67, 51, 76, 73, 35, 41, 64, 61, 84, 50, 77, 82, 75, 50, 94, 73, 79, 87, 95, 64, 76, 81, 77, 92, 82, 100, 95, 97, 83, 110, 116, 65, 79, 111, 124, 101, 106, 117, 124, 110, 121, 125, 128, 129, 123, 132]
START TIMES OF ACTIVITIES OF PROJECT 14:
[0, 6, 6, 6, 29, 16, 11, 17, 17, 17, 27, 13, 22, 19, 7, 23, 16, 30, 32, 7, 20, 26, 13, 39, 24, 43, 30, 19, 29, 17, 31, 13, 31, 21, 22, 50, 40, 25, 32, 25, 50, 35, 31, 38, 7, 36, 33, 48, 36, 20, 50, 39, 59, 53, 59, 44, 54, 63, 65, 60, 65, 71]
START TIMES OF ACTIVITIES OF PROJECT 15:
[0, 151, 149, 159, 182, 161, 157, 172, 186, 180, 170, 177, 173, 227, 196, 194, 189, 192, 157, 175, 164, 162, 206, 175, 196, 209, 216, 195, 208, 152, 203, 219, 189, 167, 194, 205, 217, 160, 163, 216, 220, 190, 233, 205, 212, 231, 194, 243, 243, 208, 247, 222, 243, 247, 226, 229, 238, 243, 250, 249, 249, 259]
START TIMES OF ACTIVITIES OF PROJECT 16:
[0, 3, 96, 127, 101, 106, 107, 107, 107, 98, 117, 116, 119, 140, 136, 148, 130, 106, 148, 158, 130, 149, 159, 170, 153, 140, 166, 144, 153, 147, 166, 160, 164, 153, 199, 127, 114, 182, 173, 171, 200, 114, 174, 183, 183, 159, 184, 117, 191, 187, 191, 183, 175, 166, 190, 208, 199, 201, 208, 211, 208, 219]
TRANSFERS OF GLOBAL RESOURCE G1
(0, 1, 5): 6 
(0, 2, 5): 10 
(0, 3, 0): 12 
(0, 3, 5): 5 
(0, 4, 6): 7 
(0, 5, 3): 14 
(0, 5, 7): 7 
(0, 5, 9): 1 
(0, 7, 0): 13 
(0, 7, 2): 6 
(0, 10, 0): 4 
(0, 10, 2): 20 
(0, 12, 0): 7 
(0, 12, 1): 9 
(0, 12, 6): 3 
(0, 13, 7): 25 
(0, 13, 10): 1 
(0, 14, 3): 26 
(0, 14, 4): 1 
(0, 14, 13): 2 
(0, 14, 14): 3 
(0, 14, 17): 8 
(0, 14, 18): 5 
(0, 16, 0): 3 
(1, 0, 160): 17 
(1, 4, 25): 1 
(1, 4, 33): 1 
(1, 4, 36): 2 
(1, 4, 93): 7 
(1, 4, 99): 4 
(1, 4, 147): 4 
(2, 4, 78): 2 
(2, 7, 41): 1 
(2, 7, 60): 9 
(2, 7, 95): 1 
(2, 7, 106): 3 
(2, 8, 105): 2 
(2, 10, 32): 1 
(2, 10, 33): 5 
(2, 10, 97): 8 
(2, 11, 108): 2 
(2, 16, 81): 1 
(2, 16, 112): 2 
(2, 16, 115): 5 
(3, 6, 98): 4 
(3, 8, 92): 5 
(3, 8, 93): 1 
(3, 8, 97): 7 
(3, 8, 101): 8 
(3, 11, 74): 1 
(3, 11, 93): 1 
(3, 11, 97): 2 
(4, 0, 178): 16 
(4, 1, 48): 4 
(4, 1, 58): 7 
(4, 1, 65): 4 
(4, 1, 80): 1 
(4, 1, 81): 3 
(4, 1, 83): 5 
(4, 1, 136): 2 
(4, 16, 116): 2 
(4, 16, 119): 2 
(4, 16, 129): 1 
(5, 3, 49): 2 
(5, 3, 58): 1 
(5, 8, 97): 3 
(5, 8, 106): 3 
(5, 9, 104): 3 
(5, 9, 105): 3 
(5, 12, 51): 3 
(5, 12, 58): 1 
(5, 12, 98): 4 
(5, 13, 33): 1 
(5, 13, 57): 3 
(5, 13, 69): 2 
(5, 13, 70): 1 
(5, 13, 117): 9 
(6, 0, 302): 32 
(6, 8, 124): 2 
(6, 8, 125): 2 
(7, 2, 27): 12 
(7, 2, 45): 1 
(7, 2, 47): 2 
(7, 2, 50): 1 
(7, 4, 72): 2 
(7, 6, 111): 2 
(7, 6, 115): 5 
(7, 9, 114): 1 
(7, 9, 141): 5 
(7, 11, 116): 2 
(7, 11, 137): 5 
(7, 11, 149): 4 
(7, 15, 139): 5 
(7, 15, 141): 1 
(7, 16, 81): 2 
(8, 0, 178): 20 
(8, 6, 152): 5 
(8, 6, 154): 9 
(8, 6, 155): 4 
(8, 11, 188): 1 
(8, 11, 195): 1 
(8, 15, 185): 8 
(9, 0, 217): 30 
(9, 4, 55): 2 
(9, 5, 64): 1 
(9, 13, 67): 1 
(9, 15, 137): 1 
(9, 16, 141): 5 
(10, 2, 43): 4 
(10, 2, 44): 1 
(10, 2, 49): 1 
(10, 2, 64): 3 
(10, 2, 67): 1 
(10, 2, 70): 2 
(10, 4, 80): 1 
(10, 4, 134): 1 
(10, 6, 110): 6 
(10, 6, 112): 1 
(10, 7, 26): 1 
(10, 7, 38): 4 
(10, 7, 90): 9 
(10, 7, 92): 2 
(10, 8, 105): 2 
(10, 8, 106): 2 
(10, 11, 144): 1 
(10, 11, 145): 1 
(11, 0, 233): 28 
(11, 8, 122): 2 
(11, 15, 150): 3 
(12, 5, 39): 3 
(12, 5, 70): 1 
(12, 5, 79): 2 
(12, 5, 88): 1 
(12, 9, 116): 7 
(12, 9, 138): 4 
(12, 9, 143): 5 
(12, 13, 78): 3 
(12, 16, 82): 1 
(13, 3, 23): 2 
(13, 3, 46): 1 
(13, 3, 47): 3 
(13, 5, 24): 6 
(13, 8, 125): 9 
(13, 9, 103): 1 
(13, 9, 104): 1 
(13, 9, 111): 2 
(13, 11, 90): 2 
(13, 11, 95): 2 
(13, 15, 136): 5 
(13, 15, 138): 5 
(13, 15, 139): 4 
(13, 16, 88): 6 
(14, 1, 26): 2 
(14, 1, 69): 2 
(14, 2, 58): 4 
(14, 3, 38): 1 
(14, 3, 39): 1 
(14, 3, 40): 1 
(14, 4, 23): 1 
(14, 4, 26): 1 
(14, 4, 40): 4 
(14, 4, 57): 2 
(14, 4, 59): 2 
(14, 5, 63): 3 
(14, 7, 47): 1 
(14, 9, 46): 4 
(14, 10, 60): 5 
(14, 11, 71): 8 
(14, 13, 73): 3 
(15, 0, 259): 32 
(16, 0, 215): 23 
(16, 4, 8): 3 
(16, 9, 105): 1 
(16, 9, 106): 1 
(16, 9, 113): 1 
(16, 9, 152): 1 
TRANSFERS OF GLOBAL RESOURCE G2
(0, 1, 0): 20 
(0, 2, 0): 28 
(0, 3, 12): 12 
(0, 4, 0): 12 
(0, 5, 0): 17 
(0, 5, 2): 7 
(0, 5, 4): 2 
(0, 7, 0): 8 
(0, 7, 4): 10 
(0, 10, 0): 28 
(0, 12, 0): 9 
(0, 13, 0): 7 
(0, 13, 3): 11 
(0, 14, 0): 12 
(0, 14, 1): 23 
(1, 0, 160): 24 
(1, 4, 105): 1 
(1, 5, 25): 5 
(1, 5, 39): 1 
(1, 5, 43): 1 
(1, 12, 40): 6 
(2, 3, 35): 2 
(2, 7, 29): 2 
(2, 7, 35): 6 
(2, 8, 111): 3 
(2, 9, 85): 1 
(2, 9, 113): 5 
(2, 13, 30): 2 
(2, 13, 34): 1 
(2, 13, 37): 5 
(2, 15, 113): 9 
(2, 15, 116): 2 
(3, 4, 87): 2 
(3, 6, 87): 2 
(3, 7, 33): 1 
(3, 7, 75): 1 
(3, 7, 78): 1 
(3, 7, 96): 1 
(3, 7, 99): 10 
(3, 8, 94): 6 
(3, 8, 99): 5 
(3, 8, 103): 3 
(3, 8, 111): 2 
(3, 9, 80): 5 
(4, 0, 178): 7 
(4, 6, 108): 2 
(4, 6, 155): 10 
(4, 11, 81): 1 
(4, 11, 91): 6 
(4, 11, 134): 5 
(4, 11, 150): 5 
(4, 15, 169): 3 
(4, 16, 81): 3 
(4, 16, 83): 2 
(5, 1, 57): 1 
(5, 1, 64): 1 
(5, 1, 70): 1 
(5, 1, 74): 4 
(5, 4, 105): 9 
(5, 8, 104): 7 
(5, 11, 107): 2 
(5, 11, 121): 1 
(5, 12, 34): 6 
(5, 12, 61): 3 
(5, 12, 103): 1 
(5, 12, 109): 4 
(5, 15, 107): 1 
(6, 0, 302): 26 
(6, 4, 127): 1 
(6, 11, 123): 3 
(6, 15, 172): 2 
(6, 15, 195): 1 
(7, 3, 20): 3 
(7, 3, 47): 5 
(7, 3, 48): 4 
(7, 3, 53): 3 
(7, 3, 55): 5 
(7, 4, 119): 6 
(7, 8, 110): 13 
(7, 8, 135): 4 
(7, 13, 21): 1 
(7, 13, 67): 1 
(7, 13, 91): 1 
(7, 13, 92): 2 
(7, 13, 107): 2 
(7, 15, 150): 2 
(7, 16, 143): 1 
(8, 0, 178): 39 
(8, 6, 149): 2 
(8, 9, 150): 3 
(8, 9, 156): 1 
(8, 15, 159): 2 
(9, 0, 217): 26 
(9, 4, 49): 1 
(9, 15, 145): 1 
(9, 15, 153): 1 
(10, 2, 41): 1 
(10, 2, 57): 4 
(10, 3, 33): 1 
(10, 7, 21): 2 
(10, 7, 26): 1 
(10, 7, 63): 1 
(10, 8, 108): 4 
(10, 9, 29): 1 
(10, 9, 91): 5 
(10, 9, 93): 2 
(10, 9, 94): 3 
(10, 9, 95): 3 
(11, 0, 233): 35 
(11, 4, 113): 1 
(11, 16, 109): 1 
(11, 16, 117): 1 
(12, 4, 126): 5 
(12, 5, 27): 2 
(12, 5, 76): 2 
(12, 5, 78): 1 
(12, 5, 91): 2 
(12, 6, 118): 8 
(12, 6, 125): 3 
(12, 11, 130): 1 
(12, 15, 119): 3 
(12, 16, 119): 3 
(13, 0, 132): 1 
(13, 2, 51): 1 
(13, 2, 52): 3 
(13, 2, 55): 1 
(13, 6, 118): 2 
(13, 6, 125): 4 
(13, 7, 54): 2 
(13, 11, 127): 1 
(13, 11, 129): 10 
(13, 15, 117): 2 
(13, 16, 129): 4 
(13, 16, 137): 2 
(14, 1, 52): 1 
(14, 1, 62): 3 
(14, 1, 64): 2 
(14, 1, 65): 5 
(14, 3, 31): 1 
(14, 3, 48): 1 
(14, 3, 50): 2 
(14, 4, 47): 2 
(14, 4, 58): 4 
(14, 5, 13): 1 
(14, 7, 60): 7 
(14, 11, 72): 3 
(14, 12, 69): 1 
(14, 16, 71): 2 
(15, 0, 259): 29 
(16, 0, 216): 19 
}
