INSTANCE: "A_10_60_27" 
RELEASES: [0, 0, 0, 0, 0, 0, 0, 0, 0, 0]
DUEDATES: [99, 108, 74, 70, 103, 119, 113, 139, 66, 117]
COMPLETION TIMES: [118, 133, 177, 72, 175, 154, 171, 161, 100, 138]
MAKESPANS: [118, 133, 177, 72, 175, 154, 171, 161, 100, 138]
DELAYS: [19, 25, 103, 2, 72, 35, 58, 22, 34, 21]
COST: 895.0

Solution = { 
START TIMES OF ACTIVITIES OF PROJECT 1:
[0, 13, 13, 13, 17, 21, 21, 29, 66, 14, 16, 30, 23, 57, 24, 53, 75, 56, 28, 38, 82, 57, 61, 32, 34, 47, 35, 43, 77, 58, 64, 78, 83, 64, 94, 54, 80, 54, 102, 47, 76, 66, 56, 87, 76, 55, 39, 73, 41, 67, 85, 94, 80, 92, 85, 87, 107, 105, 102, 110, 102, 118]
START TIMES OF ACTIVITIES OF PROJECT 2:
[0, 12, 12, 12, 29, 15, 15, 17, 39, 32, 20, 24, 54, 20, 47, 56, 42, 56, 82, 79, 41, 68, 26, 74, 89, 75, 107, 87, 66, 48, 94, 48, 57, 65, 95, 25, 62, 32, 70, 95, 34, 109, 115, 80, 99, 119, 100, 70, 83, 119, 115, 104, 89, 109, 128, 123, 120, 125, 130, 130, 113, 133]
START TIMES OF ACTIVITIES OF PROJECT 3:
[0, 99, 103, 95, 104, 104, 121, 114, 136, 130, 100, 107, 107, 115, 128, 118, 130, 124, 134, 126, 127, 124, 124, 143, 140, 111, 105, 120, 140, 157, 125, 109, 107, 143, 130, 124, 130, 141, 148, 125, 149, 141, 114, 140, 146, 147, 129, 156, 149, 152, 149, 146, 159, 128, 166, 159, 161, 149, 174, 163, 163, 177]
START TIMES OF ACTIVITIES OF PROJECT 4:
[0, 6, 6, 6, 17, 16, 20, 7, 18, 13, 18, 17, 23, 26, 19, 27, 34, 24, 7, 15, 38, 27, 33, 25, 18, 28, 32, 42, 51, 34, 27, 31, 44, 44, 32, 52, 52, 41, 39, 39, 42, 34, 43, 33, 54, 30, 25, 59, 35, 56, 40, 54, 45, 58, 58, 59, 65, 66, 67, 60, 59, 72]
START TIMES OF ACTIVITIES OF PROJECT 5:
[0, 10, 16, 10, 24, 18, 47, 22, 81, 82, 82, 91, 62, 124, 84, 18, 109, 92, 126, 60, 137, 33, 113, 122, 40, 131, 155, 71, 92, 135, 100, 100, 127, 130, 118, 101, 132, 137, 109, 135, 91, 109, 102, 143, 139, 115, 146, 165, 159, 135, 143, 146, 153, 155, 146, 166, 159, 151, 166, 171, 165, 175]
START TIMES OF ACTIVITIES OF PROJECT 6:
[0, 4, 4, 113, 8, 37, 27, 15, 39, 28, 7, 27, 18, 78, 52, 67, 55, 16, 30, 49, 89, 76, 87, 71, 97, 90, 61, 97, 45, 61, 125, 103, 102, 90, 67, 80, 67, 118, 70, 76, 108, 127, 103, 133, 39, 69, 111, 109, 116, 113, 141, 141, 127, 146, 133, 126, 138, 143, 141, 153, 84, 154]
START TIMES OF ACTIVITIES OF PROJECT 7:
[0, 73, 14, 18, 28, 72, 73, 82, 17, 73, 83, 89, 80, 90, 101, 92, 74, 91, 110, 88, 103, 96, 102, 92, 111, 116, 75, 95, 160, 112, 85, 136, 132, 115, 110, 125, 100, 139, 103, 126, 140, 139, 116, 147, 146, 147, 119, 112, 162, 138, 150, 140, 139, 155, 152, 160, 148, 152, 169, 163, 167, 171]
START TIMES OF ACTIVITIES OF PROJECT 8:
[0, 11, 5, 11, 71, 38, 16, 15, 21, 47, 23, 77, 21, 23, 27, 15, 89, 102, 86, 33, 77, 26, 64, 93, 105, 107, 98, 47, 87, 111, 93, 77, 57, 120, 111, 112, 87, 92, 116, 111, 115, 112, 70, 102, 78, 121, 116, 116, 131, 119, 126, 131, 128, 137, 135, 139, 141, 142, 144, 152, 152, 161]
START TIMES OF ACTIVITIES OF PROJECT 9:
[0, 10, 10, 10, 11, 13, 13, 37, 21, 23, 13, 33, 42, 44, 38, 51, 20, 48, 55, 46, 31, 29, 65, 23, 29, 38, 54, 47, 66, 14, 46, 29, 59, 59, 37, 49, 64, 67, 64, 49, 55, 81, 66, 85, 65, 53, 74, 54, 65, 70, 61, 82, 74, 74, 83, 94, 74, 87, 91, 83, 96, 100]
START TIMES OF ACTIVITIES OF PROJECT 10:
[0, 13, 13, 13, 23, 23, 39, 33, 31, 65, 41, 35, 21, 35, 50, 79, 59, 45, 80, 67, 82, 52, 43, 96, 46, 72, 80, 65, 43, 87, 87, 109, 52, 92, 64, 119, 120, 47, 71, 101, 50, 111, 55, 109, 82, 96, 111, 80, 97, 98, 91, 127, 111, 105, 126, 114, 122, 127, 131, 116, 135, 138]
TRANSFERS OF GLOBAL RESOURCE G1
(0, 1, 0): 15 
(0, 2, 1): 25 
(0, 4, 2): 13 
(0, 4, 3): 5 
(0, 4, 12): 5 
(0, 5, 0): 9 
(0, 6, 0): 7 
(0, 6, 3): 2 
(0, 7, 10): 4 
(0, 7, 13): 1 
(0, 8, 0): 4 
(0, 9, 1): 21 
(0, 9, 2): 2 
(0, 9, 4): 14 
(0, 10, 1): 10 
(1, 2, 14): 2 
(1, 2, 59): 2 
(1, 2, 60): 3 
(1, 5, 54): 4 
(1, 5, 56): 2 
(1, 5, 86): 2 
(1, 5, 112): 8 
(1, 10, 29): 1 
(1, 10, 62): 1 
(1, 10, 63): 2 
(1, 10, 65): 1 
(1, 10, 85): 6 
(1, 10, 107): 7 
(1, 10, 118): 3 
(1, 10, 120): 2 
(2, 0, 133): 6 
(2, 1, 26): 2 
(2, 1, 28): 1 
(2, 1, 29): 1 
(2, 1, 33): 1 
(2, 1, 76): 2 
(2, 1, 104): 1 
(2, 3, 95): 1 
(2, 3, 96): 1 
(2, 3, 99): 2 
(2, 3, 100): 7 
(2, 3, 120): 3 
(2, 3, 144): 1 
(2, 6, 125): 2 
(2, 7, 68): 2 
(2, 7, 129): 6 
(2, 10, 27): 8 
(2, 10, 67): 2 
(2, 10, 78): 4 
(2, 10, 118): 1 
(3, 0, 177): 28 
(3, 7, 135): 5 
(3, 7, 136): 1 
(3, 10, 117): 7 
(4, 6, 34): 3 
(4, 6, 62): 1 
(4, 6, 73): 4 
(4, 7, 67): 1 
(4, 7, 68): 16 
(4, 7, 69): 6 
(4, 7, 70): 1 
(4, 8, 63): 2 
(4, 9, 45): 1 
(4, 9, 77): 1 
(5, 0, 175): 27 
(5, 1, 22): 1 
(5, 1, 33): 2 
(5, 1, 47): 2 
(5, 4, 18): 1 
(5, 7, 102): 3 
(6, 0, 154): 18 
(6, 4, 15): 3 
(6, 8, 68): 2 
(6, 8, 122): 3 
(6, 9, 31): 1 
(6, 9, 32): 2 
(6, 9, 47): 1 
(6, 9, 49): 4 
(6, 9, 81): 2 
(7, 0, 171): 24 
(7, 2, 80): 3 
(7, 2, 82): 8 
(7, 3, 91): 1 
(7, 3, 96): 2 
(7, 3, 120): 8 
(7, 3, 122): 4 
(7, 4, 18): 2 
(7, 4, 37): 2 
(7, 5, 32): 1 
(8, 0, 152): 23 
(8, 3, 93): 1 
(8, 3, 95): 1 
(8, 4, 36): 1 
(8, 4, 37): 2 
(8, 7, 99): 3 
(9, 1, 62): 1 
(9, 2, 94): 1 
(9, 3, 95): 2 
(9, 4, 20): 2 
(9, 6, 21): 4 
(9, 6, 22): 1 
(9, 6, 61): 3 
(9, 6, 91): 2 
(9, 6, 97): 6 
(9, 6, 132): 1 
(9, 7, 62): 1 
(9, 7, 97): 3 
(9, 7, 103): 2 
(9, 8, 16): 7 
(9, 8, 59): 1 
(9, 8, 67): 7 
(9, 8, 100): 2 
(9, 8, 120): 3 
(10, 0, 138): 11 
(10, 1, 26): 2 
(10, 1, 33): 1 
(10, 1, 41): 1 
(10, 1, 45): 1 
(10, 1, 51): 2 
(10, 1, 74): 6 
(10, 1, 80): 2 
(10, 1, 92): 1 
(10, 1, 100): 1 
(10, 2, 111): 10 
(10, 3, 95): 1 
(10, 3, 100): 1 
(10, 3, 102): 5 
(10, 5, 111): 1 
(10, 5, 128): 3 
(10, 5, 130): 2 
(10, 5, 139): 4 
TRANSFERS OF GLOBAL RESOURCE G2
(0, 1, 1): 19 
(0, 1, 2): 6 
(0, 2, 0): 12 
(0, 4, 0): 15 
(0, 4, 1): 6 
(0, 4, 7): 3 
(0, 5, 0): 7 
(0, 6, 0): 16 
(0, 7, 0): 8 
(0, 8, 0): 5 
(0, 8, 6): 9 
(0, 8, 10): 1 
(0, 9, 0): 18 
(0, 9, 3): 5 
(0, 10, 0): 14 
(1, 3, 104): 6 
(1, 3, 108): 1 
(1, 3, 111): 2 
(1, 3, 112): 4 
(1, 3, 125): 1 
(1, 4, 20): 1 
(1, 6, 21): 1 
(1, 6, 43): 1 
(1, 6, 104): 5 
(1, 8, 94): 1 
(1, 8, 128): 1 
(1, 8, 131): 3 
(1, 9, 41): 1 
(1, 10, 35): 7 
(1, 10, 41): 1 
(2, 5, 108): 2 
(2, 5, 127): 1 
(2, 7, 68): 10 
(2, 7, 69): 3 
(2, 7, 135): 1 
(2, 7, 136): 11 
(2, 8, 132): 1 
(2, 8, 133): 2 
(3, 0, 177): 41 
(4, 1, 65): 4 
(4, 2, 70): 3 
(4, 2, 71): 1 
(4, 2, 74): 1 
(4, 5, 69): 1 
(4, 5, 72): 2 
(4, 6, 38): 2 
(4, 6, 63): 7 
(4, 7, 63): 3 
(4, 7, 65): 1 
(4, 7, 72): 1 
(4, 8, 15): 6 
(4, 8, 46): 3 
(4, 8, 69): 8 
(4, 9, 72): 1 
(5, 0, 172): 28 
(5, 2, 24): 1 
(5, 2, 55): 1 
(5, 6, 94): 1 
(5, 8, 94): 1 
(6, 0, 149): 7 
(6, 1, 8): 2 
(6, 3, 116): 5 
(6, 5, 8): 2 
(6, 5, 123): 2 
(6, 8, 9): 2 
(6, 8, 16): 2 
(6, 8, 31): 1 
(6, 8, 95): 7 
(6, 8, 128): 2 
(6, 8, 137): 4 
(6, 9, 13): 1 
(6, 9, 79): 1 
(7, 0, 171): 27 
(7, 2, 20): 2 
(7, 2, 28): 5 
(7, 5, 34): 1 
(7, 5, 113): 2 
(7, 5, 119): 2 
(7, 5, 124): 1 
(8, 0, 161): 29 
(8, 1, 71): 1 
(8, 2, 80): 3 
(8, 2, 86): 1 
(8, 2, 91): 1 
(8, 4, 17): 1 
(8, 4, 18): 4 
(8, 4, 19): 3 
(8, 4, 22): 5 
(8, 4, 29): 2 
(8, 4, 30): 4 
(8, 5, 73): 1 
(8, 5, 107): 2 
(8, 5, 119): 1 
(8, 5, 121): 2 
(8, 7, 80): 1 
(8, 7, 81): 1 
(9, 3, 91): 6 
(9, 3, 95): 4 
(9, 3, 96): 1 
(9, 3, 99): 6 
(9, 3, 101): 4 
(9, 5, 64): 1 
(9, 6, 59): 1 
(9, 6, 100): 4 
(10, 0, 137): 12 
(10, 1, 52): 1 
(10, 1, 53): 1 
(10, 1, 69): 2 
(10, 3, 108): 1 
(10, 5, 124): 2 
(10, 8, 131): 3 
}
