INSTANCE: "B_12_50_3" 
RELEASES: [0, 0, 0, 0, 0, 0, 0, 0, 0, 0, 0, 0]
DUEDATES: [137, 93, 100, 101, 99, 150, 142, 129, 134, 189, 130, 112]
COMPLETION TIMES: [561, 81, 97, 123, 99, 246, 332, 129, 168, 429, 157, 121]
MAKESPANS: [561, 81, 97, 123, 99, 246, 332, 129, 168, 429, 157, 121]
DELAYS: [424, 0, 0, 22, 0, 96, 190, 0, 34, 240, 27, 9]
COST: 1792.5

Solution = { 
START TIMES OF ACTIVITIES OF PROJECT 1:
[0, 419, 441, 451, 457, 459, 469, 478, 469, 501, 513, 516, 520, 528, 535, 539, 459, 547, 529, 460, 353, 520, 492, 343, 526, 482, 516, 504, 524, 511, 481, 529, 534, 520, 502, 543, 526, 527, 492, 486, 423, 527, 529, 481, 432, 511, 535, 543, 544, 552, 554, 561]
START TIMES OF ACTIVITIES OF PROJECT 2:
[0, 12, 8, 0, 9, 15, 0, 9, 8, 1, 9, 35, 22, 8, 38, 33, 9, 13, 19, 16, 13, 25, 16, 12, 45, 25, 12, 23, 25, 19, 55, 25, 54, 45, 55, 49, 56, 45, 38, 65, 65, 63, 74, 55, 46, 34, 48, 51, 46, 27, 19, 81]
START TIMES OF ACTIVITIES OF PROJECT 3:
[0, 13, 22, 20, 13, 25, 35, 29, 15, 8, 0, 8, 40, 38, 15, 8, 51, 18, 8, 56, 29, 33, 57, 36, 17, 59, 53, 38, 40, 45, 67, 25, 85, 67, 43, 38, 43, 77, 95, 56, 61, 43, 48, 65, 82, 38, 45, 76, 31, 25, 26, 97]
START TIMES OF ACTIVITIES OF PROJECT 4:
[0, 29, 32, 47, 51, 61, 80, 81, 84, 0, 91, 4, 92, 51, 94, 36, 72, 100, 57, 103, 32, 111, 84, 71, 35, 4, 116, 100, 104, 94, 99, 94, 85, 85, 91, 85, 81, 92, 94, 42, 30, 36, 42, 37, 30, 81, 8, 26, 32, 0, 18, 123]
START TIMES OF ACTIVITIES OF PROJECT 5:
[0, 29, 31, 0, 41, 35, 23, 51, 10, 39, 20, 29, 51, 86, 19, 54, 91, 28, 20, 20, 54, 56, 73, 97, 97, 45, 34, 29, 91, 88, 52, 56, 77, 64, 80, 31, 10, 44, 27, 74, 64, 88, 63, 0, 28, 27, 45, 20, 64, 7, 73, 99]
START TIMES OF ACTIVITIES OF PROJECT 6:
[0, 94, 115, 118, 120, 130, 139, 163, 68, 164, 165, 174, 183, 198, 199, 225, 79, 235, 199, 171, 84, 199, 235, 105, 205, 183, 187, 155, 174, 165, 223, 173, 205, 149, 189, 222, 151, 198, 148, 245, 97, 154, 209, 214, 58, 140, 215, 181, 225, 201, 233, 246]
START TIMES OF ACTIVITIES OF PROJECT 7:
[0, 182, 198, 9, 199, 200, 242, 207, 209, 210, 250, 265, 172, 292, 220, 293, 293, 295, 189, 303, 313, 276, 317, 274, 286, 210, 302, 310, 302, 162, 314, 310, 316, 307, 261, 257, 317, 259, 226, 320, 315, 276, 308, 323, 323, 323, 325, 318, 318, 232, 321, 332]
START TIMES OF ACTIVITIES OF PROJECT 8:
[0, 20, 22, 26, 32, 37, 41, 44, 48, 13, 56, 74, 82, 86, 94, 102, 114, 82, 82, 98, 62, 56, 69, 66, 56, 92, 3, 62, 37, 43, 116, 7, 111, 87, 56, 123, 100, 97, 41, 43, 85, 108, 62, 128, 105, 87, 116, 3, 89, 118, 117, 129]
START TIMES OF ACTIVITIES OF PROJECT 9:
[0, 16, 39, 6, 40, 63, 23, 69, 77, 85, 107, 114, 6, 120, 85, 131, 77, 134, 108, 140, 149, 124, 43, 89, 40, 6, 134, 149, 136, 159, 120, 119, 126, 134, 127, 97, 153, 33, 81, 77, 69, 110, 97, 23, 40, 50, 55, 23, 40, 46, 53, 168]
START TIMES OF ACTIVITIES OF PROJECT 10:
[0, 266, 269, 272, 279, 281, 283, 285, 262, 293, 297, 336, 342, 345, 352, 380, 16, 389, 36, 305, 302, 322, 328, 27, 342, 326, 342, 258, 342, 24, 295, 362, 317, 295, 319, 312, 292, 345, 305, 370, 6, 319, 362, 380, 392, 390, 394, 412, 412, 419, 402, 429]
START TIMES OF ACTIVITIES OF PROJECT 11:
[0, 8, 10, 8, 11, 58, 99, 65, 78, 84, 86, 109, 11, 112, 80, 116, 86, 130, 21, 138, 146, 68, 118, 78, 52, 27, 118, 147, 116, 46, 147, 124, 152, 123, 96, 87, 149, 119, 118, 144, 124, 95, 126, 150, 131, 147, 149, 144, 126, 37, 151, 157]
START TIMES OF ACTIVITIES OF PROJECT 12:
[0, 30, 34, 41, 10, 30, 68, 40, 66, 73, 10, 74, 30, 84, 61, 86, 51, 62, 95, 106, 45, 106, 21, 10, 32, 79, 111, 79, 86, 73, 73, 76, 74, 68, 66, 51, 42, 36, 76, 100, 36, 111, 84, 92, 89, 94, 60, 43, 53, 96, 96, 121]
TRANSFERS OF GLOBAL RESOURCE G1
(0, 2, 0): 25 
(0, 2, 3): 9 
(0, 2, 4): 10 
(0, 3, 0): 18 
(0, 4, 0): 16 
(0, 5, 0): 4 
(0, 5, 3): 13 
(0, 7, 0): 12 
(0, 8, 0): 9 
(0, 9, 0): 53 
(0, 10, 1): 88 
(0, 10, 19): 6 
(0, 11, 2): 18 
(0, 12, 0): 12 
(1, 0, 561): 268 
(2, 3, 35): 6 
(2, 4, 19): 1 
(2, 4, 59): 5 
(2, 5, 41): 2 
(2, 6, 76): 7 
(2, 8, 18): 5 
(2, 8, 54): 5 
(2, 8, 60): 6 
(2, 8, 92): 1 
(2, 9, 63): 2 
(2, 10, 14): 2 
(2, 12, 71): 2 
(3, 4, 58): 5 
(3, 4, 86): 4 
(3, 11, 68): 3 
(3, 12, 31): 9 
(3, 12, 48): 3 
(3, 12, 73): 3 
(3, 12, 76): 2 
(3, 12, 97): 10 
(4, 6, 60): 10 
(4, 6, 132): 11 
(4, 10, 19): 8 
(4, 11, 41): 5 
(4, 11, 91): 1 
(4, 11, 94): 7 
(4, 11, 114): 3 
(4, 11, 139): 5 
(5, 3, 31): 2 
(5, 3, 36): 1 
(5, 3, 38): 3 
(5, 8, 98): 1 
(5, 8, 104): 7 
(5, 8, 107): 5 
(5, 9, 37): 2 
(5, 9, 38): 8 
(5, 9, 67): 3 
(5, 9, 75): 1 
(5, 9, 95): 10 
(5, 11, 70): 2 
(5, 12, 48): 5 
(5, 12, 74): 1 
(6, 7, 157): 11 
(6, 7, 167): 22 
(6, 7, 177): 16 
(6, 7, 254): 2 
(6, 7, 256): 28 
(6, 7, 260): 51 
(6, 10, 246): 90 
(6, 10, 254): 2 
(7, 0, 332): 1 
(7, 1, 334): 110 
(7, 6, 217): 5 
(7, 6, 230): 5 
(7, 10, 16): 12 
(7, 10, 250): 71 
(7, 10, 297): 8 
(7, 10, 328): 9 
(7, 10, 337): 11 
(8, 1, 336): 1 
(8, 4, 73): 6 
(8, 6, 77): 4 
(8, 6, 166): 3 
(8, 6, 181): 4 
(8, 7, 184): 12 
(8, 10, 254): 7 
(8, 10, 293): 1 
(8, 10, 305): 2 
(8, 12, 71): 2 
(9, 4, 24): 1 
(9, 5, 18): 3 
(9, 5, 21): 6 
(9, 5, 27): 1 
(9, 5, 43): 7 
(9, 5, 86): 3 
(9, 5, 89): 10 
(9, 6, 55): 7 
(9, 6, 81): 5 
(9, 6, 170): 9 
(9, 7, 149): 9 
(9, 7, 159): 11 
(9, 10, 17): 8 
(9, 11, 46): 4 
(9, 11, 138): 2 
(9, 11, 141): 2 
(9, 11, 143): 3 
(10, 0, 429): 24 
(10, 1, 412): 62 
(10, 1, 485): 95 
(10, 4, 42): 2 
(10, 6, 46): 59 
(10, 6, 56): 59 
(10, 7, 307): 11 
(10, 7, 308): 9 
(10, 11, 37): 3 
(10, 11, 43): 12 
(11, 4, 27): 3 
(11, 4, 80): 3 
(11, 6, 60): 10 
(11, 6, 86): 9 
(11, 7, 155): 20 
(11, 7, 165): 14 
(11, 10, 15): 10 
(11, 10, 18): 1 
(12, 3, 12): 3 
(12, 3, 40): 5 
(12, 3, 42): 1 
(12, 4, 18): 2 
(12, 4, 20): 2 
(12, 5, 92): 2 
(12, 6, 54): 3 
(12, 6, 169): 12 
(12, 7, 147): 4 
(12, 8, 103): 3 
(12, 9, 64): 3 
(12, 9, 92): 9 
TRANSFERS OF GLOBAL RESOURCE G2
(0, 2, 0): 22 
(0, 2, 1): 6 
(0, 3, 0): 21 
(0, 8, 0): 15 
(0, 8, 4): 10 
(0, 9, 4): 25 
(0, 10, 0): 59 
(0, 11, 0): 115 
(1, 0, 561): 208 
(2, 4, 20): 6 
(2, 4, 23): 7 
(2, 4, 79): 2 
(2, 4, 85): 7 
(2, 5, 56): 1 
(2, 6, 63): 1 
(2, 8, 56): 1 
(2, 9, 32): 3 
(2, 9, 56): 6 
(2, 9, 62): 5 
(3, 2, 40): 1 
(3, 2, 42): 3 
(3, 2, 49): 2 
(3, 4, 25): 4 
(3, 4, 33): 2 
(3, 4, 76): 1 
(3, 4, 77): 4 
(3, 6, 69): 13 
(3, 8, 57): 1 
(3, 9, 39): 1 
(4, 1, 341): 1 
(4, 2, 42): 1 
(4, 5, 51): 2 
(4, 6, 60): 7 
(4, 6, 190): 1 
(4, 8, 101): 1 
(4, 8, 103): 11 
(4, 9, 97): 2 
(4, 9, 116): 4 
(4, 11, 98): 5 
(4, 12, 48): 1 
(5, 6, 49): 7 
(5, 8, 102): 4 
(5, 11, 44): 2 
(5, 11, 87): 6 
(5, 11, 88): 11 
(5, 12, 38): 3 
(5, 12, 53): 11 
(6, 7, 171): 23 
(6, 7, 246): 13 
(6, 7, 254): 9 
(6, 7, 265): 8 
(6, 10, 251): 108 
(6, 10, 259): 3 
(6, 10, 298): 2 
(6, 11, 97): 52 
(6, 11, 142): 111 
(7, 0, 332): 19 
(7, 1, 325): 87 
(7, 1, 401): 45 
(7, 6, 211): 8 
(7, 6, 214): 2 
(7, 6, 224): 12 
(7, 10, 293): 24 
(8, 3, 11): 3 
(8, 3, 13): 6 
(8, 5, 11): 1 
(8, 6, 72): 10 
(8, 6, 87): 6 
(8, 6, 144): 2 
(8, 9, 105): 6 
(8, 9, 117): 8 
(8, 9, 121): 1 
(8, 9, 123): 4 
(8, 10, 21): 1 
(8, 10, 24): 1 
(8, 11, 46): 5 
(8, 11, 89): 1 
(8, 11, 124): 5 
(8, 12, 11): 1 
(9, 2, 12): 4 
(9, 3, 11): 2 
(9, 4, 84): 3 
(9, 6, 142): 10 
(9, 7, 172): 20 
(9, 8, 40): 4 
(9, 8, 53): 5 
(9, 8, 59): 3 
(9, 8, 79): 1 
(9, 8, 111): 3 
(9, 10, 23): 1 
(9, 10, 32): 2 
(9, 11, 87): 4 
(9, 12, 77): 2 
(9, 12, 83): 1 
(10, 0, 429): 46 
(10, 1, 331): 10 
(10, 1, 517): 41 
(10, 1, 522): 24 
(10, 7, 308): 15 
(10, 7, 309): 1 
(10, 11, 45): 64 
(11, 5, 12): 16 
(11, 5, 21): 13 
(11, 5, 23): 3 
(11, 5, 69): 8 
(11, 6, 56): 19 
(11, 6, 77): 5 
(11, 6, 82): 15 
(11, 6, 92): 39 
(11, 6, 103): 23 
(11, 6, 113): 23 
(11, 6, 138): 39 
(11, 6, 146): 6 
(11, 6, 147): 15 
(11, 6, 149): 13 
(11, 6, 153): 22 
(11, 7, 153): 45 
(11, 7, 163): 47 
(11, 7, 173): 16 
(11, 8, 35): 1 
(11, 12, 21): 19 
(12, 6, 72): 7 
(12, 6, 77): 14 
(12, 6, 98): 6 
(12, 6, 144): 4 
(12, 8, 104): 1 
(12, 11, 121): 6 
}
