INSTANCE: "A_6_60_10" 
RELEASES: [0, 0, 0, 0, 0, 0]
DUEDATES: [90, 102, 95, 120, 95, 118]
COMPLETION TIMES: [130, 108, 227, 270, 157, 335]
MAKESPANS: [130, 108, 227, 270, 157, 335]
DELAYS: [40, 6, 132, 150, 62, 217]
COST: 917.0

Solution = { 
START TIMES OF ACTIVITIES OF PROJECT 1:
[0, 14, 6, 10, 23, 29, 29, 56, 14, 39, 39, 20, 40, 46, 23, 57, 35, 45, 42, 40, 40, 24, 28, 47, 53, 53, 28, 52, 34, 77, 118, 60, 67, 57, 96, 67, 101, 105, 123, 77, 77, 104, 100, 91, 84, 105, 56, 93, 98, 110, 105, 107, 84, 69, 108, 90, 112, 117, 126, 116, 129, 130]
START TIMES OF ACTIVITIES OF PROJECT 2:
[0, 7, 7, 7, 10, 15, 24, 32, 17, 17, 8, 23, 32, 8, 27, 48, 26, 27, 24, 26, 67, 31, 48, 35, 52, 59, 46, 36, 54, 87, 35, 39, 93, 37, 44, 66, 57, 66, 79, 17, 77, 78, 67, 70, 50, 77, 40, 82, 33, 61, 60, 87, 87, 67, 95, 54, 97, 97, 97, 100, 78, 108]
START TIMES OF ACTIVITIES OF PROJECT 3:
[0, 115, 0, 116, 123, 123, 142, 153, 183, 157, 134, 132, 157, 132, 189, 127, 151, 157, 162, 157, 168, 139, 176, 167, 147, 157, 182, 174, 174, 187, 179, 137, 177, 162, 189, 183, 192, 199, 172, 163, 169, 182, 204, 184, 178, 179, 178, 199, 199, 196, 182, 186, 204, 196, 206, 209, 206, 210, 214, 199, 217, 227]
START TIMES OF ACTIVITIES OF PROJECT 4:
[0, 149, 140, 22, 157, 160, 161, 153, 165, 168, 161, 197, 159, 176, 167, 184, 184, 191, 179, 211, 197, 175, 191, 161, 152, 199, 243, 202, 229, 201, 203, 209, 179, 180, 198, 191, 201, 182, 219, 220, 241, 220, 217, 176, 226, 248, 228, 246, 236, 248, 225, 232, 249, 251, 256, 249, 245, 259, 252, 267, 263, 270]
START TIMES OF ACTIVITIES OF PROJECT 5:
[0, 9, 9, 39, 48, 64, 55, 76, 36, 70, 10, 45, 105, 111, 75, 121, 70, 26, 84, 114, 97, 100, 40, 53, 115, 133, 88, 123, 19, 121, 147, 88, 90, 110, 105, 112, 124, 130, 104, 128, 120, 100, 123, 116, 127, 143, 152, 114, 98, 135, 146, 139, 104, 112, 137, 147, 142, 88, 154, 153, 148, 157]
START TIMES OF ACTIVITIES OF PROJECT 6:
[0, 220, 214, 220, 224, 226, 232, 232, 252, 260, 242, 263, 229, 243, 269, 281, 254, 270, 256, 236, 253, 237, 226, 279, 241, 288, 252, 263, 279, 281, 296, 294, 299, 308, 265, 289, 308, 267, 266, 241, 303, 272, 292, 296, 306, 292, 314, 321, 296, 302, 318, 310, 324, 314, 321, 327, 327, 320, 334, 330, 320, 335]
TRANSFERS OF GLOBAL RESOURCE G1
(0, 1, 0): 7 
(0, 1, 4): 3 
(0, 1, 13): 3 
(0, 2, 0): 22 
(0, 2, 1): 6 
(0, 5, 4): 6 
(1, 3, 111): 7 
(1, 3, 130): 7 
(1, 3, 133): 3 
(1, 5, 73): 1 
(1, 5, 82): 1 
(2, 1, 10): 1 
(2, 1, 93): 3 
(2, 1, 94): 2 
(2, 3, 107): 1 
(2, 4, 17): 3 
(2, 5, 21): 1 
(2, 5, 50): 3 
(2, 5, 59): 2 
(2, 5, 70): 7 
(2, 5, 95): 1 
(2, 5, 100): 5 
(2, 5, 109): 7 
(3, 4, 185): 3 
(3, 4, 204): 1 
(3, 4, 227): 8 
(3, 6, 197): 4 
(3, 6, 203): 1 
(3, 6, 212): 1 
(3, 6, 215): 11 
(4, 0, 270): 17 
(4, 2, 31): 2 
(4, 2, 39): 1 
(4, 3, 161): 2 
(4, 3, 162): 1 
(4, 5, 153): 4 
(4, 6, 206): 7 
(4, 6, 282): 6 
(5, 2, 39): 1 
(5, 2, 43): 2 
(5, 2, 77): 2 
(5, 3, 121): 1 
(5, 3, 156): 7 
(5, 4, 139): 5 
(5, 4, 148): 4 
(5, 4, 151): 1 
(5, 4, 156): 7 
(5, 4, 159): 8 
(6, 0, 335): 30 
TRANSFERS OF GLOBAL RESOURCE G2
(0, 1, 0): 6 
(0, 1, 4): 7 
(0, 2, 0): 19 
(0, 2, 1): 3 
(0, 5, 0): 3 
(0, 5, 1): 3 
(0, 5, 10): 1 
(1, 2, 48): 1 
(1, 2, 67): 1 
(1, 3, 134): 6 
(1, 4, 130): 3 
(1, 5, 41): 2 
(1, 5, 69): 1 
(1, 5, 98): 2 
(1, 5, 116): 1 
(1, 5, 126): 1 
(2, 1, 79): 2 
(2, 1, 99): 1 
(2, 3, 107): 5 
(2, 3, 108): 5 
(2, 4, 10): 2 
(2, 5, 35): 1 
(2, 5, 90): 1 
(2, 5, 95): 2 
(2, 5, 102): 5 
(3, 4, 214): 1 
(3, 4, 228): 2 
(3, 6, 209): 5 
(3, 6, 215): 1 
(3, 6, 219): 4 
(3, 6, 221): 7 
(3, 6, 249): 1 
(3, 6, 258): 1 
(4, 0, 270): 16 
(4, 3, 167): 2 
(4, 5, 32): 1 
(4, 5, 35): 1 
(4, 6, 199): 1 
(4, 6, 248): 1 
(4, 6, 252): 3 
(4, 6, 255): 1 
(4, 6, 281): 1 
(5, 1, 53): 2 
(5, 3, 145): 1 
(5, 3, 157): 2 
(5, 3, 170): 1 
(5, 4, 136): 2 
(5, 4, 145): 1 
(5, 4, 148): 6 
(5, 4, 153): 5 
(5, 4, 156): 4 
(5, 4, 157): 1 
(6, 0, 335): 26 
}
