INSTANCE: "A_18_60_15" 
RELEASES: [0, 0, 0, 0, 0, 0, 0, 0, 0, 0, 0, 0, 0, 0, 0, 0, 0, 0]
DUEDATES: [162, 95, 116, 129, 131, 120, 130, 84, 114, 125, 140, 73, 118, 94, 106, 143, 122, 86]
COMPLETION TIMES: [342, 138, 172, 464, 381, 457, 216, 242, 132, 460, 352, 108, 306, 461, 161, 316, 277, 138]
MAKESPANS: [342, 138, 172, 464, 381, 457, 216, 242, 132, 460, 352, 108, 306, 461, 161, 316, 277, 138]
DELAYS: [180, 43, 56, 335, 250, 337, 86, 158, 18, 335, 212, 35, 188, 367, 55, 173, 155, 52]
COST: 4079.0

Solution = { 
START TIMES OF ACTIVITIES OF PROJECT 1:
[0, 161, 143, 143, 151, 171, 189, 181, 153, 163, 144, 220, 193, 199, 200, 228, 160, 228, 239, 266, 172, 181, 276, 233, 256, 190, 211, 201, 294, 265, 301, 212, 252, 266, 249, 263, 315, 282, 205, 245, 232, 284, 294, 289, 236, 246, 274, 306, 259, 299, 299, 320, 306, 328, 315, 325, 323, 298, 334, 330, 334, 342]
START TIMES OF ACTIVITIES OF PROJECT 2:
[0, 18, 16, 18, 25, 25, 35, 50, 27, 59, 19, 34, 54, 50, 81, 65, 44, 78, 50, 54, 64, 18, 78, 67, 29, 59, 97, 70, 70, 88, 76, 70, 91, 64, 86, 96, 103, 98, 72, 67, 74, 86, 101, 93, 78, 76, 84, 112, 97, 107, 102, 106, 106, 103, 108, 111, 119, 119, 127, 106, 128, 138]
START TIMES OF ACTIVITIES OF PROJECT 3:
[0, 18, 15, 15, 25, 27, 31, 28, 18, 32, 27, 41, 53, 36, 58, 76, 56, 59, 79, 38, 62, 82, 44, 44, 46, 65, 33, 50, 103, 121, 110, 80, 124, 102, 114, 124, 47, 79, 89, 114, 96, 139, 117, 154, 131, 139, 69, 87, 157, 116, 146, 140, 131, 146, 149, 157, 148, 148, 158, 166, 162, 172]
START TIMES OF ACTIVITIES OF PROJECT 4:
[0, 349, 276, 308, 359, 364, 349, 352, 350, 380, 359, 380, 371, 437, 390, 393, 410, 390, 311, 392, 403, 414, 373, 370, 366, 397, 355, 407, 401, 359, 409, 422, 373, 421, 418, 414, 430, 380, 403, 401, 432, 439, 424, 434, 365, 415, 431, 438, 440, 388, 443, 425, 427, 398, 442, 446, 453, 453, 445, 462, 457, 464]
START TIMES OF ACTIVITIES OF PROJECT 5:
[0, 257, 240, 178, 267, 282, 251, 278, 246, 303, 275, 286, 267, 308, 307, 298, 242, 281, 323, 285, 303, 278, 284, 294, 287, 291, 329, 294, 312, 274, 320, 326, 309, 337, 319, 320, 319, 347, 331, 335, 358, 319, 314, 350, 341, 361, 331, 337, 355, 317, 345, 354, 361, 367, 355, 352, 369, 370, 372, 371, 376, 381]
START TIMES OF ACTIVITIES OF PROJECT 6:
[0, 335, 330, 194, 339, 345, 339, 339, 377, 357, 351, 345, 355, 364, 346, 342, 370, 358, 390, 414, 364, 365, 382, 347, 368, 347, 414, 375, 371, 365, 396, 374, 341, 369, 357, 393, 366, 387, 413, 409, 402, 393, 404, 392, 422, 409, 382, 430, 424, 430, 414, 421, 439, 431, 432, 434, 399, 446, 435, 454, 444, 457]
START TIMES OF ACTIVITIES OF PROJECT 7:
[0, 20, 20, 58, 40, 27, 73, 91, 47, 27, 66, 31, 51, 73, 62, 111, 68, 82, 116, 132, 126, 112, 144, 157, 196, 134, 142, 166, 147, 163, 144, 161, 182, 146, 165, 150, 106, 150, 166, 154, 170, 166, 166, 177, 186, 206, 177, 177, 188, 157, 194, 188, 185, 172, 186, 202, 198, 203, 199, 212, 210, 216]
START TIMES OF ACTIVITIES OF PROJECT 8:
[0, 138, 178, 130, 154, 156, 183, 153, 185, 149, 183, 195, 148, 155, 196, 183, 153, 173, 161, 187, 184, 197, 158, 199, 166, 162, 162, 174, 165, 198, 145, 212, 196, 199, 170, 179, 208, 184, 211, 196, 156, 217, 188, 199, 203, 224, 194, 220, 202, 205, 211, 227, 202, 217, 198, 224, 225, 229, 239, 233, 229, 242]
START TIMES OF ACTIVITIES OF PROJECT 9:
[0, 11, 38, 11, 15, 16, 18, 24, 21, 53, 18, 23, 41, 25, 51, 57, 48, 60, 62, 50, 32, 44, 67, 77, 57, 65, 53, 71, 31, 100, 72, 38, 69, 111, 66, 76, 85, 68, 91, 99, 78, 95, 101, 110, 96, 92, 103, 116, 98, 86, 100, 120, 106, 120, 112, 126, 52, 110, 122, 129, 126, 132]
START TIMES OF ACTIVITIES OF PROJECT 10:
[0, 134, 315, 316, 333, 338, 371, 344, 376, 362, 382, 356, 346, 372, 371, 358, 376, 343, 386, 386, 421, 386, 429, 362, 395, 397, 399, 392, 412, 354, 386, 396, 338, 408, 371, 372, 427, 374, 386, 419, 407, 406, 406, 439, 387, 420, 447, 397, 412, 454, 411, 421, 434, 434, 444, 447, 441, 445, 455, 453, 450, 460]
START TIMES OF ACTIVITIES OF PROJECT 11:
[0, 234, 129, 244, 220, 253, 139, 241, 250, 139, 244, 246, 263, 256, 237, 266, 142, 159, 244, 250, 227, 264, 220, 263, 250, 271, 298, 259, 273, 286, 253, 297, 280, 273, 277, 293, 263, 307, 309, 289, 307, 280, 277, 316, 302, 292, 316, 299, 309, 311, 311, 321, 326, 321, 322, 334, 326, 336, 315, 332, 343, 352]
START TIMES OF ACTIVITIES OF PROJECT 12:
[0, 16, 16, 16, 22, 24, 22, 19, 27, 33, 30, 31, 25, 41, 31, 63, 47, 37, 32, 51, 39, 44, 41, 63, 61, 51, 64, 61, 21, 61, 78, 53, 66, 77, 75, 31, 48, 57, 38, 66, 63, 81, 83, 92, 73, 39, 97, 87, 91, 82, 83, 93, 74, 75, 92, 82, 82, 101, 102, 102, 95, 108]
START TIMES OF ACTIVITIES OF PROJECT 13:
[0, 177, 186, 168, 268, 183, 202, 172, 218, 192, 206, 195, 192, 182, 223, 261, 216, 217, 206, 172, 241, 219, 195, 233, 215, 244, 217, 200, 229, 233, 263, 249, 231, 251, 276, 238, 281, 225, 243, 195, 284, 252, 241, 243, 270, 247, 277, 287, 278, 257, 253, 270, 290, 284, 293, 298, 298, 261, 305, 300, 287, 306]
START TIMES OF ACTIVITIES OF PROJECT 14:
[0, 342, 323, 333, 349, 361, 348, 349, 393, 356, 369, 382, 368, 383, 348, 371, 393, 378, 360, 389, 375, 402, 392, 398, 375, 407, 414, 422, 355, 384, 422, 396, 389, 397, 394, 411, 423, 414, 392, 412, 432, 392, 422, 407, 430, 428, 436, 427, 444, 428, 436, 439, 436, 442, 439, 448, 449, 447, 450, 449, 454, 461]
START TIMES OF ACTIVITIES OF PROJECT 15:
[0, 0, 37, 30, 39, 46, 48, 48, 48, 93, 43, 38, 68, 52, 56, 67, 60, 19, 61, 25, 80, 59, 51, 35, 87, 93, 98, 106, 43, 113, 118, 60, 68, 78, 89, 106, 98, 59, 137, 95, 69, 51, 74, 81, 128, 83, 100, 127, 111, 109, 135, 113, 140, 135, 135, 147, 141, 135, 141, 152, 152, 161]
START TIMES OF ACTIVITIES OF PROJECT 16:
[0, 170, 188, 145, 161, 177, 150, 158, 167, 204, 185, 158, 179, 188, 169, 192, 175, 215, 222, 206, 216, 206, 226, 216, 185, 198, 206, 219, 192, 226, 239, 248, 248, 226, 264, 248, 258, 234, 194, 239, 256, 221, 292, 297, 286, 306, 294, 258, 298, 266, 276, 271, 266, 286, 276, 266, 274, 287, 307, 306, 311, 316]
START TIMES OF ACTIVITIES OF PROJECT 17:
[0, 150, 148, 145, 149, 190, 161, 152, 171, 149, 177, 175, 175, 161, 179, 181, 200, 198, 201, 202, 177, 151, 152, 157, 230, 183, 165, 204, 211, 222, 184, 210, 209, 220, 230, 234, 194, 221, 261, 187, 215, 230, 238, 237, 218, 240, 242, 266, 223, 249, 250, 231, 258, 210, 243, 269, 258, 258, 269, 267, 273, 277]
START TIMES OF ACTIVITIES OF PROJECT 18:
[0, 19, 19, 19, 20, 27, 38, 46, 33, 42, 40, 38, 66, 30, 55, 51, 20, 57, 69, 76, 87, 23, 59, 51, 39, 103, 27, 65, 30, 62, 72, 42, 72, 79, 105, 113, 79, 92, 99, 110, 45, 78, 86, 46, 96, 103, 112, 87, 98, 124, 107, 114, 99, 118, 127, 105, 124, 119, 128, 128, 133, 138]
TRANSFERS OF GLOBAL RESOURCE G1
(0, 2, 0): 1 
(0, 2, 2): 12 
(0, 3, 6): 5 
(0, 3, 9): 8 
(0, 7, 0): 11 
(0, 9, 0): 15 
(0, 9, 7): 4 
(0, 12, 4): 12 
(0, 15, 0): 10 
(0, 18, 3): 24 
(1, 6, 340): 1 
(1, 7, 153): 1 
(1, 10, 302): 3 
(1, 10, 325): 1 
(1, 10, 331): 1 
(1, 10, 340): 4 
(1, 13, 146): 1 
(1, 13, 150): 1 
(1, 13, 209): 1 
(1, 14, 326): 3 
(1, 14, 338): 4 
(1, 14, 346): 3 
(1, 16, 144): 3 
(2, 8, 111): 2 
(2, 8, 119): 1 
(2, 9, 30): 1 
(2, 9, 112): 1 
(2, 9, 114): 6 
(2, 11, 111): 1 
(2, 12, 19): 2 
(2, 12, 41): 1 
(2, 12, 72): 5 
(2, 12, 76): 1 
(2, 17, 138): 7 
(3, 2, 48): 1 
(3, 2, 80): 2 
(3, 5, 162): 5 
(3, 8, 125): 2 
(3, 8, 132): 2 
(3, 8, 149): 4 
(3, 8, 160): 3 
(3, 8, 161): 1 
(3, 8, 172): 6 
(3, 8, 175): 1 
(3, 12, 87): 2 
(4, 0, 464): 26 
(4, 11, 292): 4 
(5, 4, 380): 3 
(5, 4, 400): 1 
(5, 8, 183): 3 
(5, 8, 184): 2 
(5, 10, 338): 1 
(5, 10, 342): 1 
(5, 10, 366): 7 
(5, 10, 386): 5 
(5, 14, 383): 5 
(6, 0, 457): 21 
(6, 4, 414): 1 
(6, 17, 204): 3 
(7, 1, 212): 5 
(7, 1, 215): 1 
(7, 2, 48): 1 
(7, 2, 80): 3 
(7, 6, 187): 3 
(7, 9, 31): 2 
(7, 9, 40): 4 
(7, 16, 202): 2 
(7, 16, 208): 2 
(7, 17, 182): 1 
(7, 17, 200): 1 
(7, 17, 216): 3 
(8, 5, 229): 6 
(8, 5, 231): 1 
(8, 5, 240): 1 
(8, 11, 156): 2 
(8, 11, 217): 17 
(8, 11, 234): 5 
(8, 11, 238): 2 
(8, 11, 243): 1 
(8, 11, 247): 3 
(8, 16, 230): 1 
(9, 1, 126): 5 
(9, 2, 57): 2 
(9, 3, 136): 4 
(9, 7, 52): 3 
(9, 7, 96): 1 
(9, 7, 132): 1 
(9, 7, 137): 4 
(9, 12, 21): 2 
(9, 12, 22): 4 
(9, 12, 24): 1 
(9, 12, 27): 3 
(9, 12, 35): 1 
(9, 12, 44): 4 
(9, 12, 60): 5 
(9, 12, 72): 3 
(9, 12, 74): 1 
(9, 12, 79): 6 
(9, 16, 126): 7 
(9, 17, 126): 5 
(9, 17, 131): 3 
(10, 0, 460): 24 
(10, 8, 140): 1 
(10, 14, 387): 2 
(10, 14, 415): 7 
(11, 4, 332): 18 
(11, 4, 335): 1 
(11, 4, 356): 1 
(11, 5, 261): 1 
(11, 5, 281): 1 
(11, 5, 285): 5 
(11, 5, 318): 2 
(11, 6, 349): 1 
(11, 6, 354): 1 
(11, 8, 142): 1 
(11, 8, 167): 2 
(11, 8, 221): 8 
(12, 2, 53): 5 
(12, 2, 90): 1 
(12, 3, 100): 2 
(12, 3, 106): 10 
(12, 7, 101): 3 
(12, 7, 102): 2 
(12, 9, 48): 7 
(12, 9, 64): 2 
(12, 9, 66): 5 
(12, 9, 68): 6 
(12, 9, 92): 6 
(12, 9, 108): 1 
(12, 9, 117): 4 
(13, 1, 272): 1 
(13, 10, 281): 2 
(13, 10, 282): 1 
(13, 10, 304): 2 
(13, 10, 309): 3 
(13, 10, 310): 1 
(13, 14, 304): 7 
(13, 14, 314): 1 
(14, 0, 461): 31 
(14, 10, 371): 1 
(15, 1, 167): 1 
(15, 10, 113): 1 
(15, 13, 152): 6 
(15, 13, 156): 1 
(15, 13, 161): 1 
(15, 13, 166): 6 
(16, 6, 311): 5 
(16, 6, 316): 9 
(16, 6, 326): 5 
(17, 1, 247): 1 
(17, 1, 266): 1 
(17, 4, 265): 5 
(17, 5, 246): 1 
(17, 5, 269): 2 
(17, 5, 274): 3 
(17, 11, 280): 4 
(17, 11, 281): 2 
(17, 11, 291): 1 
(17, 16, 266): 2 
(17, 16, 275): 1 
(18, 1, 137): 12 
(18, 7, 138): 2 
(18, 9, 30): 1 
(18, 12, 65): 1 
(18, 13, 147): 1 
(18, 15, 39): 2 
(18, 15, 72): 1 
(18, 15, 78): 1 
(18, 15, 94): 1 
(18, 15, 118): 1 
(18, 16, 138): 1 
TRANSFERS OF GLOBAL RESOURCE G2
(0, 2, 0): 24 
(0, 3, 0): 14 
(0, 3, 3): 3 
(0, 7, 4): 7 
(0, 7, 11): 1 
(0, 9, 9): 15 
(0, 9, 16): 5 
(0, 12, 0): 12 
(0, 12, 6): 1 
(0, 12, 8): 6 
(0, 18, 0): 15 
(0, 18, 1): 1 
(1, 8, 144): 3 
(1, 8, 182): 4 
(1, 8, 200): 3 
(1, 10, 305): 2 
(1, 10, 306): 5 
(1, 10, 323): 1 
(1, 10, 344): 2 
(1, 10, 362): 8 
(1, 13, 234): 3 
(1, 14, 338): 3 
(1, 14, 340): 4 
(1, 17, 224): 1 
(2, 1, 126): 4 
(2, 1, 134): 2 
(2, 3, 42): 1 
(2, 3, 84): 6 
(2, 3, 109): 1 
(2, 3, 111): 6 
(2, 3, 141): 1 
(2, 15, 19): 5 
(2, 15, 26): 5 
(2, 15, 126): 6 
(2, 17, 140): 4 
(2, 18, 53): 2 
(3, 1, 122): 1 
(3, 2, 59): 4 
(3, 2, 60): 2 
(3, 2, 67): 1 
(3, 2, 73): 1 
(3, 2, 76): 1 
(3, 2, 98): 2 
(3, 7, 119): 1 
(3, 8, 117): 1 
(3, 12, 50): 2 
(3, 13, 158): 1 
(3, 13, 162): 6 
(3, 13, 173): 1 
(3, 13, 185): 1 
(3, 15, 98): 1 
(3, 15, 120): 3 
(3, 17, 164): 1 
(3, 17, 166): 4 
(3, 17, 168): 3 
(3, 18, 66): 1 
(3, 18, 75): 1 
(4, 0, 464): 29 
(4, 5, 286): 1 
(4, 5, 314): 8 
(4, 5, 315): 1 
(4, 5, 365): 4 
(4, 6, 363): 1 
(4, 6, 385): 1 
(5, 4, 303): 7 
(5, 4, 344): 9 
(5, 4, 345): 3 
(5, 4, 347): 1 
(5, 4, 398): 2 
(5, 4, 402): 4 
(5, 6, 183): 1 
(5, 6, 324): 1 
(5, 6, 328): 5 
(5, 6, 382): 4 
(5, 6, 403): 1 
(5, 14, 373): 6 
(5, 16, 252): 2 
(6, 0, 457): 20 
(6, 4, 341): 2 
(6, 4, 417): 2 
(6, 4, 419): 1 
(6, 11, 201): 1 
(6, 14, 378): 5 
(7, 5, 218): 1 
(7, 9, 92): 1 
(7, 9, 96): 1 
(7, 11, 198): 1 
(7, 11, 205): 1 
(7, 11, 212): 1 
(7, 11, 215): 6 
(7, 16, 149): 1 
(7, 16, 170): 1 
(7, 16, 176): 1 
(7, 16, 189): 2 
(7, 16, 207): 7 
(7, 16, 210): 1 
(7, 16, 249): 1 
(8, 1, 158): 1 
(8, 1, 167): 1 
(8, 1, 188): 5 
(8, 1, 244): 2 
(8, 1, 247): 1 
(8, 13, 234): 3 
(8, 13, 235): 1 
(8, 13, 236): 1 
(8, 16, 232): 3 
(8, 16, 234): 1 
(8, 17, 242): 4 
(8, 17, 245): 8 
(9, 3, 80): 2 
(9, 7, 33): 1 
(9, 7, 128): 10 
(9, 7, 130): 1 
(9, 7, 132): 4 
(9, 11, 131): 4 
(9, 12, 24): 1 
(9, 12, 33): 1 
(10, 0, 460): 25 
(10, 8, 137): 1 
(11, 4, 256): 1 
(11, 4, 329): 1 
(11, 4, 332): 7 
(11, 4, 335): 1 
(11, 4, 353): 2 
(11, 5, 259): 2 
(11, 5, 272): 1 
(11, 5, 276): 1 
(11, 5, 326): 1 
(11, 5, 337): 1 
(11, 5, 340): 2 
(11, 5, 343): 1 
(11, 6, 304): 2 
(11, 6, 309): 2 
(11, 6, 313): 2 
(11, 6, 325): 2 
(11, 6, 349): 1 
(11, 14, 353): 2 
(11, 16, 147): 5 
(11, 16, 244): 2 
(12, 2, 106): 6 
(12, 3, 100): 1 
(12, 3, 102): 4 
(12, 7, 113): 1 
(12, 8, 124): 1 
(12, 9, 95): 1 
(12, 9, 105): 1 
(12, 11, 109): 1 
(12, 18, 51): 2 
(12, 18, 72): 1 
(12, 18, 73): 1 
(12, 18, 93): 1 
(12, 18, 97): 1 
(12, 18, 101): 3 
(12, 18, 104): 1 
(13, 1, 283): 2 
(13, 5, 271): 2 
(13, 6, 303): 4 
(13, 10, 325): 7 
(13, 11, 219): 5 
(13, 11, 282): 1 
(13, 14, 309): 4 
(13, 14, 315): 1 
(13, 16, 271): 4 
(14, 0, 461): 30 
(14, 6, 400): 1 
(15, 1, 154): 1 
(15, 2, 54): 1 
(15, 2, 82): 1 
(15, 8, 159): 3 
(15, 17, 141): 10 
(15, 17, 145): 10 
(15, 18, 41): 1 
(16, 4, 290): 1 
(16, 5, 164): 1 
(16, 5, 226): 6 
(16, 5, 228): 5 
(16, 5, 272): 2 
(16, 5, 294): 1 
(16, 5, 295): 1 
(16, 5, 298): 2 
(16, 5, 300): 1 
(16, 5, 306): 1 
(16, 6, 310): 2 
(16, 6, 315): 1 
(16, 11, 223): 1 
(16, 14, 306): 2 
(16, 14, 316): 4 
(17, 1, 265): 1 
(17, 1, 280): 3 
(17, 1, 282): 6 
(17, 4, 266): 1 
(17, 8, 157): 2 
(17, 8, 186): 2 
(17, 11, 273): 8 
(17, 11, 276): 9 
(17, 13, 150): 6 
(17, 13, 184): 6 
(17, 13, 282): 1 
(18, 1, 133): 6 
(18, 1, 141): 3 
(18, 8, 134): 8 
(18, 8, 138): 3 
(18, 10, 127): 1 
(18, 12, 24): 2 
(18, 12, 42): 1 
(18, 15, 21): 2 
(18, 15, 113): 5 
}
