INSTANCE: "B_10_50_15" 
RELEASES: [0, 0, 0, 0, 0, 0, 0, 0, 0, 0]
DUEDATES: [130, 116, 140, 115, 118, 174, 149, 119, 120, 174]
COMPLETION TIMES: [379, 136, 189, 155, 151, 589, 410, 132, 157, 377]
MAKESPANS: [379, 136, 189, 155, 151, 589, 410, 132, 157, 377]
DELAYS: [249, 20, 49, 40, 33, 415, 261, 13, 37, 203]
COST: 1997.5

Solution = { 
START TIMES OF ACTIVITIES OF PROJECT 1:
[0, 285, 294, 72, 295, 296, 292, 297, 309, 310, 311, 320, 253, 334, 311, 335, 312, 345, 246, 355, 360, 263, 335, 330, 307, 236, 342, 359, 335, 309, 363, 356, 341, 342, 337, 318, 360, 335, 355, 367, 353, 327, 344, 366, 349, 368, 368, 372, 377, 273, 372, 379]
START TIMES OF ACTIVITIES OF PROJECT 2:
[0, 44, 44, 44, 24, 51, 53, 0, 48, 64, 24, 74, 62, 84, 51, 51, 61, 74, 92, 55, 53, 70, 71, 59, 59, 52, 108, 121, 80, 74, 44, 130, 115, 121, 92, 92, 106, 97, 101, 92, 87, 84, 87, 56, 64, 51, 106, 74, 108, 128, 130, 136]
START TIMES OF ACTIVITIES OF PROJECT 3:
[0, 46, 91, 24, 95, 96, 56, 99, 108, 115, 116, 125, 66, 135, 25, 143, 112, 152, 147, 156, 167, 108, 76, 85, 101, 36, 113, 165, 138, 76, 164, 135, 138, 146, 25, 119, 170, 139, 136, 172, 113, 128, 149, 167, 165, 178, 188, 154, 178, 156, 180, 189]
START TIMES OF ACTIVITIES OF PROJECT 4:
[0, 47, 32, 60, 76, 69, 66, 48, 19, 19, 20, 38, 76, 69, 27, 85, 81, 53, 19, 102, 79, 76, 79, 87, 113, 124, 87, 98, 91, 104, 132, 123, 141, 83, 116, 101, 101, 123, 146, 103, 132, 82, 107, 104, 92, 101, 79, 92, 62, 106, 38, 155]
START TIMES OF ACTIVITIES OF PROJECT 5:
[0, 28, 53, 62, 45, 28, 66, 45, 93, 75, 66, 76, 0, 96, 55, 98, 95, 89, 119, 134, 98, 128, 80, 40, 30, 75, 139, 93, 122, 80, 89, 95, 117, 133, 110, 36, 105, 98, 121, 139, 55, 139, 119, 117, 129, 134, 149, 62, 53, 139, 136, 151]
START TIMES OF ACTIVITIES OF PROJECT 6:
[0, 422, 433, 436, 442, 452, 460, 463, 426, 469, 480, 514, 518, 520, 541, 550, 412, 557, 470, 25, 539, 576, 587, 532, 483, 494, 452, 566, 503, 470, 513, 544, 390, 459, 480, 512, 490, 550, 518, 506, 403, 396, 544, 522, 518, 526, 548, 552, 554, 577, 561, 589]
START TIMES OF ACTIVITIES OF PROJECT 7:
[0, 195, 199, 200, 222, 223, 234, 302, 205, 306, 308, 314, 316, 325, 326, 329, 17, 338, 326, 238, 214, 316, 246, 187, 322, 360, 140, 369, 308, 308, 322, 318, 379, 238, 255, 380, 243, 379, 379, 375, 293, 301, 381, 306, 27, 229, 386, 395, 395, 395, 403, 410]
START TIMES OF ACTIVITIES OF PROJECT 8:
[0, 26, 34, 36, 22, 34, 38, 42, 59, 53, 0, 48, 52, 79, 50, 81, 50, 48, 90, 107, 57, 93, 70, 22, 28, 83, 112, 98, 79, 55, 55, 61, 90, 81, 56, 61, 50, 66, 92, 104, 36, 112, 88, 81, 100, 107, 88, 56, 26, 109, 122, 132]
START TIMES OF ACTIVITIES OF PROJECT 9:
[0, 21, 33, 54, 23, 30, 62, 40, 105, 64, 21, 34, 23, 84, 48, 109, 102, 64, 119, 121, 58, 121, 21, 24, 26, 48, 126, 35, 109, 67, 19, 109, 129, 113, 99, 69, 89, 95, 131, 126, 24, 135, 29, 131, 102, 145, 81, 35, 75, 137, 147, 157]
START TIMES OF ACTIVITIES OF PROJECT 10:
[0, 212, 229, 235, 239, 248, 250, 252, 222, 255, 263, 270, 275, 282, 344, 360, 157, 369, 197, 259, 261, 322, 286, 188, 280, 257, 274, 216, 279, 156, 259, 353, 284, 253, 206, 274, 279, 295, 262, 313, 165, 323, 336, 178, 324, 321, 346, 353, 353, 363, 327, 377]
TRANSFERS OF GLOBAL RESOURCE G1
(0, 3, 4): 54 
(0, 3, 5): 5 
(0, 4, 0): 15 
(0, 5, 2): 3 
(0, 6, 0): 2 
(0, 7, 0): 67 
(0, 8, 0): 12 
(0, 9, 0): 30 
(0, 9, 2): 44 
(0, 9, 4): 30 
(1, 3, 85): 5 
(1, 6, 382): 26 
(2, 3, 76): 16 
(2, 3, 83): 4 
(2, 3, 132): 1 
(2, 7, 116): 7 
(2, 9, 109): 6 
(3, 1, 58): 5 
(3, 7, 131): 45 
(3, 7, 178): 104 
(3, 7, 186): 9 
(3, 10, 197): 6 
(4, 5, 114): 8 
(4, 7, 105): 3 
(4, 7, 160): 13 
(4, 8, 21): 5 
(4, 8, 27): 1 
(4, 8, 33): 1 
(4, 8, 35): 4 
(4, 8, 37): 1 
(5, 3, 70): 1 
(5, 9, 105): 3 
(5, 10, 142): 10 
(5, 10, 161): 2 
(5, 10, 176): 14 
(6, 0, 589): 140 
(6, 3, 37): 2 
(7, 0, 410): 99 
(7, 1, 214): 4 
(7, 1, 224): 2 
(7, 1, 263): 5 
(7, 1, 270): 5 
(7, 1, 313): 3 
(7, 3, 27): 6 
(7, 3, 37): 52 
(7, 3, 155): 2 
(7, 6, 385): 20 
(7, 6, 404): 27 
(7, 6, 452): 24 
(7, 6, 502): 3 
(7, 8, 43): 9 
(7, 10, 149): 60 
(7, 10, 205): 25 
(7, 10, 306): 41 
(7, 10, 314): 2 
(7, 10, 320): 3 
(8, 0, 122): 1 
(8, 1, 207): 2 
(8, 3, 130): 6 
(8, 4, 66): 6 
(8, 4, 89): 5 
(8, 5, 83): 3 
(8, 7, 102): 7 
(8, 10, 138): 2 
(8, 10, 172): 2 
(9, 2, 24): 24 
(9, 2, 28): 9 
(9, 2, 32): 1 
(9, 3, 81): 15 
(9, 4, 30): 10 
(9, 5, 24): 4 
(9, 5, 29): 5 
(9, 5, 37): 7 
(9, 7, 159): 7 
(9, 7, 167): 2 
(9, 8, 40): 1 
(9, 10, 156): 28 
(10, 0, 377): 22 
(10, 1, 281): 4 
(10, 1, 283): 1 
(10, 6, 379): 40 
(10, 7, 188): 38 
(10, 7, 286): 28 
(10, 7, 295): 13 
(10, 7, 353): 18 
(10, 7, 362): 31 
TRANSFERS OF GLOBAL RESOURCE G2
(0, 2, 0): 8 
(0, 2, 20): 13 
(0, 2, 24): 3 
(0, 2, 46): 1 
(0, 3, 0): 18 
(0, 3, 1): 42 
(0, 3, 12): 51 
(0, 3, 22): 2 
(0, 4, 0): 5 
(0, 4, 12): 2 
(0, 4, 18): 11 
(0, 5, 0): 17 
(0, 5, 25): 4 
(0, 6, 8): 21 
(0, 7, 9): 4 
(0, 7, 19): 4 
(0, 8, 0): 21 
(0, 8, 4): 1 
(0, 9, 0): 24 
(0, 9, 2): 24 
(1, 0, 379): 106 
(1, 6, 375): 10 
(1, 10, 97): 4 
(2, 5, 33): 2 
(2, 5, 91): 4 
(2, 6, 385): 2 
(2, 10, 121): 4 
(2, 10, 142): 3 
(2, 10, 152): 17 
(3, 1, 195): 50 
(3, 1, 205): 17 
(3, 1, 212): 16 
(3, 1, 244): 8 
(3, 1, 251): 5 
(3, 1, 296): 1 
(3, 4, 68): 1 
(3, 4, 69): 3 
(3, 4, 73): 9 
(3, 6, 373): 2 
(3, 7, 174): 10 
(3, 7, 272): 6 
(3, 9, 124): 3 
(3, 10, 122): 4 
(3, 10, 123): 9 
(3, 10, 178): 35 
(3, 10, 293): 1 
(4, 1, 44): 5 
(4, 1, 208): 12 
(4, 3, 102): 3 
(4, 9, 88): 7 
(4, 10, 117): 4 
(5, 2, 63): 2 
(5, 10, 123): 1 
(5, 10, 144): 1 
(5, 10, 154): 23 
(6, 0, 589): 170 
(6, 8, 32): 1 
(6, 8, 51): 8 
(6, 8, 55): 1 
(6, 9, 43): 1 
(6, 9, 47): 10 
(7, 1, 206): 3 
(7, 1, 245): 3 
(7, 2, 42): 5 
(7, 6, 380): 5 
(7, 6, 412): 10 
(7, 8, 46): 1 
(7, 8, 97): 2 
(7, 10, 158): 3 
(8, 3, 79): 2 
(8, 7, 125): 3 
(8, 9, 91): 16 
(8, 10, 141): 14 
(9, 3, 29): 22 
(9, 3, 39): 16 
(9, 3, 84): 7 
(9, 3, 92): 4 
(9, 3, 109): 12 
(9, 3, 165): 1 
(9, 7, 170): 2 
(9, 10, 137): 2 
(9, 10, 150): 10 
(9, 10, 160): 9 
(10, 6, 373): 124 
(10, 6, 405): 17 
(10, 7, 305): 1 
(10, 7, 375): 2 
}
