INSTANCE: "A_2_60_32" 
RELEASES: [0, 0]
DUEDATES: [86, 81]
COMPLETION TIMES: [99, 123]
MAKESPANS: [99, 123]
DELAYS: [13, 42]
COST: 138.5

Solution = { 
START TIMES OF ACTIVITIES OF PROJECT 1:
[0, 0, 19, 19, 35, 28, 34, 35, 28, 72, 20, 35, 54, 27, 37, 36, 44, 46, 43, 6, 58, 28, 53, 56, 47, 53, 73, 44, 58, 37, 11, 62, 47, 29, 35, 68, 48, 61, 63, 56, 53, 63, 68, 62, 68, 73, 73, 46, 72, 74, 84, 84, 58, 81, 57, 84, 75, 88, 95, 94, 88, 99]
START TIMES OF ACTIVITIES OF PROJECT 2:
[0, 26, 26, 26, 32, 40, 35, 41, 36, 41, 53, 74, 41, 97, 49, 32, 64, 62, 45, 82, 49, 56, 68, 49, 32, 70, 59, 63, 62, 49, 86, 70, 78, 108, 87, 90, 78, 82, 93, 89, 96, 44, 96, 91, 97, 93, 99, 105, 102, 103, 87, 107, 107, 115, 108, 108, 111, 118, 118, 105, 119, 123]
TRANSFERS OF GLOBAL RESOURCE G1
(0, 1, 0): 12 
(0, 1, 1): 4 
(0, 1, 9): 6 
(0, 2, 22): 8 
(0, 2, 28): 16 
(1, 0, 99): 18 
(1, 2, 78): 2 
(1, 2, 81): 2 
(2, 0, 123): 28 
TRANSFERS OF GLOBAL RESOURCE G2
(0, 1, 0): 17 
(0, 1, 1): 6 
(0, 1, 16): 1 
(0, 2, 0): 22 
(0, 2, 18): 1 
(1, 0, 98): 14 
(1, 2, 46): 1 
(1, 2, 54): 5 
(1, 2, 61): 4 
(2, 0, 123): 33 
}
