INSTANCE: "A_14_60_13" 
RELEASES: [0, 0, 0, 0, 0, 0, 0, 0, 0, 0, 0, 0, 0, 0]
DUEDATES: [119, 120, 139, 111, 107, 93, 77, 107, 116, 120, 152, 67, 114, 162]
COMPLETION TIMES: [263, 273, 410, 236, 249, 106, 110, 269, 132, 381, 286, 96, 408, 414]
MAKESPANS: [263, 273, 410, 236, 249, 106, 110, 269, 132, 381, 286, 96, 408, 414]
DELAYS: [144, 153, 271, 125, 142, 13, 33, 162, 16, 261, 134, 29, 294, 252]
COST: 2831.0

Solution = { 
START TIMES OF ACTIVITIES OF PROJECT 1:
[0, 111, 126, 155, 133, 120, 134, 172, 133, 195, 143, 137, 151, 164, 142, 141, 207, 170, 170, 173, 180, 182, 182, 152, 146, 127, 196, 202, 151, 238, 202, 187, 157, 153, 213, 196, 201, 207, 208, 231, 215, 164, 214, 231, 184, 189, 205, 207, 221, 216, 231, 236, 246, 238, 247, 253, 226, 245, 253, 259, 253, 263]
START TIMES OF ACTIVITIES OF PROJECT 2:
[0, 105, 109, 102, 118, 137, 143, 109, 124, 189, 117, 172, 149, 124, 155, 148, 151, 216, 134, 197, 222, 151, 138, 120, 136, 173, 223, 174, 185, 222, 192, 181, 137, 167, 188, 164, 223, 158, 254, 228, 231, 225, 207, 128, 205, 239, 200, 249, 208, 238, 233, 240, 251, 240, 255, 241, 189, 258, 262, 266, 266, 273]
START TIMES OF ACTIVITIES OF PROJECT 3:
[0, 257, 284, 290, 262, 266, 262, 275, 295, 290, 299, 299, 309, 312, 299, 309, 324, 322, 319, 303, 319, 342, 322, 298, 352, 309, 337, 331, 355, 327, 270, 334, 318, 337, 354, 342, 373, 345, 362, 350, 351, 382, 352, 370, 359, 361, 370, 386, 371, 362, 377, 383, 382, 377, 392, 386, 395, 399, 409, 405, 399, 410]
START TIMES OF ACTIVITIES OF PROJECT 4:
[0, 109, 103, 112, 138, 117, 115, 108, 157, 124, 122, 133, 139, 115, 146, 172, 160, 141, 172, 178, 133, 127, 120, 157, 174, 171, 168, 173, 161, 148, 181, 166, 209, 219, 182, 120, 184, 141, 163, 187, 142, 187, 224, 162, 197, 197, 212, 151, 170, 203, 226, 196, 182, 205, 217, 219, 209, 226, 229, 233, 231, 236]
START TIMES OF ACTIVITIES OF PROJECT 5:
[0, 100, 19, 134, 108, 140, 127, 149, 150, 134, 108, 184, 201, 152, 142, 159, 158, 182, 137, 213, 183, 117, 194, 186, 143, 140, 164, 134, 154, 137, 117, 145, 218, 148, 172, 162, 203, 195, 182, 227, 229, 152, 164, 172, 191, 229, 183, 194, 186, 209, 195, 228, 238, 206, 216, 232, 239, 240, 241, 219, 234, 249]
START TIMES OF ACTIVITIES OF PROJECT 6:
[0, 17, 17, 17, 18, 18, 24, 27, 26, 35, 43, 26, 22, 36, 34, 43, 45, 42, 18, 30, 52, 43, 48, 24, 52, 34, 39, 58, 66, 32, 36, 55, 35, 53, 46, 63, 75, 52, 66, 56, 47, 52, 63, 63, 71, 58, 44, 76, 78, 69, 82, 86, 57, 73, 79, 88, 83, 78, 85, 97, 85, 106]
START TIMES OF ACTIVITIES OF PROJECT 7:
[0, 17, 17, 17, 23, 22, 30, 33, 57, 38, 21, 21, 21, 41, 36, 53, 59, 40, 50, 59, 65, 47, 26, 76, 69, 72, 70, 32, 44, 67, 28, 88, 46, 60, 53, 72, 50, 70, 78, 27, 83, 82, 30, 46, 84, 76, 32, 94, 67, 78, 78, 84, 92, 31, 99, 88, 99, 82, 107, 101, 94, 110]
START TIMES OF ACTIVITIES OF PROJECT 8:
[0, 129, 145, 155, 175, 152, 152, 159, 135, 191, 135, 144, 139, 184, 148, 167, 168, 159, 212, 213, 164, 172, 191, 205, 164, 168, 159, 221, 190, 139, 198, 220, 200, 205, 226, 211, 221, 229, 184, 198, 229, 259, 227, 238, 235, 234, 245, 235, 233, 227, 241, 257, 244, 247, 254, 253, 248, 238, 260, 260, 257, 269]
START TIMES OF ACTIVITIES OF PROJECT 9:
[0, 17, 17, 17, 27, 27, 31, 28, 20, 30, 26, 51, 46, 36, 51, 61, 21, 36, 39, 31, 64, 71, 33, 70, 54, 82, 42, 55, 104, 94, 47, 92, 97, 91, 62, 74, 52, 81, 55, 92, 82, 107, 88, 123, 104, 106, 76, 83, 111, 102, 113, 107, 103, 115, 117, 129, 116, 116, 130, 123, 125, 132]
START TIMES OF ACTIVITIES OF PROJECT 10:
[0, 274, 265, 263, 276, 315, 279, 271, 316, 274, 273, 276, 287, 287, 319, 301, 279, 317, 297, 284, 297, 305, 284, 292, 310, 315, 330, 285, 327, 294, 358, 308, 292, 298, 327, 339, 356, 298, 301, 305, 335, 303, 349, 367, 327, 374, 346, 330, 357, 352, 333, 338, 375, 309, 338, 345, 349, 364, 358, 370, 379, 381]
START TIMES OF ACTIVITIES OF PROJECT 11:
[0, 110, 116, 146, 132, 148, 154, 157, 171, 123, 184, 165, 131, 171, 139, 137, 146, 160, 194, 224, 157, 190, 226, 178, 162, 169, 180, 183, 200, 211, 194, 179, 203, 233, 243, 216, 234, 234, 226, 173, 252, 241, 236, 208, 214, 261, 251, 251, 253, 214, 254, 253, 263, 254, 270, 252, 270, 262, 271, 279, 272, 286]
START TIMES OF ACTIVITIES OF PROJECT 12:
[0, 17, 17, 17, 24, 21, 23, 38, 49, 37, 21, 29, 55, 64, 46, 31, 57, 54, 45, 67, 43, 57, 49, 40, 63, 22, 38, 66, 62, 75, 72, 76, 38, 30, 41, 66, 47, 49, 83, 43, 51, 19, 64, 44, 57, 67, 83, 79, 63, 55, 57, 86, 85, 65, 77, 70, 80, 79, 92, 93, 91, 96]
START TIMES OF ACTIVITIES OF PROJECT 13:
[0, 293, 289, 299, 317, 291, 299, 314, 318, 317, 354, 309, 356, 301, 331, 326, 331, 328, 313, 360, 305, 301, 342, 326, 344, 353, 350, 344, 341, 309, 336, 360, 321, 336, 321, 347, 355, 351, 292, 341, 361, 342, 374, 385, 367, 367, 327, 384, 374, 377, 396, 384, 341, 378, 354, 392, 391, 396, 397, 402, 400, 408]
START TIMES OF ACTIVITIES OF PROJECT 14:
[0, 280, 269, 259, 271, 290, 290, 300, 282, 281, 289, 341, 315, 297, 311, 351, 300, 303, 298, 360, 322, 307, 335, 370, 351, 315, 309, 322, 370, 378, 373, 354, 312, 332, 331, 338, 393, 372, 304, 315, 324, 362, 349, 384, 319, 329, 343, 387, 267, 372, 401, 379, 378, 387, 396, 401, 401, 393, 410, 406, 406, 414]
TRANSFERS OF GLOBAL RESOURCE G1
(0, 6, 0): 17 
(0, 6, 5): 1 
(0, 6, 7): 7 
(0, 7, 4): 22 
(0, 7, 18): 1 
(0, 9, 14): 14 
(0, 9, 17): 1 
(0, 9, 18): 5 
(0, 12, 0): 21 
(0, 12, 7): 5 
(1, 5, 142): 2 
(1, 5, 174): 1 
(1, 8, 187): 1 
(1, 10, 248): 5 
(1, 10, 250): 2 
(1, 10, 256): 3 
(1, 10, 259): 4 
(1, 10, 261): 3 
(1, 10, 272): 1 
(1, 11, 142): 1 
(1, 11, 145): 2 
(1, 11, 179): 1 
(1, 11, 239): 1 
(2, 3, 249): 1 
(2, 3, 258): 3 
(2, 3, 264): 1 
(2, 3, 269): 8 
(2, 3, 283): 4 
(2, 4, 151): 1 
(2, 4, 201): 1 
(2, 8, 218): 5 
(2, 14, 253): 1 
(2, 14, 270): 1 
(3, 0, 405): 21 
(3, 14, 313): 1 
(3, 14, 359): 1 
(3, 14, 367): 2 
(3, 14, 368): 6 
(4, 2, 117): 1 
(4, 2, 170): 1 
(4, 2, 174): 2 
(4, 2, 230): 5 
(4, 3, 226): 1 
(4, 3, 230): 2 
(4, 8, 188): 1 
(4, 8, 236): 2 
(4, 10, 233): 3 
(4, 14, 233): 4 
(5, 10, 250): 1 
(5, 11, 227): 2 
(5, 11, 229): 2 
(5, 11, 238): 1 
(5, 11, 240): 2 
(5, 11, 249): 8 
(6, 2, 84): 2 
(6, 2, 87): 6 
(6, 2, 91): 3 
(6, 4, 94): 2 
(6, 4, 99): 5 
(6, 4, 100): 1 
(6, 4, 103): 3 
(6, 4, 106): 1 
(6, 12, 66): 2 
(7, 5, 87): 5 
(7, 5, 114): 2 
(7, 8, 108): 1 
(7, 9, 70): 2 
(7, 9, 71): 1 
(7, 9, 91): 1 
(7, 11, 105): 9 
(7, 11, 111): 6 
(8, 2, 175): 5 
(8, 3, 241): 3 
(8, 11, 175): 2 
(8, 11, 214): 1 
(8, 14, 246): 2 
(8, 14, 267): 5 
(8, 14, 269): 7 
(8, 14, 276): 1 
(9, 1, 126): 6 
(9, 1, 129): 7 
(9, 7, 41): 1 
(9, 7, 47): 3 
(9, 8, 113): 4 
(9, 8, 129): 3 
(9, 8, 132): 9 
(9, 11, 144): 1 
(9, 12, 39): 2 
(9, 12, 42): 1 
(9, 12, 49): 1 
(10, 0, 381): 20 
(10, 13, 312): 1 
(10, 13, 322): 3 
(10, 14, 323): 1 
(10, 14, 325): 2 
(11, 1, 119): 1 
(11, 1, 198): 1 
(11, 1, 216): 4 
(11, 5, 120): 3 
(11, 5, 123): 1 
(11, 5, 180): 2 
(11, 10, 282): 5 
(11, 13, 270): 5 
(11, 13, 274): 5 
(11, 13, 286): 2 
(11, 13, 290): 9 
(11, 13, 298): 1 
(11, 14, 274): 1 
(12, 1, 99): 8 
(12, 2, 94): 1 
(12, 4, 96): 8 
(12, 9, 88): 1 
(12, 9, 89): 4 
(12, 9, 92): 9 
(12, 11, 84): 1 
(13, 0, 408): 26 
(14, 0, 414): 27 
(14, 3, 298): 1 
(14, 3, 339): 7 
TRANSFERS OF GLOBAL RESOURCE G2
(0, 5, 0): 9 
(0, 6, 5): 20 
(0, 6, 6): 2 
(0, 7, 0): 18 
(0, 9, 0): 21 
(0, 12, 4): 11 
(0, 12, 8): 12 
(1, 3, 278): 3 
(1, 4, 210): 1 
(1, 5, 209): 2 
(1, 5, 217): 1 
(1, 5, 218): 3 
(1, 5, 219): 1 
(1, 10, 260): 10 
(1, 10, 262): 9 
(1, 10, 284): 2 
(2, 3, 281): 2 
(2, 5, 158): 2 
(2, 10, 298): 1 
(2, 13, 276): 1 
(2, 14, 266): 4 
(2, 14, 275): 2 
(2, 14, 283): 1 
(2, 14, 284): 1 
(2, 14, 286): 3 
(3, 0, 410): 24 
(3, 10, 327): 4 
(4, 1, 153): 1 
(4, 1, 163): 2 
(4, 1, 176): 1 
(4, 1, 177): 1 
(4, 1, 189): 1 
(4, 3, 249): 9 
(4, 3, 254): 1 
(4, 5, 150): 1 
(4, 5, 164): 3 
(4, 5, 191): 3 
(4, 11, 230): 3 
(4, 14, 236): 1 
(5, 1, 117): 2 
(5, 1, 136): 2 
(5, 1, 154): 2 
(5, 1, 162): 1 
(5, 1, 191): 4 
(5, 1, 192): 2 
(5, 1, 198): 2 
(5, 1, 243): 7 
(5, 2, 233): 1 
(5, 6, 28): 1 
(5, 7, 28): 8 
(5, 14, 237): 10 
(5, 14, 247): 2 
(6, 2, 85): 4 
(6, 5, 89): 6 
(6, 5, 97): 5 
(6, 7, 22): 2 
(6, 7, 75): 4 
(6, 7, 85): 3 
(7, 1, 99): 3 
(7, 2, 97): 8 
(7, 2, 109): 2 
(7, 2, 110): 1 
(7, 2, 128): 1 
(7, 5, 116): 8 
(7, 6, 54): 1 
(7, 8, 101): 4 
(7, 8, 107): 7 
(8, 3, 246): 2 
(8, 13, 284): 9 
(8, 13, 294): 2 
(9, 4, 117): 3 
(9, 4, 125): 4 
(9, 4, 126): 1 
(9, 4, 130): 5 
(9, 8, 134): 2 
(9, 11, 113): 4 
(9, 11, 121): 1 
(9, 11, 128): 1 
(9, 11, 139): 2 
(9, 12, 31): 1 
(9, 12, 35): 3 
(9, 12, 43): 7 
(10, 0, 381): 20 
(10, 3, 339): 2 
(10, 3, 340): 4 
(10, 3, 344): 4 
(11, 10, 296): 2 
(11, 13, 274): 1 
(11, 13, 280): 6 
(11, 13, 284): 2 
(11, 13, 288): 7 
(12, 1, 88): 1 
(12, 4, 88): 1 
(12, 4, 94): 5 
(12, 4, 97): 1 
(12, 4, 100): 3 
(12, 4, 102): 3 
(12, 9, 64): 1 
(12, 9, 68): 1 
(12, 9, 70): 1 
(12, 9, 75): 1 
(12, 9, 76): 3 
(12, 9, 86): 4 
(12, 9, 101): 2 
(12, 11, 88): 1 
(12, 11, 94): 6 
(13, 0, 408): 28 
(14, 0, 414): 21 
(14, 3, 341): 1 
(14, 10, 310): 2 
}
