INSTANCE: "A_10_60_29" 
RELEASES: [0, 0, 0, 0, 0, 0, 0, 0, 0, 0]
DUEDATES: [122, 117, 126, 117, 119, 115, 105, 90, 102, 86]
COMPLETION TIMES: [256, 153, 248, 180, 174, 132, 137, 187, 127, 97]
MAKESPANS: [256, 153, 248, 180, 174, 132, 137, 187, 127, 97]
DELAYS: [134, 36, 122, 63, 55, 17, 32, 97, 25, 11]
COST: 1141.5

Solution = { 
START TIMES OF ACTIVITIES OF PROJECT 1:
[0, 10, 10, 122, 135, 140, 145, 149, 151, 140, 163, 13, 173, 159, 149, 186, 150, 132, 167, 167, 191, 172, 197, 159, 197, 168, 183, 177, 191, 182, 135, 181, 153, 225, 201, 170, 210, 202, 210, 229, 217, 213, 191, 228, 160, 202, 221, 200, 211, 228, 218, 231, 241, 241, 233, 241, 221, 233, 229, 248, 246, 256]
START TIMES OF ACTIVITIES OF PROJECT 2:
[0, 9, 9, 9, 31, 20, 26, 13, 21, 96, 32, 65, 33, 39, 59, 68, 35, 83, 66, 102, 89, 42, 44, 22, 18, 69, 112, 76, 79, 95, 104, 79, 35, 54, 67, 55, 89, 70, 130, 105, 95, 89, 95, 68, 120, 104, 87, 121, 110, 122, 114, 121, 131, 123, 124, 126, 86, 138, 136, 146, 146, 153]
START TIMES OF ACTIVITIES OF PROJECT 3:
[0, 84, 27, 157, 143, 148, 43, 154, 117, 171, 161, 122, 153, 141, 181, 172, 162, 173, 167, 189, 195, 166, 166, 168, 168, 185, 181, 190, 185, 132, 144, 214, 160, 192, 206, 207, 205, 182, 193, 191, 208, 213, 216, 222, 138, 195, 222, 216, 224, 198, 201, 215, 201, 182, 226, 229, 233, 237, 231, 246, 241, 248]
START TIMES OF ACTIVITIES OF PROJECT 4:
[0, 10, 0, 10, 21, 20, 29, 47, 37, 94, 112, 31, 18, 48, 31, 106, 56, 37, 36, 61, 79, 41, 56, 89, 117, 89, 134, 107, 61, 70, 136, 97, 70, 144, 117, 147, 168, 37, 150, 136, 124, 144, 125, 149, 137, 163, 158, 135, 133, 155, 146, 174, 162, 149, 162, 154, 159, 168, 168, 151, 178, 180]
START TIMES OF ACTIVITIES OF PROJECT 5:
[0, 8, 8, 9, 24, 57, 12, 16, 12, 22, 20, 25, 27, 16, 37, 33, 36, 83, 37, 81, 27, 45, 45, 67, 125, 88, 33, 75, 94, 119, 55, 87, 61, 98, 101, 101, 71, 116, 163, 50, 88, 105, 126, 118, 112, 127, 136, 136, 97, 109, 131, 127, 139, 89, 139, 150, 144, 154, 168, 168, 160, 174]
START TIMES OF ACTIVITIES OF PROJECT 6:
[0, 8, 8, 8, 65, 19, 19, 12, 31, 23, 22, 28, 23, 32, 35, 82, 50, 26, 56, 14, 32, 56, 14, 52, 33, 60, 42, 73, 50, 45, 68, 54, 89, 97, 53, 79, 108, 52, 56, 35, 99, 75, 84, 96, 89, 89, 104, 114, 86, 99, 106, 108, 121, 99, 117, 122, 124, 111, 131, 129, 111, 132]
START TIMES OF ACTIVITIES OF PROJECT 7:
[0, 6, 12, 26, 29, 32, 39, 18, 38, 47, 31, 33, 56, 48, 64, 55, 40, 82, 63, 44, 97, 86, 62, 42, 78, 43, 73, 50, 42, 116, 63, 31, 78, 73, 91, 43, 94, 68, 29, 56, 68, 69, 89, 82, 94, 73, 83, 72, 37, 28, 106, 106, 120, 96, 96, 97, 116, 122, 136, 131, 109, 137]
START TIMES OF ACTIVITIES OF PROJECT 8:
[0, 108, 55, 10, 22, 28, 140, 120, 60, 145, 13, 28, 98, 117, 158, 67, 118, 148, 130, 134, 127, 33, 169, 147, 85, 32, 108, 139, 148, 102, 146, 157, 71, 127, 139, 150, 165, 135, 152, 146, 39, 150, 80, 162, 123, 156, 162, 149, 167, 171, 130, 179, 176, 171, 116, 180, 174, 165, 183, 182, 171, 187]
START TIMES OF ACTIVITIES OF PROJECT 9:
[0, 8, 8, 8, 15, 11, 15, 39, 24, 22, 60, 34, 65, 19, 43, 42, 40, 34, 28, 34, 30, 46, 62, 54, 43, 54, 94, 48, 55, 56, 60, 82, 16, 49, 69, 26, 62, 101, 101, 90, 69, 75, 26, 90, 105, 90, 37, 65, 46, 96, 92, 111, 91, 96, 74, 99, 80, 104, 111, 118, 106, 127]
START TIMES OF ACTIVITIES OF PROJECT 10:
[0, 9, 9, 9, 15, 17, 25, 26, 18, 51, 10, 29, 25, 38, 28, 27, 24, 45, 37, 15, 34, 25, 37, 41, 37, 42, 52, 67, 46, 34, 24, 50, 44, 42, 25, 56, 36, 49, 51, 56, 76, 55, 56, 45, 55, 62, 59, 40, 60, 64, 77, 74, 61, 76, 48, 76, 91, 83, 94, 87, 87, 97]
TRANSFERS OF GLOBAL RESOURCE G1
(0, 1, 0): 3 
(0, 2, 1): 13 
(0, 4, 0): 10 
(0, 5, 2): 14 
(0, 6, 0): 28 
(0, 7, 0): 7 
(0, 8, 0): 5 
(0, 9, 0): 16 
(0, 10, 0): 12 
(0, 10, 1): 4 
(1, 0, 256): 31 
(1, 9, 19): 3 
(2, 0, 153): 1 
(2, 1, 123): 1 
(2, 1, 134): 1 
(2, 1, 142): 4 
(2, 3, 125): 2 
(2, 5, 33): 3 
(2, 5, 113): 2 
(2, 5, 133): 2 
(2, 5, 157): 4 
(2, 5, 160): 4 
(2, 7, 25): 1 
(2, 7, 30): 1 
(2, 7, 35): 3 
(2, 7, 44): 2 
(2, 7, 59): 3 
(2, 7, 75): 1 
(2, 7, 106): 4 
(2, 7, 133): 4 
(2, 10, 25): 2 
(2, 10, 35): 1 
(2, 10, 37): 1 
(2, 10, 39): 1 
(2, 10, 46): 5 
(3, 0, 248): 28 
(3, 1, 144): 1 
(3, 1, 196): 1 
(3, 8, 51): 2 
(3, 8, 94): 9 
(3, 9, 44): 1 
(4, 0, 178): 24 
(4, 8, 24): 1 
(4, 8, 47): 4 
(4, 8, 52): 2 
(4, 8, 90): 1 
(4, 8, 126): 2 
(5, 0, 174): 15 
(5, 1, 144): 6 
(5, 2, 17): 1 
(5, 2, 62): 1 
(5, 2, 67): 6 
(5, 2, 83): 2 
(5, 3, 139): 7 
(5, 3, 142): 4 
(5, 6, 118): 3 
(5, 7, 24): 7 
(5, 7, 29): 1 
(5, 7, 31): 1 
(5, 7, 61): 1 
(5, 7, 67): 4 
(5, 7, 114): 5 
(5, 10, 22): 3 
(5, 10, 83): 1 
(6, 2, 12): 3 
(6, 2, 46): 1 
(6, 4, 96): 3 
(6, 4, 97): 1 
(6, 4, 114): 5 
(6, 4, 127): 3 
(6, 5, 14): 1 
(6, 7, 28): 1 
(6, 8, 126): 5 
(6, 8, 132): 6 
(6, 10, 12): 2 
(6, 10, 42): 1 
(6, 10, 43): 1 
(7, 1, 137): 2 
(7, 2, 64): 1 
(7, 2, 93): 1 
(7, 3, 138): 1 
(7, 4, 121): 2 
(7, 4, 137): 6 
(7, 5, 10): 5 
(7, 5, 35): 1 
(7, 5, 48): 4 
(7, 5, 73): 6 
(7, 5, 86): 2 
(7, 5, 96): 4 
(7, 5, 99): 1 
(7, 5, 125): 5 
(7, 5, 129): 3 
(7, 8, 120): 2 
(7, 10, 15): 1 
(8, 0, 187): 13 
(8, 1, 193): 5 
(8, 3, 23): 1 
(8, 3, 39): 2 
(8, 3, 80): 8 
(8, 3, 113): 4 
(8, 3, 149): 1 
(8, 3, 156): 1 
(8, 3, 203): 2 
(8, 3, 212): 1 
(8, 3, 218): 1 
(8, 4, 71): 1 
(8, 9, 14): 1 
(8, 9, 16): 1 
(9, 1, 115): 7 
(9, 1, 128): 3 
(9, 2, 55): 3 
(9, 3, 74): 1 
(9, 3, 107): 2 
(9, 3, 112): 4 
(9, 8, 127): 2 
(9, 8, 128): 1 
(10, 2, 19): 5 
(10, 2, 51): 1 
(10, 2, 52): 3 
(10, 2, 62): 3 
(10, 2, 64): 2 
(10, 2, 93): 5 
(10, 2, 99): 2 
(10, 4, 97): 3 
(10, 5, 67): 1 
(10, 5, 93): 2 
(10, 5, 97): 2 
(10, 5, 105): 2 
(10, 6, 69): 2 
(10, 7, 44): 1 
(10, 9, 91): 1 
TRANSFERS OF GLOBAL RESOURCE G2
(0, 1, 7): 14 
(0, 2, 0): 18 
(0, 4, 0): 10 
(0, 5, 0): 5 
(0, 5, 1): 3 
(0, 6, 7): 13 
(0, 7, 0): 8 
(0, 8, 0): 3 
(0, 8, 3): 2 
(0, 9, 2): 22 
(0, 9, 5): 1 
(0, 10, 0): 4 
(1, 0, 256): 25 
(1, 3, 161): 1 
(1, 4, 13): 2 
(1, 5, 17): 1 
(1, 5, 20): 3 
(1, 5, 161): 1 
(1, 6, 11): 4 
(1, 6, 16): 3 
(1, 8, 137): 1 
(1, 9, 23): 1 
(2, 3, 153): 1 
(2, 3, 157): 3 
(2, 3, 158): 4 
(2, 5, 105): 1 
(2, 5, 146): 1 
(2, 8, 110): 7 
(2, 8, 112): 1 
(2, 8, 142): 10 
(2, 8, 143): 1 
(2, 10, 16): 4 
(2, 10, 23): 2 
(2, 10, 36): 5 
(2, 10, 39): 5 
(2, 10, 48): 2 
(2, 10, 74): 1 
(2, 10, 75): 3 
(2, 10, 89): 1 
(3, 0, 248): 29 
(3, 7, 35): 6 
(3, 7, 46): 1 
(3, 9, 38): 2 
(3, 9, 44): 1 
(3, 9, 94): 1 
(4, 0, 178): 20 
(4, 3, 156): 2 
(4, 3, 161): 1 
(4, 5, 97): 1 
(4, 6, 63): 1 
(4, 7, 24): 1 
(4, 7, 38): 2 
(4, 7, 39): 1 
(4, 7, 51): 1 
(4, 7, 82): 1 
(4, 7, 112): 7 
(4, 9, 96): 2 
(5, 0, 174): 4 
(5, 1, 143): 1 
(5, 1, 146): 2 
(5, 1, 175): 2 
(5, 1, 184): 2 
(5, 1, 214): 2 
(5, 1, 221): 4 
(5, 4, 142): 5 
(5, 6, 34): 1 
(5, 6, 89): 2 
(5, 8, 139): 2 
(5, 10, 36): 1 
(6, 1, 119): 2 
(6, 1, 129): 2 
(6, 1, 132): 7 
(6, 2, 116): 4 
(6, 3, 132): 3 
(6, 4, 46): 1 
(6, 5, 80): 2 
(6, 5, 117): 6 
(6, 8, 50): 2 
(6, 9, 23): 2 
(6, 9, 86): 5 
(6, 9, 87): 1 
(7, 3, 123): 1 
(7, 3, 132): 3 
(7, 3, 135): 1 
(7, 4, 32): 1 
(7, 4, 90): 6 
(7, 4, 129): 7 
(7, 4, 130): 1 
(7, 4, 140): 1 
(7, 4, 142): 1 
(7, 4, 143): 1 
(7, 4, 145): 2 
(7, 6, 100): 5 
(8, 0, 184): 25 
(8, 2, 89): 3 
(8, 2, 120): 1 
(8, 2, 124): 2 
(8, 3, 154): 1 
(8, 5, 152): 2 
(8, 10, 33): 3 
(8, 10, 40): 2 
(8, 10, 72): 4 
(8, 10, 86): 3 
(9, 1, 127): 4 
(9, 2, 76): 1 
(9, 3, 22): 10 
(9, 3, 79): 1 
(9, 3, 112): 2 
(9, 3, 127): 6 
(9, 4, 108): 2 
(9, 5, 107): 2 
(9, 6, 68): 1 
(9, 6, 70): 2 
(9, 6, 106): 2 
(9, 6, 109): 3 
(9, 7, 107): 2 
(10, 2, 29): 4 
(10, 2, 42): 1 
(10, 2, 52): 3 
(10, 2, 53): 5 
(10, 2, 57): 2 
(10, 2, 63): 4 
(10, 2, 65): 2 
(10, 2, 93): 1 
(10, 2, 100): 1 
(10, 8, 55): 2 
(10, 8, 80): 6 
(10, 8, 97): 9 
}
