INSTANCE: "B_4_50_29" 
RELEASES: [0, 0, 0, 0]
DUEDATES: [131, 78, 145, 121]
COMPLETION TIMES: [248, 95, 196, 135]
MAKESPANS: [248, 95, 196, 135]
DELAYS: [117, 17, 51, 14]
COST: 436.5

Solution = { 
START TIMES OF ACTIVITIES OF PROJECT 1:
[0, 142, 152, 161, 169, 184, 187, 193, 201, 209, 214, 203, 215, 224, 143, 225, 221, 236, 20, 184, 8, 241, 214, 215, 236, 29, 8, 209, 214, 225, 193, 224, 205, 186, 13, 231, 30, 217, 203, 231, 161, 175, 132, 175, 7, 17, 214, 179, 143, 17, 193, 248]
START TIMES OF ACTIVITIES OF PROJECT 2:
[0, 20, 10, 10, 14, 10, 17, 21, 30, 33, 40, 15, 41, 10, 30, 8, 33, 21, 57, 40, 22, 10, 24, 64, 21, 34, 52, 60, 41, 57, 37, 64, 36, 69, 55, 77, 50, 47, 45, 36, 86, 64, 69, 73, 69, 89, 67, 84, 56, 77, 92, 95]
START TIMES OF ACTIVITIES OF PROJECT 3:
[0, 94, 95, 110, 111, 115, 117, 121, 75, 128, 140, 143, 145, 154, 155, 156, 53, 164, 181, 136, 5, 147, 44, 15, 163, 156, 128, 104, 145, 141, 140, 149, 152, 141, 37, 163, 153, 162, 137, 93, 84, 162, 164, 21, 65, 136, 171, 181, 181, 191, 188, 196]
START TIMES OF ACTIVITIES OF PROJECT 4:
[0, 9, 14, 15, 16, 37, 39, 48, 50, 59, 72, 80, 85, 109, 117, 65, 28, 115, 125, 102, 92, 50, 72, 59, 70, 15, 115, 15, 48, 80, 18, 18, 25, 118, 83, 102, 110, 25, 115, 92, 53, 124, 67, 80, 92, 102, 71, 80, 132, 60, 72, 135]
TRANSFERS OF GLOBAL RESOURCE G1
(0, 1, 0): 6 
(0, 1, 5): 2 
(0, 2, 0): 1 
(0, 2, 2): 8 
(0, 3, 3): 5 
(0, 4, 0): 11 
(1, 0, 241): 29 
(1, 2, 40): 1 
(1, 3, 30): 6 
(1, 3, 37): 1 
(2, 1, 120): 1 
(2, 3, 56): 1 
(2, 3, 66): 1 
(2, 3, 75): 2 
(2, 4, 69): 1 
(2, 4, 95): 5 
(2, 4, 96): 4 
(3, 0, 196): 4 
(3, 1, 154): 5 
(3, 1, 198): 5 
(3, 1, 207): 5 
(3, 2, 15): 2 
(3, 2, 25): 3 
(4, 1, 117): 12 
(4, 1, 127): 1 
(4, 3, 44): 1 
(4, 3, 85): 1 
(4, 3, 128): 2 
(4, 3, 134): 3 
(4, 3, 153): 1 
TRANSFERS OF GLOBAL RESOURCE G2
(0, 1, 0): 10 
(0, 1, 1): 10 
(0, 2, 0): 25 
(0, 2, 5): 1 
(0, 3, 0): 101 
(0, 4, 3): 18 
(1, 0, 248): 16 
(1, 3, 29): 8 
(1, 3, 85): 7 
(1, 4, 15): 5 
(2, 3, 84): 20 
(2, 4, 94): 1 
(2, 4, 99): 5 
(3, 0, 196): 148 
(4, 0, 135): 1 
(4, 1, 129): 1 
(4, 1, 139): 9 
(4, 1, 211): 1 
(4, 1, 212): 5 
(4, 3, 29): 1 
(4, 3, 85): 6 
(4, 3, 145): 5 
}
