INSTANCE: "A_8_60_7" 
RELEASES: [0, 0, 0, 0, 0, 0, 0, 0]
DUEDATES: [95, 120, 116, 104, 141, 90, 96, 95]
COMPLETION TIMES: [164, 167, 168, 235, 313, 327, 285, 111]
MAKESPANS: [164, 167, 168, 235, 313, 327, 285, 111]
DELAYS: [69, 47, 52, 131, 172, 237, 189, 16]
COST: 1341.5

Solution = { 
START TIMES OF ACTIVITIES OF PROJECT 1:
[0, 25, 10, 10, 34, 57, 60, 26, 30, 71, 33, 11, 39, 70, 63, 73, 65, 39, 49, 44, 53, 56, 17, 28, 90, 97, 74, 91, 75, 103, 121, 119, 64, 56, 126, 88, 82, 49, 92, 139, 126, 84, 96, 69, 133, 110, 153, 90, 119, 129, 153, 146, 100, 110, 143, 154, 148, 82, 137, 154, 155, 164]
START TIMES OF ACTIVITIES OF PROJECT 2:
[0, 7, 7, 16, 29, 99, 32, 41, 46, 16, 37, 43, 9, 67, 49, 24, 32, 57, 74, 28, 45, 74, 26, 14, 101, 107, 129, 39, 91, 40, 120, 105, 30, 75, 89, 106, 118, 100, 46, 116, 108, 44, 113, 135, 85, 144, 112, 126, 142, 149, 97, 137, 154, 88, 131, 154, 144, 143, 158, 151, 158, 167]
START TIMES OF ACTIVITIES OF PROJECT 3:
[0, 17, 10, 10, 22, 50, 19, 26, 26, 111, 25, 27, 35, 39, 41, 53, 65, 25, 62, 88, 116, 35, 79, 43, 75, 131, 136, 43, 47, 136, 79, 56, 55, 58, 106, 123, 104, 90, 111, 136, 123, 133, 138, 97, 144, 65, 136, 150, 109, 104, 120, 149, 138, 144, 152, 147, 156, 154, 162, 160, 152, 168]
START TIMES OF ACTIVITIES OF PROJECT 4:
[0, 84, 85, 11, 119, 127, 149, 161, 15, 111, 102, 176, 135, 154, 143, 154, 162, 172, 16, 180, 173, 163, 120, 169, 165, 178, 172, 143, 178, 175, 182, 197, 211, 193, 180, 89, 215, 150, 164, 186, 206, 128, 182, 180, 192, 192, 205, 200, 208, 207, 209, 225, 217, 207, 166, 211, 219, 221, 226, 227, 230, 235]
START TIMES OF ACTIVITIES OF PROJECT 5:
[0, 17, 9, 9, 169, 175, 187, 196, 184, 172, 193, 191, 187, 109, 205, 189, 196, 218, 198, 199, 172, 223, 207, 241, 17, 242, 280, 242, 227, 207, 251, 286, 215, 223, 244, 245, 215, 208, 256, 249, 272, 274, 232, 278, 231, 267, 240, 253, 247, 293, 299, 259, 272, 286, 303, 302, 266, 292, 303, 305, 305, 313]
START TIMES OF ACTIVITIES OF PROJECT 6:
[0, 11, 246, 224, 254, 260, 265, 240, 254, 270, 270, 254, 294, 301, 301, 241, 260, 299, 277, 265, 265, 264, 313, 288, 294, 302, 234, 271, 284, 273, 310, 298, 293, 281, 291, 274, 285, 288, 316, 293, 291, 309, 315, 304, 295, 311, 301, 306, 311, 304, 317, 315, 295, 295, 319, 301, 319, 323, 324, 313, 318, 327]
START TIMES OF ACTIVITIES OF PROJECT 7:
[0, 169, 165, 181, 184, 176, 184, 192, 184, 199, 176, 204, 209, 181, 219, 215, 198, 219, 182, 206, 230, 194, 227, 192, 221, 197, 215, 220, 224, 244, 237, 234, 215, 238, 256, 209, 247, 250, 227, 240, 249, 245, 240, 233, 248, 250, 249, 256, 247, 256, 262, 265, 262, 272, 270, 271, 272, 271, 275, 277, 281, 285]
START TIMES OF ACTIVITIES OF PROJECT 8:
[0, 12, 12, 11, 19, 19, 29, 31, 29, 27, 43, 12, 45, 34, 27, 41, 22, 47, 24, 24, 40, 43, 46, 53, 55, 22, 62, 51, 58, 37, 72, 76, 25, 80, 72, 51, 46, 52, 55, 79, 62, 65, 72, 35, 67, 75, 68, 76, 81, 87, 96, 81, 86, 62, 82, 91, 93, 98, 106, 103, 90, 111]
TRANSFERS OF GLOBAL RESOURCE G1
(0, 1, 3): 10 
(0, 2, 4): 13 
(0, 3, 0): 13 
(0, 4, 6): 2 
(0, 4, 10): 2 
(0, 5, 0): 5 
(0, 8, 5): 2 
(0, 8, 6): 7 
(1, 2, 34): 1 
(1, 4, 77): 2 
(1, 4, 81): 1 
(1, 4, 141): 1 
(1, 4, 153): 2 
(1, 4, 155): 2 
(1, 4, 156): 1 
(1, 4, 157): 2 
(1, 5, 105): 2 
(1, 5, 165): 4 
(2, 3, 97): 1 
(2, 3, 99): 1 
(2, 3, 126): 7 
(2, 3, 140): 1 
(2, 4, 79): 1 
(2, 4, 84): 1 
(2, 4, 97): 1 
(2, 4, 144): 1 
(2, 4, 145): 1 
(2, 4, 156): 1 
(2, 4, 159): 1 
(2, 4, 160): 2 
(2, 4, 175): 1 
(2, 7, 167): 4 
(2, 7, 172): 1 
(2, 7, 175): 2 
(2, 8, 14): 1 
(2, 8, 17): 3 
(2, 8, 32): 4 
(2, 8, 47): 1 
(2, 8, 57): 2 
(3, 1, 56): 1 
(3, 2, 34): 1 
(3, 2, 60): 2 
(3, 2, 113): 1 
(3, 4, 75): 1 
(3, 4, 151): 1 
(3, 4, 154): 8 
(3, 5, 152): 1 
(3, 5, 155): 1 
(3, 5, 158): 2 
(3, 7, 162): 5 
(3, 7, 166): 2 
(3, 8, 26): 1 
(3, 8, 57): 1 
(4, 1, 20): 1 
(4, 2, 23): 2 
(4, 2, 24): 1 
(4, 5, 168): 4 
(4, 5, 182): 6 
(4, 5, 235): 6 
(4, 6, 211): 5 
(4, 6, 260): 1 
(4, 7, 208): 1 
(4, 7, 215): 4 
(4, 7, 233): 4 
(4, 7, 236): 1 
(5, 0, 313): 22 
(5, 1, 24): 1 
(5, 1, 26): 4 
(5, 1, 117): 1 
(5, 4, 113): 1 
(5, 6, 213): 3 
(5, 6, 243): 5 
(5, 6, 249): 1 
(5, 6, 266): 1 
(5, 6, 273): 1 
(5, 6, 304): 2 
(5, 7, 201): 1 
(5, 7, 221): 1 
(6, 0, 327): 27 
(7, 0, 285): 5 
(7, 5, 283): 6 
(7, 5, 284): 7 
(7, 6, 258): 1 
(7, 6, 269): 5 
(7, 6, 274): 2 
(8, 2, 39): 1 
(8, 2, 70): 1 
(8, 2, 84): 2 
(8, 2, 86): 3 
(8, 2, 102): 2 
(8, 2, 111): 5 
(8, 2, 113): 3 
(8, 3, 80): 3 
(8, 3, 82): 1 
(8, 3, 98): 1 
TRANSFERS OF GLOBAL RESOURCE G2
(0, 1, 0): 10 
(0, 2, 0): 5 
(0, 2, 2): 8 
(0, 3, 0): 3 
(0, 4, 0): 4 
(0, 5, 0): 7 
(0, 6, 0): 10 
(0, 8, 0): 8 
(1, 3, 19): 5 
(1, 3, 53): 6 
(1, 3, 101): 5 
(1, 3, 103): 4 
(1, 3, 108): 1 
(1, 3, 133): 6 
(1, 3, 153): 2 
(1, 3, 157): 6 
(1, 4, 157): 1 
(1, 5, 162): 1 
(1, 7, 152): 3 
(1, 7, 163): 1 
(1, 7, 168): 5 
(2, 1, 61): 1 
(2, 3, 43): 1 
(2, 4, 79): 3 
(2, 4, 80): 1 
(2, 4, 106): 1 
(2, 4, 130): 4 
(2, 4, 138): 1 
(2, 4, 145): 1 
(2, 4, 160): 10 
(2, 4, 167): 3 
(2, 7, 161): 3 
(2, 8, 38): 3 
(2, 8, 40): 6 
(2, 8, 42): 1 
(2, 8, 60): 1 
(2, 8, 67): 1 
(3, 1, 25): 1 
(3, 1, 46): 1 
(3, 1, 57): 1 
(3, 1, 62): 4 
(3, 1, 66): 1 
(3, 1, 67): 4 
(3, 1, 70): 1 
(3, 1, 81): 1 
(3, 1, 89): 2 
(3, 1, 123): 2 
(3, 1, 140): 2 
(3, 1, 145): 6 
(3, 2, 123): 1 
(3, 2, 142): 1 
(3, 4, 89): 1 
(3, 5, 165): 7 
(3, 5, 171): 4 
(3, 7, 168): 4 
(3, 7, 171): 2 
(4, 2, 25): 1 
(4, 2, 95): 6 
(4, 2, 96): 1 
(4, 3, 22): 1 
(4, 5, 178): 3 
(4, 5, 180): 4 
(4, 5, 190): 2 
(4, 5, 231): 3 
(4, 5, 232): 3 
(4, 5, 233): 1 
(4, 6, 226): 1 
(4, 6, 240): 1 
(4, 7, 194): 1 
(4, 7, 218): 2 
(4, 7, 221): 1 
(4, 7, 236): 4 
(4, 7, 244): 1 
(4, 7, 250): 1 
(4, 8, 22): 1 
(4, 8, 24): 2 
(4, 8, 95): 3 
(5, 0, 313): 15 
(5, 1, 18): 3 
(5, 1, 19): 1 
(5, 1, 23): 1 
(5, 1, 26): 1 
(5, 1, 27): 1 
(5, 1, 112): 2 
(5, 2, 112): 2 
(5, 3, 112): 3 
(5, 4, 200): 1 
(5, 4, 202): 2 
(5, 7, 212): 1 
(5, 7, 218): 2 
(5, 7, 221): 5 
(5, 7, 250): 2 
(5, 7, 263): 1 
(6, 0, 327): 36 
(6, 2, 21): 7 
(6, 3, 20): 3 
(7, 0, 285): 4 
(7, 5, 187): 1 
(7, 6, 216): 4 
(7, 6, 238): 7 
(7, 6, 263): 2 
(7, 6, 283): 10 
(7, 6, 285): 11 
(8, 2, 32): 1 
(8, 2, 84): 4 
(8, 2, 111): 4 
(8, 4, 13): 1 
(8, 4, 81): 5 
(8, 4, 86): 1 
(8, 4, 108): 1 
(8, 4, 116): 2 
(8, 5, 103): 7 
}
