INSTANCE: "A_4_60_25" 
RELEASES: [0, 0, 0, 0]
DUEDATES: [148, 70, 102, 87]
COMPLETION TIMES: [213, 80, 118, 113]
MAKESPANS: [213, 80, 118, 113]
DELAYS: [65, 10, 16, 26]
COST: 320.5

Solution = { 
START TIMES OF ACTIVITIES OF PROJECT 1:
[0, 87, 8, 8, 62, 95, 85, 112, 88, 141, 102, 95, 122, 125, 83, 102, 83, 98, 119, 120, 115, 114, 190, 125, 107, 144, 85, 169, 102, 112, 134, 141, 113, 104, 153, 131, 168, 153, 185, 151, 162, 176, 159, 159, 195, 181, 172, 182, 190, 177, 184, 182, 190, 185, 192, 191, 200, 197, 205, 203, 194, 213]
START TIMES OF ACTIVITIES OF PROJECT 2:
[0, 8, 8, 8, 16, 14, 16, 11, 21, 33, 21, 28, 13, 22, 22, 13, 32, 21, 26, 42, 32, 25, 42, 44, 43, 32, 45, 42, 13, 42, 55, 34, 47, 55, 51, 21, 37, 37, 45, 46, 47, 59, 61, 64, 44, 28, 70, 55, 63, 67, 59, 68, 51, 34, 67, 59, 59, 73, 74, 77, 67, 80]
START TIMES OF ACTIVITIES OF PROJECT 3:
[0, 31, 9, 9, 16, 76, 12, 30, 27, 12, 46, 31, 57, 17, 48, 32, 27, 37, 16, 31, 20, 54, 43, 21, 97, 38, 100, 51, 40, 46, 36, 68, 26, 92, 80, 60, 57, 107, 97, 90, 76, 69, 18, 67, 84, 96, 37, 59, 50, 97, 86, 102, 51, 72, 61, 102, 86, 95, 109, 109, 113, 118]
START TIMES OF ACTIVITIES OF PROJECT 4:
[0, 10, 20, 10, 28, 34, 34, 23, 45, 44, 45, 30, 53, 74, 33, 24, 38, 82, 49, 43, 43, 60, 91, 60, 70, 76, 24, 45, 48, 78, 97, 80, 43, 66, 92, 50, 84, 87, 102, 55, 78, 87, 96, 90, 85, 88, 84, 92, 97, 96, 103, 95, 83, 46, 105, 88, 104, 109, 110, 102, 109, 113]
TRANSFERS OF GLOBAL RESOURCE G1
(0, 1, 3): 5 
(0, 2, 3): 12 
(0, 2, 8): 14 
(0, 3, 3): 10 
(0, 3, 6): 13 
(0, 4, 0): 8 
(1, 0, 213): 30 
(1, 2, 15): 1 
(1, 2, 21): 1 
(1, 3, 88): 2 
(1, 3, 93): 1 
(1, 4, 15): 1 
(1, 4, 16): 2 
(1, 4, 70): 2 
(2, 1, 55): 1 
(2, 1, 76): 10 
(2, 1, 78): 1 
(2, 1, 80): 9 
(2, 3, 59): 3 
(2, 3, 80): 4 
(2, 4, 62): 1 
(3, 0, 118): 16 
(3, 1, 55): 1 
(3, 1, 76): 2 
(3, 1, 105): 6 
(3, 2, 33): 1 
(3, 4, 26): 1 
(3, 4, 31): 1 
(3, 4, 41): 1 
(3, 4, 76): 5 
(3, 4, 77): 2 
(4, 0, 113): 16 
(4, 1, 99): 3 
(4, 1, 104): 2 
(4, 3, 62): 1 
(4, 3, 88): 1 
(4, 3, 90): 1 
TRANSFERS OF GLOBAL RESOURCE G2
(0, 1, 0): 6 
(0, 2, 0): 12 
(0, 2, 5): 5 
(0, 2, 6): 3 
(0, 2, 8): 1 
(0, 3, 0): 14 
(0, 3, 3): 8 
(0, 4, 0): 12 
(1, 0, 213): 27 
(1, 2, 16): 6 
(1, 4, 69): 5 
(1, 4, 70): 2 
(2, 1, 57): 7 
(2, 1, 78): 5 
(2, 1, 80): 8 
(2, 1, 97): 1 
(2, 3, 48): 1 
(2, 3, 54): 1 
(2, 3, 70): 5 
(2, 3, 84): 6 
(2, 4, 74): 1 
(2, 4, 75): 1 
(3, 0, 118): 14 
(3, 1, 92): 1 
(3, 1, 105): 2 
(3, 1, 109): 4 
(3, 1, 110): 2 
(3, 1, 149): 3 
(3, 2, 27): 2 
(3, 2, 28): 2 
(3, 2, 31): 4 
(3, 2, 61): 1 
(4, 0, 113): 20 
(4, 1, 107): 1 
}
