INSTANCE: "B_2_50_21" 
RELEASES: [0, 0]
DUEDATES: [107, 129]
COMPLETION TIMES: [105, 182]
MAKESPANS: [105, 182]
DELAYS: [0, 53]
COST: 170.0

Solution = { 
START TIMES OF ACTIVITIES OF PROJECT 1:
[0, 10, 16, 23, 30, 34, 39, 44, 52, 59, 64, 67, 81, 91, 95, 52, 99, 65, 81, 71, 75, 16, 85, 44, 59, 8, 52, 34, 43, 91, 39, 30, 59, 24, 12, 15, 0, 23, 58, 13, 66, 28, 8, 0, 43, 56, 25, 58, 100, 15, 95, 105]
START TIMES OF ACTIVITIES OF PROJECT 2:
[0, 87, 92, 100, 102, 104, 106, 115, 117, 126, 134, 143, 147, 153, 161, 124, 106, 106, 178, 170, 153, 16, 137, 126, 47, 13, 167, 161, 115, 169, 133, 134, 104, 147, 167, 144, 50, 100, 167, 153, 101, 171, 178, 133, 28, 169, 100, 153, 167, 37, 115, 182]
TRANSFERS OF GLOBAL RESOURCE G1
(0, 1, 0): 9 
(0, 1, 6): 16 
(0, 1, 13): 4 
(0, 2, 0): 11 
(0, 2, 15): 35 
(0, 2, 74): 47 
(1, 0, 105): 2 
(1, 2, 78): 21 
(1, 2, 134): 5 
(1, 2, 135): 1 
(2, 0, 182): 120 
TRANSFERS OF GLOBAL RESOURCE G2
(0, 1, 5): 10 
(0, 1, 7): 1 
(0, 1, 9): 2 
(0, 1, 10): 7 
(0, 2, 2): 1 
(1, 2, 16): 5 
(1, 2, 25): 1 
(1, 2, 75): 5 
(1, 2, 88): 4 
(1, 2, 89): 2 
(1, 2, 94): 4 
(1, 2, 105): 2 
(2, 0, 182): 21 
(2, 1, 52): 2 
(2, 1, 59): 1 
}
