INSTANCE: "A_10_60_16" 
RELEASES: [0, 0, 0, 0, 0, 0, 0, 0, 0, 0]
DUEDATES: [96, 105, 98, 69, 129, 84, 86, 94, 162, 73]
COMPLETION TIMES: [217, 127, 232, 98, 271, 346, 125, 303, 191, 338]
MAKESPANS: [217, 127, 232, 98, 271, 346, 125, 303, 191, 338]
DELAYS: [121, 22, 134, 29, 142, 262, 39, 209, 29, 265]
COST: 1750.0

Solution = { 
START TIMES OF ACTIVITIES OF PROJECT 1:
[0, 117, 123, 121, 119, 138, 132, 145, 129, 121, 129, 149, 176, 158, 167, 129, 157, 139, 159, 132, 168, 177, 135, 160, 134, 142, 184, 135, 192, 140, 180, 175, 158, 141, 131, 150, 149, 178, 165, 186, 192, 176, 202, 195, 161, 185, 172, 187, 188, 141, 209, 156, 180, 184, 211, 194, 204, 205, 213, 167, 211, 217]
START TIMES OF ACTIVITIES OF PROJECT 2:
[0, 22, 22, 22, 35, 56, 48, 38, 57, 25, 67, 61, 69, 36, 39, 29, 64, 61, 36, 39, 29, 44, 70, 42, 64, 68, 102, 89, 37, 76, 74, 95, 47, 76, 76, 42, 73, 104, 82, 93, 73, 86, 29, 83, 103, 85, 56, 104, 47, 96, 87, 105, 53, 81, 81, 105, 113, 95, 123, 112, 113, 127]
START TIMES OF ACTIVITIES OF PROJECT 3:
[0, 131, 136, 136, 146, 151, 146, 156, 150, 153, 141, 154, 168, 174, 156, 174, 163, 164, 156, 168, 172, 164, 176, 177, 170, 175, 180, 162, 165, 185, 186, 197, 185, 192, 182, 184, 177, 192, 164, 211, 192, 197, 198, 184, 201, 198, 208, 168, 192, 199, 199, 214, 201, 203, 205, 213, 218, 219, 219, 212, 223, 232]
START TIMES OF ACTIVITIES OF PROJECT 4:
[0, 20, 20, 20, 30, 28, 26, 33, 43, 28, 33, 33, 37, 36, 46, 73, 49, 44, 78, 55, 32, 50, 54, 58, 22, 63, 39, 55, 43, 58, 46, 55, 64, 22, 43, 81, 87, 62, 63, 56, 39, 64, 62, 78, 58, 73, 64, 70, 73, 83, 68, 78, 76, 84, 91, 78, 85, 80, 95, 87, 91, 98]
START TIMES OF ACTIVITIES OF PROJECT 5:
[0, 156, 27, 207, 168, 174, 114, 125, 120, 187, 132, 203, 185, 266, 197, 154, 210, 165, 173, 206, 209, 214, 139, 178, 174, 200, 196, 214, 146, 173, 211, 220, 166, 181, 224, 225, 222, 146, 216, 204, 223, 208, 227, 241, 179, 215, 233, 233, 247, 194, 199, 240, 233, 197, 249, 247, 256, 260, 250, 269, 260, 271]
START TIMES OF ACTIVITIES OF PROJECT 6:
[0, 60, 164, 241, 164, 267, 250, 242, 257, 262, 294, 303, 262, 272, 275, 249, 266, 303, 260, 309, 276, 282, 293, 276, 282, 309, 290, 289, 289, 290, 316, 297, 322, 321, 303, 317, 251, 305, 310, 280, 323, 265, 333, 324, 313, 312, 323, 329, 317, 330, 311, 286, 330, 338, 332, 327, 330, 341, 341, 342, 342, 346]
START TIMES OF ACTIVITIES OF PROJECT 7:
[0, 25, 24, 24, 25, 35, 48, 43, 32, 46, 41, 57, 78, 38, 43, 49, 35, 54, 63, 58, 61, 28, 56, 61, 53, 85, 54, 62, 47, 79, 68, 72, 66, 72, 104, 109, 72, 87, 103, 97, 57, 66, 86, 74, 80, 87, 96, 81, 96, 100, 93, 100, 97, 109, 104, 109, 115, 111, 116, 119, 110, 125]
START TIMES OF ACTIVITIES OF PROJECT 8:
[0, 32, 216, 24, 66, 248, 221, 233, 215, 45, 217, 224, 240, 237, 72, 230, 239, 240, 264, 235, 251, 241, 258, 247, 270, 248, 255, 247, 273, 257, 271, 82, 255, 230, 271, 256, 227, 239, 268, 243, 224, 269, 248, 254, 268, 269, 263, 273, 270, 265, 275, 277, 278, 273, 273, 287, 268, 277, 296, 287, 281, 303]
START TIMES OF ACTIVITIES OF PROJECT 9:
[0, 23, 23, 23, 33, 47, 33, 57, 31, 43, 38, 66, 89, 53, 71, 82, 57, 59, 47, 137, 111, 74, 63, 113, 98, 82, 107, 96, 108, 120, 138, 100, 91, 116, 120, 108, 143, 121, 72, 116, 87, 161, 128, 129, 79, 94, 129, 151, 43, 137, 171, 156, 147, 177, 161, 171, 166, 171, 179, 183, 183, 191]
START TIMES OF ACTIVITIES OF PROJECT 10:
[0, 218, 247, 204, 257, 257, 258, 278, 262, 296, 260, 301, 292, 260, 269, 282, 288, 267, 219, 287, 293, 267, 300, 272, 285, 280, 275, 287, 303, 286, 263, 278, 300, 300, 296, 319, 310, 308, 286, 317, 322, 287, 294, 307, 312, 321, 276, 326, 303, 315, 329, 315, 310, 321, 323, 323, 330, 332, 333, 324, 321, 338]
TRANSFERS OF GLOBAL RESOURCE G1
(0, 2, 0): 22 
(0, 4, 12): 20 
(0, 4, 14): 1 
(0, 5, 0): 1 
(0, 7, 14): 19 
(0, 8, 0): 3 
(0, 9, 0): 20 
(1, 3, 156): 1 
(1, 5, 139): 3 
(1, 5, 142): 5 
(1, 5, 207): 4 
(1, 6, 139): 5 
(1, 6, 216): 7 
(1, 6, 217): 7 
(1, 6, 224): 1 
(1, 8, 208): 1 
(1, 8, 212): 2 
(2, 1, 109): 1 
(2, 3, 126): 7 
(2, 3, 131): 9 
(2, 3, 146): 2 
(2, 3, 148): 4 
(2, 7, 36): 1 
(2, 8, 35): 1 
(2, 8, 56): 1 
(2, 8, 62): 1 
(3, 6, 232): 5 
(3, 6, 237): 2 
(3, 8, 202): 7 
(3, 8, 203): 1 
(3, 8, 211): 1 
(3, 8, 214): 3 
(3, 8, 217): 4 
(3, 8, 220): 4 
(3, 8, 224): 1 
(3, 8, 234): 3 
(4, 1, 109): 4 
(4, 1, 113): 7 
(4, 1, 115): 1 
(4, 5, 91): 3 
(4, 5, 97): 3 
(4, 5, 102): 1 
(4, 7, 73): 2 
(4, 7, 78): 2 
(4, 9, 96): 1 
(5, 6, 35): 1 
(5, 10, 211): 4 
(5, 10, 240): 7 
(5, 10, 250): 2 
(5, 10, 255): 1 
(5, 10, 260): 4 
(5, 10, 268): 3 
(5, 10, 269): 1 
(5, 10, 271): 9 
(5, 10, 278): 1 
(6, 0, 346): 36 
(6, 5, 100): 1 
(6, 5, 175): 3 
(6, 10, 177): 2 
(7, 1, 119): 11 
(7, 1, 121): 8 
(7, 1, 122): 1 
(7, 1, 125): 2 
(7, 4, 30): 1 
(7, 4, 63): 2 
(7, 5, 126): 2 
(7, 9, 60): 1 
(7, 9, 107): 2 
(8, 0, 303): 22 
(8, 2, 83): 3 
(8, 2, 94): 2 
(8, 6, 248): 1 
(8, 6, 249): 1 
(8, 6, 258): 2 
(8, 6, 279): 5 
(8, 6, 288): 5 
(8, 9, 91): 1 
(9, 1, 181): 1 
(9, 3, 141): 2 
(9, 3, 186): 1 
(9, 3, 188): 5 
(9, 5, 127): 1 
(9, 7, 24): 1 
(9, 7, 40): 5 
(9, 8, 191): 9 
(10, 0, 338): 28 
(10, 5, 220): 1 
(10, 5, 226): 5 
TRANSFERS OF GLOBAL RESOURCE G2
(0, 2, 0): 15 
(0, 2, 3): 1 
(0, 4, 0): 17 
(0, 4, 2): 3 
(0, 4, 8): 1 
(0, 4, 13): 1 
(0, 5, 11): 2 
(0, 7, 0): 12 
(0, 7, 1): 10 
(0, 8, 0): 7 
(0, 9, 17): 27 
(1, 6, 151): 1 
(1, 6, 228): 8 
(1, 6, 229): 3 
(1, 8, 187): 3 
(1, 8, 207): 4 
(1, 10, 188): 8 
(1, 10, 231): 5 
(2, 1, 122): 4 
(2, 1, 124): 1 
(2, 1, 129): 2 
(2, 5, 120): 1 
(2, 5, 132): 8 
(2, 6, 119): 2 
(2, 7, 45): 1 
(2, 7, 49): 4 
(2, 7, 101): 10 
(3, 0, 232): 1 
(3, 6, 204): 3 
(3, 6, 215): 4 
(3, 8, 233): 3 
(3, 10, 203): 1 
(3, 10, 213): 6 
(3, 10, 232): 10 
(4, 1, 88): 6 
(4, 1, 94): 7 
(4, 1, 103): 5 
(4, 2, 95): 2 
(4, 5, 90): 1 
(4, 9, 97): 2 
(4, 9, 110): 4 
(5, 0, 271): 12 
(5, 6, 41): 2 
(5, 8, 215): 7 
(5, 8, 218): 1 
(5, 8, 228): 1 
(5, 8, 259): 3 
(5, 10, 240): 3 
(5, 10, 265): 2 
(6, 0, 346): 31 
(6, 1, 104): 3 
(6, 1, 173): 2 
(6, 5, 177): 1 
(6, 9, 70): 2 
(6, 10, 253): 1 
(6, 10, 278): 2 
(6, 10, 281): 4 
(6, 10, 283): 2 
(7, 1, 133): 2 
(7, 2, 28): 2 
(7, 2, 34): 1 
(7, 2, 61): 1 
(7, 2, 62): 1 
(7, 2, 68): 4 
(7, 3, 111): 3 
(7, 3, 116): 17 
(7, 3, 121): 1 
(7, 3, 142): 3 
(7, 3, 143): 3 
(7, 3, 155): 1 
(7, 5, 160): 1 
(8, 0, 303): 22 
(8, 5, 105): 3 
(8, 6, 43): 3 
(8, 6, 272): 7 
(8, 9, 67): 1 
(8, 10, 253): 1 
(8, 10, 271): 3 
(8, 10, 273): 4 
(8, 10, 312): 1 
(9, 2, 25): 3 
(9, 2, 65): 1 
(9, 2, 76): 2 
(9, 4, 24): 1 
(9, 4, 25): 2 
(9, 4, 27): 2 
(9, 5, 134): 2 
(9, 5, 136): 6 
(9, 5, 176): 3 
(9, 5, 177): 2 
(9, 5, 194): 1 
(9, 7, 61): 1 
(9, 7, 66): 2 
(9, 8, 187): 1 
(9, 8, 192): 7 
(10, 0, 338): 30 
(10, 6, 261): 3 
(10, 6, 263): 2 
(10, 6, 299): 9 
(10, 6, 320): 1 
(10, 8, 213): 3 
(10, 8, 221): 1 
(10, 8, 226): 4 
}
