INSTANCE: "A_18_60_36" 
RELEASES: [0, 0, 0, 0, 0, 0, 0, 0, 0, 0, 0, 0, 0, 0, 0, 0, 0, 0]
DUEDATES: [102, 83, 107, 113, 148, 116, 114, 118, 122, 140, 74, 104, 115, 87, 103, 108, 95, 118]
COMPLETION TIMES: [274, 106, 253, 140, 289, 214, 238, 169, 170, 156, 140, 120, 246, 114, 119, 145, 102, 221]
MAKESPANS: [274, 106, 253, 140, 289, 214, 238, 169, 170, 156, 140, 120, 246, 114, 119, 145, 102, 221]
DELAYS: [172, 23, 146, 27, 141, 98, 124, 51, 48, 16, 66, 16, 131, 27, 16, 37, 7, 103]
COST: 2232.5

Solution = { 
START TIMES OF ACTIVITIES OF PROJECT 1:
[0, 209, 179, 171, 178, 237, 182, 180, 192, 184, 193, 196, 211, 181, 188, 203, 201, 200, 191, 179, 204, 191, 204, 231, 245, 207, 240, 225, 215, 212, 237, 222, 195, 210, 216, 184, 209, 250, 232, 245, 215, 240, 215, 195, 230, 230, 201, 231, 223, 255, 257, 258, 225, 232, 244, 250, 247, 258, 265, 265, 266, 274]
START TIMES OF ACTIVITIES OF PROJECT 2:
[0, 21, 0, 22, 25, 22, 36, 22, 27, 40, 27, 63, 35, 26, 37, 46, 27, 28, 47, 34, 60, 35, 37, 40, 48, 38, 40, 53, 53, 73, 67, 55, 55, 67, 78, 78, 61, 70, 62, 56, 48, 73, 56, 55, 85, 85, 63, 73, 83, 73, 89, 83, 91, 91, 61, 80, 96, 94, 91, 95, 104, 106]
START TIMES OF ACTIVITIES OF PROJECT 3:
[0, 143, 142, 137, 145, 166, 183, 176, 155, 176, 161, 153, 179, 198, 159, 167, 204, 209, 205, 189, 147, 145, 159, 178, 187, 199, 163, 201, 158, 167, 211, 227, 169, 208, 184, 174, 201, 189, 225, 225, 210, 197, 194, 218, 229, 208, 228, 210, 179, 233, 209, 192, 215, 220, 202, 233, 211, 237, 247, 243, 237, 253]
START TIMES OF ACTIVITIES OF PROJECT 4:
[0, 19, 14, 14, 24, 17, 18, 28, 20, 18, 28, 38, 44, 36, 49, 41, 30, 50, 92, 39, 47, 54, 53, 41, 46, 71, 62, 67, 59, 89, 67, 87, 92, 80, 80, 94, 44, 91, 49, 81, 101, 101, 99, 129, 112, 107, 73, 59, 107, 110, 110, 101, 112, 121, 120, 132, 121, 120, 138, 132, 128, 140]
START TIMES OF ACTIVITIES OF PROJECT 5:
[0, 133, 142, 125, 149, 153, 160, 193, 235, 174, 164, 171, 174, 174, 133, 144, 142, 149, 200, 244, 183, 187, 273, 248, 153, 194, 156, 212, 162, 183, 203, 190, 160, 177, 226, 210, 254, 214, 254, 206, 215, 262, 229, 220, 262, 225, 239, 224, 282, 239, 259, 263, 266, 260, 268, 265, 276, 266, 281, 274, 286, 289]
START TIMES OF ACTIVITIES OF PROJECT 6:
[0, 46, 22, 132, 78, 26, 136, 58, 51, 138, 59, 87, 29, 32, 106, 141, 149, 26, 38, 95, 135, 138, 152, 36, 64, 149, 126, 68, 139, 145, 141, 167, 144, 159, 156, 150, 162, 183, 153, 166, 180, 166, 169, 169, 159, 172, 185, 182, 173, 173, 198, 190, 182, 190, 190, 199, 198, 198, 183, 203, 205, 214]
START TIMES OF ACTIVITIES OF PROJECT 7:
[0, 142, 27, 130, 160, 167, 143, 140, 163, 153, 195, 140, 164, 180, 183, 191, 166, 153, 190, 175, 165, 198, 190, 170, 202, 146, 143, 154, 195, 157, 146, 149, 195, 212, 157, 215, 158, 165, 180, 210, 205, 184, 205, 189, 198, 140, 184, 210, 205, 225, 175, 202, 198, 212, 212, 218, 194, 220, 220, 227, 228, 238]
START TIMES OF ACTIVITIES OF PROJECT 8:
[0, 49, 15, 15, 68, 57, 55, 55, 57, 68, 86, 75, 61, 76, 61, 81, 74, 75, 68, 84, 84, 72, 81, 94, 114, 83, 103, 105, 127, 83, 120, 91, 102, 93, 106, 113, 145, 106, 94, 116, 114, 116, 140, 125, 122, 118, 154, 127, 120, 132, 146, 139, 130, 140, 156, 155, 151, 159, 161, 140, 161, 169]
START TIMES OF ACTIVITIES OF PROJECT 9:
[0, 24, 24, 24, 44, 31, 36, 36, 41, 50, 59, 25, 80, 75, 59, 97, 49, 118, 69, 80, 100, 80, 116, 34, 89, 61, 63, 75, 71, 46, 146, 113, 91, 121, 79, 43, 111, 93, 101, 132, 130, 113, 123, 125, 150, 121, 160, 101, 106, 167, 90, 133, 143, 147, 138, 147, 134, 138, 168, 150, 152, 170]
START TIMES OF ACTIVITIES OF PROJECT 10:
[0, 20, 19, 5, 27, 36, 10, 18, 26, 34, 24, 10, 36, 18, 18, 26, 36, 33, 60, 45, 55, 36, 82, 23, 19, 49, 40, 55, 60, 62, 64, 97, 62, 64, 64, 73, 90, 77, 73, 88, 96, 55, 98, 100, 114, 137, 120, 109, 137, 66, 122, 66, 109, 132, 117, 117, 117, 127, 142, 151, 138, 156]
START TIMES OF ACTIVITIES OF PROJECT 11:
[0, 23, 23, 23, 47, 56, 27, 29, 35, 34, 59, 31, 60, 64, 62, 45, 36, 78, 47, 82, 25, 91, 92, 100, 68, 36, 88, 100, 61, 79, 80, 69, 55, 101, 108, 108, 110, 113, 72, 80, 119, 110, 101, 104, 111, 110, 119, 118, 119, 123, 119, 117, 129, 120, 112, 118, 118, 129, 123, 135, 128, 140]
START TIMES OF ACTIVITIES OF PROJECT 12:
[0, 19, 9, 17, 25, 17, 16, 23, 29, 34, 25, 31, 31, 34, 34, 41, 41, 21, 71, 72, 22, 47, 46, 57, 60, 64, 21, 72, 71, 29, 79, 79, 55, 40, 74, 59, 80, 91, 50, 84, 69, 103, 79, 95, 88, 95, 91, 75, 98, 74, 100, 86, 100, 96, 104, 107, 104, 91, 110, 111, 107, 120]
START TIMES OF ACTIVITIES OF PROJECT 13:
[0, 128, 122, 135, 217, 136, 154, 139, 139, 146, 157, 150, 149, 149, 161, 185, 171, 159, 179, 141, 158, 159, 148, 175, 183, 188, 167, 173, 196, 175, 200, 198, 210, 217, 227, 198, 192, 181, 177, 167, 196, 201, 201, 203, 210, 207, 228, 235, 225, 219, 203, 225, 238, 219, 233, 238, 241, 217, 245, 243, 228, 246]
START TIMES OF ACTIVITIES OF PROJECT 14:
[0, 29, 21, 21, 31, 42, 39, 37, 29, 52, 52, 38, 52, 65, 49, 38, 44, 57, 55, 49, 49, 41, 71, 38, 70, 65, 32, 59, 54, 67, 76, 74, 63, 74, 72, 56, 81, 84, 99, 66, 84, 84, 85, 87, 87, 85, 63, 94, 99, 94, 105, 92, 87, 66, 106, 93, 93, 110, 111, 100, 102, 114]
START TIMES OF ACTIVITIES OF PROJECT 15:
[0, 17, 17, 17, 26, 26, 35, 27, 28, 43, 24, 18, 51, 36, 40, 42, 49, 30, 58, 41, 68, 40, 48, 36, 65, 74, 81, 48, 23, 83, 89, 51, 65, 54, 23, 71, 51, 49, 87, 57, 59, 30, 65, 71, 75, 73, 85, 77, 91, 83, 85, 87, 98, 99, 86, 105, 98, 108, 103, 110, 110, 119]
START TIMES OF ACTIVITIES OF PROJECT 16:
[0, 21, 21, 21, 29, 24, 24, 66, 42, 33, 29, 24, 58, 58, 45, 82, 52, 48, 65, 95, 77, 69, 68, 83, 97, 104, 63, 88, 75, 39, 94, 60, 88, 107, 98, 75, 88, 82, 83, 112, 93, 105, 130, 95, 105, 117, 123, 83, 103, 115, 130, 121, 112, 130, 132, 135, 134, 137, 142, 142, 140, 145]
START TIMES OF ACTIVITIES OF PROJECT 17:
[0, 8, 6, 6, 14, 12, 17, 52, 16, 24, 34, 27, 17, 35, 21, 28, 22, 32, 24, 32, 42, 41, 22, 16, 33, 14, 46, 47, 47, 41, 72, 41, 58, 70, 51, 75, 79, 60, 51, 51, 56, 81, 72, 58, 60, 77, 51, 74, 64, 77, 75, 65, 81, 70, 91, 65, 84, 76, 92, 101, 84, 102]
START TIMES OF ACTIVITIES OF PROJECT 18:
[0, 20, 110, 118, 112, 120, 112, 88, 128, 121, 137, 157, 135, 145, 119, 127, 104, 132, 128, 138, 129, 137, 155, 148, 142, 142, 155, 160, 145, 164, 154, 179, 120, 167, 145, 167, 145, 167, 164, 174, 179, 171, 157, 187, 174, 185, 184, 181, 163, 193, 191, 201, 179, 192, 184, 204, 198, 193, 202, 212, 202, 221]
TRANSFERS OF GLOBAL RESOURCE G1
(0, 2, 0): 7 
(0, 2, 1): 16 
(0, 2, 4): 1 
(0, 4, 0): 5 
(0, 4, 3): 1 
(0, 4, 4): 8 
(0, 6, 0): 3 
(0, 7, 0): 1 
(0, 9, 8): 10 
(0, 9, 9): 1 
(0, 10, 0): 9 
(0, 10, 13): 16 
(0, 11, 0): 10 
(0, 11, 2): 1 
(0, 12, 0): 9 
(0, 12, 2): 5 
(0, 12, 5): 3 
(0, 12, 8): 5 
(0, 14, 1): 13 
(0, 15, 5): 16 
(0, 15, 6): 2 
(0, 16, 5): 25 
(0, 16, 8): 1 
(0, 17, 0): 3 
(0, 17, 2): 6 
(0, 17, 8): 1 
(0, 17, 11): 14 
(0, 18, 0): 9 
(1, 0, 274): 30 
(1, 5, 208): 2 
(1, 5, 210): 8 
(1, 5, 223): 6 
(2, 4, 31): 2 
(2, 4, 46): 2 
(2, 4, 47): 1 
(2, 4, 80): 2 
(2, 4, 82): 5 
(2, 4, 94): 1 
(2, 4, 103): 1 
(2, 8, 60): 3 
(2, 18, 100): 4 
(2, 18, 108): 2 
(2, 18, 114): 3 
(2, 18, 116): 10 
(3, 0, 253): 34 
(4, 2, 71): 3 
(4, 3, 111): 1 
(4, 3, 132): 1 
(4, 3, 133): 3 
(4, 3, 141): 1 
(4, 3, 153): 1 
(4, 8, 57): 4 
(4, 16, 60): 2 
(4, 18, 114): 4 
(4, 18, 130): 3 
(4, 18, 156): 7 
(5, 0, 289): 25 
(5, 1, 169): 5 
(5, 1, 177): 1 
(5, 1, 191): 2 
(5, 1, 202): 2 
(5, 1, 205): 5 
(5, 1, 220): 5 
(6, 0, 214): 12 
(6, 1, 201): 4 
(6, 1, 208): 1 
(6, 5, 210): 4 
(6, 11, 95): 2 
(6, 11, 103): 2 
(6, 11, 104): 1 
(6, 12, 78): 1 
(6, 16, 65): 1 
(7, 0, 238): 28 
(7, 13, 171): 2 
(7, 13, 173): 3 
(7, 13, 175): 1 
(7, 13, 199): 4 
(7, 14, 43): 1 
(8, 0, 166): 16 
(8, 3, 116): 1 
(8, 16, 101): 1 
(9, 1, 172): 13 
(9, 1, 173): 3 
(9, 5, 124): 1 
(9, 5, 140): 2 
(9, 5, 144): 2 
(9, 5, 165): 1 
(9, 12, 53): 1 
(9, 12, 96): 1 
(9, 16, 53): 3 
(9, 16, 63): 3 
(9, 16, 98): 1 
(9, 16, 125): 4 
(10, 3, 117): 5 
(10, 3, 120): 4 
(10, 3, 122): 2 
(10, 3, 142): 8 
(10, 3, 154): 1 
(10, 7, 177): 1 
(10, 13, 121): 1 
(10, 13, 123): 4 
(10, 14, 19): 4 
(10, 15, 29): 1 
(10, 15, 62): 4 
(10, 15, 63): 1 
(10, 17, 42): 1 
(10, 17, 50): 1 
(10, 17, 66): 1 
(10, 17, 67): 3 
(11, 6, 138): 3 
(11, 6, 144): 2 
(11, 7, 130): 7 
(11, 7, 131): 1 
(11, 7, 134): 8 
(11, 7, 145): 6 
(11, 13, 124): 1 
(11, 13, 125): 8 
(11, 13, 148): 2 
(11, 14, 46): 1 
(11, 14, 75): 1 
(11, 14, 78): 3 
(11, 14, 79): 1 
(12, 5, 120): 10 
(12, 6, 45): 2 
(12, 6, 46): 2 
(12, 6, 119): 3 
(12, 9, 27): 1 
(12, 9, 64): 4 
(12, 9, 114): 4 
(12, 11, 34): 1 
(13, 0, 246): 29 
(13, 7, 140): 2 
(13, 7, 188): 4 
(13, 7, 189): 2 
(14, 7, 121): 1 
(14, 11, 39): 1 
(14, 11, 56): 6 
(14, 11, 58): 2 
(14, 11, 98): 3 
(14, 11, 104): 4 
(14, 11, 107): 1 
(14, 11, 111): 1 
(14, 11, 114): 4 
(14, 13, 114): 3 
(14, 15, 89): 3 
(15, 6, 116): 2 
(15, 6, 119): 6 
(15, 7, 113): 3 
(15, 7, 126): 1 
(15, 10, 77): 2 
(15, 10, 79): 1 
(15, 10, 103): 2 
(15, 11, 24): 1 
(15, 11, 43): 1 
(15, 11, 79): 1 
(15, 11, 105): 1 
(15, 11, 106): 1 
(15, 13, 119): 3 
(15, 14, 23): 1 
(15, 14, 56): 3 
(15, 14, 61): 1 
(16, 1, 168): 3 
(16, 1, 203): 2 
(16, 5, 136): 5 
(16, 5, 140): 4 
(16, 7, 165): 2 
(16, 8, 33): 7 
(16, 8, 39): 4 
(16, 9, 26): 4 
(16, 9, 29): 2 
(16, 9, 70): 1 
(16, 9, 108): 4 
(16, 13, 164): 5 
(17, 4, 25): 1 
(17, 4, 28): 1 
(17, 6, 20): 5 
(17, 9, 64): 4 
(17, 10, 99): 7 
(17, 10, 104): 5 
(17, 12, 84): 1 
(17, 12, 91): 1 
(17, 15, 29): 1 
(17, 15, 61): 1 
(17, 15, 62): 1 
(17, 16, 91): 1 
(17, 16, 92): 1 
(18, 0, 221): 27 
(18, 2, 36): 9 
(18, 3, 186): 6 
TRANSFERS OF GLOBAL RESOURCE G2
(0, 2, 0): 19 
(0, 2, 5): 1 
(0, 4, 5): 14 
(0, 4, 8): 2 
(0, 4, 9): 2 
(0, 6, 0): 7 
(0, 8, 0): 14 
(0, 9, 0): 17 
(0, 10, 0): 1 
(0, 10, 1): 3 
(0, 10, 2): 5 
(0, 11, 3): 16 
(0, 12, 0): 7 
(0, 12, 8): 7 
(0, 12, 13): 7 
(0, 12, 14): 1 
(0, 14, 0): 13 
(0, 15, 0): 7 
(0, 15, 1): 7 
(0, 16, 0): 16 
(0, 16, 3): 2 
(0, 17, 0): 5 
(0, 17, 4): 6 
(0, 17, 6): 13 
(1, 0, 274): 30 
(2, 8, 107): 1 
(2, 11, 51): 2 
(2, 11, 68): 1 
(2, 11, 96): 10 
(2, 11, 107): 1 
(2, 11, 114): 1 
(2, 11, 115): 5 
(2, 13, 106): 1 
(2, 14, 65): 1 
(2, 14, 66): 1 
(3, 0, 253): 39 
(3, 7, 171): 5 
(4, 1, 140): 3 
(4, 5, 140): 6 
(4, 5, 143): 1 
(4, 6, 114): 3 
(4, 8, 111): 1 
(4, 10, 46): 1 
(4, 10, 103): 4 
(4, 12, 25): 1 
(4, 12, 62): 2 
(4, 12, 70): 3 
(4, 14, 48): 2 
(4, 17, 29): 4 
(4, 17, 48): 3 
(4, 17, 78): 2 
(4, 17, 81): 3 
(4, 18, 132): 3 
(4, 18, 134): 4 
(5, 0, 289): 25 
(5, 1, 180): 1 
(5, 7, 146): 1 
(6, 0, 213): 17 
(6, 3, 191): 3 
(6, 7, 174): 4 
(6, 9, 42): 6 
(6, 9, 47): 1 
(6, 9, 48): 1 
(6, 9, 95): 3 
(6, 9, 114): 3 
(6, 9, 116): 1 
(6, 9, 119): 2 
(6, 9, 145): 2 
(6, 17, 63): 1 
(6, 18, 68): 3 
(7, 0, 238): 30 
(7, 5, 160): 1 
(7, 5, 228): 2 
(8, 1, 136): 5 
(8, 1, 143): 2 
(8, 1, 144): 1 
(8, 1, 153): 2 
(8, 1, 165): 1 
(8, 1, 168): 6 
(8, 1, 172): 2 
(8, 1, 176): 1 
(8, 2, 25): 1 
(8, 4, 25): 3 
(8, 5, 174): 3 
(8, 11, 20): 3 
(8, 11, 23): 1 
(8, 11, 25): 3 
(8, 14, 25): 2 
(8, 15, 20): 1 
(9, 3, 183): 13 
(9, 6, 27): 10 
(9, 6, 104): 4 
(9, 6, 124): 8 
(9, 6, 130): 3 
(9, 6, 136): 4 
(9, 6, 165): 5 
(9, 7, 173): 1 
(9, 7, 176): 1 
(10, 3, 150): 2 
(10, 3, 158): 2 
(10, 7, 121): 2 
(10, 7, 161): 1 
(10, 9, 121): 1 
(10, 9, 122): 2 
(10, 9, 127): 5 
(10, 9, 136): 3 
(10, 12, 76): 4 
(10, 13, 120): 1 
(10, 16, 45): 1 
(10, 16, 62): 1 
(10, 16, 75): 3 
(10, 16, 88): 4 
(10, 16, 90): 1 
(10, 16, 123): 6 
(10, 17, 68): 2 
(11, 1, 134): 1 
(11, 2, 56): 2 
(11, 2, 81): 1 
(11, 7, 138): 1 
(11, 8, 44): 10 
(11, 8, 121): 4 
(11, 13, 123): 2 
(11, 13, 130): 9 
(11, 13, 132): 6 
(11, 13, 141): 9 
(11, 14, 64): 4 
(12, 6, 112): 1 
(12, 7, 122): 10 
(12, 10, 45): 3 
(12, 10, 50): 1 
(12, 10, 88): 6 
(12, 10, 107): 4 
(12, 15, 36): 3 
(12, 16, 45): 1 
(12, 16, 92): 1 
(12, 17, 37): 3 
(13, 0, 246): 25 
(13, 1, 164): 4 
(13, 5, 161): 4 
(14, 11, 53): 1 
(14, 11, 54): 1 
(14, 11, 80): 2 
(14, 11, 83): 2 
(14, 13, 111): 5 
(14, 18, 92): 1 
(14, 18, 100): 3 
(14, 18, 101): 5 
(14, 18, 114): 4 
(15, 5, 113): 5 
(15, 5, 121): 5 
(15, 7, 124): 6 
(15, 9, 65): 1 
(15, 16, 82): 3 
(16, 3, 134): 2 
(16, 3, 139): 2 
(16, 3, 140): 2 
(16, 3, 142): 5 
(16, 3, 144): 3 
(16, 3, 150): 4 
(16, 3, 156): 6 
(16, 7, 143): 1 
(16, 10, 26): 5 
(16, 10, 29): 1 
(16, 10, 107): 5 
(16, 10, 110): 1 
(16, 15, 30): 2 
(17, 4, 33): 1 
(17, 4, 35): 8 
(17, 4, 41): 3 
(17, 4, 86): 3 
(17, 4, 98): 10 
(17, 6, 105): 2 
(17, 8, 52): 2 
(17, 8, 65): 4 
(17, 8, 114): 1 
(17, 9, 102): 1 
(17, 10, 101): 1 
(17, 12, 61): 1 
(17, 14, 16): 1 
(17, 18, 87): 1 
(17, 18, 104): 3 
(18, 0, 221): 26 
(18, 1, 160): 1 
}
