INSTANCE: "B_18_50_29" 
RELEASES: [0, 0, 0, 0, 0, 0, 0, 0, 0, 0, 0, 0, 0, 0, 0, 0, 0, 0]
DUEDATES: [119, 129, 168, 45, 125, 97, 119, 140, 134, 98, 124, 58, 78, 130, 108, 115, 125, 134]
COMPLETION TIMES: [137, 278, 330, 61, 142, 118, 132, 157, 158, 88, 240, 67, 72, 147, 112, 114, 122, 172]
MAKESPANS: [137, 278, 330, 61, 142, 118, 132, 157, 158, 88, 240, 67, 72, 147, 112, 114, 122, 172]
DELAYS: [18, 149, 162, 16, 17, 21, 13, 17, 24, 0, 116, 9, 0, 17, 4, 0, 0, 38]
COST: 1634.0

Solution = { 
START TIMES OF ACTIVITIES OF PROJECT 1:
[0, 16, 32, 10, 40, 58, 50, 65, 73, 77, 81, 86, 21, 92, 77, 96, 75, 101, 10, 111, 118, 118, 86, 41, 40, 127, 99, 118, 115, 100, 96, 91, 96, 124, 109, 83, 127, 21, 73, 65, 65, 105, 28, 40, 65, 115, 10, 103, 112, 77, 91, 137]
START TIMES OF ACTIVITIES OF PROJECT 2:
[0, 154, 158, 161, 171, 172, 177, 199, 162, 200, 202, 205, 207, 222, 223, 225, 10, 235, 223, 185, 185, 218, 38, 30, 224, 213, 10, 264, 207, 212, 200, 222, 185, 194, 235, 267, 205, 221, 200, 274, 177, 208, 241, 20, 20, 208, 246, 256, 256, 267, 268, 278]
START TIMES OF ACTIVITIES OF PROJECT 3:
[0, 169, 173, 199, 206, 213, 217, 222, 161, 232, 245, 254, 265, 277, 278, 279, 181, 289, 278, 240, 151, 265, 319, 9, 271, 264, 254, 329, 257, 242, 258, 248, 270, 240, 142, 279, 254, 270, 231, 301, 191, 264, 272, 289, 181, 224, 291, 267, 311, 319, 319, 330]
START TIMES OF ACTIVITIES OF PROJECT 4:
[0, 22, 22, 0, 22, 22, 22, 22, 11, 30, 0, 32, 27, 31, 10, 10, 22, 31, 22, 23, 0, 22, 10, 23, 39, 34, 22, 41, 43, 32, 31, 47, 43, 56, 32, 31, 31, 55, 51, 51, 58, 44, 41, 50, 32, 36, 51, 31, 35, 33, 56, 61]
START TIMES OF ACTIVITIES OF PROJECT 5:
[0, 17, 20, 16, 24, 34, 90, 50, 56, 57, 59, 71, 24, 87, 57, 100, 35, 109, 11, 112, 120, 128, 102, 45, 66, 35, 102, 120, 100, 56, 120, 104, 138, 107, 78, 68, 122, 82, 102, 125, 107, 104, 110, 139, 115, 129, 115, 138, 139, 78, 123, 142]
START TIMES OF ACTIVITIES OF PROJECT 6:
[0, 23, 29, 40, 50, 51, 17, 60, 67, 63, 31, 73, 79, 10, 72, 87, 62, 89, 79, 86, 104, 51, 60, 90, 63, 65, 66, 76, 63, 60, 51, 73, 92, 51, 66, 96, 76, 86, 87, 34, 60, 92, 89, 59, 72, 108, 95, 89, 51, 84, 65, 118]
START TIMES OF ACTIVITIES OF PROJECT 7:
[0, 11, 27, 29, 11, 21, 45, 39, 10, 55, 11, 29, 13, 86, 45, 88, 100, 55, 105, 108, 54, 126, 19, 10, 11, 70, 120, 61, 116, 84, 55, 61, 88, 54, 94, 77, 110, 66, 100, 123, 15, 113, 77, 26, 130, 108, 91, 15, 60, 110, 110, 132]
START TIMES OF ACTIVITIES OF PROJECT 8:
[0, 43, 48, 55, 64, 76, 78, 87, 93, 102, 107, 126, 110, 116, 110, 117, 78, 137, 6, 155, 66, 150, 93, 110, 126, 98, 21, 132, 98, 37, 87, 132, 78, 117, 87, 123, 69, 147, 49, 28, 77, 137, 15, 93, 114, 66, 147, 96, 151, 150, 78, 157]
START TIMES OF ACTIVITIES OF PROJECT 9:
[0, 22, 36, 46, 50, 60, 17, 66, 2, 70, 78, 82, 109, 117, 118, 78, 136, 141, 54, 7, 143, 127, 117, 86, 6, 97, 26, 118, 117, 92, 96, 92, 86, 143, 122, 0, 85, 90, 127, 141, 85, 66, 78, 141, 122, 54, 136, 152, 50, 74, 99, 158]
START TIMES OF ACTIVITIES OF PROJECT 10:
[0, 29, 12, 8, 8, 12, 20, 19, 43, 55, 33, 12, 43, 8, 21, 54, 13, 20, 49, 33, 39, 26, 58, 46, 12, 24, 52, 38, 33, 33, 55, 53, 65, 65, 49, 65, 77, 58, 60, 61, 67, 70, 77, 65, 65, 63, 87, 79, 56, 58, 21, 88]
START TIMES OF ACTIVITIES OF PROJECT 11:
[0, 104, 132, 91, 143, 146, 151, 167, 169, 171, 173, 182, 94, 192, 21, 198, 120, 205, 115, 214, 225, 201, 104, 163, 136, 122, 171, 222, 193, 120, 222, 201, 192, 211, 159, 172, 226, 193, 229, 211, 143, 161, 214, 225, 222, 231, 227, 231, 159, 106, 231, 240]
START TIMES OF ACTIVITIES OF PROJECT 12:
[0, 8, 19, 10, 8, 16, 0, 10, 29, 16, 10, 10, 19, 20, 29, 10, 17, 13, 30, 25, 14, 41, 32, 28, 35, 30, 33, 40, 21, 31, 8, 8, 48, 43, 60, 35, 54, 45, 42, 40, 21, 28, 66, 64, 48, 16, 54, 45, 10, 8, 14, 67]
START TIMES OF ACTIVITIES OF PROJECT 13:
[0, 13, 7, 7, 7, 0, 11, 14, 23, 31, 16, 8, 32, 0, 23, 3, 16, 14, 41, 26, 16, 8, 17, 48, 23, 32, 32, 45, 29, 11, 29, 60, 38, 51, 29, 59, 45, 35, 30, 32, 68, 53, 57, 62, 54, 48, 51, 51, 54, 41, 35, 72]
START TIMES OF ACTIVITIES OF PROJECT 14:
[0, 8, 67, 24, 68, 71, 61, 74, 76, 84, 85, 94, 27, 104, 4, 105, 52, 109, 62, 116, 124, 76, 37, 45, 37, 113, 68, 126, 105, 84, 124, 104, 123, 113, 24, 93, 139, 126, 53, 130, 69, 102, 123, 137, 128, 136, 146, 136, 136, 14, 138, 147]
START TIMES OF ACTIVITIES OF PROJECT 15:
[0, 7, 3, 43, 7, 13, 49, 7, 57, 18, 7, 9, 65, 0, 26, 36, 71, 11, 19, 79, 27, 19, 79, 7, 89, 43, 104, 82, 57, 59, 43, 29, 108, 108, 73, 96, 79, 73, 89, 59, 49, 57, 49, 69, 82, 43, 21, 82, 62, 21, 9, 112]
START TIMES OF ACTIVITIES OF PROJECT 16:
[0, 8, 19, 26, 43, 10, 36, 40, 60, 52, 0, 41, 8, 59, 45, 61, 59, 36, 70, 76, 43, 73, 81, 10, 12, 21, 90, 44, 70, 41, 46, 66, 73, 66, 40, 50, 43, 54, 94, 91, 45, 81, 26, 71, 66, 102, 102, 21, 8, 104, 104, 114]
START TIMES OF ACTIVITIES OF PROJECT 17:
[0, 10, 25, 31, 23, 2, 42, 17, 2, 55, 0, 34, 2, 61, 41, 63, 42, 18, 73, 95, 38, 76, 88, 9, 0, 8, 100, 36, 63, 52, 59, 61, 69, 50, 82, 52, 32, 27, 72, 79, 25, 110, 18, 42, 120, 80, 110, 31, 11, 80, 100, 122]
START TIMES OF ACTIVITIES OF PROJECT 18:
[0, 49, 57, 61, 65, 66, 68, 84, 94, 117, 122, 122, 124, 130, 137, 131, 108, 149, 23, 164, 84, 161, 167, 131, 140, 104, 10, 161, 99, 66, 94, 127, 77, 149, 72, 131, 141, 168, 68, 40, 72, 99, 74, 84, 31, 134, 137, 90, 158, 158, 73, 172]
TRANSFERS OF GLOBAL RESOURCE G1
(0, 1, 2): 15 
(0, 2, 1): 23 
(0, 3, 0): 111 
(0, 4, 0): 1 
(0, 5, 5): 7 
(0, 7, 0): 8 
(0, 8, 0): 50 
(0, 9, 0): 1 
(0, 10, 0): 26 
(0, 12, 0): 32 
(0, 13, 0): 1 
(0, 13, 4): 18 
(0, 14, 0): 9 
(0, 14, 4): 110 
(0, 15, 0): 3 
(0, 15, 4): 26 
(0, 16, 0): 21 
(0, 16, 2): 4 
(0, 17, 0): 25 
(0, 17, 7): 4 
(1, 3, 137): 15 
(1, 4, 49): 1 
(1, 4, 50): 4 
(1, 4, 52): 3 
(1, 5, 46): 5 
(1, 7, 43): 2 
(1, 7, 48): 1 
(1, 8, 20): 2 
(1, 8, 106): 11 
(1, 10, 45): 1 
(1, 10, 46): 4 
(1, 10, 48): 7 
(1, 12, 20): 2 
(1, 12, 21): 7 
(1, 15, 90): 4 
(1, 16, 18): 2 
(1, 16, 23): 2 
(1, 16, 70): 1 
(2, 0, 278): 52 
(2, 1, 36): 9 
(2, 3, 249): 10 
(2, 6, 46): 2 
(2, 7, 46): 1 
(2, 12, 59): 3 
(2, 14, 48): 1 
(2, 15, 62): 1 
(2, 16, 34): 4 
(2, 16, 38): 8 
(2, 16, 64): 9 
(3, 0, 330): 259 
(3, 1, 35): 14 
(3, 1, 36): 2 
(3, 4, 19): 70 
(3, 4, 20): 1 
(3, 5, 26): 7 
(3, 6, 22): 1 
(3, 8, 25): 15 
(3, 18, 24): 1 
(4, 1, 35): 6 
(4, 1, 71): 5 
(4, 1, 94): 1 
(4, 5, 39): 3 
(4, 6, 31): 7 
(4, 6, 64): 3 
(4, 7, 44): 3 
(4, 8, 30): 7 
(4, 8, 36): 31 
(4, 9, 68): 2 
(4, 10, 44): 1 
(4, 14, 30): 1 
(4, 14, 69): 4 
(4, 16, 33): 2 
(4, 16, 94): 2 
(4, 18, 30): 2 
(5, 3, 134): 5 
(5, 3, 143): 18 
(5, 7, 112): 2 
(5, 9, 70): 7 
(5, 9, 74): 2 
(5, 10, 30): 2 
(5, 14, 37): 8 
(5, 15, 36): 6 
(5, 16, 90): 2 
(6, 8, 71): 10 
(6, 8, 107): 1 
(6, 11, 91): 2 
(6, 11, 101): 16 
(6, 11, 119): 4 
(7, 3, 134): 24 
(7, 5, 12): 1 
(7, 5, 13): 1 
(7, 5, 46): 1 
(7, 14, 33): 5 
(7, 14, 72): 4 
(7, 18, 73): 5 
(8, 2, 146): 4 
(8, 2, 177): 3 
(8, 2, 200): 3 
(8, 2, 215): 3 
(8, 3, 157): 25 
(8, 3, 169): 28 
(8, 6, 97): 2 
(8, 11, 15): 6 
(8, 11, 85): 18 
(8, 11, 88): 63 
(8, 11, 98): 43 
(8, 11, 116): 23 
(8, 11, 126): 2 
(8, 11, 161): 6 
(8, 11, 186): 28 
(8, 11, 219): 7 
(8, 14, 62): 11 
(8, 15, 63): 8 
(8, 17, 64): 1 
(8, 17, 105): 6 
(9, 1, 101): 2 
(9, 7, 97): 3 
(9, 7, 99): 7 
(9, 7, 105): 6 
(9, 8, 103): 6 
(9, 11, 213): 23 
(9, 14, 64): 3 
(9, 18, 62): 1 
(10, 5, 13): 4 
(10, 5, 42): 8 
(10, 5, 47): 2 
(10, 5, 99): 1 
(10, 7, 16): 2 
(10, 7, 24): 4 
(10, 7, 105): 2 
(10, 9, 72): 3 
(10, 13, 38): 3 
(10, 16, 90): 5 
(10, 18, 74): 11 
(11, 0, 240): 184 
(11, 2, 252): 1 
(11, 3, 247): 28 
(11, 6, 26): 6 
(11, 8, 108): 35 
(12, 2, 15): 2 
(12, 8, 22): 13 
(12, 8, 31): 6 
(12, 8, 43): 8 
(12, 8, 72): 10 
(12, 16, 35): 5 
(13, 5, 59): 4 
(13, 8, 22): 1 
(13, 8, 37): 8 
(13, 10, 58): 3 
(13, 14, 17): 3 
(13, 14, 54): 4 
(13, 15, 6): 1 
(13, 15, 35): 1 
(13, 15, 42): 3 
(13, 15, 56): 7 
(13, 15, 58): 3 
(13, 16, 35): 2 
(13, 17, 65): 8 
(14, 2, 141): 48 
(14, 3, 129): 8 
(14, 3, 138): 8 
(14, 3, 148): 61 
(14, 6, 14): 1 
(14, 6, 25): 3 
(14, 8, 14): 3 
(14, 8, 30): 2 
(14, 8, 89): 5 
(14, 9, 17): 7 
(14, 9, 55): 1 
(14, 9, 85): 7 
(14, 11, 215): 2 
(14, 11, 216): 2 
(14, 15, 37): 7 
(14, 15, 90): 1 
(14, 17, 28): 8 
(14, 17, 106): 1 
(14, 18, 14): 11 
(15, 1, 10): 2 
(15, 1, 112): 1 
(15, 2, 13): 5 
(15, 5, 113): 4 
(15, 5, 115): 3 
(15, 8, 72): 10 
(15, 8, 90): 1 
(15, 9, 73): 1 
(15, 10, 47): 1 
(15, 13, 15): 7 
(15, 13, 31): 9 
(15, 13, 47): 3 
(15, 13, 50): 7 
(15, 14, 63): 6 
(15, 17, 28): 5 
(15, 17, 49): 1 
(15, 17, 77): 2 
(15, 17, 107): 3 
(16, 1, 13): 7 
(16, 1, 62): 6 
(16, 1, 96): 1 
(16, 1, 97): 1 
(16, 1, 115): 2 
(16, 2, 18): 8 
(16, 6, 46): 2 
(16, 6, 47): 3 
(16, 6, 76): 3 
(16, 8, 42): 11 
(16, 8, 107): 17 
(16, 11, 83): 8 
(17, 3, 132): 9 
(17, 5, 115): 1 
(17, 8, 23): 8 
(17, 8, 38): 3 
(17, 8, 73): 2 
(17, 8, 91): 10 
(17, 8, 132): 4 
(17, 9, 10): 9 
(17, 11, 85): 1 
(17, 14, 20): 4 
(17, 14, 57): 8 
(17, 14, 65): 1 
(17, 14, 72): 4 
(18, 3, 248): 20 
(18, 9, 74): 2 
(18, 9, 86): 9 
TRANSFERS OF GLOBAL RESOURCE G2
(0, 1, 0): 19 
(0, 2, 0): 135 
(0, 3, 0): 17 
(0, 4, 0): 13 
(0, 4, 1): 4 
(0, 5, 0): 124 
(0, 6, 0): 9 
(0, 7, 0): 51 
(0, 9, 0): 3 
(0, 9, 4): 1 
(0, 9, 15): 1 
(0, 10, 1): 10 
(0, 12, 0): 33 
(0, 12, 2): 15 
(0, 13, 3): 7 
(0, 13, 4): 3 
(0, 13, 7): 4 
(0, 14, 0): 18 
(0, 15, 0): 20 
(0, 15, 2): 11 
(0, 15, 4): 5 
(0, 16, 0): 18 
(0, 17, 0): 8 
(0, 17, 1): 13 
(0, 17, 2): 1 
(0, 18, 0): 9 
(1, 3, 126): 12 
(1, 9, 81): 2 
(1, 11, 83): 8 
(1, 14, 21): 6 
(1, 14, 34): 8 
(1, 14, 58): 3 
(1, 14, 81): 4 
(1, 14, 82): 1 
(1, 14, 120): 4 
(1, 14, 123): 2 
(1, 14, 136): 1 
(2, 0, 278): 172 
(2, 3, 168): 70 
(2, 3, 221): 40 
(2, 3, 257): 16 
(2, 3, 264): 58 
(2, 4, 47): 12 
(2, 5, 39): 13 
(2, 6, 46): 14 
(2, 7, 42): 18 
(2, 9, 43): 1 
(2, 10, 38): 5 
(2, 10, 39): 10 
(2, 14, 52): 6 
(2, 14, 53): 5 
(2, 15, 49): 5 
(2, 15, 63): 7 
(2, 16, 20): 2 
(2, 16, 60): 1 
(2, 16, 64): 10 
(2, 16, 65): 2 
(2, 18, 21): 22 
(2, 18, 56): 2 
(3, 0, 330): 244 
(3, 2, 153): 55 
(3, 2, 207): 2 
(3, 2, 217): 71 
(3, 4, 19): 4 
(3, 4, 28): 5 
(3, 13, 19): 2 
(3, 18, 21): 6 
(4, 6, 15): 5 
(4, 6, 38): 14 
(4, 6, 49): 10 
(4, 15, 43): 2 
(4, 16, 34): 2 
(4, 18, 24): 4 
(4, 18, 59): 12 
(4, 18, 61): 6 
(5, 2, 143): 114 
(5, 3, 132): 6 
(5, 3, 151): 16 
(5, 3, 171): 15 
(5, 7, 74): 4 
(5, 7, 91): 8 
(5, 7, 107): 6 
(5, 8, 104): 3 
(5, 11, 71): 4 
(5, 11, 74): 18 
(5, 11, 84): 2 
(5, 16, 35): 12 
(5, 16, 38): 6 
(5, 16, 99): 1 
(6, 3, 137): 1 
(6, 4, 29): 6 
(6, 4, 30): 3 
(6, 15, 31): 5 
(6, 18, 60): 7 
(6, 18, 62): 15 
(6, 18, 116): 1 
(6, 18, 118): 28 
(7, 2, 172): 1 
(7, 3, 130): 20 
(7, 3, 169): 10 
(7, 5, 13): 18 
(7, 5, 21): 8 
(7, 5, 47): 1 
(7, 5, 63): 26 
(7, 5, 65): 4 
(7, 5, 125): 5 
(7, 8, 26): 5 
(7, 8, 32): 2 
(7, 10, 41): 1 
(7, 16, 33): 1 
(7, 16, 36): 3 
(8, 0, 157): 4 
(8, 2, 165): 1 
(8, 10, 29): 2 
(8, 10, 48): 3 
(8, 11, 91): 4 
(8, 11, 179): 15 
(9, 1, 92): 5 
(9, 3, 132): 10 
(9, 8, 105): 1 
(9, 13, 27): 6 
(9, 13, 55): 3 
(9, 14, 60): 3 
(9, 14, 97): 2 
(9, 14, 98): 7 
(9, 15, 64): 1 
(9, 17, 92): 1 
(9, 18, 149): 10 
(9, 18, 155): 1 
(10, 7, 62): 2 
(10, 8, 17): 2 
(10, 8, 39): 1 
(10, 8, 60): 3 
(10, 8, 65): 1 
(10, 8, 74): 8 
(10, 11, 77): 10 
(10, 11, 80): 7 
(10, 11, 90): 4 
(11, 0, 240): 132 
(11, 17, 29): 1 
(12, 15, 55): 1 
(12, 18, 21): 32 
(12, 18, 47): 21 
(13, 1, 65): 1 
(13, 8, 12): 3 
(13, 9, 13): 1 
(13, 9, 18): 3 
(13, 9, 50): 1 
(13, 9, 70): 3 
(13, 9, 81): 3 
(13, 9, 82): 1 
(13, 10, 17): 2 
(13, 10, 42): 1 
(13, 10, 45): 4 
(13, 16, 62): 4 
(14, 1, 25): 6 
(14, 1, 47): 1 
(14, 1, 62): 9 
(14, 1, 74): 3 
(14, 1, 93): 1 
(14, 2, 170): 5 
(14, 9, 29): 4 
(14, 9, 47): 1 
(14, 9, 111): 6 
(14, 9, 115): 4 
(14, 17, 25): 7 
(14, 17, 93): 8 
(14, 18, 14): 5 
(14, 18, 149): 3 
(14, 18, 155): 14 
(15, 1, 92): 1 
(15, 4, 16): 8 
(15, 6, 18): 4 
(15, 9, 29): 5 
(15, 11, 90): 1 
(15, 12, 28): 6 
(15, 14, 93): 2 
(15, 18, 20): 4 
(15, 18, 28): 5 
(15, 18, 46): 4 
(15, 18, 63): 11 
(15, 18, 96): 8 
(15, 18, 119): 2 
(16, 3, 136): 16 
(16, 5, 19): 1 
(16, 5, 45): 4 
(16, 5, 61): 11 
(16, 7, 12): 7 
(16, 7, 48): 9 
(16, 11, 75): 9 
(16, 11, 85): 5 
(17, 1, 56): 5 
(17, 2, 167): 4 
(17, 3, 124): 8 
(17, 9, 78): 2 
(17, 11, 18): 1 
(17, 11, 88): 1 
(17, 11, 91): 9 
(17, 11, 119): 2 
(17, 13, 21): 1 
(17, 13, 51): 1 
(17, 14, 17): 5 
(18, 2, 144): 1 
(18, 2, 167): 70 
(18, 2, 175): 32 
(18, 3, 132): 66 
(18, 3, 171): 8 
(18, 6, 81): 10 
(18, 9, 77): 8 
(18, 11, 76): 29 
(18, 11, 79): 4 
(18, 15, 79): 3 
(18, 15, 105): 1 
}
