INSTANCE: "B_2_50_15" 
RELEASES: [0, 0]
DUEDATES: [150, 104]
COMPLETION TIMES: [245, 95]
MAKESPANS: [245, 95]
DELAYS: [95, 0]
COST: 217.5

Solution = { 
START TIMES OF ACTIVITIES OF PROJECT 1:
[0, 125, 130, 131, 133, 134, 139, 149, 31, 160, 170, 176, 178, 202, 211, 221, 50, 229, 229, 171, 161, 178, 72, 41, 184, 187, 116, 153, 161, 161, 201, 176, 203, 178, 70, 207, 184, 201, 207, 239, 139, 201, 207, 160, 60, 194, 212, 221, 221, 229, 231, 245]
START TIMES OF ACTIVITIES OF PROJECT 2:
[0, 24, 24, 37, 28, 27, 38, 50, 46, 24, 10, 10, 60, 27, 63, 20, 63, 50, 0, 38, 30, 30, 71, 82, 81, 36, 83, 60, 46, 76, 28, 71, 79, 87, 87, 79, 71, 71, 72, 71, 45, 83, 81, 60, 85, 71, 64, 82, 89, 38, 93, 95]
TRANSFERS OF GLOBAL RESOURCE G1
(0, 1, 24): 100 
(0, 1, 34): 10 
(0, 1, 43): 21 
(0, 1, 63): 8 
(0, 2, 2): 19 
(0, 2, 5): 8 
(0, 2, 50): 3 
(0, 2, 59): 2 
(0, 2, 63): 2 
(1, 0, 245): 170 
(2, 0, 95): 3 
(2, 1, 103): 31 
TRANSFERS OF GLOBAL RESOURCE G2
(0, 1, 0): 19 
(0, 1, 10): 76 
(0, 1, 39): 25 
(0, 2, 0): 4 
(0, 2, 10): 8 
(0, 2, 18): 2 
(0, 2, 20): 10 
(0, 2, 69): 2 
(1, 0, 245): 143 
(2, 0, 93): 3 
(2, 1, 81): 7 
(2, 1, 90): 16 
}
