INSTANCE: "A_6_60_20" 
RELEASES: [0, 0, 0, 0, 0, 0]
DUEDATES: [95, 86, 84, 129, 106, 93]
COMPLETION TIMES: [153, 113, 235, 294, 138, 230]
MAKESPANS: [153, 113, 235, 294, 138, 230]
DELAYS: [58, 27, 151, 165, 32, 137]
COST: 866.5

Solution = { 
START TIMES OF ACTIVITIES OF PROJECT 1:
[0, 30, 20, 29, 40, 60, 41, 44, 73, 68, 83, 68, 48, 76, 71, 84, 40, 48, 43, 42, 80, 47, 86, 96, 58, 32, 99, 87, 60, 52, 106, 113, 69, 88, 107, 87, 60, 89, 83, 89, 73, 104, 107, 75, 122, 83, 115, 123, 115, 131, 137, 105, 105, 123, 133, 142, 131, 147, 147, 152, 138, 153]
START TIMES OF ACTIVITIES OF PROJECT 2:
[0, 17, 17, 17, 18, 25, 31, 34, 25, 31, 43, 21, 42, 26, 39, 39, 18, 43, 52, 53, 80, 19, 43, 46, 31, 97, 22, 49, 32, 56, 49, 45, 55, 55, 74, 90, 61, 88, 73, 94, 45, 53, 69, 61, 66, 79, 90, 69, 79, 97, 79, 86, 87, 97, 100, 87, 103, 97, 102, 107, 106, 113]
START TIMES OF ACTIVITIES OF PROJECT 3:
[0, 119, 133, 138, 135, 155, 147, 144, 147, 152, 164, 173, 155, 148, 166, 147, 166, 173, 150, 179, 173, 181, 188, 164, 158, 187, 183, 191, 188, 166, 190, 196, 206, 188, 204, 192, 172, 198, 197, 181, 200, 181, 220, 205, 210, 210, 214, 208, 214, 218, 198, 208, 219, 227, 220, 211, 213, 229, 230, 229, 230, 235]
START TIMES OF ACTIVITIES OF PROJECT 4:
[0, 159, 157, 194, 179, 193, 165, 184, 170, 204, 191, 176, 214, 281, 214, 223, 223, 202, 169, 216, 236, 227, 197, 191, 204, 241, 175, 251, 226, 170, 184, 243, 233, 235, 228, 253, 245, 210, 235, 245, 254, 253, 259, 268, 220, 249, 265, 259, 267, 242, 233, 261, 246, 227, 269, 272, 277, 283, 277, 292, 287, 294]
START TIMES OF ACTIVITIES OF PROJECT 5:
[0, 15, 15, 15, 25, 25, 23, 28, 32, 44, 32, 53, 25, 85, 26, 46, 35, 61, 63, 32, 22, 58, 77, 53, 104, 42, 54, 71, 52, 28, 35, 72, 36, 64, 83, 38, 94, 90, 71, 67, 65, 63, 96, 81, 62, 74, 69, 81, 90, 100, 106, 106, 100, 113, 112, 111, 111, 122, 131, 121, 131, 138]
START TIMES OF ACTIVITIES OF PROJECT 6:
[0, 124, 0, 57, 68, 133, 149, 133, 140, 144, 154, 171, 146, 133, 177, 163, 142, 167, 147, 137, 182, 137, 211, 167, 163, 126, 144, 175, 186, 169, 190, 193, 157, 176, 151, 195, 181, 166, 152, 193, 133, 185, 216, 201, 147, 181, 198, 203, 203, 205, 185, 223, 208, 223, 163, 219, 211, 213, 224, 228, 219, 230]
TRANSFERS OF GLOBAL RESOURCE G1
(0, 1, 2): 1 
(0, 2, 0): 19 
(0, 2, 1): 13 
(0, 2, 2): 3 
(0, 5, 0): 23 
(1, 3, 117): 1 
(1, 3, 122): 1 
(1, 3, 134): 8 
(1, 3, 150): 1 
(1, 3, 156): 2 
(1, 3, 157): 2 
(1, 4, 147): 1 
(1, 4, 152): 4 
(1, 4, 157): 1 
(1, 5, 93): 1 
(2, 1, 22): 3 
(2, 1, 74): 2 
(2, 3, 107): 5 
(2, 5, 27): 2 
(2, 5, 33): 6 
(2, 5, 37): 1 
(2, 6, 48): 5 
(2, 6, 115): 6 
(2, 6, 117): 10 
(3, 0, 235): 13 
(3, 4, 154): 1 
(3, 4, 156): 9 
(3, 4, 191): 1 
(3, 4, 213): 3 
(3, 4, 230): 8 
(3, 4, 232): 4 
(3, 4, 233): 2 
(4, 0, 294): 30 
(4, 3, 187): 2 
(4, 3, 197): 1 
(4, 3, 205): 2 
(5, 1, 22): 1 
(5, 1, 25): 5 
(5, 1, 64): 4 
(5, 1, 68): 1 
(5, 1, 106): 3 
(5, 1, 108): 2 
(5, 3, 106): 1 
(5, 3, 122): 3 
(5, 3, 125): 1 
(5, 3, 131): 2 
(5, 3, 134): 5 
(5, 3, 135): 1 
(5, 3, 137): 2 
(5, 3, 151): 1 
(5, 4, 150): 1 
(6, 0, 230): 16 
(6, 2, 60): 5 
TRANSFERS OF GLOBAL RESOURCE G2
(0, 1, 0): 10 
(0, 1, 12): 1 
(0, 2, 2): 15 
(0, 2, 3): 1 
(0, 2, 24): 1 
(0, 2, 37): 1 
(0, 5, 1): 13 
(0, 5, 8): 4 
(0, 5, 11): 8 
(0, 5, 12): 5 
(1, 4, 150): 5 
(1, 4, 152): 1 
(1, 4, 177): 3 
(1, 6, 47): 2 
(1, 6, 58): 1 
(1, 6, 114): 4 
(1, 6, 123): 6 
(1, 6, 153): 6 
(2, 1, 71): 1 
(2, 1, 103): 2 
(2, 3, 95): 2 
(2, 3, 111): 6 
(2, 3, 114): 5 
(2, 3, 123): 3 
(2, 3, 126): 1 
(2, 6, 87): 2 
(2, 6, 89): 1 
(2, 6, 107): 1 
(3, 0, 235): 27 
(4, 0, 294): 21 
(5, 1, 113): 4 
(5, 1, 122): 6 
(5, 2, 32): 3 
(5, 2, 33): 3 
(5, 3, 122): 1 
(5, 3, 130): 1 
(5, 3, 138): 6 
(5, 4, 134): 5 
(5, 6, 29): 1 
(6, 0, 230): 11 
(6, 1, 74): 2 
(6, 1, 76): 1 
(6, 1, 77): 1 
(6, 3, 165): 1 
(6, 3, 182): 1 
(6, 4, 170): 1 
(6, 4, 183): 1 
(6, 4, 190): 2 
(6, 4, 209): 2 
(6, 4, 219): 1 
}
