INSTANCE: "B_6_50_35" 
RELEASES: [0, 0, 0, 0, 0, 0]
DUEDATES: [95, 114, 80, 112, 108, 128]
COMPLETION TIMES: [94, 136, 97, 228, 106, 201]
MAKESPANS: [94, 136, 97, 228, 106, 201]
DELAYS: [0, 22, 17, 116, 0, 73]
COST: 545.0

Solution = { 
START TIMES OF ACTIVITIES OF PROJECT 1:
[0, 0, 9, 16, 18, 30, 16, 26, 16, 8, 16, 16, 19, 16, 39, 0, 40, 26, 49, 9, 20, 45, 35, 20, 37, 27, 37, 65, 80, 68, 72, 37, 74, 51, 68, 40, 46, 25, 39, 84, 88, 92, 49, 70, 61, 51, 74, 59, 35, 51, 27, 94]
START TIMES OF ACTIVITIES OF PROJECT 2:
[0, 36, 38, 42, 50, 56, 63, 72, 84, 98, 103, 26, 108, 111, 75, 112, 90, 117, 129, 124, 26, 128, 38, 106, 119, 128, 103, 124, 117, 121, 72, 53, 63, 111, 63, 111, 78, 53, 119, 103, 66, 119, 56, 123, 13, 13, 84, 17, 108, 15, 24, 136]
START TIMES OF ACTIVITIES OF PROJECT 3:
[0, 44, 35, 0, 37, 48, 29, 33, 32, 53, 22, 42, 35, 22, 53, 44, 22, 54, 53, 22, 55, 42, 48, 40, 29, 73, 37, 67, 65, 59, 42, 58, 65, 83, 58, 77, 90, 83, 74, 88, 78, 69, 62, 67, 65, 64, 75, 57, 54, 43, 47, 97]
START TIMES OF ACTIVITIES OF PROJECT 4:
[0, 114, 145, 147, 139, 116, 160, 129, 155, 174, 115, 175, 131, 188, 131, 190, 157, 141, 202, 213, 142, 213, 165, 185, 155, 124, 218, 183, 207, 173, 176, 180, 183, 198, 165, 174, 135, 190, 185, 205, 153, 218, 176, 202, 185, 205, 200, 153, 106, 217, 207, 228]
START TIMES OF ACTIVITIES OF PROJECT 5:
[0, 0, 17, 24, 11, 26, 30, 34, 65, 52, 11, 24, 67, 17, 35, 17, 73, 66, 19, 46, 34, 42, 81, 35, 94, 44, 98, 86, 61, 86, 34, 52, 102, 102, 61, 73, 88, 81, 91, 84, 34, 38, 55, 46, 98, 52, 38, 81, 61, 81, 4, 106]
START TIMES OF ACTIVITIES OF PROJECT 6:
[0, 113, 114, 61, 119, 125, 120, 126, 136, 138, 140, 149, 86, 165, 140, 166, 140, 177, 96, 185, 189, 103, 159, 159, 123, 67, 172, 193, 166, 138, 194, 185, 163, 173, 168, 147, 197, 163, 164, 175, 136, 156, 177, 200, 182, 189, 189, 194, 198, 76, 195, 201]
TRANSFERS OF GLOBAL RESOURCE G1
(0, 1, 0): 38 
(0, 1, 24): 1 
(0, 2, 0): 8 
(0, 2, 10): 6 
(0, 2, 37): 3 
(0, 2, 40): 2 
(0, 2, 46): 2 
(0, 3, 0): 20 
(0, 3, 21): 10 
(0, 5, 0): 7 
(0, 5, 6): 1 
(0, 6, 43): 54 
(1, 4, 100): 1 
(1, 5, 25): 18 
(1, 5, 26): 2 
(1, 5, 29): 3 
(1, 6, 53): 9 
(1, 6, 59): 13 
(1, 6, 95): 9 
(2, 0, 136): 16 
(2, 4, 138): 3 
(2, 6, 100): 1 
(2, 6, 114): 1 
(3, 1, 66): 3 
(3, 4, 97): 4 
(3, 6, 51): 4 
(3, 6, 70): 9 
(3, 6, 97): 7 
(3, 6, 120): 2 
(3, 6, 124): 1 
(4, 0, 228): 29 
(4, 6, 117): 9 
(4, 6, 133): 2 
(4, 6, 160): 5 
(5, 1, 42): 11 
(5, 1, 79): 1 
(5, 1, 83): 1 
(5, 4, 93): 5 
(5, 4, 111): 3 
(5, 4, 116): 4 
(5, 6, 52): 2 
(5, 6, 98): 3 
(5, 6, 121): 1 
(6, 0, 201): 107 
(6, 4, 142): 7 
(6, 4, 182): 16 
(6, 4, 204): 2 
TRANSFERS OF GLOBAL RESOURCE G2
(0, 1, 0): 5 
(0, 1, 1): 10 
(0, 1, 19): 1 
(0, 1, 22): 1 
(0, 2, 0): 14 
(0, 2, 2): 1 
(0, 3, 4): 1 
(0, 5, 0): 23 
(0, 5, 2): 9 
(1, 4, 76): 4 
(1, 4, 84): 4 
(1, 4, 85): 7 
(1, 4, 94): 1 
(1, 6, 51): 1 
(1, 6, 85): 1 
(2, 0, 136): 1 
(2, 3, 17): 5 
(2, 4, 123): 8 
(2, 4, 135): 6 
(2, 4, 183): 1 
(2, 6, 38): 2 
(3, 2, 78): 2 
(3, 2, 91): 4 
(3, 2, 96): 2 
(3, 4, 77): 2 
(3, 5, 88): 1 
(3, 6, 70): 1 
(3, 6, 80): 1 
(3, 6, 97): 5 
(3, 6, 104): 4 
(4, 0, 227): 38 
(5, 1, 30): 1 
(5, 3, 21): 8 
(5, 3, 26): 4 
(5, 3, 33): 1 
(5, 3, 50): 3 
(5, 4, 105): 3 
(5, 4, 118): 1 
(5, 4, 128): 1 
(5, 6, 44): 3 
(5, 6, 119): 1 
(5, 6, 123): 7 
(6, 0, 201): 26 
}
