INSTANCE: "A_18_60_13" 
RELEASES: [0, 0, 0, 0, 0, 0, 0, 0, 0, 0, 0, 0, 0, 0, 0, 0, 0, 0]
DUEDATES: [93, 142, 122, 69, 120, 121, 120, 151, 98, 73, 142, 84, 107, 107, 95, 137, 78, 143]
COMPLETION TIMES: [331, 394, 456, 259, 238, 250, 225, 444, 118, 101, 185, 102, 246, 311, 128, 426, 192, 389]
MAKESPANS: [331, 394, 456, 259, 238, 250, 225, 444, 118, 101, 185, 102, 246, 311, 128, 426, 192, 389]
DELAYS: [238, 252, 334, 190, 118, 129, 105, 293, 20, 28, 43, 18, 139, 204, 33, 289, 114, 246]
COST: 3794.0

Solution = { 
START TIMES OF ACTIVITIES OF PROJECT 1:
[0, 244, 70, 245, 248, 257, 253, 259, 261, 279, 248, 266, 273, 253, 294, 266, 254, 289, 271, 254, 268, 261, 291, 302, 258, 259, 268, 287, 283, 277, 294, 299, 270, 267, 275, 298, 312, 281, 279, 297, 266, 281, 279, 299, 270, 291, 304, 304, 309, 309, 271, 312, 312, 324, 79, 317, 311, 316, 320, 329, 322, 331]
START TIMES OF ACTIVITIES OF PROJECT 2:
[0, 248, 268, 248, 256, 278, 259, 284, 276, 262, 292, 293, 318, 258, 268, 299, 328, 311, 276, 284, 280, 307, 294, 316, 296, 303, 299, 301, 326, 311, 323, 320, 339, 336, 327, 336, 307, 332, 355, 341, 340, 345, 331, 326, 351, 345, 351, 352, 356, 340, 372, 327, 370, 360, 362, 363, 374, 366, 379, 384, 387, 394]
START TIMES OF ACTIVITIES OF PROJECT 3:
[0, 353, 323, 327, 330, 345, 343, 331, 357, 331, 364, 355, 354, 360, 368, 371, 367, 377, 384, 390, 361, 361, 333, 338, 390, 376, 368, 378, 384, 406, 378, 384, 400, 381, 414, 392, 374, 396, 423, 371, 384, 405, 391, 418, 431, 435, 421, 437, 392, 412, 418, 414, 428, 392, 429, 446, 440, 428, 444, 450, 450, 456]
START TIMES OF ACTIVITIES OF PROJECT 4:
[0, 106, 103, 158, 112, 114, 196, 168, 168, 124, 128, 204, 184, 178, 209, 226, 183, 208, 223, 177, 188, 204, 208, 140, 199, 192, 152, 201, 225, 219, 221, 213, 231, 213, 209, 231, 224, 226, 175, 195, 214, 229, 188, 231, 229, 192, 242, 208, 195, 233, 233, 237, 237, 232, 247, 247, 240, 242, 250, 244, 255, 259]
START TIMES OF ACTIVITIES OF PROJECT 5:
[0, 53, 65, 46, 89, 172, 143, 57, 65, 57, 93, 158, 91, 100, 150, 93, 131, 100, 79, 185, 116, 159, 148, 75, 74, 159, 173, 224, 169, 106, 196, 164, 100, 163, 149, 159, 127, 132, 184, 138, 177, 175, 172, 169, 204, 198, 81, 216, 199, 206, 181, 188, 209, 207, 217, 208, 193, 221, 231, 235, 229, 238]
START TIMES OF ACTIVITIES OF PROJECT 6:
[0, 115, 113, 121, 115, 123, 127, 123, 134, 121, 142, 143, 150, 145, 142, 134, 140, 134, 139, 146, 146, 163, 194, 170, 155, 169, 145, 179, 160, 178, 190, 181, 131, 229, 160, 183, 171, 188, 153, 209, 219, 171, 194, 183, 203, 213, 213, 203, 187, 222, 219, 230, 213, 223, 214, 233, 233, 222, 230, 241, 237, 250]
START TIMES OF ACTIVITIES OF PROJECT 7:
[0, 21, 97, 107, 135, 164, 138, 120, 133, 106, 116, 131, 115, 146, 136, 131, 138, 121, 155, 120, 106, 162, 116, 166, 144, 174, 189, 153, 168, 143, 185, 162, 122, 164, 172, 155, 197, 149, 131, 154, 175, 122, 179, 205, 174, 212, 194, 179, 207, 184, 177, 200, 213, 177, 189, 205, 209, 208, 216, 214, 217, 225]
START TIMES OF ACTIVITIES OF PROJECT 8:
[0, 300, 308, 292, 324, 315, 336, 364, 310, 331, 334, 321, 365, 344, 301, 310, 301, 317, 324, 374, 337, 352, 401, 346, 321, 365, 306, 394, 322, 330, 358, 344, 334, 363, 354, 354, 402, 392, 410, 374, 384, 411, 382, 392, 384, 410, 401, 397, 427, 415, 410, 416, 419, 411, 421, 416, 431, 420, 436, 434, 431, 444]
START TIMES OF ACTIVITIES OF PROJECT 9:
[0, 9, 9, 9, 17, 15, 21, 65, 17, 34, 25, 31, 20, 51, 24, 25, 25, 29, 25, 38, 46, 63, 68, 17, 29, 17, 51, 71, 56, 37, 82, 44, 57, 32, 57, 74, 76, 71, 39, 60, 62, 91, 78, 49, 74, 77, 60, 84, 76, 76, 91, 79, 106, 82, 96, 84, 109, 83, 91, 117, 84, 118]
START TIMES OF ACTIVITIES OF PROJECT 10:
[0, 15, 15, 15, 26, 25, 28, 16, 27, 24, 27, 41, 51, 32, 28, 45, 53, 30, 16, 24, 57, 41, 55, 34, 32, 37, 46, 65, 66, 43, 44, 72, 53, 74, 55, 82, 82, 73, 49, 60, 70, 43, 57, 62, 79, 43, 50, 89, 56, 74, 71, 74, 63, 76, 76, 83, 88, 95, 96, 90, 86, 101]
START TIMES OF ACTIVITIES OF PROJECT 11:
[0, 20, 20, 20, 36, 42, 30, 30, 51, 51, 53, 58, 36, 67, 95, 24, 70, 77, 67, 63, 73, 89, 105, 105, 82, 119, 112, 88, 61, 126, 98, 112, 70, 141, 122, 119, 121, 112, 130, 123, 126, 130, 88, 127, 89, 132, 134, 126, 127, 132, 135, 149, 134, 155, 149, 142, 159, 160, 179, 170, 179, 185]
START TIMES OF ACTIVITIES OF PROJECT 12:
[0, 15, 15, 0, 15, 22, 20, 25, 21, 25, 20, 31, 28, 16, 24, 32, 33, 40, 25, 55, 24, 64, 24, 66, 41, 45, 34, 49, 48, 40, 15, 75, 35, 66, 16, 24, 64, 56, 77, 33, 28, 49, 38, 56, 64, 76, 34, 72, 50, 42, 48, 79, 49, 73, 38, 83, 81, 86, 99, 96, 82, 102]
START TIMES OF ACTIVITIES OF PROJECT 13:
[0, 107, 129, 141, 145, 136, 136, 152, 113, 155, 113, 115, 116, 159, 174, 181, 181, 150, 166, 186, 147, 187, 185, 201, 190, 159, 154, 194, 166, 117, 174, 193, 154, 122, 140, 204, 214, 214, 194, 203, 214, 199, 174, 218, 201, 219, 204, 220, 222, 196, 229, 233, 224, 224, 211, 230, 233, 204, 239, 234, 214, 246]
START TIMES OF ACTIVITIES OF PROJECT 14:
[0, 151, 173, 200, 186, 193, 208, 203, 206, 213, 170, 209, 214, 160, 213, 192, 223, 234, 239, 216, 254, 192, 263, 254, 268, 212, 233, 242, 244, 194, 223, 220, 210, 175, 274, 272, 200, 208, 205, 281, 278, 242, 246, 184, 221, 228, 270, 270, 248, 200, 260, 278, 291, 284, 290, 281, 301, 294, 303, 294, 283, 311]
START TIMES OF ACTIVITIES OF PROJECT 15:
[0, 19, 17, 19, 30, 32, 30, 35, 53, 25, 38, 49, 28, 61, 21, 30, 28, 27, 31, 33, 42, 31, 39, 33, 35, 61, 44, 77, 78, 69, 61, 46, 38, 73, 97, 68, 83, 83, 87, 61, 48, 51, 57, 97, 77, 66, 113, 56, 71, 89, 87, 104, 107, 97, 44, 96, 98, 117, 104, 114, 121, 128]
START TIMES OF ACTIVITIES OF PROJECT 16:
[0, 274, 24, 298, 301, 325, 295, 301, 280, 317, 336, 307, 350, 398, 290, 338, 313, 322, 329, 318, 307, 319, 329, 300, 327, 334, 324, 331, 342, 374, 353, 374, 346, 346, 392, 358, 363, 372, 402, 346, 364, 387, 378, 368, 355, 407, 386, 414, 392, 379, 382, 394, 399, 390, 394, 412, 407, 415, 422, 420, 412, 426]
START TIMES OF ACTIVITIES OF PROJECT 17:
[0, 36, 28, 114, 116, 41, 43, 59, 38, 123, 86, 43, 124, 124, 123, 131, 127, 134, 132, 94, 139, 134, 141, 53, 136, 141, 135, 146, 145, 150, 144, 146, 150, 123, 153, 168, 146, 128, 174, 151, 126, 160, 145, 166, 158, 146, 148, 101, 163, 175, 169, 163, 153, 176, 158, 176, 174, 169, 186, 176, 182, 192]
START TIMES OF ACTIVITIES OF PROJECT 18:
[0, 246, 19, 43, 250, 259, 232, 263, 269, 292, 269, 250, 254, 248, 253, 269, 260, 259, 270, 294, 304, 294, 309, 40, 263, 301, 292, 285, 267, 301, 264, 322, 308, 309, 311, 312, 264, 317, 277, 322, 310, 307, 338, 276, 332, 304, 340, 330, 360, 322, 338, 356, 338, 348, 346, 313, 346, 365, 375, 384, 360, 389]
TRANSFERS OF GLOBAL RESOURCE G1
(0, 7, 14): 1 
(0, 9, 0): 9 
(0, 9, 8): 5 
(0, 9, 11): 5 
(0, 10, 2): 15 
(0, 10, 3): 6 
(0, 11, 0): 13 
(0, 12, 0): 31 
(0, 12, 5): 5 
(0, 15, 0): 8 
(0, 15, 2): 7 
(0, 16, 0): 1 
(0, 18, 0): 5 
(1, 0, 331): 1 
(1, 2, 298): 2 
(1, 2, 310): 3 
(1, 2, 342): 2 
(1, 3, 320): 2 
(1, 3, 331): 1 
(1, 5, 90): 4 
(1, 6, 94): 1 
(1, 8, 305): 1 
(1, 8, 311): 2 
(1, 8, 322): 4 
(1, 16, 322): 2 
(1, 18, 289): 2 
(1, 18, 340): 4 
(2, 0, 394): 25 
(2, 18, 283): 1 
(2, 18, 286): 2 
(3, 0, 456): 30 
(3, 8, 402): 2 
(3, 8, 403): 4 
(4, 6, 162): 3 
(4, 6, 214): 2 
(4, 8, 255): 4 
(4, 8, 257): 2 
(4, 8, 259): 6 
(4, 14, 249): 2 
(4, 14, 251): 3 
(4, 15, 115): 5 
(4, 16, 249): 1 
(4, 16, 254): 10 
(4, 16, 259): 1 
(5, 2, 240): 8 
(5, 7, 100): 7 
(5, 7, 109): 4 
(5, 7, 110): 4 
(5, 7, 143): 1 
(5, 7, 147): 1 
(5, 7, 171): 2 
(5, 7, 178): 4 
(5, 13, 107): 2 
(5, 13, 132): 1 
(5, 13, 133): 1 
(5, 13, 173): 1 
(5, 13, 206): 3 
(5, 18, 236): 10 
(6, 1, 233): 5 
(6, 2, 239): 3 
(6, 2, 250): 2 
(6, 2, 259): 1 
(6, 4, 179): 9 
(6, 4, 235): 3 
(6, 4, 238): 2 
(6, 5, 184): 1 
(7, 1, 222): 5 
(7, 5, 125): 6 
(7, 5, 158): 5 
(7, 5, 198): 3 
(7, 5, 225): 2 
(7, 5, 229): 1 
(7, 6, 213): 3 
(7, 13, 110): 5 
(7, 13, 142): 2 
(7, 13, 144): 6 
(7, 13, 171): 1 
(7, 13, 196): 1 
(7, 13, 208): 5 
(7, 13, 211): 5 
(7, 17, 23): 1 
(7, 18, 219): 6 
(8, 0, 444): 23 
(8, 3, 315): 5 
(8, 3, 322): 1 
(8, 3, 370): 4 
(8, 3, 373): 1 
(8, 3, 382): 4 
(9, 10, 34): 3 
(9, 11, 83): 2 
(9, 11, 100): 5 
(9, 17, 24): 1 
(9, 17, 32): 5 
(9, 17, 34): 1 
(9, 17, 37): 1 
(9, 17, 39): 1 
(9, 17, 82): 5 
(9, 17, 90): 4 
(9, 17, 119): 6 
(9, 17, 120): 1 
(10, 5, 91): 1 
(10, 7, 87): 1 
(10, 7, 97): 1 
(10, 9, 87): 1 
(10, 11, 96): 8 
(10, 13, 90): 5 
(10, 13, 96): 5 
(10, 17, 104): 1 
(10, 17, 112): 4 
(11, 4, 134): 1 
(11, 4, 180): 1 
(11, 4, 185): 1 
(11, 6, 136): 1 
(11, 9, 37): 3 
(11, 14, 142): 8 
(11, 14, 183): 2 
(11, 14, 185): 2 
(11, 14, 194): 4 
(11, 17, 117): 1 
(11, 17, 118): 5 
(12, 1, 58): 5 
(12, 4, 93): 2 
(12, 5, 33): 1 
(12, 5, 40): 3 
(12, 5, 68): 1 
(12, 6, 111): 8 
(12, 7, 83): 2 
(12, 7, 92): 6 
(12, 9, 28): 1 
(12, 9, 59): 2 
(12, 15, 21): 2 
(12, 15, 27): 2 
(12, 15, 29): 5 
(12, 15, 69): 1 
(12, 15, 73): 3 
(12, 17, 22): 1 
(13, 1, 220): 1 
(13, 1, 221): 5 
(13, 1, 224): 4 
(13, 1, 242): 1 
(13, 1, 243): 4 
(13, 1, 246): 1 
(13, 2, 241): 1 
(13, 2, 253): 3 
(13, 5, 119): 8 
(13, 5, 156): 2 
(13, 7, 119): 1 
(13, 7, 132): 3 
(13, 7, 150): 4 
(13, 7, 186): 1 
(13, 7, 204): 3 
(13, 16, 246): 2 
(13, 17, 154): 2 
(13, 18, 219): 2 
(13, 18, 237): 3 
(14, 2, 278): 3 
(14, 3, 290): 3 
(14, 3, 292): 1 
(14, 3, 311): 1 
(14, 4, 214): 1 
(14, 8, 304): 1 
(14, 11, 161): 1 
(14, 16, 283): 2 
(14, 16, 333): 5 
(14, 16, 334): 1 
(14, 16, 344): 3 
(15, 4, 97): 6 
(15, 4, 100): 2 
(15, 4, 134): 4 
(15, 5, 36): 3 
(15, 6, 111): 1 
(15, 6, 117): 3 
(15, 6, 138): 1 
(15, 6, 139): 2 
(15, 7, 80): 2 
(15, 12, 52): 1 
(15, 12, 78): 8 
(16, 0, 426): 27 
(16, 10, 31): 1 
(17, 4, 140): 1 
(17, 4, 181): 2 
(17, 4, 186): 3 
(17, 4, 191): 1 
(17, 5, 181): 3 
(17, 6, 187): 1 
(17, 7, 172): 3 
(17, 7, 192): 6 
(17, 9, 56): 1 
(17, 9, 61): 5 
(17, 9, 72): 1 
(17, 9, 73): 2 
(17, 10, 51): 2 
(17, 13, 101): 1 
(17, 13, 135): 1 
(17, 13, 178): 6 
(17, 14, 168): 1 
(18, 0, 389): 5 
(18, 3, 318): 6 
(18, 3, 391): 7 
(18, 5, 34): 2 
(18, 5, 45): 3 
(18, 8, 270): 5 
(18, 8, 278): 1 
(18, 8, 312): 2 
(18, 8, 322): 1 
(18, 8, 370): 1 
(18, 8, 375): 2 
TRANSFERS OF GLOBAL RESOURCE G2
(0, 7, 0): 6 
(0, 9, 5): 5 
(0, 9, 11): 6 
(0, 9, 13): 16 
(0, 9, 25): 1 
(0, 10, 0): 16 
(0, 10, 1): 6 
(0, 10, 11): 1 
(0, 11, 0): 11 
(0, 11, 4): 4 
(0, 12, 11): 7 
(0, 12, 12): 13 
(0, 12, 16): 1 
(0, 15, 0): 8 
(0, 15, 2): 5 
(0, 16, 2): 4 
(1, 2, 281): 4 
(1, 3, 311): 2 
(1, 3, 315): 2 
(1, 3, 319): 2 
(1, 3, 321): 1 
(1, 3, 326): 5 
(1, 3, 342): 2 
(1, 3, 356): 4 
(1, 3, 362): 2 
(1, 3, 364): 3 
(1, 8, 315): 1 
(1, 8, 343): 1 
(1, 16, 321): 3 
(1, 16, 327): 3 
(1, 17, 77): 5 
(2, 0, 394): 17 
(2, 3, 337): 1 
(2, 3, 379): 3 
(3, 0, 456): 30 
(4, 2, 258): 2 
(4, 5, 114): 3 
(4, 5, 129): 7 
(4, 5, 130): 1 
(4, 5, 162): 3 
(4, 5, 167): 2 
(4, 5, 170): 1 
(4, 5, 202): 3 
(4, 5, 205): 3 
(4, 5, 215): 7 
(4, 5, 233): 4 
(4, 8, 258): 1 
(4, 16, 260): 4 
(4, 16, 266): 4 
(4, 18, 249): 6 
(4, 18, 252): 2 
(4, 18, 256): 3 
(4, 18, 259): 1 
(5, 4, 101): 5 
(5, 4, 104): 1 
(5, 4, 110): 1 
(5, 4, 122): 4 
(5, 4, 138): 1 
(5, 4, 150): 2 
(5, 4, 173): 4 
(5, 4, 182): 1 
(5, 4, 190): 8 
(5, 4, 193): 2 
(5, 4, 211): 2 
(5, 4, 219): 2 
(5, 4, 222): 1 
(5, 4, 223): 2 
(5, 4, 224): 3 
(5, 4, 245): 2 
(5, 18, 236): 4 
(5, 18, 238): 8 
(6, 2, 213): 2 
(6, 14, 140): 1 
(6, 14, 251): 6 
(6, 14, 260): 5 
(6, 14, 261): 1 
(6, 18, 216): 1 
(7, 1, 234): 4 
(7, 1, 235): 9 
(7, 2, 225): 2 
(7, 13, 144): 6 
(7, 13, 212): 3 
(7, 14, 174): 1 
(7, 14, 176): 3 
(7, 14, 193): 8 
(7, 15, 25): 1 
(7, 17, 23): 5 
(7, 17, 123): 8 
(7, 17, 141): 1 
(7, 18, 207): 1 
(8, 0, 444): 23 
(8, 3, 373): 1 
(8, 3, 401): 1 
(9, 4, 125): 1 
(9, 7, 98): 9 
(9, 7, 117): 1 
(9, 7, 118): 2 
(9, 10, 39): 2 
(9, 10, 62): 1 
(9, 12, 25): 1 
(9, 12, 32): 2 
(9, 12, 35): 4 
(9, 12, 70): 1 
(9, 12, 96): 5 
(9, 13, 99): 1 
(9, 13, 117): 2 
(9, 15, 33): 2 
(9, 15, 35): 1 
(9, 15, 40): 1 
(9, 17, 119): 2 
(10, 6, 94): 3 
(10, 6, 96): 6 
(10, 6, 102): 7 
(10, 15, 77): 2 
(10, 15, 85): 7 
(10, 15, 102): 2 
(11, 4, 138): 1 
(11, 4, 144): 10 
(11, 4, 170): 1 
(11, 4, 174): 2 
(11, 4, 178): 1 
(11, 5, 76): 2 
(11, 5, 135): 4 
(11, 5, 146): 4 
(11, 14, 170): 1 
(11, 18, 30): 4 
(11, 18, 33): 5 
(12, 5, 102): 3 
(12, 9, 54): 2 
(12, 9, 57): 2 
(12, 9, 74): 3 
(12, 9, 88): 3 
(12, 10, 44): 1 
(12, 11, 50): 2 
(12, 11, 75): 4 
(12, 11, 101): 7 
(12, 13, 105): 1 
(12, 15, 43): 1 
(12, 15, 48): 2 
(12, 17, 103): 3 
(13, 1, 240): 6 
(13, 1, 250): 2 
(13, 1, 266): 1 
(13, 1, 267): 5 
(13, 2, 243): 4 
(13, 7, 156): 2 
(13, 7, 197): 1 
(13, 14, 156): 1 
(13, 14, 193): 2 
(13, 14, 195): 1 
(13, 14, 196): 1 
(13, 14, 197): 1 
(13, 14, 199): 2 
(14, 1, 260): 2 
(14, 1, 262): 6 
(14, 2, 217): 7 
(14, 3, 308): 1 
(14, 8, 295): 9 
(14, 8, 296): 2 
(14, 8, 305): 2 
(14, 8, 310): 4 
(14, 8, 312): 1 
(14, 8, 316): 2 
(14, 8, 329): 1 
(14, 8, 331): 1 
(15, 7, 90): 9 
(15, 17, 76): 3 
(15, 17, 104): 9 
(15, 17, 117): 8 
(15, 17, 118): 1 
(15, 17, 121): 2 
(16, 0, 426): 26 
(16, 5, 31): 1 
(16, 5, 38): 3 
(17, 1, 61): 5 
(17, 7, 102): 2 
(17, 7, 133): 4 
(17, 7, 149): 4 
(17, 7, 157): 3 
(17, 7, 184): 4 
(17, 7, 200): 5 
(17, 13, 101): 5 
(17, 13, 116): 1 
(17, 13, 134): 1 
(17, 13, 181): 6 
(17, 13, 184): 3 
(17, 14, 172): 1 
(17, 14, 186): 3 
(18, 0, 389): 14 
(18, 5, 55): 2 
(18, 11, 48): 3 
(18, 11, 57): 2 
(18, 11, 60): 2 
(18, 16, 273): 3 
(18, 16, 275): 2 
(18, 16, 282): 3 
(18, 16, 311): 1 
(18, 16, 338): 3 
}
