INSTANCE: "B_14_50_34" 
RELEASES: [0, 0, 0, 0, 0, 0, 0, 0, 0, 0, 0, 0, 0, 0]
DUEDATES: [117, 171, 132, 138, 126, 134, 101, 175, 113, 134, 162, 117, 141, 158]
COMPLETION TIMES: [121, 368, 269, 176, 170, 166, 139, 375, 104, 206, 340, 155, 343, 266]
MAKESPANS: [121, 368, 269, 176, 170, 166, 139, 375, 104, 206, 340, 155, 343, 266]
DELAYS: [4, 197, 137, 38, 44, 32, 38, 200, 0, 72, 178, 38, 202, 108]
COST: 2243.0

Solution = { 
START TIMES OF ACTIVITIES OF PROJECT 1:
[0, 25, 44, 45, 53, 18, 75, 30, 64, 77, 34, 45, 18, 78, 38, 83, 53, 18, 86, 94, 48, 92, 68, 24, 28, 24, 105, 46, 99, 77, 55, 78, 86, 82, 83, 88, 38, 75, 99, 114, 28, 99, 28, 88, 109, 109, 37, 48, 28, 105, 111, 121]
START TIMES OF ACTIVITIES OF PROJECT 2:
[0, 213, 224, 230, 234, 253, 255, 259, 217, 260, 270, 283, 287, 294, 347, 349, 20, 358, 197, 262, 310, 264, 288, 188, 297, 313, 287, 277, 297, 187, 262, 349, 311, 257, 206, 265, 299, 315, 287, 302, 177, 297, 322, 243, 315, 330, 340, 349, 356, 358, 331, 368]
START TIMES OF ACTIVITIES OF PROJECT 3:
[0, 147, 149, 83, 164, 165, 163, 168, 172, 192, 198, 207, 137, 229, 15, 230, 172, 243, 154, 250, 258, 217, 209, 221, 182, 127, 229, 258, 231, 173, 258, 231, 268, 250, 84, 200, 263, 233, 241, 238, 189, 197, 254, 266, 259, 258, 263, 259, 198, 118, 262, 269]
START TIMES OF ACTIVITIES OF PROJECT 4:
[0, 22, 29, 31, 33, 51, 45, 66, 69, 101, 103, 117, 69, 128, 22, 134, 88, 140, 40, 149, 157, 79, 79, 93, 59, 102, 101, 157, 129, 83, 161, 130, 168, 149, 34, 119, 173, 125, 112, 137, 114, 169, 152, 164, 157, 164, 172, 157, 117, 31, 162, 176]
START TIMES OF ACTIVITIES OF PROJECT 5:
[0, 22, 40, 22, 47, 60, 148, 75, 79, 80, 82, 91, 25, 92, 80, 95, 65, 109, 65, 115, 123, 138, 97, 35, 70, 50, 97, 123, 95, 47, 128, 105, 79, 102, 104, 82, 133, 99, 161, 158, 107, 101, 108, 136, 113, 161, 115, 162, 129, 120, 131, 170]
START TIMES OF ACTIVITIES OF PROJECT 6:
[0, 44, 52, 26, 62, 70, 46, 77, 94, 96, 97, 108, 34, 120, 97, 133, 72, 136, 26, 142, 150, 118, 44, 78, 63, 147, 72, 157, 121, 84, 157, 143, 128, 128, 73, 103, 161, 121, 106, 129, 94, 96, 142, 127, 157, 133, 161, 97, 127, 84, 154, 166]
START TIMES OF ACTIVITIES OF PROJECT 7:
[0, 26, 34, 36, 42, 46, 21, 48, 14, 66, 79, 82, 104, 117, 118, 57, 125, 134, 17, 21, 137, 84, 107, 107, 14, 95, 59, 128, 118, 87, 84, 86, 74, 84, 89, 21, 82, 72, 79, 100, 48, 80, 96, 94, 42, 46, 51, 66, 21, 80, 46, 139]
START TIMES OF ACTIVITIES OF PROJECT 8:
[0, 187, 194, 201, 212, 219, 228, 249, 204, 254, 256, 260, 262, 268, 321, 331, 175, 340, 363, 267, 184, 271, 276, 284, 269, 294, 267, 262, 272, 219, 267, 331, 252, 250, 299, 240, 248, 351, 290, 303, 221, 272, 311, 230, 343, 340, 345, 356, 351, 363, 373, 375]
START TIMES OF ACTIVITIES OF PROJECT 9:
[0, 15, 19, 15, 0, 30, 32, 11, 20, 38, 11, 48, 26, 54, 26, 26, 36, 20, 62, 34, 28, 78, 46, 48, 24, 15, 71, 91, 59, 50, 15, 98, 80, 81, 62, 62, 71, 62, 63, 86, 54, 59, 41, 34, 28, 26, 71, 50, 71, 62, 86, 104]
START TIMES OF ACTIVITIES OF PROJECT 10:
[0, 57, 65, 69, 99, 100, 102, 111, 117, 155, 160, 176, 162, 168, 166, 169, 140, 193, 48, 81, 47, 203, 39, 169, 181, 122, 24, 193, 122, 149, 111, 185, 102, 176, 109, 173, 73, 189, 84, 100, 84, 131, 121, 131, 90, 170, 181, 160, 198, 184, 85, 206]
START TIMES OF ACTIVITIES OF PROJECT 11:
[0, 194, 198, 204, 211, 212, 216, 221, 167, 233, 236, 244, 254, 266, 267, 276, 278, 286, 267, 236, 157, 262, 321, 175, 268, 256, 211, 331, 244, 236, 244, 242, 262, 223, 303, 276, 228, 264, 254, 312, 185, 231, 288, 238, 223, 269, 293, 254, 303, 328, 321, 340]
START TIMES OF ACTIVITIES OF PROJECT 12:
[0, 20, 35, 40, 43, 69, 76, 80, 52, 93, 94, 99, 103, 111, 112, 128, 61, 136, 128, 70, 61, 103, 26, 53, 109, 23, 97, 85, 102, 94, 70, 103, 109, 81, 117, 104, 89, 102, 110, 119, 71, 91, 111, 91, 23, 97, 120, 128, 136, 146, 148, 155]
START TIMES OF ACTIVITIES OF PROJECT 13:
[0, 210, 217, 90, 229, 251, 224, 259, 261, 263, 272, 281, 181, 291, 33, 307, 261, 310, 229, 317, 325, 225, 191, 243, 236, 200, 270, 335, 292, 191, 325, 296, 337, 317, 168, 270, 340, 291, 305, 302, 299, 307, 320, 328, 325, 328, 340, 325, 305, 172, 329, 343]
START TIMES OF ACTIVITIES OF PROJECT 14:
[0, 122, 124, 149, 156, 160, 163, 167, 175, 186, 190, 112, 199, 204, 204, 245, 183, 248, 198, 139, 246, 255, 220, 220, 240, 176, 226, 208, 214, 190, 208, 176, 163, 251, 177, 231, 115, 93, 251, 129, 230, 265, 216, 255, 129, 245, 103, 216, 251, 220, 246, 266]
TRANSFERS OF GLOBAL RESOURCE G1
(0, 1, 0): 9 
(0, 1, 1): 7 
(0, 2, 0): 85 
(0, 4, 5): 151 
(0, 5, 14): 151 
(0, 6, 4): 98 
(0, 7, 0): 27 
(0, 9, 0): 26 
(0, 9, 5): 7 
(0, 10, 10): 1 
(0, 12, 0): 173 
(0, 12, 6): 14 
(0, 13, 0): 6 
(1, 2, 163): 6 
(1, 7, 79): 2 
(1, 7, 80): 1 
(1, 10, 139): 1 
(1, 12, 48): 11 
(1, 13, 134): 12 
(1, 14, 86): 5 
(2, 0, 368): 249 
(2, 5, 29): 4 
(2, 10, 28): 11 
(2, 12, 43): 70 
(3, 0, 269): 15 
(3, 2, 269): 9 
(3, 8, 287): 9 
(3, 11, 180): 9 
(3, 11, 214): 2 
(4, 2, 190): 32 
(4, 2, 271): 1 
(4, 3, 135): 5 
(4, 3, 192): 5 
(4, 3, 193): 1 
(4, 5, 40): 9 
(4, 5, 113): 38 
(4, 6, 38): 18 
(4, 6, 40): 3 
(4, 6, 78): 2 
(4, 6, 90): 6 
(4, 6, 91): 10 
(4, 8, 158): 6 
(4, 8, 167): 30 
(4, 8, 170): 11 
(4, 8, 202): 35 
(4, 13, 184): 18 
(4, 14, 194): 1 
(4, 14, 198): 4 
(4, 14, 229): 2 
(5, 2, 156): 1 
(5, 2, 166): 32 
(5, 2, 167): 15 
(5, 2, 192): 2 
(5, 3, 167): 4 
(5, 3, 168): 3 
(5, 4, 23): 18 
(5, 4, 92): 2 
(5, 4, 93): 25 
(5, 6, 69): 4 
(5, 8, 167): 4 
(5, 11, 125): 40 
(5, 11, 153): 6 
(5, 11, 162): 55 
(5, 13, 161): 15 
(5, 13, 171): 6 
(6, 3, 106): 10 
(6, 4, 60): 6 
(6, 5, 108): 5 
(6, 8, 160): 79 
(6, 8, 169): 40 
(6, 11, 111): 10 
(7, 2, 160): 16 
(7, 4, 92): 5 
(7, 5, 33): 9 
(7, 6, 63): 6 
(7, 6, 70): 1 
(7, 11, 109): 1 
(8, 0, 375): 170 
(8, 2, 254): 3 
(8, 2, 275): 33 
(8, 3, 224): 7 
(8, 3, 225): 1 
(9, 3, 42): 5 
(9, 3, 43): 3 
(9, 5, 91): 16 
(9, 10, 27): 5 
(9, 11, 120): 4 
(10, 11, 119): 10 
(10, 13, 85): 18 
(10, 13, 163): 8 
(10, 13, 195): 8 
(10, 13, 205): 6 
(11, 0, 340): 170 
(11, 2, 273): 2 
(12, 1, 39): 3 
(12, 1, 70): 4 
(12, 1, 72): 5 
(12, 1, 94): 7 
(12, 1, 109): 3 
(12, 2, 167): 59 
(12, 4, 34): 6 
(12, 4, 86): 24 
(12, 6, 64): 2 
(12, 7, 96): 8 
(12, 10, 138): 2 
(12, 10, 139): 1 
(12, 10, 146): 5 
(12, 11, 111): 19 
(12, 11, 121): 16 
(12, 13, 134): 46 
(12, 13, 138): 44 
(12, 14, 82): 5 
(12, 14, 104): 9 
(13, 0, 343): 151 
(13, 2, 269): 12 
(13, 10, 34): 6 
(13, 10, 94): 9 
(13, 10, 95): 5 
(13, 10, 97): 4 
(14, 2, 159): 6 
(14, 2, 195): 1 
(14, 2, 276): 19 
TRANSFERS OF GLOBAL RESOURCE G2
(0, 1, 0): 24 
(0, 1, 6): 5 
(0, 2, 0): 50 
(0, 3, 0): 1 
(0, 4, 0): 111 
(0, 5, 0): 115 
(0, 6, 0): 12 
(0, 7, 0): 7 
(0, 7, 3): 3 
(0, 7, 7): 7 
(0, 9, 0): 5 
(0, 9, 4): 20 
(0, 10, 0): 9 
(0, 12, 16): 170 
(0, 12, 19): 85 
(1, 10, 32): 11 
(1, 10, 40): 8 
(1, 10, 92): 5 
(1, 10, 93): 9 
(1, 10, 114): 15 
(1, 12, 88): 2 
(1, 13, 136): 6 
(2, 0, 368): 123 
(2, 4, 29): 1 
(2, 5, 28): 2 
(2, 6, 28): 5 
(2, 9, 28): 6 
(2, 9, 32): 3 
(2, 12, 31): 33 
(3, 0, 269): 121 
(3, 2, 299): 12 
(3, 6, 33): 1 
(3, 8, 173): 31 
(3, 12, 89): 34 
(4, 1, 95): 1 
(4, 2, 176): 43 
(4, 3, 169): 3 
(4, 3, 174): 23 
(4, 3, 184): 1 
(4, 8, 156): 11 
(4, 8, 168): 5 
(4, 8, 200): 8 
(4, 10, 31): 12 
(4, 10, 73): 15 
(4, 10, 177): 9 
(4, 11, 145): 4 
(4, 11, 155): 6 
(4, 11, 173): 2 
(4, 12, 84): 8 
(5, 2, 165): 1 
(5, 2, 166): 2 
(5, 2, 175): 2 
(5, 2, 191): 4 
(5, 3, 161): 4 
(5, 6, 58): 1 
(5, 13, 23): 1 
(5, 13, 80): 30 
(5, 13, 158): 14 
(5, 13, 162): 15 
(5, 13, 171): 50 
(5, 13, 200): 11 
(5, 14, 62): 1 
(6, 3, 107): 7 
(6, 3, 157): 1 
(6, 8, 163): 14 
(6, 8, 172): 10 
(7, 9, 54): 3 
(7, 9, 57): 1 
(7, 9, 58): 7 
(7, 12, 38): 3 
(7, 12, 88): 6 
(7, 13, 151): 9 
(7, 14, 84): 9 
(7, 14, 103): 4 
(7, 14, 106): 3 
(8, 0, 375): 119 
(8, 3, 220): 1 
(8, 3, 247): 7 
(8, 11, 221): 2 
(9, 4, 29): 2 
(9, 7, 16): 1 
(9, 7, 69): 8 
(9, 7, 74): 7 
(9, 7, 112): 2 
(9, 7, 113): 7 
(9, 10, 26): 1 
(9, 12, 42): 11 
(9, 12, 92): 7 
(9, 14, 109): 1 
(10, 0, 206): 89 
(10, 1, 57): 1 
(10, 1, 68): 7 
(10, 1, 70): 2 
(10, 1, 71): 11 
(10, 1, 102): 5 
(10, 3, 229): 9 
(10, 3, 234): 1 
(10, 4, 109): 7 
(10, 4, 111): 17 
(10, 8, 158): 1 
(10, 8, 193): 2 
(10, 11, 205): 5 
(10, 11, 251): 2 
(10, 14, 151): 3 
(10, 14, 190): 4 
(11, 0, 340): 13 
(11, 8, 250): 5 
(11, 8, 251): 3 
(12, 2, 155): 59 
(12, 3, 69): 30 
(12, 3, 70): 4 
(12, 3, 104): 44 
(12, 3, 113): 7 
(12, 3, 123): 41 
(12, 3, 133): 15 
(12, 4, 26): 10 
(12, 4, 32): 3 
(12, 5, 122): 5 
(12, 6, 104): 6 
(12, 6, 108): 6 
(12, 6, 111): 1 
(12, 7, 64): 3 
(12, 8, 155): 25 
(12, 8, 164): 14 
(12, 9, 70): 2 
(12, 10, 26): 22 
(12, 10, 27): 50 
(12, 14, 70): 8 
(12, 14, 106): 4 
(13, 0, 343): 115 
(13, 5, 40): 1 
(13, 5, 91): 10 
(13, 5, 99): 1 
(13, 5, 110): 2 
(13, 14, 93): 15 
(13, 14, 100): 1 
(13, 14, 107): 1 
(14, 0, 266): 44 
(14, 13, 146): 5 
(14, 13, 229): 4 
(14, 13, 237): 1 
}
