INSTANCE: "B_20_50_4" 
RELEASES: [0, 0, 0, 0, 0, 0, 0, 0, 0, 0, 0, 0, 0, 0, 0, 0, 0, 0, 0, 0]
DUEDATES: [130, 85, 153, 47, 97, 120, 118, 116, 165, 137, 134, 100, 134, 137, 153, 150, 135, 109, 71, 117]
COMPLETION TIMES: [393, 79, 419, 50, 91, 149, 110, 169, 276, 579, 162, 104, 234, 283, 158, 214, 515, 107, 75, 138]
MAKESPANS: [393, 79, 419, 50, 91, 149, 110, 169, 276, 579, 162, 104, 234, 283, 158, 214, 515, 107, 75, 138]
DELAYS: [263, 0, 266, 3, 0, 29, 0, 53, 111, 442, 28, 4, 100, 146, 5, 64, 380, 0, 4, 21]
COST: 3112.0

Solution = { 
START TIMES OF ACTIVITIES OF PROJECT 1:
[0, 281, 290, 296, 300, 305, 306, 310, 259, 318, 323, 327, 332, 340, 341, 346, 248, 354, 341, 319, 222, 339, 272, 230, 345, 331, 326, 370, 335, 321, 326, 341, 345, 319, 268, 335, 328, 335, 336, 361, 283, 337, 355, 335, 240, 353, 362, 376, 376, 386, 386, 393]
START TIMES OF ACTIVITIES OF PROJECT 2:
[0, 8, 7, 9, 9, 8, 5, 20, 9, 7, 21, 17, 5, 0, 9, 34, 63, 16, 10, 40, 8, 26, 44, 40, 23, 19, 26, 68, 44, 17, 49, 26, 33, 52, 40, 74, 54, 68, 54, 24, 24, 34, 78, 77, 68, 68, 69, 63, 77, 68, 26, 79]
START TIMES OF ACTIVITIES OF PROJECT 3:
[0, 286, 292, 311, 315, 317, 318, 328, 252, 330, 339, 350, 360, 365, 366, 376, 358, 386, 366, 336, 260, 368, 232, 242, 380, 374, 348, 411, 348, 336, 348, 342, 391, 270, 75, 388, 275, 380, 278, 323, 305, 338, 386, 336, 65, 298, 393, 358, 403, 412, 412, 419]
START TIMES OF ACTIVITIES OF PROJECT 4:
[0, 12, 8, 7, 0, 9, 14, 10, 8, 8, 14, 8, 0, 9, 7, 28, 21, 15, 20, 8, 30, 7, 32, 18, 7, 30, 23, 7, 35, 15, 20, 40, 40, 35, 30, 40, 40, 46, 38, 45, 38, 30, 42, 30, 35, 24, 15, 40, 22, 18, 12, 50]
START TIMES OF ACTIVITIES OF PROJECT 5:
[0, 8, 14, 27, 37, 8, 51, 8, 20, 0, 57, 22, 63, 29, 69, 87, 36, 33, 12, 8, 19, 8, 45, 14, 89, 60, 28, 53, 53, 33, 33, 78, 47, 33, 15, 15, 36, 41, 8, 72, 28, 11, 39, 63, 47, 51, 34, 62, 51, 63, 78, 91]
START TIMES OF ACTIVITIES OF PROJECT 6:
[0, 54, 60, 67, 75, 80, 87, 95, 101, 120, 125, 26, 128, 131, 67, 132, 112, 137, 105, 58, 32, 140, 33, 133, 137, 125, 132, 88, 113, 125, 95, 37, 99, 90, 87, 131, 91, 47, 58, 127, 58, 131, 81, 113, 13, 13, 100, 17, 37, 102, 38, 149]
START TIMES OF ACTIVITIES OF PROJECT 7:
[0, 13, 15, 28, 13, 15, 44, 25, 38, 49, 0, 49, 8, 51, 34, 53, 50, 17, 62, 68, 31, 65, 85, 17, 21, 8, 73, 51, 62, 49, 49, 51, 65, 53, 38, 53, 32, 21, 77, 107, 21, 85, 18, 57, 73, 86, 105, 24, 41, 88, 95, 110]
START TIMES OF ACTIVITIES OF PROJECT 8:
[0, 54, 60, 61, 73, 85, 89, 90, 97, 105, 113, 127, 146, 152, 158, 114, 105, 130, 165, 36, 118, 79, 115, 123, 92, 62, 158, 26, 138, 13, 44, 77, 122, 60, 130, 127, 19, 105, 158, 160, 62, 63, 61, 118, 66, 127, 75, 89, 94, 11, 135, 169]
START TIMES OF ACTIVITIES OF PROJECT 9:
[0, 131, 142, 148, 155, 156, 160, 170, 15, 172, 180, 189, 199, 208, 209, 211, 85, 221, 209, 175, 109, 208, 160, 121, 214, 221, 155, 244, 188, 175, 188, 184, 227, 175, 199, 222, 181, 227, 119, 253, 100, 188, 229, 177, 23, 135, 234, 198, 262, 269, 269, 276]
START TIMES OF ACTIVITIES OF PROJECT 10:
[0, 441, 445, 487, 493, 495, 496, 500, 469, 510, 511, 514, 518, 526, 527, 529, 459, 537, 537, 496, 433, 518, 534, 431, 524, 455, 514, 551, 520, 511, 503, 527, 532, 504, 508, 532, 508, 524, 533, 558, 478, 509, 526, 503, 459, 498, 543, 558, 564, 572, 572, 579]
START TIMES OF ACTIVITIES OF PROJECT 11:
[0, 9, 49, 50, 12, 10, 60, 78, 63, 63, 0, 50, 0, 77, 103, 78, 109, 17, 106, 139, 112, 109, 27, 13, 118, 96, 152, 52, 118, 94, 120, 66, 128, 66, 71, 34, 88, 66, 129, 144, 68, 146, 118, 87, 114, 139, 103, 50, 41, 141, 152, 162]
START TIMES OF ACTIVITIES OF PROJECT 12:
[0, 30, 0, 29, 29, 40, 21, 20, 40, 0, 6, 10, 40, 6, 42, 68, 44, 13, 8, 48, 20, 64, 10, 13, 71, 61, 60, 50, 55, 14, 54, 90, 50, 81, 36, 81, 85, 97, 96, 50, 55, 70, 42, 93, 91, 65, 83, 81, 30, 54, 96, 104]
START TIMES OF ACTIVITIES OF PROJECT 13:
[0, 96, 108, 30, 126, 134, 197, 138, 143, 149, 161, 174, 98, 184, 143, 185, 149, 198, 87, 202, 210, 150, 108, 127, 154, 203, 48, 213, 190, 116, 214, 188, 196, 198, 192, 161, 218, 184, 188, 170, 221, 170, 213, 190, 218, 224, 218, 224, 224, 115, 217, 234]
START TIMES OF ACTIVITIES OF PROJECT 14:
[0, 173, 175, 183, 192, 194, 197, 200, 9, 201, 221, 225, 227, 233, 240, 259, 209, 269, 234, 10, 16, 227, 42, 34, 234, 234, 9, 218, 10, 209, 163, 214, 216, 221, 274, 242, 226, 240, 50, 176, 51, 227, 244, 242, 24, 185, 249, 259, 259, 282, 267, 283]
START TIMES OF ACTIVITIES OF PROJECT 15:
[0, 7, 13, 15, 12, 20, 26, 18, 45, 42, 7, 16, 72, 20, 28, 35, 78, 7, 15, 31, 51, 28, 86, 129, 99, 107, 130, 35, 37, 63, 55, 42, 87, 140, 57, 115, 81, 51, 150, 72, 44, 91, 59, 108, 55, 99, 123, 123, 108, 28, 7, 158]
START TIMES OF ACTIVITIES OF PROJECT 16:
[0, 111, 124, 128, 133, 137, 141, 144, 145, 148, 149, 58, 161, 163, 93, 167, 158, 169, 140, 114, 191, 173, 163, 150, 149, 208, 78, 167, 190, 103, 168, 157, 74, 172, 172, 195, 56, 64, 204, 46, 197, 212, 181, 205, 83, 193, 71, 154, 173, 191, 191, 214]
START TIMES OF ACTIVITIES OF PROJECT 17:
[0, 396, 401, 412, 413, 435, 437, 447, 7, 453, 454, 457, 461, 470, 471, 476, 403, 484, 471, 441, 25, 480, 39, 387, 487, 462, 457, 486, 470, 454, 469, 493, 487, 441, 495, 501, 446, 469, 471, 423, 425, 461, 472, 469, 16, 484, 488, 495, 500, 508, 508, 515]
START TIMES OF ACTIVITIES OF PROJECT 18:
[0, 23, 28, 29, 37, 43, 13, 51, 59, 0, 0, 67, 70, 43, 28, 54, 18, 80, 71, 25, 62, 59, 54, 65, 37, 76, 51, 54, 80, 78, 73, 70, 43, 97, 79, 37, 39, 55, 52, 64, 62, 7, 66, 86, 64, 90, 79, 28, 13, 82, 9, 107]
START TIMES OF ACTIVITIES OF PROJECT 19:
[0, 10, 18, 25, 0, 32, 6, 6, 0, 38, 15, 6, 48, 20, 54, 32, 8, 48, 55, 64, 13, 6, 0, 6, 5, 6, 66, 66, 54, 56, 25, 54, 51, 55, 37, 20, 48, 26, 23, 25, 38, 13, 35, 22, 38, 10, 23, 11, 10, 5, 6, 75]
START TIMES OF ACTIVITIES OF PROJECT 20:
[0, 30, 32, 36, 54, 57, 64, 70, 76, 82, 95, 20, 102, 105, 32, 106, 87, 114, 126, 121, 7, 125, 32, 98, 111, 125, 97, 116, 95, 70, 106, 19, 78, 105, 64, 105, 64, 40, 104, 97, 45, 116, 44, 111, 133, 7, 72, 43, 102, 21, 137, 138]
TRANSFERS OF GLOBAL RESOURCE G1
(0, 2, 0): 11 
(0, 2, 2): 8 
(0, 2, 3): 3 
(0, 2, 4): 6 
(0, 4, 0): 27 
(0, 4, 1): 5 
(0, 4, 2): 1 
(0, 5, 0): 28 
(0, 7, 0): 18 
(0, 11, 0): 6 
(0, 12, 0): 7 
(0, 14, 0): 147 
(0, 17, 5): 100 
(0, 18, 0): 2 
(0, 18, 2): 3 
(0, 19, 0): 7 
(0, 19, 1): 41 
(1, 3, 341): 29 
(1, 3, 394): 13 
(1, 10, 413): 27 
(1, 10, 439): 34 
(1, 17, 378): 117 
(1, 17, 387): 5 
(1, 17, 453): 2 
(1, 17, 460): 6 
(1, 17, 475): 8 
(2, 3, 57): 1 
(2, 4, 36): 1 
(2, 5, 11): 3 
(2, 5, 36): 3 
(2, 5, 75): 2 
(2, 5, 84): 2 
(2, 6, 21): 3 
(2, 7, 74): 7 
(2, 8, 30): 2 
(2, 8, 73): 16 
(2, 11, 56): 5 
(2, 13, 20): 4 
(2, 13, 77): 6 
(2, 14, 19): 3 
(2, 20, 13): 4 
(3, 1, 264): 25 
(3, 10, 417): 117 
(3, 10, 419): 56 
(3, 13, 85): 61 
(3, 14, 270): 28 
(3, 17, 385): 48 
(4, 3, 58): 8 
(4, 5, 13): 3 
(4, 5, 31): 2 
(4, 5, 37): 1 
(4, 5, 49): 1 
(4, 8, 32): 5 
(4, 14, 47): 13 
(4, 15, 13): 2 
(4, 15, 26): 1 
(4, 16, 46): 6 
(4, 20, 13): 1 
(4, 20, 14): 5 
(4, 20, 26): 3 
(5, 2, 41): 4 
(5, 2, 65): 7 
(5, 4, 10): 1 
(5, 4, 20): 2 
(5, 8, 21): 1 
(5, 8, 72): 9 
(5, 9, 93): 7 
(5, 11, 91): 1 
(5, 13, 21): 5 
(5, 14, 19): 2 
(5, 20, 16): 5 
(5, 20, 27): 4 
(5, 20, 40): 3 
(6, 8, 67): 9 
(6, 8, 115): 9 
(6, 11, 43): 6 
(6, 11, 140): 3 
(6, 13, 44): 16 
(6, 13, 104): 18 
(6, 13, 134): 3 
(6, 13, 139): 19 
(6, 15, 64): 2 
(7, 6, 110): 1 
(7, 8, 109): 2 
(7, 8, 121): 2 
(7, 11, 93): 2 
(7, 11, 108): 5 
(7, 12, 12): 9 
(7, 12, 19): 1 
(7, 12, 20): 2 
(7, 12, 29): 2 
(7, 12, 49): 13 
(7, 12, 80): 1 
(7, 12, 82): 10 
(7, 12, 84): 1 
(7, 12, 89): 2 
(7, 12, 92): 3 
(7, 16, 67): 5 
(7, 18, 74): 1 
(7, 18, 75): 1 
(8, 2, 63): 1 
(8, 3, 62): 36 
(8, 5, 64): 6 
(8, 6, 92): 8 
(8, 6, 105): 12 
(8, 9, 97): 5 
(8, 9, 139): 4 
(8, 9, 174): 3 
(8, 11, 138): 1 
(8, 13, 83): 16 
(8, 13, 92): 21 
(8, 13, 139): 6 
(8, 13, 166): 24 
(8, 14, 23): 9 
(8, 14, 33): 8 
(8, 14, 162): 155 
(8, 14, 172): 9 
(8, 15, 96): 4 
(8, 15, 105): 9 
(8, 15, 147): 7 
(9, 3, 229): 9 
(9, 3, 283): 4 
(9, 8, 23): 1 
(9, 8, 33): 9 
(9, 13, 113): 8 
(9, 13, 135): 6 
(9, 13, 167): 4 
(9, 13, 181): 12 
(9, 14, 160): 1 
(9, 14, 224): 2 
(9, 14, 271): 6 
(9, 15, 97): 3 
(9, 15, 121): 7 
(10, 0, 579): 211 
(10, 17, 472): 42 
(11, 3, 69): 2 
(11, 6, 20): 4 
(11, 6, 54): 1 
(11, 6, 75): 3 
(11, 6, 89): 3 
(11, 7, 76): 1 
(11, 8, 71): 8 
(11, 8, 127): 3 
(11, 9, 162): 5 
(11, 12, 75): 1 
(11, 13, 80): 2 
(11, 13, 109): 4 
(11, 13, 163): 3 
(11, 13, 177): 4 
(11, 16, 172): 3 
(12, 6, 97): 1 
(12, 7, 16): 7 
(12, 7, 37): 4 
(12, 7, 40): 8 
(12, 7, 52): 5 
(12, 7, 104): 5 
(12, 8, 64): 3 
(12, 8, 108): 1 
(12, 8, 120): 13 
(12, 11, 56): 4 
(12, 15, 106): 4 
(12, 16, 52): 1 
(12, 16, 59): 1 
(12, 16, 99): 4 
(12, 18, 53): 1 
(12, 20, 101): 2 
(13, 3, 230): 107 
(13, 6, 33): 12 
(13, 6, 50): 14 
(13, 6, 56): 2 
(13, 6, 127): 9 
(13, 8, 126): 10 
(13, 8, 154): 79 
(13, 9, 174): 5 
(13, 9, 186): 1 
(13, 9, 205): 2 
(13, 9, 241): 2 
(13, 11, 99): 5 
(13, 14, 204): 20 
(13, 15, 102): 4 
(13, 15, 145): 5 
(14, 1, 242): 26 
(14, 1, 319): 68 
(14, 3, 61): 14 
(14, 3, 228): 12 
(14, 3, 248): 20 
(14, 3, 282): 74 
(14, 3, 354): 6 
(14, 4, 41): 9 
(14, 8, 10): 12 
(14, 8, 12): 9 
(14, 8, 18): 6 
(14, 8, 43): 18 
(14, 8, 53): 75 
(14, 8, 59): 13 
(14, 9, 12): 10 
(14, 9, 231): 6 
(14, 9, 241): 1 
(14, 13, 216): 13 
(14, 15, 10): 3 
(14, 15, 12): 12 
(14, 15, 13): 1 
(14, 15, 17): 6 
(14, 15, 54): 2 
(15, 2, 62): 3 
(15, 6, 91): 7 
(15, 8, 33): 3 
(15, 8, 119): 12 
(15, 8, 120): 2 
(15, 9, 83): 3 
(15, 9, 117): 5 
(15, 9, 129): 10 
(15, 9, 140): 2 
(15, 11, 39): 2 
(15, 13, 25): 1 
(15, 13, 82): 1 
(15, 13, 129): 1 
(15, 13, 165): 7 
(15, 14, 48): 8 
(15, 14, 160): 5 
(16, 1, 213): 59 
(16, 1, 221): 52 
(16, 1, 250): 11 
(16, 9, 212): 1 
(17, 0, 515): 209 
(17, 4, 31): 5 
(17, 8, 26): 8 
(17, 10, 496): 19 
(17, 11, 31): 2 
(17, 12, 36): 3 
(17, 12, 42): 2 
(17, 16, 36): 8 
(17, 16, 48): 22 
(17, 16, 54): 8 
(17, 18, 45): 5 
(17, 18, 48): 12 
(17, 18, 49): 2 
(17, 19, 34): 2 
(17, 19, 45): 4 
(17, 19, 48): 1 
(17, 19, 51): 5 
(17, 19, 52): 13 
(17, 20, 33): 1 
(18, 7, 13): 2 
(18, 7, 27): 3 
(18, 11, 83): 2 
(18, 11, 90): 1 
(18, 12, 38): 1 
(18, 12, 44): 1 
(18, 13, 144): 1 
(18, 16, 39): 11 
(18, 16, 64): 5 
(18, 16, 67): 1 
(18, 16, 71): 2 
(18, 16, 86): 6 
(18, 16, 104): 8 
(19, 2, 60): 3 
(19, 2, 61): 3 
(19, 6, 16): 3 
(19, 7, 10): 2 
(19, 7, 13): 1 
(19, 11, 14): 2 
(19, 12, 11): 5 
(19, 13, 14): 2 
(19, 16, 38): 10 
(19, 16, 56): 9 
(19, 16, 63): 9 
(19, 16, 66): 2 
(19, 16, 70): 2 
(19, 17, 13): 3 
(19, 18, 13): 4 
(19, 18, 18): 13 
(20, 2, 61): 13 
(20, 6, 72): 2 
(20, 8, 126): 4 
(20, 13, 148): 9 
TRANSFERS OF GLOBAL RESOURCE G2
(0, 2, 0): 14 
(0, 2, 1): 3 
(0, 2, 2): 15 
(0, 2, 19): 5 
(0, 4, 0): 23 
(0, 4, 1): 3 
(0, 5, 0): 22 
(0, 5, 6): 5 
(0, 5, 7): 7 
(0, 6, 0): 14 
(0, 7, 0): 23 
(0, 8, 1): 5 
(0, 9, 2): 18 
(0, 11, 4): 13 
(0, 11, 5): 1 
(0, 11, 7): 3 
(0, 12, 0): 7 
(0, 12, 4): 11 
(0, 14, 0): 11 
(0, 15, 0): 19 
(0, 15, 9): 1 
(0, 17, 0): 19 
(0, 17, 18): 1 
(0, 18, 0): 13 
(0, 18, 4): 13 
(0, 19, 0): 23 
(0, 19, 2): 2 
(0, 19, 4): 12 
(0, 19, 5): 1 
(0, 19, 19): 6 
(0, 19, 20): 6 
(0, 20, 0): 9 
(1, 3, 240): 16 
(1, 3, 381): 17 
(1, 3, 399): 63 
(1, 9, 240): 22 
(1, 10, 415): 18 
(1, 17, 380): 45 
(2, 9, 16): 1 
(2, 9, 78): 12 
(2, 16, 48): 3 
(2, 16, 50): 3 
(2, 16, 56): 1 
(2, 18, 33): 20 
(2, 20, 34): 1 
(2, 20, 36): 1 
(3, 0, 419): 3 
(3, 6, 86): 1 
(3, 6, 96): 5 
(3, 6, 97): 1 
(3, 6, 100): 2 
(3, 6, 126): 2 
(3, 6, 127): 6 
(3, 9, 85): 4 
(3, 9, 94): 25 
(3, 9, 106): 18 
(3, 9, 116): 24 
(3, 9, 145): 25 
(3, 10, 415): 68 
(3, 10, 478): 8 
(3, 11, 98): 2 
(3, 13, 92): 2 
(3, 13, 104): 3 
(3, 15, 96): 3 
(3, 16, 97): 11 
(3, 17, 374): 84 
(3, 17, 422): 60 
(3, 17, 428): 27 
(3, 20, 94): 4 
(3, 20, 101): 1 
(4, 3, 54): 10 
(4, 11, 44): 1 
(4, 12, 25): 2 
(4, 14, 20): 1 
(4, 14, 38): 7 
(4, 14, 47): 1 
(4, 17, 20): 16 
(5, 8, 11): 4 
(5, 8, 17): 4 
(5, 8, 42): 8 
(5, 8, 58): 6 
(5, 9, 66): 2 
(5, 11, 83): 1 
(5, 11, 105): 3 
(5, 15, 74): 1 
(5, 17, 23): 14 
(5, 17, 37): 16 
(6, 3, 60): 1 
(6, 3, 227): 4 
(6, 4, 17): 3 
(6, 9, 143): 14 
(6, 13, 163): 1 
(6, 13, 181): 2 
(6, 15, 24): 2 
(6, 16, 149): 2 
(6, 18, 38): 1 
(6, 18, 65): 6 
(7, 8, 111): 2 
(7, 9, 67): 13 
(7, 11, 78): 3 
(7, 11, 99): 7 
(7, 14, 150): 4 
(7, 15, 26): 1 
(7, 16, 62): 3 
(7, 16, 152): 4 
(7, 20, 26): 3 
(8, 3, 215): 2 
(8, 3, 261): 1 
(8, 3, 269): 2 
(8, 5, 26): 2 
(8, 5, 31): 4 
(8, 9, 65): 13 
(8, 11, 81): 4 
(8, 11, 82): 1 
(8, 11, 103): 2 
(8, 11, 106): 4 
(8, 14, 167): 3 
(8, 14, 215): 4 
(8, 14, 219): 2 
(8, 17, 21): 4 
(8, 17, 35): 6 
(8, 17, 383): 7 
(9, 1, 218): 89 
(9, 1, 226): 9 
(9, 1, 264): 61 
(9, 1, 277): 22 
(9, 2, 62): 3 
(9, 3, 217): 10 
(9, 3, 227): 8 
(9, 3, 263): 38 
(9, 3, 271): 20 
(9, 6, 58): 1 
(9, 7, 33): 2 
(9, 7, 35): 7 
(9, 10, 413): 1 
(9, 16, 36): 6 
(9, 17, 369): 1 
(10, 0, 579): 245 
(10, 17, 441): 13 
(10, 17, 466): 27 
(10, 17, 470): 60 
(11, 3, 221): 8 
(11, 7, 15): 2 
(11, 8, 116): 10 
(11, 8, 154): 1 
(11, 9, 144): 26 
(11, 12, 74): 3 
(11, 12, 76): 4 
(11, 16, 159): 7 
(11, 17, 22): 11 
(11, 19, 36): 1 
(11, 19, 53): 8 
(12, 3, 59): 18 
(12, 9, 143): 14 
(12, 11, 20): 8 
(12, 11, 102): 12 
(12, 14, 155): 3 
(12, 15, 12): 3 
(12, 18, 64): 2 
(12, 20, 72): 5 
(13, 3, 228): 18 
(13, 3, 238): 10 
(13, 14, 151): 2 
(13, 15, 33): 5 
(13, 15, 53): 1 
(13, 15, 57): 4 
(13, 18, 51): 5 
(13, 20, 100): 6 
(14, 3, 228): 3 
(14, 3, 264): 5 
(14, 3, 272): 4 
(14, 5, 10): 1 
(14, 11, 35): 3 
(14, 12, 73): 4 
(14, 17, 34): 6 
(14, 17, 382): 6 
(14, 20, 64): 3 
(14, 20, 66): 3 
(15, 3, 62): 6 
(15, 12, 26): 2 
(15, 12, 38): 9 
(15, 12, 79): 1 
(15, 13, 46): 8 
(15, 13, 94): 2 
(15, 13, 114): 2 
(15, 13, 132): 2 
(15, 13, 168): 9 
(15, 18, 40): 1 
(15, 18, 67): 2 
(15, 20, 18): 4 
(15, 20, 20): 1 
(15, 20, 29): 5 
(15, 20, 63): 1 
(15, 20, 69): 3 
(15, 20, 86): 1 
(16, 3, 218): 21 
(16, 9, 75): 3 
(16, 9, 90): 12 
(16, 9, 99): 4 
(16, 9, 150): 4 
(17, 0, 515): 80 
(17, 2, 64): 2 
(17, 3, 52): 41 
(17, 3, 62): 1 
(17, 5, 51): 3 
(17, 7, 48): 6 
(17, 8, 50): 5 
(17, 8, 56): 9 
(17, 9, 67): 13 
(17, 10, 425): 98 
(17, 10, 427): 2 
(17, 10, 481): 56 
(17, 10, 490): 22 
(17, 10, 502): 72 
(17, 12, 72): 3 
(17, 12, 74): 5 
(17, 12, 76): 9 
(17, 16, 49): 4 
(17, 19, 35): 6 
(17, 19, 52): 11 
(18, 3, 63): 26 
(18, 3, 73): 15 
(18, 4, 20): 9 
(18, 6, 49): 2 
(18, 13, 27): 5 
(18, 13, 45): 2 
(18, 13, 93): 2 
(18, 15, 56): 1 
(18, 20, 85): 4 
(18, 20, 100): 2 
(18, 20, 102): 2 
(19, 3, 63): 11 
(19, 5, 30): 4 
(19, 5, 31): 11 
(19, 6, 58): 2 
(19, 8, 14): 7 
(19, 11, 40): 2 
(19, 11, 59): 3 
(19, 11, 67): 8 
(19, 15, 61): 2 
(19, 17, 14): 3 
(19, 17, 23): 22 
(19, 20, 67): 1 
(20, 3, 72): 10 
(20, 9, 144): 11 
(20, 12, 38): 5 
(20, 13, 85): 7 
(20, 13, 106): 3 
(20, 13, 132): 1 
(20, 15, 14): 2 
(20, 15, 15): 3 
(20, 15, 34): 1 
(20, 15, 98): 6 
(20, 15, 128): 1 
(20, 15, 149): 3 
(20, 18, 11): 4 
(20, 18, 52): 3 
}
