INSTANCE: "B_16_50_30" 
RELEASES: [0, 0, 0, 0, 0, 0, 0, 0, 0, 0, 0, 0, 0, 0, 0, 0]
DUEDATES: [138, 151, 131, 86, 147, 68, 130, 126, 156, 133, 114, 164, 71, 132, 134, 139]
COMPLETION TIMES: [157, 300, 152, 97, 313, 74, 148, 166, 176, 216, 101, 327, 81, 151, 160, 170]
MAKESPANS: [157, 300, 152, 97, 313, 74, 148, 166, 176, 216, 101, 327, 81, 151, 160, 170]
DELAYS: [19, 149, 21, 11, 166, 6, 18, 40, 20, 83, 0, 163, 10, 19, 26, 31]
COST: 1785.5

Solution = { 
START TIMES OF ACTIVITIES OF PROJECT 1:
[0, 18, 37, 51, 53, 55, 58, 65, 69, 72, 92, 10, 102, 118, 23, 123, 79, 126, 130, 63, 92, 139, 118, 96, 142, 95, 152, 79, 128, 41, 143, 135, 83, 130, 98, 138, 59, 10, 29, 10, 133, 139, 110, 143, 29, 151, 55, 85, 118, 145, 145, 157]
START TIMES OF ACTIVITIES OF PROJECT 2:
[0, 175, 182, 187, 188, 193, 198, 207, 28, 227, 234, 238, 242, 247, 252, 253, 290, 271, 249, 201, 59, 241, 198, 153, 248, 249, 172, 217, 238, 233, 209, 236, 257, 161, 166, 57, 233, 251, 236, 262, 241, 251, 252, 50, 18, 42, 271, 276, 276, 283, 283, 300]
START TIMES OF ACTIVITIES OF PROJECT 3:
[0, 25, 26, 35, 43, 49, 62, 68, 89, 93, 98, 19, 108, 115, 35, 116, 123, 127, 10, 68, 6, 132, 93, 108, 126, 14, 6, 26, 114, 146, 89, 126, 99, 51, 72, 115, 71, 104, 99, 141, 49, 132, 52, 68, 15, 11, 116, 78, 80, 75, 96, 152]
START TIMES OF ACTIVITIES OF PROJECT 4:
[0, 0, 12, 17, 16, 27, 7, 12, 28, 5, 60, 12, 45, 50, 17, 21, 52, 19, 28, 20, 5, 60, 25, 69, 0, 71, 37, 61, 75, 81, 89, 75, 61, 85, 84, 61, 52, 38, 61, 28, 34, 34, 38, 52, 71, 41, 25, 22, 25, 89, 20, 97]
START TIMES OF ACTIVITIES OF PROJECT 5:
[0, 186, 191, 192, 201, 202, 207, 222, 176, 244, 245, 251, 253, 272, 277, 286, 125, 294, 277, 217, 227, 253, 230, 164, 262, 259, 177, 194, 245, 245, 266, 255, 251, 217, 298, 267, 226, 266, 286, 300, 207, 229, 267, 226, 115, 237, 277, 286, 290, 306, 306, 313]
START TIMES OF ACTIVITIES OF PROJECT 6:
[0, 7, 12, 19, 9, 20, 3, 24, 24, 26, 19, 3, 37, 3, 53, 30, 30, 26, 54, 63, 19, 3, 12, 3, 9, 3, 65, 54, 34, 34, 57, 63, 42, 36, 62, 40, 32, 20, 13, 36, 42, 19, 33, 37, 45, 40, 24, 10, 54, 9, 10, 74]
START TIMES OF ACTIVITIES OF PROJECT 7:
[0, 9, 17, 63, 11, 39, 77, 53, 91, 85, 9, 19, 9, 103, 69, 105, 124, 73, 119, 122, 114, 142, 94, 113, 2, 17, 127, 77, 105, 102, 85, 94, 111, 104, 85, 26, 142, 49, 112, 124, 12, 127, 26, 128, 112, 122, 137, 11, 33, 132, 132, 148]
START TIMES OF ACTIVITIES OF PROJECT 8:
[0, 25, 28, 10, 35, 85, 59, 95, 99, 100, 102, 128, 10, 129, 100, 132, 99, 140, 45, 146, 154, 118, 134, 20, 90, 75, 134, 157, 132, 35, 157, 136, 102, 139, 111, 103, 162, 112, 117, 154, 139, 136, 142, 163, 147, 157, 147, 157, 161, 50, 159, 166]
START TIMES OF ACTIVITIES OF PROJECT 9:
[0, 59, 62, 69, 74, 78, 81, 84, 102, 113, 114, 29, 128, 130, 9, 134, 122, 135, 112, 87, 150, 140, 130, 115, 114, 122, 97, 134, 156, 167, 134, 126, 45, 146, 81, 157, 39, 35, 138, 19, 157, 175, 142, 164, 49, 146, 43, 119, 138, 146, 152, 176]
START TIMES OF ACTIVITIES OF PROJECT 10:
[0, 92, 102, 33, 106, 133, 132, 137, 144, 146, 148, 157, 82, 170, 148, 172, 148, 178, 110, 186, 196, 200, 174, 103, 117, 48, 174, 210, 171, 122, 197, 186, 196, 178, 167, 148, 211, 167, 177, 193, 144, 176, 181, 213, 186, 196, 197, 196, 211, 72, 205, 216]
START TIMES OF ACTIVITIES OF PROJECT 11:
[0, 22, 6, 15, 28, 4, 0, 6, 4, 59, 4, 6, 38, 34, 8, 22, 56, 28, 31, 28, 32, 47, 51, 37, 33, 62, 68, 37, 38, 48, 66, 62, 32, 62, 66, 76, 42, 76, 68, 84, 75, 92, 96, 79, 84, 68, 70, 70, 96, 66, 79, 101]
START TIMES OF ACTIVITIES OF PROJECT 12:
[0, 182, 189, 196, 206, 209, 211, 221, 201, 223, 229, 232, 233, 263, 281, 292, 143, 301, 233, 256, 254, 264, 309, 160, 242, 226, 239, 249, 233, 256, 224, 292, 267, 212, 301, 214, 224, 240, 257, 262, 153, 241, 276, 172, 263, 258, 290, 292, 299, 305, 318, 327]
START TIMES OF ACTIVITIES OF PROJECT 13:
[0, 8, 13, 11, 0, 26, 0, 0, 17, 14, 13, 11, 29, 25, 11, 8, 8, 22, 29, 42, 29, 30, 37, 38, 71, 8, 64, 18, 8, 22, 17, 53, 57, 39, 73, 17, 74, 48, 74, 58, 48, 11, 8, 15, 11, 11, 8, 53, 63, 24, 17, 81]
START TIMES OF ACTIVITIES OF PROJECT 14:
[0, 8, 11, 11, 17, 61, 15, 75, 78, 83, 84, 93, 17, 103, 18, 112, 37, 119, 41, 125, 136, 57, 65, 65, 50, 27, 115, 136, 104, 31, 109, 115, 143, 108, 27, 93, 148, 103, 117, 133, 125, 146, 111, 128, 128, 136, 145, 119, 141, 83, 137, 151]
START TIMES OF ACTIVITIES OF PROJECT 15:
[0, 9, 23, 37, 52, 62, 63, 73, 43, 81, 82, 85, 89, 97, 113, 120, 54, 128, 119, 67, 54, 89, 137, 13, 95, 33, 85, 106, 91, 82, 76, 116, 119, 77, 98, 115, 95, 96, 128, 100, 64, 96, 113, 78, 13, 76, 129, 137, 143, 151, 153, 160]
START TIMES OF ACTIVITIES OF PROJECT 16:
[0, 40, 48, 47, 52, 92, 54, 93, 99, 108, 110, 119, 13, 127, 127, 128, 110, 140, 56, 147, 155, 23, 119, 84, 100, 30, 110, 155, 128, 71, 161, 132, 118, 147, 80, 110, 157, 132, 165, 138, 66, 99, 152, 167, 156, 155, 160, 167, 147, 4, 161, 170]
TRANSFERS OF GLOBAL RESOURCE G1
(0, 1, 0): 25 
(0, 2, 7): 11 
(0, 3, 0): 7 
(0, 3, 1): 9 
(0, 3, 5): 1 
(0, 4, 0): 10 
(0, 6, 0): 37 
(0, 7, 0): 6 
(0, 7, 2): 2 
(0, 8, 0): 12 
(0, 9, 5): 6 
(0, 11, 0): 12 
(0, 13, 0): 46 
(0, 14, 0): 151 
(0, 15, 1): 170 
(0, 15, 5): 50 
(0, 16, 2): 7 
(1, 3, 70): 8 
(1, 3, 91): 7 
(1, 3, 121): 2 
(1, 5, 108): 1 
(1, 5, 157): 11 
(1, 9, 18): 3 
(1, 10, 22): 10 
(1, 12, 133): 3 
(1, 12, 150): 1 
(2, 0, 300): 20 
(2, 9, 95): 4 
(2, 11, 59): 1 
(2, 15, 51): 11 
(3, 1, 57): 4 
(3, 1, 96): 3 
(3, 1, 126): 1 
(3, 1, 128): 1 
(3, 5, 107): 7 
(3, 5, 156): 7 
(3, 9, 19): 1 
(3, 10, 21): 1 
(3, 10, 80): 12 
(3, 12, 132): 8 
(4, 2, 44): 5 
(4, 5, 99): 8 
(4, 6, 32): 2 
(4, 7, 9): 5 
(4, 8, 47): 1 
(4, 11, 60): 5 
(4, 14, 23): 4 
(4, 15, 44): 8 
(4, 16, 90): 3 
(5, 0, 313): 179 
(5, 10, 191): 16 
(5, 10, 192): 4 
(5, 12, 139): 67 
(5, 12, 229): 4 
(5, 12, 253): 17 
(6, 4, 13): 8 
(6, 4, 16): 6 
(6, 4, 65): 1 
(6, 4, 67): 4 
(6, 8, 16): 1 
(6, 8, 26): 5 
(6, 8, 50): 7 
(6, 10, 37): 1 
(6, 10, 71): 1 
(6, 11, 54): 1 
(6, 13, 7): 1 
(6, 14, 68): 3 
(7, 0, 147): 5 
(7, 5, 144): 10 
(7, 11, 24): 7 
(7, 11, 28): 6 
(7, 11, 55): 4 
(7, 11, 64): 1 
(7, 11, 92): 5 
(7, 14, 21): 5 
(7, 14, 78): 6 
(7, 14, 109): 1 
(7, 14, 127): 6 
(8, 10, 45): 11 
(8, 10, 69): 15 
(8, 10, 103): 7 
(8, 10, 129): 10 
(8, 10, 167): 32 
(8, 16, 147): 1 
(9, 0, 175): 11 
(9, 1, 87): 4 
(9, 2, 154): 4 
(9, 3, 136): 2 
(9, 5, 159): 1 
(9, 7, 54): 3 
(9, 12, 152): 3 
(9, 15, 45): 5 
(10, 0, 216): 110 
(10, 1, 117): 1 
(10, 5, 110): 25 
(10, 5, 120): 8 
(10, 5, 171): 11 
(10, 8, 109): 7 
(10, 8, 154): 15 
(10, 12, 147): 3 
(10, 12, 154): 27 
(10, 12, 227): 22 
(10, 16, 147): 3 
(11, 4, 78): 1 
(11, 5, 98): 1 
(11, 7, 13): 7 
(11, 7, 45): 6 
(11, 7, 81): 2 
(11, 7, 99): 4 
(11, 7, 100): 5 
(11, 7, 101): 1 
(11, 8, 69): 7 
(11, 10, 75): 4 
(11, 14, 77): 10 
(11, 15, 49): 16 
(11, 15, 101): 4 
(11, 16, 69): 1 
(11, 16, 77): 4 
(12, 0, 327): 204 
(12, 5, 273): 9 
(13, 3, 42): 4 
(13, 7, 28): 4 
(13, 11, 54): 4 
(13, 14, 23): 27 
(13, 14, 57): 8 
(13, 14, 80): 3 
(14, 0, 151): 4 
(14, 1, 41): 4 
(14, 4, 34): 11 
(14, 5, 96): 16 
(14, 5, 145): 83 
(14, 5, 157): 25 
(14, 7, 118): 8 
(14, 8, 117): 8 
(14, 8, 148): 1 
(14, 10, 31): 29 
(14, 10, 153): 11 
(14, 12, 139): 8 
(14, 12, 151): 18 
(14, 13, 67): 3 
(14, 16, 121): 6 
(14, 16, 150): 1 
(15, 0, 160): 11 
(15, 1, 132): 3 
(15, 2, 158): 3 
(15, 2, 172): 5 
(15, 2, 233): 4 
(15, 2, 235): 4 
(15, 3, 81): 5 
(15, 5, 160): 63 
(15, 7, 62): 3 
(15, 8, 67): 7 
(15, 8, 121): 1 
(15, 9, 26): 10 
(15, 9, 113): 3 
(15, 9, 125): 6 
(15, 10, 30): 12 
(15, 10, 64): 8 
(15, 10, 88): 5 
(15, 10, 114): 26 
(15, 10, 126): 1 
(15, 11, 27): 8 
(15, 11, 33): 4 
(15, 11, 63): 14 
(15, 11, 91): 1 
(15, 12, 123): 7 
(15, 12, 140): 11 
(15, 12, 162): 11 
(15, 14, 122): 11 
(15, 16, 22): 12 
(15, 16, 74): 1 
(15, 16, 81): 4 
(16, 0, 170): 18 
(16, 5, 100): 1 
(16, 8, 67): 4 
(16, 10, 23): 1 
(16, 10, 62): 2 
(16, 10, 122): 5 
(16, 10, 134): 4 
(16, 10, 166): 1 
(16, 10, 167): 3 
(16, 12, 167): 3 
(16, 14, 104): 1 
TRANSFERS OF GLOBAL RESOURCE G2
(0, 1, 4): 38 
(0, 3, 0): 10 
(0, 3, 4): 2 
(0, 4, 0): 17 
(0, 6, 0): 8 
(0, 6, 1): 4 
(0, 6, 3): 6 
(0, 7, 0): 14 
(0, 7, 7): 4 
(0, 7, 9): 27 
(0, 8, 3): 110 
(0, 9, 0): 29 
(0, 11, 0): 11 
(0, 11, 2): 2 
(0, 11, 4): 7 
(0, 13, 0): 43 
(0, 13, 3): 15 
(0, 14, 7): 115 
(0, 15, 0): 12 
(0, 16, 0): 110 
(1, 3, 60): 7 
(1, 3, 87): 5 
(1, 3, 91): 3 
(1, 3, 130): 1 
(1, 5, 110): 4 
(1, 5, 159): 17 
(1, 8, 147): 10 
(1, 11, 25): 5 
(1, 12, 148): 9 
(1, 14, 22): 2 
(1, 14, 26): 1 
(1, 14, 88): 5 
(1, 15, 91): 2 
(1, 16, 91): 3 
(2, 0, 300): 225 
(2, 5, 209): 9 
(2, 7, 71): 38 
(2, 8, 68): 21 
(2, 9, 82): 4 
(2, 10, 75): 6 
(2, 10, 89): 2 
(2, 12, 212): 5 
(2, 15, 79): 2 
(2, 16, 68): 5 
(3, 1, 35): 5 
(3, 1, 100): 2 
(3, 1, 140): 1 
(3, 2, 142): 1 
(3, 5, 108): 6 
(3, 5, 157): 9 
(3, 8, 70): 3 
(3, 8, 80): 7 
(3, 13, 24): 1 
(3, 14, 26): 1 
(3, 14, 52): 9 
(3, 14, 56): 1 
(4, 6, 31): 7 
(4, 6, 37): 4 
(4, 9, 90): 6 
(4, 10, 29): 3 
(4, 10, 68): 3 
(4, 10, 78): 2 
(4, 10, 102): 3 
(4, 11, 37): 1 
(4, 16, 73): 2 
(5, 0, 313): 197 
(5, 12, 141): 35 
(5, 12, 231): 8 
(5, 12, 255): 20 
(5, 15, 137): 5 
(6, 2, 44): 1 
(6, 3, 48): 2 
(6, 4, 14): 3 
(6, 4, 15): 1 
(6, 4, 16): 1 
(6, 4, 55): 2 
(6, 4, 56): 6 
(6, 7, 44): 6 
(6, 9, 51): 1 
(6, 10, 28): 1 
(6, 11, 50): 5 
(6, 16, 76): 6 
(7, 5, 156): 8 
(7, 8, 145): 5 
(7, 11, 73): 3 
(7, 12, 137): 3 
(7, 14, 28): 3 
(7, 14, 133): 3 
(7, 16, 20): 27 
(7, 16, 37): 16 
(7, 16, 81): 14 
(7, 16, 89): 9 
(7, 16, 97): 15 
(7, 16, 107): 12 
(7, 16, 137): 12 
(8, 1, 121): 3 
(8, 2, 11): 18 
(8, 2, 35): 38 
(8, 2, 50): 14 
(8, 2, 146): 84 
(8, 2, 159): 1 
(8, 2, 165): 116 
(8, 2, 191): 7 
(8, 3, 38): 2 
(8, 3, 99): 2 
(8, 3, 111): 1 
(8, 3, 118): 2 
(8, 11, 61): 5 
(8, 13, 35): 1 
(9, 5, 215): 35 
(9, 6, 26): 2 
(9, 8, 138): 2 
(9, 10, 21): 1 
(9, 10, 132): 1 
(9, 10, 155): 1 
(9, 10, 174): 4 
(9, 10, 185): 1 
(9, 14, 21): 2 
(9, 16, 87): 10 
(9, 16, 95): 7 
(10, 0, 216): 23 
(10, 2, 236): 2 
(10, 4, 48): 1 
(10, 6, 60): 2 
(11, 1, 34): 1 
(11, 1, 99): 7 
(11, 3, 46): 4 
(11, 3, 101): 2 
(11, 6, 12): 2 
(11, 8, 80): 6 
(11, 14, 24): 6 
(11, 14, 58): 5 
(11, 14, 72): 5 
(11, 14, 90): 11 
(11, 16, 32): 2 
(12, 0, 327): 139 
(12, 5, 225): 5 
(13, 2, 53): 7 
(13, 8, 23): 41 
(13, 8, 43): 9 
(13, 8, 73): 4 
(13, 8, 83): 5 
(14, 1, 118): 10 
(14, 2, 141): 12 
(14, 5, 107): 4 
(14, 5, 117): 6 
(14, 5, 156): 46 
(14, 7, 23): 7 
(14, 7, 46): 1 
(14, 7, 109): 3 
(14, 7, 111): 3 
(14, 7, 121): 6 
(14, 8, 39): 23 
(14, 8, 148): 48 
(14, 9, 39): 4 
(14, 11, 39): 1 
(14, 11, 48): 2 
(14, 11, 67): 5 
(14, 12, 137): 12 
(14, 13, 41): 6 
(14, 16, 18): 6 
(14, 16, 79): 16 
(15, 5, 109): 4 
(15, 5, 119): 5 
(15, 5, 158): 6 
(15, 7, 78): 2 
(15, 12, 155): 3 
(15, 12, 167): 4 
(15, 16, 76): 1 
(16, 1, 56): 7 
(16, 2, 182): 16 
(16, 3, 66): 3 
(16, 5, 116): 11 
(16, 5, 155): 9 
(16, 5, 168): 51 
(16, 5, 218): 30 
(16, 7, 60): 11 
(16, 7, 66): 8 
(16, 9, 30): 10 
(16, 9, 76): 7 
(16, 9, 117): 5 
(16, 11, 58): 4 
(16, 12, 165): 34 
(16, 12, 175): 11 
(16, 14, 56): 20 
(16, 14, 120): 32 
(16, 15, 59): 3 
(16, 15, 120): 1 
}
