INSTANCE: "A_20_60_7" 
RELEASES: [0, 0, 0, 0, 0, 0, 0, 0, 0, 0, 0, 0, 0, 0, 0, 0, 0, 0, 0, 0]
DUEDATES: [137, 125, 142, 77, 111, 96, 123, 151, 111, 69, 143, 107, 86, 129, 131, 106, 86, 139, 78, 84]
COMPLETION TIMES: [260, 342, 161, 188, 312, 120, 352, 378, 419, 287, 180, 212, 233, 180, 301, 212, 135, 391, 179, 99]
MAKESPANS: [260, 342, 161, 188, 312, 120, 352, 378, 419, 287, 180, 212, 233, 180, 301, 212, 135, 391, 179, 99]
DELAYS: [123, 217, 19, 111, 201, 24, 229, 227, 308, 218, 37, 105, 147, 51, 170, 106, 49, 252, 101, 15]
COST: 3825.5

Solution = { 
START TIMES OF ACTIVITIES OF PROJECT 1:
[0, 26, 19, 133, 136, 160, 142, 136, 77, 158, 188, 146, 186, 162, 32, 124, 144, 171, 136, 145, 143, 159, 174, 126, 156, 164, 153, 162, 169, 174, 177, 176, 132, 179, 209, 203, 186, 204, 232, 164, 194, 214, 219, 227, 179, 244, 181, 249, 227, 217, 195, 213, 227, 234, 194, 212, 237, 245, 256, 256, 252, 260]
START TIMES OF ACTIVITIES OF PROJECT 2:
[0, 35, 39, 191, 249, 178, 187, 192, 212, 256, 236, 147, 288, 303, 268, 298, 202, 187, 222, 265, 268, 298, 281, 240, 286, 227, 241, 228, 255, 183, 190, 276, 270, 249, 254, 289, 274, 290, 298, 298, 264, 301, 307, 283, 214, 291, 299, 307, 306, 316, 307, 317, 320, 327, 317, 327, 320, 324, 317, 332, 332, 342]
START TIMES OF ACTIVITIES OF PROJECT 3:
[0, 8, 8, 8, 27, 18, 18, 19, 25, 39, 27, 49, 27, 39, 96, 12, 65, 68, 67, 42, 57, 42, 58, 70, 33, 83, 75, 37, 56, 87, 67, 65, 49, 122, 92, 83, 88, 73, 89, 88, 113, 91, 56, 89, 57, 100, 114, 96, 114, 91, 106, 124, 106, 136, 137, 130, 140, 150, 150, 141, 160, 161]
START TIMES OF ACTIVITIES OF PROJECT 4:
[0, 41, 32, 19, 62, 46, 75, 84, 129, 101, 23, 36, 96, 103, 87, 107, 120, 91, 112, 108, 111, 56, 108, 122, 130, 141, 119, 58, 89, 160, 108, 78, 121, 92, 80, 135, 97, 131, 162, 109, 145, 141, 69, 114, 152, 139, 113, 155, 148, 143, 141, 128, 151, 113, 166, 151, 174, 143, 185, 176, 178, 188]
START TIMES OF ACTIVITIES OF PROJECT 5:
[0, 202, 189, 77, 215, 210, 139, 198, 216, 210, 243, 266, 198, 220, 212, 208, 225, 206, 228, 251, 232, 182, 259, 258, 269, 250, 277, 171, 221, 236, 259, 253, 276, 229, 237, 249, 254, 245, 268, 278, 226, 271, 279, 279, 262, 282, 257, 226, 245, 234, 235, 287, 251, 280, 260, 285, 286, 294, 304, 300, 296, 312]
START TIMES OF ACTIVITIES OF PROJECT 6:
[0, 7, 7, 7, 14, 15, 13, 16, 9, 16, 9, 29, 13, 37, 47, 19, 26, 37, 30, 39, 21, 67, 20, 77, 45, 34, 29, 49, 90, 45, 42, 31, 43, 55, 40, 25, 59, 81, 63, 95, 97, 73, 100, 107, 39, 73, 55, 99, 97, 51, 105, 89, 69, 80, 107, 82, 100, 91, 117, 92, 109, 120]
START TIMES OF ACTIVITIES OF PROJECT 7:
[0, 234, 22, 77, 246, 238, 185, 256, 262, 262, 268, 253, 243, 244, 196, 287, 239, 294, 301, 246, 263, 253, 248, 238, 279, 268, 311, 296, 301, 304, 267, 313, 278, 238, 306, 291, 294, 341, 328, 286, 281, 308, 325, 324, 319, 296, 319, 318, 320, 337, 277, 316, 337, 333, 336, 333, 346, 341, 341, 337, 350, 352]
START TIMES OF ACTIVITIES OF PROJECT 8:
[0, 256, 222, 195, 204, 239, 212, 222, 260, 267, 246, 257, 276, 267, 211, 260, 210, 253, 281, 271, 246, 270, 307, 292, 269, 297, 220, 306, 257, 264, 285, 287, 265, 229, 298, 297, 308, 306, 319, 316, 324, 316, 333, 324, 311, 334, 336, 309, 348, 343, 335, 352, 355, 345, 357, 350, 365, 352, 370, 362, 359, 378]
START TIMES OF ACTIVITIES OF PROJECT 9:
[0, 326, 317, 319, 325, 331, 339, 334, 327, 325, 335, 335, 346, 374, 343, 357, 347, 359, 394, 373, 360, 384, 347, 336, 343, 351, 367, 382, 385, 367, 402, 386, 377, 354, 342, 408, 372, 389, 378, 336, 351, 386, 394, 366, 381, 344, 362, 391, 377, 401, 398, 398, 398, 407, 406, 412, 398, 400, 409, 415, 412, 419]
START TIMES OF ACTIVITIES OF PROJECT 10:
[0, 241, 207, 210, 208, 210, 216, 220, 220, 224, 217, 226, 237, 249, 230, 262, 227, 236, 247, 229, 242, 225, 256, 224, 238, 238, 239, 249, 257, 218, 236, 229, 265, 257, 229, 260, 240, 258, 257, 249, 254, 266, 241, 270, 258, 258, 265, 249, 254, 261, 257, 268, 266, 267, 275, 279, 265, 274, 278, 273, 283, 287]
START TIMES OF ACTIVITIES OF PROJECT 11:
[0, 8, 28, 8, 34, 43, 22, 30, 36, 56, 36, 15, 15, 54, 35, 56, 58, 24, 50, 66, 76, 58, 82, 51, 36, 71, 83, 64, 62, 92, 44, 117, 77, 81, 101, 102, 77, 90, 73, 95, 80, 79, 113, 92, 125, 156, 141, 112, 166, 103, 131, 125, 104, 141, 131, 120, 131, 144, 171, 157, 162, 180]
START TIMES OF ACTIVITIES OF PROJECT 12:
[0, 11, 26, 114, 69, 51, 33, 118, 23, 173, 19, 51, 118, 123, 24, 62, 33, 150, 169, 170, 129, 170, 53, 67, 188, 140, 155, 125, 147, 49, 155, 179, 132, 79, 78, 70, 173, 181, 133, 192, 86, 197, 157, 185, 157, 185, 181, 160, 185, 127, 192, 183, 193, 187, 200, 196, 198, 160, 204, 203, 203, 212]
START TIMES OF ACTIVITIES OF PROJECT 13:
[0, 8, 8, 8, 9, 16, 24, 32, 17, 23, 141, 19, 51, 143, 164, 94, 9, 98, 155, 168, 191, 12, 171, 157, 23, 200, 152, 186, 19, 170, 195, 164, 159, 200, 210, 215, 187, 198, 204, 204, 151, 177, 185, 165, 180, 195, 211, 195, 207, 208, 199, 206, 208, 217, 212, 210, 223, 218, 223, 227, 218, 233]
START TIMES OF ACTIVITIES OF PROJECT 14:
[0, 4, 4, 43, 27, 32, 45, 53, 61, 66, 66, 79, 52, 135, 76, 75, 87, 97, 42, 78, 91, 91, 94, 46, 45, 101, 49, 105, 109, 14, 117, 126, 20, 115, 126, 137, 121, 102, 107, 105, 128, 122, 131, 144, 46, 112, 137, 154, 145, 85, 129, 129, 122, 66, 147, 162, 163, 169, 153, 178, 167, 180]
START TIMES OF ACTIVITIES OF PROJECT 15:
[0, 25, 7, 7, 10, 22, 99, 160, 188, 25, 28, 44, 170, 175, 18, 185, 29, 190, 176, 178, 188, 221, 200, 192, 206, 217, 54, 190, 36, 205, 271, 203, 205, 214, 227, 223, 252, 217, 229, 212, 239, 241, 214, 199, 275, 249, 252, 232, 222, 258, 244, 260, 260, 267, 272, 280, 279, 243, 289, 284, 292, 301]
START TIMES OF ACTIVITIES OF PROJECT 16:
[0, 41, 14, 35, 93, 102, 104, 49, 119, 51, 120, 60, 141, 131, 120, 70, 130, 130, 131, 139, 150, 103, 122, 136, 117, 137, 186, 138, 150, 135, 158, 141, 159, 152, 164, 111, 70, 159, 160, 169, 60, 166, 160, 173, 182, 172, 176, 181, 190, 181, 186, 185, 192, 193, 173, 193, 196, 186, 203, 202, 202, 212]
START TIMES OF ACTIVITIES OF PROJECT 17:
[0, 5, 0, 8, 13, 8, 18, 8, 17, 49, 11, 64, 23, 11, 19, 33, 12, 23, 33, 18, 75, 22, 19, 27, 40, 22, 78, 45, 92, 80, 68, 45, 42, 56, 85, 110, 68, 86, 56, 44, 32, 68, 47, 39, 106, 100, 86, 96, 118, 71, 118, 85, 120, 115, 100, 124, 120, 112, 126, 124, 133, 135]
START TIMES OF ACTIVITIES OF PROJECT 18:
[0, 232, 264, 245, 256, 237, 237, 279, 287, 273, 297, 277, 262, 290, 254, 288, 297, 302, 277, 270, 290, 320, 300, 297, 329, 290, 317, 309, 307, 312, 244, 309, 284, 339, 347, 322, 331, 322, 331, 347, 313, 329, 332, 355, 339, 340, 346, 362, 339, 354, 368, 333, 349, 362, 374, 377, 386, 381, 390, 386, 368, 391]
START TIMES OF ACTIVITIES OF PROJECT 19:
[0, 56, 22, 36, 48, 34, 38, 111, 31, 55, 81, 94, 98, 66, 55, 63, 61, 89, 105, 102, 77, 75, 113, 44, 67, 116, 88, 84, 117, 118, 118, 97, 110, 107, 121, 149, 135, 117, 156, 125, 38, 139, 117, 155, 128, 114, 139, 109, 143, 165, 155, 144, 102, 165, 125, 165, 172, 148, 175, 173, 155, 179]
START TIMES OF ACTIVITIES OF PROJECT 20:
[0, 0, 10, 0, 13, 41, 15, 10, 21, 22, 15, 40, 10, 15, 31, 48, 16, 23, 43, 34, 16, 43, 43, 52, 26, 36, 47, 34, 39, 47, 5, 61, 61, 45, 14, 22, 71, 46, 54, 32, 16, 71, 26, 52, 60, 68, 32, 78, 53, 41, 63, 80, 40, 82, 36, 85, 83, 85, 95, 94, 85, 99]
TRANSFERS OF GLOBAL RESOURCE G1
(0, 3, 0): 4 
(0, 6, 4): 17 
(0, 6, 6): 7 
(0, 11, 0): 8 
(0, 12, 0): 4 
(0, 13, 3): 13 
(0, 14, 0): 14 
(0, 15, 0): 13 
(0, 15, 3): 4 
(0, 17, 0): 1 
(0, 17, 3): 16 
(0, 20, 4): 21 
(0, 20, 7): 1 
(1, 2, 184): 10 
(1, 2, 187): 1 
(1, 2, 219): 4 
(1, 2, 237): 1 
(1, 2, 238): 9 
(1, 2, 261): 6 
(1, 3, 83): 1 
(1, 3, 132): 1 
(1, 3, 146): 1 
(1, 8, 240): 5 
(1, 8, 259): 2 
(1, 8, 261): 1 
(1, 13, 149): 1 
(1, 14, 42): 3 
(1, 15, 243): 1 
(1, 18, 264): 2 
(2, 0, 342): 22 
(2, 1, 161): 1 
(2, 1, 192): 5 
(2, 1, 224): 6 
(2, 1, 229): 1 
(2, 1, 249): 1 
(2, 1, 253): 1 
(2, 3, 43): 1 
(2, 8, 191): 5 
(2, 8, 216): 2 
(2, 8, 265): 1 
(2, 8, 293): 3 
(2, 8, 348): 3 
(2, 9, 313): 6 
(2, 9, 360): 4 
(2, 14, 40): 1 
(2, 15, 153): 8 
(2, 15, 193): 2 
(2, 15, 268): 2 
(3, 1, 28): 1 
(3, 1, 73): 1 
(3, 1, 160): 2 
(3, 2, 141): 9 
(3, 5, 66): 1 
(3, 6, 62): 1 
(3, 6, 68): 2 
(3, 6, 75): 1 
(3, 6, 92): 1 
(3, 14, 71): 1 
(3, 14, 75): 5 
(3, 14, 125): 1 
(3, 14, 140): 2 
(3, 14, 165): 2 
(3, 17, 27): 1 
(3, 17, 63): 4 
(3, 17, 66): 2 
(3, 17, 75): 3 
(4, 2, 187): 1 
(4, 11, 32): 1 
(4, 11, 40): 1 
(4, 11, 46): 1 
(4, 11, 69): 7 
(4, 11, 121): 2 
(4, 11, 152): 3 
(4, 11, 153): 1 
(4, 11, 158): 1 
(4, 11, 167): 1 
(4, 12, 109): 5 
(4, 12, 113): 1 
(4, 12, 122): 1 
(4, 12, 174): 1 
(4, 12, 187): 4 
(4, 12, 192): 1 
(4, 13, 187): 2 
(4, 13, 189): 7 
(4, 13, 193): 2 
(4, 15, 190): 1 
(4, 16, 110): 3 
(4, 16, 112): 3 
(4, 19, 144): 1 
(5, 7, 229): 7 
(5, 7, 234): 1 
(5, 7, 238): 2 
(5, 7, 251): 1 
(5, 7, 306): 9 
(5, 9, 304): 4 
(5, 9, 312): 3 
(5, 13, 150): 4 
(5, 13, 156): 1 
(5, 13, 179): 1 
(5, 13, 210): 3 
(5, 13, 216): 2 
(5, 18, 229): 2 
(5, 18, 237): 3 
(5, 18, 269): 2 
(5, 18, 282): 4 
(5, 19, 149): 3 
(5, 20, 82): 2 
(6, 1, 22): 1 
(6, 1, 120): 2 
(6, 2, 30): 1 
(6, 2, 34): 1 
(6, 3, 34): 2 
(6, 14, 25): 2 
(6, 14, 50): 3 
(6, 14, 77): 1 
(6, 14, 95): 8 
(6, 14, 100): 2 
(6, 14, 115): 3 
(6, 14, 120): 8 
(6, 17, 30): 6 
(6, 17, 36): 3 
(6, 17, 37): 4 
(6, 17, 46): 2 
(6, 17, 83): 2 
(6, 17, 107): 1 
(6, 17, 109): 2 
(6, 17, 115): 5 
(7, 0, 352): 15 
(7, 5, 245): 2 
(7, 5, 263): 5 
(7, 5, 295): 1 
(7, 9, 313): 5 
(7, 13, 194): 4 
(7, 13, 205): 2 
(7, 18, 265): 2 
(7, 18, 327): 2 
(7, 18, 328): 3 
(8, 0, 378): 22 
(8, 2, 223): 1 
(8, 2, 232): 1 
(8, 2, 282): 1 
(8, 2, 285): 1 
(8, 9, 310): 2 
(8, 15, 224): 1 
(8, 15, 276): 2 
(9, 0, 419): 34 
(10, 2, 286): 10 
(10, 7, 288): 4 
(10, 8, 285): 4 
(10, 15, 226): 1 
(10, 15, 261): 2 
(10, 15, 278): 1 
(10, 15, 283): 2 
(10, 18, 253): 1 
(10, 18, 264): 1 
(10, 18, 275): 4 
(10, 18, 281): 2 
(10, 18, 288): 3 
(11, 4, 15): 1 
(11, 4, 52): 1 
(11, 4, 54): 3 
(11, 4, 58): 1 
(11, 4, 76): 4 
(11, 4, 80): 1 
(11, 4, 83): 1 
(11, 4, 92): 7 
(11, 4, 93): 2 
(11, 4, 104): 1 
(11, 4, 131): 4 
(11, 4, 181): 8 
(11, 12, 15): 2 
(11, 12, 82): 1 
(11, 12, 166): 1 
(11, 16, 30): 2 
(11, 16, 97): 1 
(11, 16, 112): 3 
(11, 16, 147): 1 
(12, 1, 198): 1 
(12, 10, 205): 3 
(12, 10, 211): 2 
(12, 10, 212): 8 
(12, 11, 69): 1 
(12, 15, 36): 4 
(12, 16, 39): 5 
(12, 16, 68): 1 
(12, 16, 91): 7 
(12, 16, 129): 1 
(12, 16, 133): 1 
(12, 16, 136): 1 
(12, 16, 137): 5 
(12, 16, 139): 2 
(12, 16, 157): 4 
(12, 16, 194): 1 
(12, 16, 200): 6 
(13, 1, 222): 2 
(13, 5, 170): 1 
(13, 5, 197): 1 
(13, 5, 201): 7 
(13, 5, 207): 6 
(13, 5, 214): 1 
(13, 5, 220): 2 
(13, 5, 224): 9 
(13, 5, 225): 2 
(13, 7, 233): 8 
(13, 15, 167): 1 
(13, 15, 221): 1 
(13, 15, 228): 1 
(13, 18, 224): 3 
(13, 18, 229): 1 
(13, 19, 24): 2 
(13, 19, 29): 1 
(13, 19, 54): 3 
(13, 19, 104): 1 
(13, 19, 107): 3 
(13, 20, 10): 1 
(13, 20, 28): 3 
(13, 20, 29): 1 
(13, 20, 33): 8 
(13, 20, 38): 1 
(13, 20, 58): 2 
(14, 1, 16): 1 
(14, 1, 123): 9 
(14, 1, 139): 8 
(14, 1, 161): 1 
(14, 1, 173): 1 
(14, 1, 174): 2 
(14, 1, 178): 1 
(14, 2, 173): 5 
(14, 2, 182): 3 
(14, 3, 14): 4 
(14, 3, 21): 3 
(14, 3, 53): 8 
(14, 3, 85): 1 
(14, 3, 132): 1 
(14, 3, 146): 1 
(14, 6, 12): 2 
(14, 6, 14): 2 
(14, 6, 17): 1 
(14, 6, 41): 2 
(14, 6, 53): 1 
(14, 6, 67): 1 
(14, 6, 87): 1 
(14, 6, 88): 1 
(14, 13, 173): 1 
(14, 13, 180): 3 
(14, 15, 176): 1 
(14, 17, 61): 1 
(14, 17, 68): 1 
(14, 17, 107): 1 
(14, 17, 109): 2 
(14, 17, 112): 1 
(15, 1, 203): 1 
(15, 2, 300): 10 
(15, 7, 292): 3 
(15, 8, 203): 1 
(15, 8, 214): 2 
(15, 8, 256): 2 
(15, 9, 301): 5 
(15, 10, 268): 4 
(15, 11, 16): 8 
(15, 11, 60): 7 
(15, 11, 67): 1 
(15, 12, 16): 1 
(15, 12, 18): 2 
(15, 12, 54): 2 
(15, 16, 103): 2 
(16, 4, 51): 1 
(16, 4, 73): 1 
(16, 4, 178): 1 
(16, 10, 203): 5 
(16, 10, 204): 2 
(16, 10, 206): 3 
(16, 10, 212): 8 
(16, 12, 49): 2 
(16, 12, 51): 2 
(16, 12, 60): 1 
(16, 12, 76): 1 
(16, 12, 112): 4 
(16, 12, 125): 2 
(16, 12, 148): 9 
(16, 12, 177): 2 
(16, 12, 179): 2 
(16, 12, 181): 1 
(16, 12, 190): 1 
(16, 15, 182): 1 
(17, 3, 51): 9 
(17, 3, 52): 1 
(17, 3, 131): 2 
(17, 5, 133): 7 
(17, 6, 17): 1 
(17, 6, 26): 3 
(17, 6, 87): 6 
(17, 6, 88): 1 
(17, 6, 94): 2 
(17, 6, 96): 6 
(17, 13, 11): 1 
(17, 13, 135): 5 
(17, 14, 42): 12 
(17, 14, 123): 2 
(17, 14, 125): 1 
(18, 0, 386): 30 
(18, 9, 300): 1 
(18, 9, 306): 2 
(18, 9, 307): 2 
(19, 4, 76): 1 
(19, 4, 118): 2 
(19, 5, 132): 1 
(19, 5, 175): 5 
(19, 5, 182): 2 
(19, 7, 179): 6 
(19, 13, 134): 1 
(19, 13, 158): 5 
(19, 13, 179): 1 
(19, 13, 191): 1 
(20, 4, 15): 3 
(20, 4, 48): 1 
(20, 4, 67): 1 
(20, 4, 89): 4 
(20, 4, 100): 2 
(20, 5, 74): 1 
(20, 11, 95): 2 
(20, 13, 14): 3 
(20, 13, 48): 5 
(20, 13, 91): 4 
(20, 15, 89): 2 
(20, 17, 92): 1 
(20, 19, 15): 5 
(20, 19, 90): 2 
(20, 19, 91): 3 
(20, 19, 104): 1 
TRANSFERS OF GLOBAL RESOURCE G2
(0, 3, 0): 14 
(0, 6, 0): 22 
(0, 6, 2): 1 
(0, 11, 0): 13 
(0, 13, 0): 15 
(0, 13, 1): 1 
(0, 14, 0): 10 
(0, 15, 2): 5 
(0, 15, 5): 2 
(0, 17, 0): 19 
(0, 20, 0): 22 
(1, 2, 235): 1 
(1, 8, 232): 2 
(1, 8, 255): 2 
(1, 10, 203): 9 
(1, 10, 253): 1 
(1, 15, 259): 2 
(1, 15, 260): 8 
(1, 15, 268): 1 
(1, 16, 32): 3 
(1, 16, 133): 1 
(1, 16, 135): 1 
(1, 16, 136): 1 
(1, 16, 149): 6 
(1, 16, 155): 1 
(1, 16, 183): 6 
(1, 16, 187): 1 
(1, 16, 189): 7 
(1, 17, 42): 1 
(1, 17, 80): 6 
(1, 19, 82): 1 
(1, 19, 83): 1 
(2, 0, 342): 13 
(2, 5, 170): 2 
(2, 5, 197): 1 
(2, 5, 201): 4 
(2, 5, 207): 1 
(2, 5, 214): 3 
(2, 5, 224): 1 
(2, 5, 225): 1 
(2, 5, 228): 5 
(2, 5, 250): 2 
(2, 5, 253): 5 
(2, 5, 275): 4 
(2, 5, 277): 2 
(2, 9, 317): 2 
(2, 9, 318): 4 
(2, 9, 326): 5 
(2, 9, 327): 3 
(2, 9, 330): 2 
(2, 9, 363): 1 
(2, 9, 365): 3 
(2, 12, 155): 1 
(2, 14, 44): 2 
(3, 5, 68): 5 
(3, 11, 63): 1 
(3, 11, 70): 1 
(3, 11, 74): 3 
(3, 11, 76): 3 
(3, 11, 114): 9 
(3, 11, 163): 8 
(3, 12, 42): 1 
(3, 12, 44): 4 
(3, 12, 62): 1 
(3, 12, 116): 1 
(3, 12, 162): 1 
(3, 15, 19): 1 
(3, 15, 25): 2 
(3, 15, 96): 9 
(3, 15, 157): 10 
(4, 1, 164): 1 
(4, 5, 158): 2 
(4, 6, 62): 7 
(4, 6, 87): 2 
(4, 7, 176): 3 
(4, 7, 187): 2 
(4, 8, 188): 1 
(4, 13, 47): 2 
(4, 13, 137): 7 
(4, 13, 153): 2 
(4, 13, 160): 7 
(4, 13, 166): 3 
(4, 13, 187): 4 
(4, 13, 191): 9 
(4, 14, 130): 2 
(5, 0, 312): 11 
(5, 2, 177): 8 
(5, 2, 221): 6 
(5, 2, 239): 1 
(5, 2, 240): 1 
(5, 2, 255): 3 
(5, 2, 263): 1 
(5, 2, 264): 2 
(5, 2, 269): 3 
(5, 2, 273): 2 
(5, 2, 282): 3 
(5, 2, 285): 1 
(5, 2, 287): 2 
(5, 2, 288): 2 
(5, 2, 289): 2 
(5, 2, 290): 3 
(5, 11, 83): 5 
(5, 11, 149): 1 
(6, 4, 70): 6 
(6, 4, 73): 3 
(6, 4, 79): 1 
(6, 4, 106): 3 
(6, 4, 115): 4 
(6, 4, 117): 6 
(6, 7, 15): 1 
(6, 7, 70): 8 
(6, 14, 38): 1 
(6, 14, 41): 3 
(6, 14, 45): 1 
(6, 14, 49): 1 
(6, 14, 97): 6 
(6, 14, 98): 1 
(6, 14, 122): 3 
(7, 0, 349): 22 
(7, 6, 82): 1 
(7, 6, 83): 7 
(7, 8, 246): 4 
(7, 10, 203): 5 
(7, 14, 32): 2 
(7, 18, 251): 3 
(7, 18, 306): 3 
(7, 18, 337): 1 
(7, 18, 343): 2 
(8, 0, 378): 18 
(8, 10, 223): 10 
(8, 10, 270): 2 
(8, 15, 276): 2 
(8, 18, 341): 1 
(9, 0, 419): 34 
(10, 2, 281): 5 
(10, 2, 282): 1 
(10, 5, 276): 2 
(10, 5, 278): 1 
(10, 7, 230): 6 
(10, 7, 234): 3 
(10, 7, 258): 2 
(10, 7, 275): 1 
(10, 7, 282): 3 
(10, 7, 292): 3 
(10, 8, 249): 2 
(10, 8, 261): 1 
(10, 15, 275): 1 
(10, 18, 230): 9 
(10, 18, 242): 5 
(10, 18, 243): 1 
(10, 18, 254): 10 
(10, 18, 271): 7 
(10, 18, 288): 7 
(10, 18, 307): 5 
(11, 2, 140): 3 
(11, 2, 180): 2 
(11, 3, 15): 1 
(11, 3, 36): 2 
(11, 3, 53): 3 
(11, 3, 55): 1 
(11, 3, 80): 2 
(11, 3, 85): 1 
(11, 3, 86): 8 
(11, 3, 97): 1 
(11, 3, 103): 1 
(11, 3, 121): 6 
(11, 3, 127): 1 
(11, 3, 138): 1 
(11, 3, 147): 7 
(11, 5, 132): 1 
(11, 5, 175): 3 
(11, 12, 172): 4 
(11, 14, 93): 1 
(11, 14, 126): 1 
(11, 15, 13): 2 
(11, 15, 94): 1 
(11, 17, 93): 1 
(12, 1, 130): 1 
(12, 2, 212): 5 
(12, 3, 82): 3 
(12, 5, 211): 4 
(12, 5, 213): 1 
(12, 5, 214): 1 
(12, 15, 205): 1 
(12, 19, 79): 1 
(12, 19, 139): 1 
(12, 20, 78): 6 
(12, 20, 87): 4 
(13, 4, 15): 3 
(13, 4, 28): 1 
(13, 4, 37): 5 
(13, 4, 54): 2 
(13, 4, 99): 3 
(13, 4, 107): 2 
(13, 7, 12): 1 
(13, 7, 228): 4 
(13, 7, 229): 2 
(13, 8, 199): 1 
(13, 8, 206): 2 
(13, 8, 217): 2 
(13, 8, 224): 2 
(13, 8, 234): 3 
(13, 10, 200): 1 
(13, 10, 209): 3 
(13, 10, 210): 4 
(13, 10, 233): 7 
(13, 16, 171): 1 
(13, 17, 11): 2 
(13, 17, 40): 2 
(13, 17, 42): 1 
(13, 19, 10): 1 
(14, 2, 27): 1 
(14, 2, 31): 1 
(14, 2, 175): 1 
(14, 3, 140): 1 
(14, 4, 27): 1 
(14, 4, 75): 1 
(14, 4, 136): 1 
(14, 4, 138): 2 
(14, 4, 143): 1 
(14, 4, 147): 1 
(14, 4, 180): 8 
(14, 5, 163): 5 
(14, 5, 174): 1 
(14, 6, 21): 1 
(14, 6, 63): 3 
(14, 6, 87): 1 
(14, 6, 88): 2 
(14, 6, 91): 1 
(14, 15, 180): 1 
(14, 15, 182): 1 
(15, 2, 227): 3 
(15, 2, 232): 4 
(15, 3, 30): 1 
(15, 3, 36): 4 
(15, 7, 294): 6 
(15, 8, 230): 1 
(15, 9, 311): 8 
(15, 9, 313): 1 
(15, 9, 319): 1 
(15, 9, 320): 4 
(15, 11, 29): 3 
(15, 11, 30): 4 
(15, 11, 46): 1 
(15, 11, 107): 1 
(15, 11, 108): 1 
(15, 12, 60): 1 
(15, 12, 105): 2 
(15, 14, 104): 1 
(15, 16, 171): 2 
(15, 17, 103): 1 
(15, 19, 103): 4 
(16, 1, 16): 4 
(16, 1, 74): 8 
(16, 1, 121): 1 
(16, 1, 123): 3 
(16, 1, 140): 4 
(16, 1, 141): 6 
(16, 1, 142): 1 
(16, 1, 168): 1 
(16, 1, 171): 2 
(16, 1, 173): 9 
(16, 1, 224): 5 
(16, 8, 196): 6 
(16, 8, 197): 2 
(16, 8, 215): 1 
(16, 10, 193): 4 
(16, 10, 209): 7 
(16, 15, 193): 1 
(16, 17, 53): 2 
(16, 17, 112): 2 
(16, 19, 41): 3 
(16, 19, 74): 2 
(16, 19, 122): 4 
(16, 19, 140): 4 
(17, 1, 140): 1 
(17, 13, 87): 5 
(17, 15, 19): 1 
(17, 16, 11): 4 
(17, 16, 32): 6 
(17, 16, 67): 1 
(17, 16, 99): 1 
(17, 16, 100): 3 
(17, 16, 128): 2 
(17, 16, 133): 4 
(17, 16, 134): 4 
(17, 16, 136): 1 
(17, 19, 28): 1 
(17, 19, 30): 3 
(18, 0, 391): 26 
(18, 7, 264): 1 
(18, 7, 265): 2 
(18, 7, 283): 2 
(18, 8, 264): 1 
(18, 10, 237): 6 
(18, 10, 238): 3 
(18, 10, 264): 10 
(18, 10, 265): 3 
(19, 1, 118): 8 
(19, 1, 158): 1 
(19, 1, 173): 6 
(19, 3, 115): 2 
(19, 12, 115): 5 
(19, 15, 182): 2 
(19, 16, 67): 5 
(19, 16, 114): 4 
(19, 16, 128): 3 
(19, 16, 133): 2 
(19, 16, 161): 2 
(19, 16, 178): 3 
(19, 16, 179): 1 
(19, 20, 50): 1 
(19, 20, 51): 2 
(19, 20, 68): 2 
(20, 12, 44): 2 
(20, 12, 62): 1 
(20, 12, 63): 4 
(20, 15, 21): 1 
(20, 16, 98): 6 
(20, 19, 35): 2 
(20, 19, 45): 2 
(20, 19, 58): 1 
(20, 19, 60): 1 
(20, 19, 63): 1 
(20, 19, 78): 3 
(20, 19, 91): 3 
(20, 19, 95): 1 
(20, 19, 99): 9 
}
