INSTANCE: "B_16_50_17" 
RELEASES: [0, 0, 0, 0, 0, 0, 0, 0, 0, 0, 0, 0, 0, 0, 0, 0]
DUEDATES: [136, 103, 180, 165, 137, 120, 191, 104, 124, 121, 61, 81, 138, 108, 142, 124]
COMPLETION TIMES: [308, 112, 720, 564, 175, 178, 520, 110, 156, 135, 82, 103, 417, 137, 322, 136]
MAKESPANS: [308, 112, 720, 564, 175, 178, 520, 110, 156, 135, 82, 103, 417, 137, 322, 136]
DELAYS: [172, 9, 540, 399, 38, 58, 329, 6, 32, 14, 21, 22, 279, 29, 180, 12]
COST: 3157.5

Solution = { 
START TIMES OF ACTIVITIES OF PROJECT 1:
[0, 170, 183, 43, 188, 206, 260, 207, 218, 227, 229, 238, 173, 248, 219, 253, 249, 273, 212, 286, 294, 276, 254, 188, 219, 119, 254, 295, 250, 99, 301, 294, 304, 257, 256, 230, 298, 248, 294, 270, 228, 273, 260, 306, 265, 277, 299, 295, 303, 197, 297, 308]
START TIMES OF ACTIVITIES OF PROJECT 2:
[0, 30, 21, 22, 19, 27, 16, 33, 22, 43, 22, 67, 47, 43, 53, 56, 12, 22, 12, 23, 77, 12, 59, 47, 16, 69, 85, 68, 31, 43, 81, 97, 94, 75, 70, 90, 95, 109, 102, 94, 104, 94, 81, 94, 57, 90, 68, 81, 102, 102, 99, 112]
START TIMES OF ACTIVITIES OF PROJECT 3:
[0, 559, 566, 569, 578, 584, 592, 593, 716, 602, 604, 614, 625, 627, 668, 675, 47, 682, 604, 15, 671, 603, 659, 661, 607, 628, 584, 706, 618, 608, 624, 671, 23, 602, 37, 591, 624, 675, 643, 638, 29, 57, 655, 653, 643, 647, 673, 677, 681, 686, 696, 720]
START TIMES OF ACTIVITIES OF PROJECT 4:
[0, 433, 435, 443, 444, 457, 462, 498, 150, 502, 511, 516, 520, 526, 532, 547, 216, 557, 532, 25, 416, 520, 423, 401, 527, 527, 561, 476, 511, 511, 482, 516, 547, 465, 490, 536, 475, 532, 515, 471, 450, 481, 534, 410, 140, 210, 539, 547, 547, 554, 554, 564]
START TIMES OF ACTIVITIES OF PROJECT 5:
[0, 27, 30, 30, 40, 69, 34, 73, 76, 81, 83, 96, 40, 106, 31, 117, 18, 138, 60, 146, 154, 134, 76, 107, 91, 50, 120, 154, 117, 124, 120, 117, 166, 121, 76, 92, 159, 123, 146, 162, 168, 134, 129, 165, 148, 165, 159, 148, 171, 81, 155, 175]
START TIMES OF ACTIVITIES OF PROJECT 6:
[0, 75, 95, 102, 103, 105, 110, 111, 113, 122, 130, 135, 148, 159, 163, 122, 0, 148, 170, 170, 139, 29, 131, 122, 168, 113, 163, 65, 150, 19, 19, 110, 112, 130, 139, 154, 87, 84, 163, 168, 84, 84, 95, 131, 60, 148, 70, 95, 87, 57, 154, 178]
START TIMES OF ACTIVITIES OF PROJECT 7:
[0, 363, 372, 379, 386, 392, 394, 402, 337, 406, 422, 425, 430, 452, 466, 484, 142, 501, 356, 431, 415, 436, 501, 493, 430, 510, 435, 410, 430, 421, 408, 477, 444, 408, 511, 395, 420, 477, 420, 442, 152, 433, 459, 346, 452, 454, 469, 484, 477, 491, 515, 520]
START TIMES OF ACTIVITIES OF PROJECT 8:
[0, 22, 19, 35, 35, 26, 37, 21, 45, 28, 22, 22, 64, 19, 31, 31, 67, 70, 21, 57, 45, 88, 75, 26, 87, 46, 92, 64, 47, 85, 36, 48, 88, 96, 77, 102, 77, 67, 37, 52, 43, 92, 62, 53, 45, 67, 64, 80, 70, 46, 75, 110]
START TIMES OF ACTIVITIES OF PROJECT 9:
[0, 42, 43, 48, 58, 64, 65, 69, 79, 88, 93, 10, 96, 108, 88, 116, 93, 123, 83, 119, 69, 128, 21, 36, 101, 90, 93, 119, 95, 88, 116, 116, 65, 124, 65, 102, 136, 123, 83, 151, 127, 45, 18, 145, 28, 119, 145, 95, 28, 34, 145, 156]
START TIMES OF ACTIVITIES OF PROJECT 10:
[0, 33, 35, 51, 8, 44, 61, 65, 74, 65, 8, 42, 42, 76, 74, 80, 61, 61, 89, 101, 83, 92, 116, 8, 35, 46, 106, 74, 84, 65, 78, 78, 106, 83, 65, 92, 75, 66, 108, 125, 35, 106, 51, 90, 87, 116, 62, 46, 52, 118, 125, 135]
START TIMES OF ACTIVITIES OF PROJECT 11:
[0, 55, 0, 0, 50, 62, 15, 34, 19, 15, 21, 43, 65, 56, 43, 64, 64, 15, 51, 65, 4, 10, 11, 18, 72, 67, 55, 73, 53, 30, 46, 47, 77, 74, 70, 65, 74, 80, 74, 55, 65, 69, 50, 80, 23, 47, 19, 27, 61, 53, 10, 82]
START TIMES OF ACTIVITIES OF PROJECT 12:
[0, 18, 19, 12, 12, 18, 23, 19, 39, 45, 42, 18, 46, 18, 23, 18, 32, 19, 63, 39, 28, 12, 26, 70, 26, 46, 50, 63, 44, 23, 29, 70, 46, 79, 43, 90, 55, 53, 37, 37, 99, 70, 72, 73, 72, 87, 73, 90, 55, 72, 95, 103]
START TIMES OF ACTIVITIES OF PROJECT 13:
[0, 259, 316, 317, 318, 321, 324, 328, 242, 336, 337, 347, 351, 359, 360, 392, 295, 400, 392, 322, 277, 351, 233, 250, 357, 340, 340, 377, 348, 341, 340, 351, 359, 351, 330, 392, 358, 347, 357, 367, 285, 359, 360, 330, 268, 322, 387, 392, 400, 408, 410, 417]
START TIMES OF ACTIVITIES OF PROJECT 14:
[0, 49, 53, 60, 68, 73, 80, 86, 96, 103, 108, 43, 116, 119, 53, 120, 108, 125, 96, 121, 30, 128, 53, 111, 125, 123, 119, 53, 102, 89, 86, 30, 80, 86, 80, 119, 92, 83, 96, 116, 53, 60, 73, 100, 25, 25, 96, 34, 30, 25, 29, 137]
START TIMES OF ACTIVITIES OF PROJECT 15:
[0, 192, 199, 37, 200, 201, 271, 208, 220, 221, 224, 239, 131, 280, 233, 281, 251, 283, 165, 290, 297, 174, 301, 184, 186, 210, 290, 301, 290, 113, 297, 291, 309, 295, 220, 222, 306, 251, 141, 310, 248, 187, 296, 308, 313, 313, 313, 301, 253, 155, 301, 322]
START TIMES OF ACTIVITIES OF PROJECT 16:
[0, 39, 60, 62, 8, 39, 77, 51, 72, 85, 41, 71, 47, 86, 62, 88, 81, 41, 98, 101, 76, 115, 31, 98, 52, 47, 115, 73, 94, 93, 81, 86, 96, 79, 106, 90, 60, 89, 98, 116, 41, 106, 52, 88, 120, 124, 54, 69, 43, 126, 126, 136]
TRANSFERS OF GLOBAL RESOURCE G1
(0, 2, 0): 130 
(0, 2, 4): 1 
(0, 3, 0): 2 
(0, 3, 8): 24 
(0, 4, 0): 12 
(0, 5, 0): 18 
(0, 8, 0): 13 
(0, 8, 2): 18 
(0, 8, 3): 5 
(0, 9, 0): 4 
(0, 9, 8): 2 
(0, 9, 11): 4 
(0, 10, 0): 12 
(0, 10, 27): 1 
(0, 11, 0): 23 
(0, 12, 0): 17 
(0, 12, 5): 15 
(0, 14, 0): 15 
(0, 16, 0): 1 
(0, 16, 12): 1 
(1, 4, 129): 53 
(1, 4, 139): 3 
(1, 5, 84): 2 
(1, 5, 110): 9 
(1, 5, 139): 9 
(1, 7, 308): 85 
(1, 7, 334): 2 
(1, 7, 455): 17 
(1, 13, 234): 14 
(1, 13, 251): 12 
(1, 13, 343): 8 
(2, 3, 22): 60 
(2, 3, 30): 1 
(2, 4, 114): 75 
(2, 6, 63): 3 
(2, 7, 108): 32 
(2, 9, 24): 3 
(2, 9, 38): 1 
(2, 9, 84): 9 
(2, 9, 123): 5 
(2, 9, 141): 4 
(2, 10, 50): 1 
(3, 0, 720): 143 
(3, 1, 57): 9 
(3, 1, 77): 7 
(3, 2, 87): 3 
(3, 2, 88): 4 
(3, 2, 97): 42 
(3, 6, 63): 2 
(3, 7, 113): 1 
(3, 9, 84): 3 
(3, 9, 85): 2 
(3, 10, 49): 4 
(3, 12, 62): 1 
(3, 12, 63): 7 
(3, 16, 52): 2 
(4, 0, 564): 137 
(4, 1, 32): 4 
(4, 1, 159): 109 
(4, 3, 520): 6 
(4, 3, 565): 11 
(4, 3, 568): 19 
(4, 5, 71): 2 
(4, 5, 86): 5 
(4, 11, 61): 1 
(4, 13, 225): 128 
(4, 13, 234): 10 
(4, 13, 251): 4 
(5, 1, 92): 11 
(5, 1, 163): 6 
(5, 1, 181): 4 
(5, 4, 135): 10 
(5, 4, 205): 14 
(6, 1, 196): 5 
(6, 3, 535): 3 
(6, 7, 99): 6 
(6, 7, 431): 4 
(6, 15, 241): 4 
(7, 0, 520): 38 
(7, 3, 520): 104 
(7, 4, 192): 69 
(7, 15, 169): 7 
(7, 15, 172): 4 
(8, 1, 89): 9 
(8, 7, 135): 2 
(8, 14, 37): 10 
(8, 14, 104): 1 
(8, 16, 24): 4 
(8, 16, 28): 6 
(8, 16, 32): 2 
(8, 16, 75): 1 
(8, 16, 78): 1 
(9, 1, 188): 14 
(9, 2, 90): 4 
(9, 2, 91): 6 
(9, 2, 100): 4 
(9, 4, 176): 2 
(9, 15, 188): 7 
(10, 1, 74): 6 
(10, 1, 94): 1 
(10, 4, 187): 18 
(11, 1, 84): 20 
(11, 10, 50): 1 
(11, 10, 53): 1 
(11, 14, 21): 2 
(12, 1, 81): 9 
(12, 4, 112): 7 
(12, 6, 25): 7 
(12, 6, 28): 9 
(12, 6, 33): 1 
(12, 7, 110): 2 
(12, 10, 50): 3 
(12, 10, 110): 2 
(13, 4, 393): 101 
(13, 4, 415): 27 
(13, 4, 425): 45 
(13, 7, 460): 8 
(14, 7, 132): 18 
(14, 15, 31): 5 
(14, 15, 107): 6 
(14, 16, 32): 6 
(15, 7, 127): 3 
(15, 7, 322): 26 
(15, 13, 222): 5 
(15, 16, 39): 4 
(15, 16, 41): 1 
(16, 7, 126): 14 
(16, 7, 136): 2 
(16, 14, 73): 1 
(16, 14, 79): 6 
(16, 15, 111): 6 
TRANSFERS OF GLOBAL RESOURCE G2
(0, 2, 0): 10 
(0, 2, 3): 4 
(0, 3, 0): 48 
(0, 3, 6): 6 
(0, 4, 3): 27 
(0, 5, 0): 59 
(0, 5, 9): 92 
(0, 6, 0): 13 
(0, 8, 0): 11 
(0, 8, 1): 13 
(0, 8, 5): 4 
(0, 8, 7): 5 
(0, 9, 0): 4 
(0, 10, 0): 4 
(0, 11, 0): 1 
(0, 12, 0): 6 
(0, 12, 6): 28 
(0, 14, 0): 19 
(0, 16, 0): 10 
(0, 16, 23): 7 
(1, 5, 67): 12 
(1, 5, 132): 100 
(1, 7, 139): 33 
(1, 7, 334): 151 
(1, 7, 343): 5 
(1, 12, 58): 6 
(2, 9, 49): 3 
(2, 9, 114): 7 
(2, 15, 101): 8 
(2, 15, 119): 21 
(2, 16, 31): 10 
(2, 16, 52): 1 
(2, 16, 80): 6 
(2, 16, 85): 6 
(3, 0, 720): 158 
(3, 2, 58): 5 
(3, 2, 61): 7 
(3, 5, 55): 6 
(3, 5, 65): 18 
(3, 5, 74): 17 
(3, 7, 124): 1 
(3, 15, 66): 4 
(3, 16, 47): 8 
(4, 0, 564): 161 
(4, 9, 27): 13 
(4, 11, 26): 12 
(4, 11, 29): 1 
(4, 13, 227): 54 
(4, 15, 166): 18 
(4, 15, 263): 7 
(4, 16, 27): 1 
(5, 1, 41): 18 
(5, 1, 97): 22 
(5, 1, 117): 111 
(5, 1, 168): 91 
(5, 1, 186): 18 
(5, 1, 274): 5 
(5, 4, 173): 41 
(5, 7, 138): 45 
(5, 7, 148): 3 
(5, 13, 242): 1 
(5, 15, 227): 2 
(6, 4, 129): 1 
(6, 4, 199): 15 
(6, 8, 27): 2 
(6, 11, 26): 2 
(6, 14, 43): 2 
(6, 15, 95): 6 
(6, 15, 169): 4 
(7, 0, 520): 12 
(7, 1, 167): 42 
(7, 3, 541): 111 
(7, 3, 584): 47 
(7, 4, 176): 5 
(7, 5, 162): 33 
(7, 5, 167): 8 
(8, 6, 69): 2 
(8, 10, 29): 8 
(8, 10, 31): 3 
(8, 10, 48): 3 
(8, 10, 49): 10 
(8, 10, 52): 1 
(8, 14, 73): 1 
(8, 14, 80): 2 
(8, 14, 103): 2 
(8, 14, 104): 3 
(8, 15, 95): 4 
(8, 16, 70): 1 
(9, 4, 139): 8 
(9, 6, 46): 3 
(9, 11, 29): 2 
(9, 11, 36): 5 
(9, 15, 105): 5 
(9, 15, 147): 1 
(9, 15, 157): 6 
(10, 5, 128): 9 
(10, 6, 145): 2 
(10, 7, 109): 1 
(10, 14, 67): 2 
(10, 14, 80): 1 
(10, 15, 73): 11 
(10, 15, 91): 4 
(10, 15, 125): 1 
(10, 15, 134): 1 
(10, 15, 144): 1 
(10, 15, 147): 3 
(11, 2, 75): 5 
(11, 2, 76): 5 
(11, 9, 76): 2 
(11, 9, 79): 1 
(11, 15, 104): 10 
(12, 2, 42): 5 
(12, 2, 43): 3 
(12, 3, 25): 12 
(12, 5, 78): 1 
(12, 5, 79): 2 
(12, 7, 132): 5 
(12, 8, 39): 4 
(12, 15, 93): 6 
(12, 16, 41): 2 
(13, 0, 417): 40 
(13, 4, 395): 96 
(13, 4, 404): 3 
(13, 4, 410): 2 
(13, 4, 417): 11 
(13, 4, 427): 31 
(13, 4, 509): 4 
(13, 4, 528): 12 
(13, 4, 530): 2 
(13, 15, 268): 67 
(13, 15, 277): 13 
(13, 15, 305): 56 
(13, 15, 307): 3 
(14, 4, 122): 4 
(14, 6, 60): 1 
(14, 6, 65): 5 
(14, 6, 144): 4 
(14, 6, 149): 1 
(14, 8, 29): 1 
(14, 10, 28): 1 
(14, 10, 35): 5 
(14, 10, 36): 1 
(14, 15, 129): 2 
(14, 15, 139): 7 
(15, 7, 323): 14 
(15, 13, 230): 9 
(15, 13, 239): 37 
(15, 13, 247): 17 
(15, 13, 256): 53 
(15, 13, 282): 13 
(15, 13, 292): 27 
(15, 13, 313): 98 
(15, 13, 327): 12 
(15, 13, 337): 19 
(16, 2, 11): 10 
(16, 2, 62): 8 
(16, 4, 126): 5 
(16, 6, 43): 1 
(16, 15, 94): 1 
(16, 15, 112): 12 
(16, 15, 136): 15 
}
