INSTANCE: "A_18_60_26" 
RELEASES: [0, 0, 0, 0, 0, 0, 0, 0, 0, 0, 0, 0, 0, 0, 0, 0, 0, 0]
DUEDATES: [93, 117, 87, 64, 115, 113, 75, 74, 137, 93, 103, 128, 148, 117, 118, 108, 66, 119]
COMPLETION TIMES: [169, 140, 101, 73, 193, 190, 94, 172, 162, 112, 116, 177, 198, 131, 143, 186, 90, 150]
MAKESPANS: [169, 140, 101, 73, 193, 190, 94, 172, 162, 112, 116, 177, 198, 131, 143, 186, 90, 150]
DELAYS: [76, 23, 14, 9, 78, 77, 19, 98, 25, 19, 13, 49, 50, 14, 25, 78, 24, 31]
COST: 1659.5

Solution = { 
START TIMES OF ACTIVITIES OF PROJECT 1:
[0, 17, 22, 61, 71, 24, 102, 64, 53, 101, 96, 106, 81, 101, 115, 97, 81, 91, 110, 26, 110, 98, 120, 93, 116, 107, 111, 117, 120, 128, 119, 145, 117, 123, 133, 111, 131, 133, 121, 122, 133, 151, 121, 123, 134, 142, 133, 139, 131, 148, 142, 150, 148, 157, 153, 157, 158, 157, 160, 159, 167, 169]
START TIMES OF ACTIVITIES OF PROJECT 2:
[0, 9, 7, 9, 19, 27, 37, 47, 24, 59, 74, 36, 17, 29, 17, 79, 22, 34, 42, 29, 39, 49, 37, 49, 80, 70, 80, 61, 49, 84, 82, 82, 58, 85, 78, 119, 122, 45, 66, 93, 86, 101, 58, 117, 95, 109, 119, 68, 104, 105, 114, 128, 117, 112, 123, 104, 124, 129, 133, 129, 137, 140]
START TIMES OF ACTIVITIES OF PROJECT 3:
[0, 14, 3, 10, 11, 23, 17, 37, 14, 43, 33, 11, 26, 49, 38, 38, 36, 43, 45, 41, 41, 24, 58, 20, 57, 43, 26, 41, 35, 48, 81, 65, 91, 55, 33, 48, 61, 64, 86, 58, 65, 73, 72, 73, 68, 74, 45, 78, 83, 75, 90, 89, 68, 93, 93, 73, 90, 97, 98, 83, 95, 101]
START TIMES OF ACTIVITIES OF PROJECT 4:
[0, 7, 7, 7, 11, 11, 19, 22, 18, 35, 11, 13, 38, 58, 30, 26, 26, 22, 33, 63, 26, 32, 40, 17, 21, 12, 33, 35, 46, 48, 59, 44, 33, 23, 36, 48, 41, 45, 58, 38, 33, 9, 30, 39, 44, 51, 51, 64, 51, 51, 37, 67, 61, 31, 61, 58, 63, 63, 68, 70, 66, 73]
START TIMES OF ACTIVITIES OF PROJECT 5:
[0, 17, 23, 82, 115, 89, 86, 86, 133, 96, 106, 99, 95, 96, 103, 152, 116, 113, 122, 90, 115, 103, 29, 123, 113, 135, 118, 135, 131, 143, 143, 143, 159, 166, 172, 141, 173, 118, 131, 123, 168, 144, 150, 156, 162, 156, 173, 180, 153, 166, 145, 172, 185, 170, 180, 185, 188, 170, 192, 190, 179, 193]
START TIMES OF ACTIVITIES OF PROJECT 6:
[0, 92, 37, 21, 31, 110, 111, 111, 91, 113, 101, 110, 114, 122, 132, 120, 101, 119, 122, 106, 138, 133, 123, 119, 139, 125, 94, 104, 158, 146, 99, 149, 157, 145, 133, 140, 119, 124, 132, 147, 151, 164, 163, 183, 164, 157, 113, 149, 173, 166, 159, 157, 167, 175, 175, 187, 178, 161, 188, 183, 183, 190]
START TIMES OF ACTIVITIES OF PROJECT 7:
[0, 9, 9, 9, 11, 19, 44, 56, 17, 18, 16, 20, 28, 24, 19, 24, 21, 28, 35, 30, 28, 26, 44, 22, 31, 47, 35, 36, 51, 48, 48, 55, 43, 33, 52, 67, 63, 59, 77, 55, 11, 63, 52, 67, 51, 41, 58, 37, 73, 79, 79, 68, 58, 80, 67, 79, 84, 73, 90, 86, 80, 94]
START TIMES OF ACTIVITIES OF PROJECT 8:
[0, 92, 86, 83, 97, 99, 117, 109, 129, 130, 87, 90, 87, 94, 131, 97, 122, 120, 132, 116, 128, 114, 93, 139, 133, 120, 134, 124, 139, 152, 97, 142, 115, 151, 120, 128, 134, 136, 156, 103, 145, 148, 104, 116, 150, 142, 106, 152, 142, 144, 144, 145, 154, 130, 161, 154, 160, 149, 169, 162, 160, 172]
START TIMES OF ACTIVITIES OF PROJECT 9:
[0, 8, 7, 53, 18, 62, 20, 15, 25, 17, 19, 21, 41, 35, 34, 59, 25, 31, 18, 59, 21, 28, 48, 62, 39, 71, 86, 30, 63, 99, 62, 81, 72, 67, 71, 107, 43, 114, 105, 80, 95, 80, 72, 105, 96, 89, 104, 90, 126, 138, 128, 110, 114, 142, 116, 128, 147, 130, 128, 153, 137, 162]
START TIMES OF ACTIVITIES OF PROJECT 10:
[0, 5, 5, 5, 12, 40, 11, 13, 7, 14, 7, 26, 10, 40, 43, 17, 36, 27, 17, 24, 18, 80, 40, 45, 44, 27, 27, 27, 79, 52, 45, 52, 34, 55, 33, 72, 66, 63, 78, 93, 80, 88, 92, 83, 34, 73, 76, 71, 99, 62, 102, 77, 73, 101, 104, 89, 99, 95, 106, 79, 106, 112]
START TIMES OF ACTIVITIES OF PROJECT 11:
[0, 0, 10, 10, 10, 30, 19, 17, 32, 10, 19, 15, 37, 40, 24, 27, 47, 10, 64, 20, 51, 32, 20, 16, 74, 71, 72, 20, 24, 74, 80, 33, 71, 69, 72, 29, 32, 53, 84, 96, 40, 21, 47, 55, 78, 55, 76, 61, 103, 76, 77, 80, 92, 88, 77, 108, 86, 97, 110, 113, 99, 116]
START TIMES OF ACTIVITIES OF PROJECT 12:
[0, 9, 9, 14, 30, 38, 47, 95, 56, 51, 12, 30, 105, 110, 23, 65, 13, 51, 68, 40, 100, 141, 54, 58, 74, 110, 45, 111, 40, 109, 121, 118, 120, 53, 82, 70, 89, 60, 127, 127, 131, 125, 102, 96, 143, 109, 147, 87, 134, 151, 127, 160, 143, 150, 142, 151, 153, 141, 158, 169, 163, 177]
START TIMES OF ACTIVITIES OF PROJECT 13:
[0, 17, 10, 10, 64, 29, 71, 109, 46, 81, 36, 20, 92, 119, 18, 43, 27, 60, 101, 48, 53, 23, 162, 111, 74, 110, 41, 128, 39, 67, 131, 101, 107, 29, 111, 120, 154, 138, 149, 84, 130, 171, 138, 142, 151, 148, 163, 140, 131, 159, 148, 172, 175, 172, 177, 177, 185, 164, 190, 178, 175, 198]
START TIMES OF ACTIVITIES OF PROJECT 14:
[0, 9, 9, 9, 21, 69, 24, 30, 51, 18, 18, 32, 11, 36, 43, 17, 24, 30, 46, 29, 35, 51, 42, 16, 54, 90, 91, 40, 71, 48, 73, 67, 46, 58, 61, 51, 99, 59, 55, 80, 82, 63, 67, 111, 64, 118, 86, 77, 107, 103, 71, 108, 119, 68, 92, 99, 115, 115, 122, 121, 123, 131]
START TIMES OF ACTIVITIES OF PROJECT 15:
[0, 11, 11, 11, 13, 34, 19, 19, 42, 30, 50, 65, 42, 54, 41, 63, 29, 59, 36, 61, 52, 60, 81, 96, 66, 51, 55, 103, 54, 78, 63, 52, 19, 89, 68, 83, 69, 111, 63, 90, 95, 75, 79, 109, 93, 103, 103, 90, 117, 113, 122, 123, 121, 127, 118, 126, 117, 118, 123, 134, 133, 143]
START TIMES OF ACTIVITIES OF PROJECT 16:
[0, 11, 15, 11, 99, 14, 19, 28, 109, 95, 20, 104, 121, 118, 112, 122, 116, 106, 128, 143, 93, 89, 129, 116, 146, 98, 130, 130, 128, 109, 142, 122, 161, 123, 146, 128, 128, 151, 136, 142, 152, 151, 178, 133, 170, 161, 156, 132, 152, 163, 169, 161, 156, 171, 169, 174, 175, 180, 183, 183, 181, 186]
START TIMES OF ACTIVITIES OF PROJECT 17:
[0, 9, 9, 9, 10, 12, 15, 19, 25, 22, 12, 34, 35, 47, 41, 38, 28, 49, 56, 33, 37, 33, 37, 23, 37, 37, 39, 41, 65, 49, 54, 41, 44, 50, 54, 52, 56, 66, 49, 48, 55, 76, 46, 78, 60, 51, 71, 62, 44, 67, 65, 57, 54, 69, 77, 87, 71, 74, 81, 65, 89, 90]
START TIMES OF ACTIVITIES OF PROJECT 18:
[0, 23, 16, 68, 27, 24, 37, 37, 41, 39, 26, 124, 37, 63, 46, 55, 49, 34, 47, 48, 73, 51, 65, 63, 75, 71, 55, 78, 59, 58, 80, 84, 88, 82, 64, 127, 64, 105, 74, 74, 80, 112, 99, 116, 38, 55, 112, 90, 106, 114, 124, 127, 129, 135, 97, 138, 139, 139, 142, 149, 100, 150]
TRANSFERS OF GLOBAL RESOURCE G1
(0, 2, 0): 10 
(0, 3, 0): 7 
(0, 3, 1): 6 
(0, 4, 0): 12 
(0, 4, 4): 13 
(0, 7, 0): 18 
(0, 9, 0): 9 
(0, 10, 0): 17 
(0, 10, 2): 7 
(0, 10, 5): 2 
(0, 11, 0): 34 
(0, 12, 3): 10 
(0, 13, 0): 14 
(0, 14, 1): 17 
(0, 14, 3): 3 
(0, 15, 0): 20 
(0, 16, 2): 5 
(0, 17, 0): 24 
(0, 17, 3): 2 
(1, 0, 169): 36 
(1, 8, 90): 3 
(1, 8, 125): 1 
(1, 8, 127): 7 
(1, 11, 25): 1 
(1, 11, 27): 1 
(1, 11, 35): 6 
(1, 18, 32): 2 
(1, 18, 37): 2 
(1, 18, 71): 2 
(2, 5, 115): 1 
(2, 5, 136): 8 
(2, 5, 137): 5 
(2, 12, 35): 4 
(2, 12, 44): 1 
(2, 12, 51): 1 
(2, 12, 71): 1 
(2, 12, 140): 1 
(2, 16, 87): 1 
(2, 16, 91): 8 
(2, 16, 93): 1 
(2, 16, 120): 4 
(2, 16, 131): 2 
(2, 16, 154): 4 
(2, 17, 29): 2 
(2, 17, 30): 2 
(2, 17, 34): 2 
(2, 17, 45): 2 
(2, 17, 51): 1 
(3, 6, 86): 1 
(3, 6, 96): 4 
(3, 7, 15): 2 
(3, 7, 20): 1 
(3, 7, 26): 5 
(3, 7, 45): 10 
(3, 7, 65): 6 
(3, 7, 66): 6 
(3, 9, 66): 3 
(3, 10, 95): 2 
(3, 12, 83): 1 
(3, 14, 97): 8 
(3, 15, 104): 7 
(3, 16, 84): 2 
(4, 10, 68): 7 
(4, 10, 69): 11 
(4, 10, 73): 5 
(4, 14, 33): 2 
(4, 14, 44): 5 
(4, 14, 46): 6 
(4, 14, 49): 2 
(4, 14, 69): 3 
(4, 14, 71): 1 
(4, 15, 69): 4 
(5, 0, 193): 38 
(5, 12, 102): 2 
(5, 12, 103): 1 
(5, 13, 105): 1 
(5, 17, 35): 3 
(5, 17, 37): 1 
(6, 0, 190): 26 
(6, 3, 31): 1 
(6, 14, 110): 1 
(6, 15, 40): 4 
(6, 15, 110): 6 
(7, 2, 56): 1 
(7, 2, 75): 1 
(7, 3, 33): 3 
(7, 3, 35): 6 
(7, 3, 36): 4 
(7, 3, 41): 1 
(7, 3, 53): 1 
(7, 3, 55): 4 
(7, 3, 59): 2 
(7, 3, 79): 10 
(7, 3, 91): 6 
(7, 9, 57): 1 
(7, 12, 91): 5 
(7, 15, 36): 1 
(7, 16, 11): 1 
(7, 16, 85): 6 
(7, 16, 94): 10 
(8, 0, 172): 31 
(8, 1, 94): 1 
(8, 1, 104): 2 
(8, 1, 145): 2 
(8, 1, 147): 5 
(8, 18, 95): 2 
(8, 18, 98): 2 
(8, 18, 103): 2 
(8, 18, 136): 3 
(9, 0, 153): 17 
(9, 3, 28): 1 
(9, 3, 50): 1 
(9, 4, 19): 2 
(9, 4, 26): 1 
(9, 6, 88): 2 
(9, 6, 90): 4 
(9, 7, 25): 1 
(9, 7, 46): 3 
(9, 14, 49): 1 
(9, 14, 89): 2 
(9, 14, 105): 2 
(9, 14, 109): 1 
(9, 15, 26): 3 
(9, 15, 27): 1 
(9, 15, 52): 5 
(9, 16, 121): 3 
(10, 1, 88): 1 
(10, 1, 109): 5 
(10, 2, 46): 1 
(10, 4, 13): 1 
(10, 4, 17): 2 
(10, 4, 19): 1 
(10, 4, 31): 2 
(10, 4, 62): 2 
(10, 4, 63): 1 
(10, 8, 114): 1 
(10, 8, 116): 2 
(10, 8, 120): 1 
(10, 9, 88): 2 
(10, 11, 27): 1 
(10, 11, 45): 1 
(10, 11, 80): 4 
(10, 11, 97): 8 
(10, 14, 29): 2 
(10, 14, 37): 2 
(10, 14, 93): 1 
(10, 15, 85): 2 
(10, 18, 115): 8 
(11, 1, 15): 7 
(11, 1, 20): 5 
(11, 1, 59): 4 
(11, 1, 79): 1 
(11, 1, 94): 8 
(11, 1, 96): 1 
(11, 1, 99): 1 
(11, 1, 108): 2 
(11, 1, 113): 7 
(11, 1, 117): 1 
(11, 4, 16): 1 
(11, 8, 89): 1 
(11, 8, 110): 2 
(11, 8, 112): 2 
(11, 18, 13): 2 
(11, 18, 20): 6 
(11, 18, 21): 10 
(11, 18, 46): 3 
(11, 18, 70): 1 
(11, 18, 77): 3 
(11, 18, 111): 2 
(12, 0, 177): 17 
(12, 2, 16): 1 
(12, 2, 21): 2 
(12, 2, 58): 4 
(12, 2, 63): 2 
(12, 2, 82): 1 
(12, 2, 120): 3 
(12, 2, 121): 4 
(12, 5, 114): 2 
(12, 7, 23): 1 
(12, 13, 165): 2 
(12, 16, 12): 1 
(12, 16, 25): 1 
(12, 16, 153): 1 
(12, 16, 158): 1 
(12, 17, 60): 4 
(12, 17, 66): 1 
(13, 0, 198): 21 
(13, 2, 43): 1 
(13, 5, 71): 2 
(13, 11, 71): 1 
(13, 17, 21): 1 
(13, 17, 36): 1 
(14, 0, 131): 2 
(14, 1, 137): 2 
(14, 4, 21): 5 
(14, 4, 24): 1 
(14, 4, 62): 2 
(14, 6, 86): 2 
(14, 7, 78): 6 
(14, 8, 120): 1 
(14, 9, 32): 4 
(14, 9, 60): 9 
(14, 9, 97): 1 
(14, 9, 126): 10 
(14, 12, 82): 5 
(14, 13, 131): 5 
(14, 15, 56): 5 
(15, 0, 143): 9 
(15, 1, 117): 2 
(15, 2, 113): 2 
(15, 3, 43): 4 
(15, 6, 20): 3 
(15, 6, 36): 2 
(15, 6, 90): 2 
(15, 6, 93): 6 
(15, 6, 100): 1 
(15, 6, 105): 3 
(15, 6, 123): 4 
(15, 6, 124): 2 
(15, 6, 182): 2 
(15, 7, 13): 3 
(15, 8, 113): 1 
(15, 9, 14): 3 
(15, 9, 15): 4 
(15, 9, 64): 4 
(15, 14, 103): 1 
(16, 0, 186): 28 
(16, 2, 22): 1 
(16, 2, 37): 1 
(16, 2, 102): 1 
(16, 2, 107): 1 
(16, 3, 38): 1 
(16, 5, 136): 1 
(16, 5, 137): 4 
(16, 12, 37): 5 
(16, 12, 107): 3 
(16, 12, 124): 5 
(17, 2, 15): 2 
(17, 2, 20): 1 
(17, 2, 57): 2 
(17, 2, 74): 5 
(17, 2, 76): 1 
(17, 2, 81): 1 
(17, 2, 91): 2 
(17, 5, 13): 3 
(17, 5, 25): 1 
(17, 5, 78): 7 
(17, 5, 82): 3 
(17, 5, 85): 8 
(17, 5, 86): 1 
(17, 7, 19): 1 
(17, 12, 25): 1 
(17, 12, 95): 1 
(17, 12, 105): 1 
(17, 13, 94): 5 
(18, 0, 150): 5 
(18, 1, 51): 2 
(18, 1, 117): 1 
(18, 1, 149): 1 
(18, 8, 81): 6 
(18, 8, 84): 6 
(18, 8, 90): 1 
(18, 8, 91): 3 
(18, 8, 112): 1 
(18, 8, 118): 2 
(18, 8, 120): 2 
(18, 8, 127): 2 
(18, 8, 128): 3 
(18, 8, 129): 1 
(18, 8, 150): 1 
(18, 11, 26): 4 
(18, 11, 29): 1 
(18, 11, 58): 1 
(18, 11, 61): 5 
(18, 11, 81): 2 
TRANSFERS OF GLOBAL RESOURCE G2
(0, 1, 9): 1 
(0, 2, 0): 4 
(0, 2, 2): 11 
(0, 3, 0): 6 
(0, 3, 7): 7 
(0, 3, 8): 4 
(0, 3, 11): 4 
(0, 4, 6): 23 
(0, 4, 11): 1 
(0, 7, 2): 14 
(0, 7, 4): 10 
(0, 9, 0): 1 
(0, 9, 1): 9 
(0, 10, 2): 22 
(0, 10, 4): 1 
(0, 10, 7): 5 
(0, 10, 14): 1 
(0, 11, 8): 20 
(0, 12, 0): 7 
(0, 12, 3): 7 
(0, 13, 3): 6 
(0, 14, 0): 25 
(0, 15, 8): 13 
(0, 16, 0): 11 
(0, 17, 5): 18 
(0, 17, 8): 2 
(0, 18, 10): 1 
(1, 0, 169): 33 
(1, 2, 26): 2 
(1, 2, 36): 2 
(1, 2, 102): 1 
(1, 8, 106): 1 
(1, 8, 107): 3 
(1, 13, 64): 1 
(1, 13, 81): 4 
(1, 13, 128): 3 
(1, 13, 135): 4 
(2, 0, 139): 5 
(2, 1, 19): 3 
(2, 1, 50): 7 
(2, 1, 90): 6 
(2, 1, 93): 1 
(2, 1, 98): 2 
(2, 1, 120): 1 
(2, 3, 49): 1 
(2, 9, 40): 1 
(2, 9, 50): 1 
(2, 9, 86): 2 
(2, 9, 87): 5 
(2, 9, 125): 4 
(2, 11, 49): 3 
(2, 13, 19): 5 
(2, 13, 40): 2 
(2, 13, 42): 4 
(2, 13, 45): 2 
(2, 13, 52): 3 
(2, 13, 66): 2 
(2, 13, 100): 1 
(2, 13, 130): 10 
(2, 13, 141): 4 
(3, 4, 18): 5 
(3, 4, 19): 2 
(3, 4, 45): 2 
(3, 4, 58): 1 
(3, 4, 64): 2 
(3, 4, 65): 2 
(3, 9, 74): 3 
(3, 9, 79): 7 
(3, 9, 83): 2 
(3, 10, 74): 3 
(3, 10, 99): 2 
(3, 11, 26): 4 
(3, 11, 60): 1 
(3, 11, 104): 3 
(3, 11, 106): 1 
(3, 13, 76): 1 
(3, 16, 87): 1 
(3, 16, 98): 6 
(3, 18, 58): 2 
(4, 3, 40): 6 
(4, 3, 54): 1 
(4, 3, 69): 8 
(4, 3, 70): 6 
(4, 10, 14): 4 
(4, 10, 42): 2 
(4, 10, 63): 4 
(4, 10, 69): 5 
(4, 10, 70): 5 
(4, 10, 74): 1 
(4, 11, 30): 6 
(4, 11, 38): 2 
(4, 11, 69): 2 
(4, 11, 76): 3 
(4, 14, 37): 1 
(4, 15, 30): 4 
(4, 15, 38): 1 
(5, 0, 193): 31 
(5, 8, 107): 1 
(5, 8, 108): 2 
(5, 8, 122): 5 
(5, 12, 34): 1 
(5, 12, 90): 1 
(5, 12, 136): 3 
(5, 12, 152): 2 
(5, 14, 35): 1 
(5, 15, 109): 1 
(5, 17, 34): 8 
(6, 0, 190): 28 
(6, 12, 40): 5 
(6, 12, 136): 2 
(6, 14, 40): 3 
(6, 14, 43): 1 
(7, 3, 16): 3 
(7, 14, 32): 1 
(7, 14, 37): 4 
(7, 14, 40): 3 
(7, 14, 48): 1 
(7, 14, 77): 7 
(7, 16, 85): 8 
(7, 16, 87): 4 
(7, 16, 90): 2 
(7, 18, 36): 2 
(7, 18, 43): 3 
(7, 18, 44): 1 
(7, 18, 48): 2 
(7, 18, 52): 2 
(7, 18, 55): 1 
(7, 18, 60): 4 
(7, 18, 77): 2 
(7, 18, 94): 9 
(8, 0, 172): 45 
(9, 0, 162): 18 
(9, 1, 111): 5 
(9, 1, 113): 1 
(9, 2, 26): 1 
(9, 2, 67): 6 
(9, 2, 71): 2 
(9, 2, 82): 9 
(9, 2, 101): 2 
(9, 3, 28): 1 
(9, 13, 98): 9 
(9, 15, 72): 2 
(10, 5, 15): 5 
(10, 5, 27): 4 
(10, 5, 80): 2 
(10, 5, 84): 7 
(10, 5, 87): 2 
(10, 5, 101): 8 
(10, 8, 83): 1 
(10, 8, 84): 3 
(10, 8, 107): 3 
(10, 11, 51): 1 
(10, 11, 106): 1 
(10, 12, 88): 6 
(10, 12, 95): 1 
(10, 14, 35): 1 
(10, 15, 26): 4 
(10, 15, 30): 1 
(10, 15, 55): 2 
(10, 15, 114): 7 
(10, 17, 29): 10 
(10, 18, 11): 5 
(10, 18, 53): 1 
(11, 2, 11): 4 
(11, 2, 33): 2 
(11, 2, 98): 2 
(11, 3, 91): 3 
(11, 4, 20): 1 
(11, 4, 21): 2 
(11, 4, 24): 2 
(11, 4, 33): 5 
(11, 4, 34): 2 
(11, 5, 99): 3 
(11, 9, 90): 7 
(11, 10, 13): 1 
(11, 10, 100): 1 
(11, 13, 33): 1 
(11, 15, 48): 2 
(11, 15, 49): 6 
(11, 15, 50): 1 
(11, 15, 61): 2 
(11, 15, 81): 4 
(11, 15, 115): 6 
(11, 15, 116): 3 
(11, 17, 21): 6 
(12, 0, 177): 19 
(12, 6, 14): 5 
(12, 6, 30): 4 
(12, 6, 87): 4 
(12, 6, 106): 4 
(12, 8, 75): 3 
(12, 8, 112): 1 
(12, 8, 120): 1 
(12, 14, 61): 2 
(13, 0, 198): 22 
(13, 1, 93): 1 
(13, 1, 117): 2 
(13, 2, 23): 5 
(13, 2, 38): 2 
(13, 2, 58): 2 
(13, 2, 73): 2 
(13, 2, 77): 2 
(13, 2, 81): 1 
(13, 2, 83): 1 
(13, 2, 116): 3 
(13, 2, 136): 6 
(13, 8, 117): 3 
(13, 9, 60): 7 
(13, 9, 125): 4 
(14, 5, 16): 1 
(14, 5, 99): 1 
(14, 5, 136): 5 
(14, 6, 83): 4 
(14, 6, 84): 3 
(14, 6, 86): 3 
(14, 6, 96): 2 
(14, 6, 141): 2 
(14, 6, 149): 6 
(14, 6, 151): 1 
(14, 7, 21): 4 
(14, 7, 55): 7 
(14, 7, 64): 4 
(14, 10, 17): 6 
(14, 10, 56): 1 
(14, 12, 87): 1 
(14, 18, 11): 2 
(14, 18, 19): 4 
(15, 0, 143): 1 
(15, 1, 65): 2 
(15, 1, 90): 8 
(15, 1, 91): 10 
(15, 2, 64): 2 
(15, 2, 68): 1 
(15, 4, 13): 3 
(15, 4, 14): 5 
(15, 4, 44): 1 
(15, 5, 139): 9 
(15, 5, 169): 3 
(15, 8, 121): 5 
(15, 8, 122): 1 
(15, 8, 148): 1 
(15, 9, 89): 2 
(15, 10, 14): 2 
(15, 10, 69): 8 
(15, 11, 17): 2 
(15, 11, 67): 5 
(15, 11, 72): 4 
(15, 11, 76): 1 
(15, 13, 122): 1 
(15, 17, 43): 3 
(15, 17, 45): 1 
(15, 17, 64): 2 
(15, 17, 66): 4 
(15, 17, 71): 4 
(15, 17, 73): 2 
(16, 0, 186): 26 
(16, 7, 16): 2 
(16, 7, 39): 1 
(16, 14, 25): 1 
(16, 18, 19): 4 
(16, 18, 30): 3 
(17, 4, 17): 1 
(17, 4, 61): 1 
(17, 5, 93): 4 
(17, 8, 79): 5 
(17, 8, 85): 3 
(17, 8, 86): 1 
(17, 8, 90): 1 
(17, 9, 77): 1 
(17, 10, 62): 1 
(17, 11, 15): 1 
(17, 11, 51): 3 
(17, 11, 60): 3 
(17, 12, 52): 1 
(17, 12, 89): 2 
(17, 12, 90): 4 
(17, 15, 16): 2 
(17, 15, 27): 1 
(17, 15, 49): 2 
(17, 15, 52): 5 
(17, 15, 56): 3 
(17, 15, 60): 6 
(17, 15, 80): 5 
(17, 18, 91): 4 
(18, 0, 149): 6 
(18, 1, 106): 4 
(18, 5, 100): 1 
(18, 5, 137): 1 
(18, 6, 110): 1 
(18, 7, 27): 6 
(18, 7, 64): 4 
(18, 7, 65): 2 
(18, 7, 70): 2 
(18, 7, 81): 3 
(18, 8, 106): 1 
(18, 14, 27): 1 
(18, 14, 64): 1 
(18, 14, 72): 1 
(18, 14, 106): 1 
(18, 14, 114): 2 
(18, 15, 70): 6 
(18, 15, 71): 4 
(18, 16, 82): 3 
(18, 16, 109): 1 
(18, 16, 111): 1 
}
