INSTANCE: "B_16_50_18" 
RELEASES: [0, 0, 0, 0, 0, 0, 0, 0, 0, 0, 0, 0, 0, 0, 0, 0]
DUEDATES: [170, 47, 118, 167, 134, 112, 125, 143, 189, 146, 122, 95, 90, 100, 139, 105]
COMPLETION TIMES: [291, 55, 152, 612, 378, 143, 212, 189, 416, 214, 153, 119, 109, 141, 556, 129]
MAKESPANS: [291, 55, 152, 612, 378, 143, 212, 189, 416, 214, 153, 119, 109, 141, 556, 129]
DELAYS: [121, 8, 34, 445, 244, 31, 87, 46, 227, 68, 31, 24, 19, 41, 417, 24]
COST: 2868.0

Solution = { 
START TIMES OF ACTIVITIES OF PROJECT 1:
[0, 166, 173, 177, 181, 185, 194, 218, 23, 234, 237, 241, 246, 251, 260, 276, 86, 286, 252, 23, 132, 246, 146, 104, 252, 252, 158, 172, 237, 237, 114, 242, 156, 197, 96, 261, 203, 257, 204, 225, 211, 204, 264, 126, 32, 205, 269, 276, 276, 280, 283, 291]
START TIMES OF ACTIVITIES OF PROJECT 2:
[0, 21, 10, 0, 23, 10, 21, 10, 10, 21, 23, 10, 23, 21, 0, 30, 25, 16, 32, 10, 32, 21, 42, 21, 21, 20, 32, 21, 45, 29, 20, 49, 45, 45, 45, 34, 42, 44, 48, 32, 37, 32, 45, 36, 32, 30, 22, 36, 32, 23, 14, 55]
START TIMES OF ACTIVITIES OF PROJECT 3:
[0, 10, 44, 46, 51, 66, 73, 78, 86, 88, 93, 109, 127, 146, 148, 150, 93, 93, 86, 103, 119, 73, 98, 57, 49, 46, 99, 59, 26, 43, 18, 109, 100, 52, 36, 36, 42, 0, 42, 49, 18, 59, 78, 42, 10, 100, 83, 35, 15, 67, 82, 152]
START TIMES OF ACTIVITIES OF PROJECT 4:
[0, 434, 458, 465, 470, 473, 481, 495, 481, 497, 512, 515, 516, 544, 561, 583, 423, 592, 574, 498, 500, 507, 531, 475, 517, 570, 573, 502, 516, 544, 498, 570, 545, 510, 599, 486, 493, 522, 554, 560, 441, 516, 555, 448, 573, 540, 581, 583, 583, 590, 603, 612]
START TIMES OF ACTIVITIES OF PROJECT 5:
[0, 248, 253, 278, 282, 283, 297, 301, 261, 306, 308, 313, 317, 331, 336, 359, 213, 367, 359, 284, 205, 319, 342, 234, 331, 284, 311, 325, 317, 311, 312, 337, 331, 302, 332, 318, 307, 317, 314, 288, 270, 308, 336, 302, 223, 310, 351, 359, 359, 376, 369, 378]
START TIMES OF ACTIVITIES OF PROJECT 6:
[0, 29, 34, 33, 25, 34, 42, 25, 58, 74, 25, 80, 42, 86, 64, 44, 80, 48, 95, 18, 44, 113, 115, 111, 42, 25, 104, 117, 104, 80, 86, 124, 107, 115, 117, 94, 104, 94, 123, 115, 90, 86, 58, 115, 117, 44, 103, 123, 103, 115, 133, 143]
START TIMES OF ACTIVITIES OF PROJECT 7:
[0, 87, 118, 122, 128, 132, 77, 141, 78, 151, 159, 164, 184, 185, 187, 150, 198, 207, 82, 21, 210, 141, 185, 192, 187, 174, 97, 163, 185, 182, 194, 169, 166, 185, 162, 67, 184, 177, 159, 173, 163, 166, 166, 185, 194, 132, 54, 177, 105, 163, 82, 212]
START TIMES OF ACTIVITIES OF PROJECT 8:
[0, 35, 46, 58, 73, 75, 77, 89, 101, 119, 124, 67, 128, 134, 135, 145, 110, 158, 26, 168, 135, 170, 106, 127, 152, 110, 35, 73, 106, 40, 145, 53, 119, 139, 83, 179, 127, 75, 77, 101, 155, 92, 79, 110, 170, 89, 182, 156, 185, 185, 162, 189]
START TIMES OF ACTIVITIES OF PROJECT 9:
[0, 244, 247, 254, 261, 273, 275, 283, 279, 290, 305, 310, 318, 327, 379, 396, 206, 405, 225, 292, 329, 301, 318, 235, 326, 332, 326, 250, 326, 234, 292, 389, 316, 277, 413, 342, 294, 389, 294, 347, 215, 321, 334, 263, 367, 369, 371, 396, 389, 403, 357, 416]
START TIMES OF ACTIVITIES OF PROJECT 10:
[0, 60, 67, 38, 94, 145, 88, 148, 154, 156, 157, 165, 51, 175, 75, 181, 127, 184, 111, 190, 199, 209, 75, 120, 138, 128, 187, 199, 176, 78, 201, 191, 190, 184, 44, 157, 205, 175, 182, 198, 157, 204, 187, 154, 192, 199, 213, 181, 160, 102, 203, 214]
START TIMES OF ACTIVITIES OF PROJECT 11:
[0, 21, 52, 68, 54, 21, 78, 60, 88, 82, 21, 83, 0, 102, 68, 104, 121, 31, 113, 123, 71, 116, 43, 21, 23, 38, 144, 84, 108, 87, 82, 90, 104, 129, 90, 133, 82, 97, 111, 143, 56, 131, 97, 111, 119, 131, 142, 55, 52, 133, 133, 153]
START TIMES OF ACTIVITIES OF PROJECT 12:
[0, 25, 33, 35, 38, 47, 59, 68, 71, 75, 79, 85, 25, 87, 97, 71, 33, 107, 33, 25, 116, 85, 87, 79, 79, 82, 75, 71, 68, 50, 50, 50, 47, 47, 51, 51, 60, 33, 52, 41, 43, 43, 43, 33, 32, 41, 8, 26, 41, 0, 0, 119]
START TIMES OF ACTIVITIES OF PROJECT 13:
[0, 22, 43, 53, 59, 22, 64, 22, 22, 24, 66, 17, 71, 28, 79, 92, 59, 32, 22, 17, 0, 17, 22, 22, 102, 82, 94, 64, 75, 63, 59, 36, 62, 66, 29, 29, 49, 71, 43, 102, 66, 45, 35, 82, 17, 17, 22, 53, 24, 71, 73, 109]
START TIMES OF ACTIVITIES OF PROJECT 14:
[0, 48, 24, 54, 24, 57, 32, 32, 54, 65, 70, 61, 57, 65, 50, 73, 88, 81, 79, 87, 96, 70, 96, 100, 108, 96, 119, 100, 97, 70, 110, 104, 81, 110, 106, 114, 122, 112, 132, 134, 122, 122, 121, 136, 136, 129, 134, 123, 134, 122, 111, 141]
START TIMES OF ACTIVITIES OF PROJECT 15:
[0, 428, 440, 52, 454, 465, 504, 468, 474, 475, 476, 485, 412, 512, 469, 516, 456, 523, 422, 529, 536, 494, 540, 432, 446, 455, 518, 539, 518, 331, 547, 525, 553, 525, 519, 484, 550, 512, 550, 536, 341, 493, 527, 529, 539, 539, 532, 550, 454, 474, 544, 556]
START TIMES OF ACTIVITIES OF PROJECT 16:
[0, 22, 22, 32, 64, 32, 22, 78, 0, 32, 22, 36, 56, 54, 93, 105, 4, 37, 38, 24, 84, 89, 107, 103, 82, 64, 29, 103, 107, 72, 49, 59, 59, 39, 83, 56, 45, 29, 53, 42, 103, 113, 116, 32, 126, 89, 27, 22, 74, 45, 104, 129]
TRANSFERS OF GLOBAL RESOURCE G1
(0, 1, 0): 12 
(0, 2, 0): 49 
(0, 2, 2): 6 
(0, 3, 0): 15 
(0, 3, 5): 3 
(0, 3, 8): 3 
(0, 6, 0): 9 
(0, 6, 7): 5 
(0, 6, 11): 2 
(0, 7, 0): 1 
(0, 8, 0): 50 
(0, 8, 9): 55 
(0, 10, 13): 1 
(0, 10, 19): 6 
(0, 11, 5): 16 
(0, 12, 2): 3 
(0, 12, 10): 13 
(0, 13, 0): 26 
(0, 13, 5): 21 
(0, 14, 0): 14 
(0, 16, 0): 1 
(0, 16, 3): 7 
(0, 16, 5): 5 
(1, 5, 211): 1 
(1, 5, 291): 1 
(1, 10, 24): 1 
(1, 10, 46): 7 
(1, 15, 289): 10 
(1, 15, 370): 3 
(1, 16, 42): 4 
(2, 8, 28): 16 
(2, 10, 33): 2 
(2, 10, 42): 8 
(2, 11, 36): 7 
(2, 12, 46): 8 
(2, 13, 39): 4 
(2, 13, 49): 4 
(2, 14, 44): 1 
(2, 14, 47): 5 
(3, 7, 49): 1 
(3, 7, 59): 2 
(3, 7, 60): 9 
(3, 7, 100): 9 
(3, 7, 148): 7 
(3, 7, 151): 3 
(3, 7, 169): 2 
(3, 13, 67): 1 
(4, 0, 612): 115 
(4, 15, 448): 7 
(4, 15, 449): 22 
(5, 0, 378): 20 
(5, 4, 365): 69 
(5, 4, 400): 28 
(5, 15, 358): 18 
(5, 15, 368): 30 
(5, 15, 374): 9 
(6, 3, 129): 5 
(6, 7, 130): 4 
(6, 7, 135): 2 
(6, 7, 153): 6 
(6, 11, 124): 4 
(7, 1, 87): 1 
(7, 3, 28): 1 
(7, 3, 128): 5 
(7, 5, 194): 19 
(7, 5, 202): 8 
(7, 5, 223): 12 
(8, 1, 132): 2 
(8, 5, 156): 4 
(8, 5, 185): 13 
(8, 9, 189): 69 
(8, 9, 198): 15 
(8, 9, 217): 1 
(8, 9, 227): 8 
(8, 10, 134): 11 
(8, 11, 103): 2 
(8, 13, 43): 3 
(8, 15, 40): 18 
(9, 4, 416): 44 
(9, 4, 440): 1 
(9, 15, 318): 12 
(9, 15, 328): 15 
(9, 15, 399): 67 
(9, 15, 409): 2 
(9, 15, 419): 11 
(9, 15, 442): 12 
(9, 15, 443): 5 
(10, 1, 190): 1 
(10, 1, 238): 2 
(10, 5, 170): 18 
(10, 5, 199): 18 
(10, 5, 213): 62 
(10, 9, 213): 20 
(10, 12, 80): 3 
(10, 12, 111): 2 
(10, 14, 102): 2 
(10, 15, 297): 23 
(10, 16, 79): 5 
(10, 16, 80): 4 
(10, 16, 100): 1 
(10, 16, 102): 10 
(10, 16, 104): 15 
(11, 3, 26): 2 
(11, 5, 163): 18 
(11, 6, 33): 2 
(11, 6, 77): 1 
(11, 6, 98): 1 
(11, 10, 58): 1 
(11, 14, 54): 4 
(12, 10, 46): 10 
(12, 10, 55): 10 
(12, 10, 152): 4 
(12, 13, 47): 3 
(12, 13, 53): 2 
(12, 13, 88): 3 
(12, 14, 52): 4 
(12, 14, 76): 3 
(12, 14, 92): 5 
(12, 14, 127): 4 
(12, 16, 26): 3 
(12, 16, 97): 4 
(13, 1, 71): 8 
(13, 10, 30): 3 
(13, 10, 36): 10 
(13, 10, 43): 7 
(13, 10, 80): 5 
(13, 10, 112): 3 
(13, 12, 27): 12 
(13, 12, 65): 2 
(13, 14, 102): 1 
(13, 16, 24): 14 
(13, 16, 64): 1 
(13, 16, 66): 1 
(14, 8, 113): 1 
(14, 8, 114): 12 
(14, 10, 35): 3 
(14, 10, 42): 7 
(14, 10, 148): 10 
(14, 12, 36): 4 
(14, 12, 66): 8 
(15, 0, 556): 188 
(15, 4, 577): 2 
(15, 6, 86): 1 
(15, 8, 55): 3 
(15, 8, 61): 9 
(15, 9, 344): 27 
(15, 9, 383): 29 
(15, 10, 54): 1 
(15, 14, 71): 2 
(15, 16, 68): 2 
(16, 1, 134): 1 
(16, 10, 35): 7 
(16, 10, 41): 15 
(16, 10, 48): 2 
(16, 10, 57): 8 
(16, 10, 85): 8 
(16, 10, 117): 27 
(16, 10, 145): 9 
TRANSFERS OF GLOBAL RESOURCE G2
(0, 1, 6): 45 
(0, 2, 0): 24 
(0, 2, 11): 20 
(0, 2, 12): 2 
(0, 6, 0): 17 
(0, 11, 0): 34 
(0, 12, 0): 16 
(0, 13, 0): 60 
(0, 16, 0): 27 
(0, 16, 2): 1 
(1, 4, 406): 1 
(1, 5, 286): 4 
(1, 6, 26): 4 
(1, 7, 24): 6 
(1, 9, 200): 19 
(1, 9, 238): 47 
(1, 9, 277): 3 
(1, 10, 24): 5 
(1, 10, 30): 3 
(1, 10, 46): 5 
(1, 14, 24): 9 
(1, 15, 307): 54 
(1, 15, 388): 45 
(1, 15, 404): 11 
(1, 15, 441): 5 
(1, 15, 526): 2 
(2, 1, 59): 22 
(2, 3, 26): 2 
(2, 11, 37): 3 
(2, 12, 25): 18 
(2, 16, 40): 1 
(3, 1, 51): 5 
(3, 1, 101): 9 
(3, 1, 166): 2 
(3, 1, 173): 6 
(3, 9, 156): 1 
(3, 9, 165): 2 
(3, 11, 98): 1 
(3, 14, 89): 1 
(3, 14, 92): 2 
(4, 0, 612): 111 
(4, 15, 519): 2 
(5, 0, 378): 12 
(5, 4, 517): 2 
(5, 15, 511): 3 
(6, 1, 68): 7 
(6, 1, 140): 19 
(6, 1, 148): 2 
(6, 10, 130): 2 
(6, 10, 145): 2 
(7, 1, 128): 5 
(7, 1, 227): 6 
(7, 5, 199): 5 
(7, 5, 217): 3 
(7, 5, 242): 4 
(7, 5, 304): 1 
(7, 9, 172): 5 
(7, 9, 245): 2 
(8, 1, 77): 1 
(8, 1, 139): 1 
(8, 1, 184): 3 
(8, 1, 191): 8 
(8, 7, 151): 1 
(8, 9, 174): 6 
(8, 14, 40): 3 
(8, 14, 42): 2 
(8, 14, 46): 5 
(8, 14, 128): 2 
(9, 1, 263): 5 
(9, 4, 410): 49 
(9, 4, 421): 61 
(9, 15, 522): 1 
(10, 1, 232): 4 
(10, 1, 243): 14 
(10, 6, 100): 6 
(10, 9, 205): 7 
(10, 9, 215): 5 
(11, 1, 62): 2 
(11, 3, 23): 12 
(11, 8, 23): 16 
(11, 8, 94): 3 
(11, 8, 98): 1 
(11, 8, 156): 1 
(11, 8, 158): 6 
(11, 9, 166): 15 
(11, 10, 153): 1 
(11, 10, 155): 2 
(11, 10, 156): 1 
(11, 12, 25): 2 
(12, 1, 54): 7 
(12, 1, 62): 2 
(12, 1, 84): 3 
(12, 3, 29): 1 
(12, 9, 159): 4 
(12, 10, 84): 3 
(12, 10, 128): 3 
(12, 14, 92): 6 
(12, 16, 47): 1 
(12, 16, 48): 1 
(12, 16, 53): 1 
(12, 16, 83): 4 
(13, 1, 49): 8 
(13, 1, 59): 19 
(13, 1, 67): 4 
(13, 1, 95): 2 
(13, 1, 109): 4 
(13, 6, 70): 1 
(13, 6, 73): 4 
(13, 10, 43): 5 
(13, 10, 93): 1 
(13, 11, 24): 3 
(13, 15, 37): 5 
(13, 16, 26): 4 
(14, 1, 56): 1 
(14, 7, 78): 4 
(14, 7, 109): 2 
(14, 7, 150): 3 
(14, 7, 153): 2 
(14, 7, 154): 5 
(14, 7, 155): 6 
(14, 7, 157): 2 
(14, 8, 65): 5 
(15, 0, 556): 123 
(15, 1, 62): 5 
(16, 1, 109): 1 
(16, 1, 129): 1 
(16, 3, 27): 4 
(16, 3, 28): 1 
(16, 3, 38): 5 
(16, 3, 41): 4 
(16, 10, 131): 3 
(16, 11, 45): 14 
(16, 11, 104): 4 
(16, 11, 126): 3 
}
