INSTANCE: "B_18_50_39" 
RELEASES: [0, 0, 0, 0, 0, 0, 0, 0, 0, 0, 0, 0, 0, 0, 0, 0, 0, 0]
DUEDATES: [152, 150, 88, 135, 134, 130, 171, 97, 61, 156, 162, 98, 143, 132, 87, 44, 174, 91]
COMPLETION TIMES: [373, 153, 96, 169, 181, 174, 352, 100, 85, 256, 255, 103, 195, 160, 109, 65, 372, 100]
MAKESPANS: [373, 153, 96, 169, 181, 174, 352, 100, 85, 256, 255, 103, 195, 160, 109, 65, 372, 100]
DELAYS: [221, 3, 8, 34, 47, 44, 181, 3, 24, 100, 93, 5, 52, 28, 22, 21, 198, 9]
COST: 2195.5

Solution = { 
START TIMES OF ACTIVITIES OF PROJECT 1:
[0, 232, 233, 250, 281, 285, 289, 296, 215, 297, 308, 317, 323, 324, 325, 328, 284, 337, 328, 302, 198, 323, 20, 241, 329, 319, 292, 367, 315, 302, 303, 303, 325, 303, 289, 323, 308, 346, 223, 261, 255, 315, 329, 28, 241, 271, 338, 346, 350, 350, 359, 373]
START TIMES OF ACTIVITIES OF PROJECT 2:
[0, 11, 17, 54, 38, 44, 59, 44, 71, 59, 0, 28, 74, 17, 54, 21, 80, 16, 17, 38, 66, 96, 94, 9, 105, 113, 113, 72, 87, 57, 54, 68, 88, 143, 112, 118, 80, 87, 126, 72, 66, 126, 91, 105, 105, 134, 112, 143, 143, 80, 112, 153]
START TIMES OF ACTIVITIES OF PROJECT 3:
[0, 18, 0, 13, 27, 13, 18, 13, 32, 0, 18, 7, 17, 0, 22, 9, 27, 22, 22, 60, 34, 33, 33, 33, 33, 39, 46, 39, 41, 52, 67, 61, 60, 49, 75, 27, 61, 86, 75, 77, 61, 77, 89, 83, 49, 67, 42, 67, 70, 91, 33, 96]
START TIMES OF ACTIVITIES OF PROJECT 4:
[0, 17, 20, 17, 44, 65, 138, 69, 72, 74, 89, 120, 34, 129, 85, 130, 98, 146, 45, 150, 157, 110, 161, 57, 49, 75, 132, 160, 132, 100, 160, 134, 163, 137, 130, 89, 165, 99, 103, 157, 72, 133, 139, 150, 160, 160, 151, 163, 98, 24, 163, 169]
START TIMES OF ACTIVITIES OF PROJECT 5:
[0, 45, 47, 48, 57, 79, 82, 85, 30, 99, 114, 118, 120, 126, 133, 137, 107, 147, 127, 20, 37, 120, 170, 59, 127, 127, 20, 76, 7, 114, 66, 119, 82, 86, 162, 135, 98, 133, 178, 91, 84, 114, 147, 179, 20, 50, 152, 170, 162, 179, 173, 181]
START TIMES OF ACTIVITIES OF PROJECT 6:
[0, 54, 60, 34, 61, 72, 46, 75, 77, 106, 107, 127, 24, 137, 24, 141, 43, 145, 112, 149, 159, 77, 35, 47, 35, 102, 64, 157, 138, 85, 157, 137, 138, 146, 61, 116, 161, 123, 94, 117, 44, 125, 149, 159, 157, 163, 173, 154, 123, 62, 164, 174]
START TIMES OF ACTIVITIES OF PROJECT 7:
[0, 200, 211, 217, 221, 230, 232, 234, 204, 237, 241, 251, 255, 266, 271, 282, 173, 291, 333, 239, 273, 295, 321, 191, 267, 249, 266, 260, 266, 170, 239, 273, 293, 235, 330, 255, 269, 296, 248, 274, 181, 296, 303, 282, 311, 292, 314, 321, 330, 333, 343, 352]
START TIMES OF ACTIVITIES OF PROJECT 8:
[0, 17, 12, 17, 17, 21, 25, 25, 12, 23, 29, 12, 17, 45, 0, 25, 29, 12, 17, 30, 21, 51, 61, 35, 37, 65, 38, 35, 47, 38, 65, 51, 29, 68, 78, 35, 61, 86, 70, 74, 83, 90, 68, 83, 79, 68, 70, 65, 77, 61, 64, 100]
START TIMES OF ACTIVITIES OF PROJECT 9:
[0, 25, 0, 33, 25, 22, 38, 49, 29, 22, 32, 41, 25, 25, 22, 23, 25, 36, 62, 55, 23, 24, 25, 44, 27, 49, 38, 33, 41, 72, 55, 49, 57, 44, 64, 57, 54, 30, 67, 78, 69, 69, 69, 67, 65, 55, 58, 55, 67, 49, 37, 85]
START TIMES OF ACTIVITIES OF PROJECT 10:
[0, 141, 154, 161, 166, 170, 173, 177, 180, 190, 191, 54, 197, 199, 126, 206, 193, 208, 176, 144, 204, 219, 199, 219, 136, 191, 101, 207, 241, 233, 203, 192, 97, 226, 173, 243, 64, 106, 229, 44, 242, 242, 211, 249, 116, 219, 87, 199, 211, 215, 215, 256]
START TIMES OF ACTIVITIES OF PROJECT 11:
[0, 135, 139, 145, 152, 153, 157, 162, 57, 178, 181, 189, 199, 210, 211, 226, 75, 236, 211, 181, 106, 205, 233, 116, 211, 199, 152, 246, 189, 181, 190, 190, 206, 173, 97, 219, 187, 208, 126, 164, 85, 205, 211, 196, 65, 128, 216, 199, 226, 236, 239, 255]
START TIMES OF ACTIVITIES OF PROJECT 12:
[0, 27, 0, 29, 24, 28, 50, 45, 31, 37, 62, 37, 31, 51, 8, 51, 37, 39, 27, 35, 67, 39, 55, 45, 37, 31, 63, 55, 44, 54, 67, 37, 73, 67, 66, 73, 77, 67, 67, 71, 81, 77, 77, 74, 88, 67, 91, 97, 75, 87, 28, 103]
START TIMES OF ACTIVITIES OF PROJECT 13:
[0, 33, 36, 40, 103, 109, 115, 118, 24, 133, 134, 138, 142, 143, 147, 152, 134, 159, 144, 24, 171, 141, 78, 49, 147, 150, 20, 128, 138, 135, 49, 138, 145, 134, 180, 151, 151, 187, 148, 96, 87, 152, 159, 134, 69, 59, 167, 171, 179, 176, 187, 195]
START TIMES OF ACTIVITIES OF PROJECT 14:
[0, 23, 50, 26, 52, 74, 63, 78, 87, 109, 110, 119, 40, 129, 92, 130, 52, 133, 26, 139, 147, 95, 87, 99, 35, 53, 134, 147, 131, 53, 130, 129, 158, 137, 87, 111, 152, 121, 109, 140, 92, 136, 143, 148, 149, 143, 152, 148, 127, 64, 148, 160]
START TIMES OF ACTIVITIES OF PROJECT 15:
[0, 36, 43, 54, 61, 18, 73, 30, 24, 43, 75, 18, 85, 0, 93, 100, 68, 57, 20, 18, 27, 18, 32, 18, 102, 75, 85, 66, 96, 60, 61, 48, 64, 66, 44, 44, 49, 68, 49, 93, 68, 26, 53, 96, 23, 18, 51, 34, 55, 68, 91, 109]
START TIMES OF ACTIVITIES OF PROJECT 16:
[0, 0, 23, 23, 23, 23, 32, 23, 23, 2, 23, 19, 23, 0, 23, 46, 27, 25, 33, 23, 48, 19, 43, 36, 19, 27, 32, 19, 48, 27, 33, 59, 58, 46, 42, 46, 58, 41, 46, 57, 46, 48, 58, 36, 47, 42, 29, 37, 33, 41, 27, 65]
START TIMES OF ACTIVITIES OF PROJECT 17:
[0, 204, 205, 212, 231, 236, 237, 246, 190, 252, 259, 264, 273, 303, 320, 332, 174, 341, 215, 239, 203, 288, 367, 347, 267, 225, 267, 258, 267, 267, 211, 329, 281, 290, 292, 199, 272, 184, 270, 305, 252, 290, 329, 228, 227, 311, 341, 347, 353, 357, 296, 372]
START TIMES OF ACTIVITIES OF PROJECT 18:
[0, 26, 27, 30, 26, 41, 33, 36, 42, 0, 26, 46, 49, 27, 39, 39, 68, 46, 27, 76, 42, 89, 76, 56, 89, 36, 90, 78, 41, 53, 42, 39, 85, 94, 98, 77, 60, 60, 59, 52, 56, 90, 86, 63, 76, 86, 42, 53, 56, 29, 82, 100]
TRANSFERS OF GLOBAL RESOURCE G1
(0, 1, 2): 63 
(0, 2, 0): 5 
(0, 2, 5): 2 
(0, 2, 6): 5 
(0, 2, 10): 3 
(0, 3, 0): 21 
(0, 3, 4): 1 
(0, 4, 0): 119 
(0, 5, 0): 14 
(0, 6, 0): 100 
(0, 8, 0): 17 
(0, 8, 5): 13 
(0, 9, 0): 30 
(0, 12, 0): 3 
(0, 12, 3): 3 
(0, 12, 13): 1 
(0, 13, 0): 160 
(0, 14, 11): 8 
(0, 15, 0): 5 
(0, 15, 3): 9 
(0, 15, 4): 5 
(0, 16, 0): 11 
(0, 16, 4): 15 
(0, 18, 0): 8 
(0, 18, 1): 7 
(1, 0, 373): 192 
(1, 2, 30): 13 
(1, 3, 70): 5 
(1, 7, 325): 28 
(1, 9, 33): 4 
(1, 10, 28): 29 
(1, 10, 38): 1 
(1, 10, 71): 1 
(1, 11, 29): 10 
(2, 4, 64): 8 
(2, 4, 93): 8 
(2, 6, 116): 3 
(2, 7, 147): 14 
(2, 7, 150): 10 
(2, 7, 158): 2 
(2, 15, 31): 2 
(2, 18, 28): 2 
(3, 2, 29): 3 
(3, 4, 40): 4 
(3, 8, 32): 1 
(3, 10, 94): 3 
(3, 10, 104): 15 
(3, 16, 26): 1 
(4, 1, 164): 72 
(4, 2, 47): 1 
(4, 5, 40): 1 
(4, 5, 109): 1 
(4, 5, 122): 2 
(4, 5, 157): 2 
(4, 7, 144): 2 
(4, 7, 152): 1 
(4, 7, 171): 29 
(4, 11, 168): 7 
(4, 13, 25): 10 
(4, 13, 79): 11 
(4, 13, 88): 13 
(4, 15, 24): 3 
(4, 15, 25): 2 
(4, 16, 21): 3 
(4, 16, 24): 1 
(4, 16, 25): 3 
(4, 17, 167): 6 
(5, 1, 185): 12 
(5, 4, 52): 4 
(5, 4, 60): 9 
(5, 4, 133): 1 
(5, 4, 134): 4 
(5, 13, 26): 3 
(6, 1, 168): 12 
(6, 7, 150): 12 
(6, 10, 81): 4 
(6, 12, 26): 9 
(6, 12, 34): 1 
(6, 12, 36): 6 
(6, 12, 66): 3 
(6, 12, 80): 6 
(6, 14, 107): 7 
(6, 17, 159): 19 
(6, 17, 175): 86 
(7, 0, 352): 153 
(8, 6, 39): 5 
(8, 10, 102): 14 
(8, 14, 21): 10 
(8, 14, 48): 2 
(8, 14, 72): 1 
(8, 14, 119): 2 
(9, 10, 71): 13 
(9, 10, 81): 4 
(9, 10, 85): 9 
(9, 10, 100): 7 
(9, 14, 62): 1 
(10, 0, 256): 130 
(10, 1, 199): 16 
(10, 1, 207): 1 
(10, 7, 316): 12 
(11, 0, 255): 14 
(11, 1, 204): 5 
(11, 10, 96): 8 
(12, 6, 43): 12 
(12, 6, 45): 14 
(12, 6, 53): 8 
(12, 6, 76): 5 
(12, 6, 144): 1 
(12, 10, 91): 3 
(12, 10, 96): 7 
(12, 14, 106): 5 
(13, 0, 195): 26 
(13, 1, 182): 17 
(13, 1, 191): 35 
(13, 1, 200): 50 
(13, 4, 49): 11 
(13, 5, 50): 4 
(13, 5, 59): 6 
(13, 5, 69): 3 
(13, 7, 134): 4 
(13, 10, 180): 21 
(13, 10, 189): 18 
(13, 17, 164): 2 
(14, 7, 162): 34 
(14, 8, 35): 2 
(14, 8, 68): 1 
(15, 2, 88): 1 
(15, 2, 95): 3 
(15, 2, 96): 4 
(15, 7, 141): 1 
(15, 10, 100): 2 
(15, 11, 73): 2 
(15, 11, 114): 5 
(15, 11, 123): 3 
(15, 18, 35): 3 
(15, 18, 36): 5 
(15, 18, 40): 3 
(16, 6, 48): 1 
(16, 6, 56): 9 
(16, 12, 25): 3 
(16, 12, 31): 10 
(16, 12, 49): 3 
(16, 12, 71): 7 
(16, 14, 68): 1 
(17, 0, 372): 113 
(18, 2, 87): 6 
(18, 2, 95): 3 
(18, 4, 48): 1 
(18, 4, 50): 1 
(18, 6, 99): 7 
(18, 7, 136): 4 
(18, 15, 48): 3 
(18, 15, 51): 3 
TRANSFERS OF GLOBAL RESOURCE G2
(0, 1, 0): 112 
(0, 1, 8): 2 
(0, 2, 0): 20 
(0, 3, 3): 20 
(0, 3, 7): 6 
(0, 3, 8): 7 
(0, 4, 13): 18 
(0, 5, 0): 26 
(0, 5, 13): 19 
(0, 5, 30): 29 
(0, 6, 8): 98 
(0, 8, 0): 27 
(0, 9, 0): 12 
(0, 9, 1): 6 
(0, 9, 2): 5 
(0, 9, 3): 14 
(0, 12, 0): 4 
(0, 12, 1): 7 
(0, 13, 0): 2 
(0, 13, 4): 10 
(0, 14, 0): 115 
(0, 15, 0): 31 
(0, 16, 0): 39 
(0, 16, 2): 9 
(0, 16, 4): 5 
(0, 18, 0): 21 
(1, 0, 373): 222 
(1, 2, 34): 6 
(1, 2, 36): 2 
(1, 3, 45): 9 
(1, 4, 46): 2 
(1, 6, 31): 25 
(1, 6, 42): 22 
(1, 6, 50): 6 
(1, 6, 58): 13 
(1, 10, 35): 20 
(1, 11, 36): 2 
(1, 11, 48): 3 
(1, 18, 31): 4 
(2, 4, 36): 5 
(2, 4, 76): 3 
(2, 5, 130): 6 
(2, 11, 64): 9 
(2, 11, 154): 1 
(2, 14, 116): 2 
(2, 14, 119): 5 
(2, 17, 151): 11 
(3, 2, 49): 3 
(3, 4, 38): 1 
(3, 4, 42): 3 
(3, 4, 78): 4 
(3, 4, 92): 5 
(3, 5, 27): 16 
(3, 5, 35): 8 
(3, 5, 72): 2 
(4, 5, 30): 11 
(4, 5, 75): 14 
(4, 5, 140): 12 
(4, 7, 161): 2 
(4, 10, 110): 2 
(4, 11, 181): 2 
(4, 11, 203): 24 
(5, 2, 88): 2 
(5, 4, 93): 6 
(5, 4, 123): 10 
(5, 4, 153): 3 
(5, 6, 84): 11 
(5, 11, 111): 24 
(5, 11, 187): 68 
(5, 14, 120): 3 
(5, 17, 156): 13 
(5, 17, 181): 56 
(6, 1, 194): 79 
(6, 1, 219): 6 
(6, 1, 228): 32 
(6, 4, 145): 7 
(6, 5, 125): 16 
(6, 10, 94): 4 
(6, 10, 119): 3 
(6, 10, 129): 4 
(6, 10, 134): 6 
(6, 10, 166): 7 
(6, 11, 142): 19 
(6, 13, 129): 13 
(7, 0, 352): 160 
(7, 11, 177): 1 
(8, 5, 33): 14 
(8, 11, 80): 10 
(8, 14, 100): 10 
(8, 14, 102): 2 
(8, 15, 50): 5 
(8, 15, 56): 3 
(8, 15, 84): 5 
(9, 6, 84): 3 
(9, 6, 85): 18 
(9, 11, 29): 7 
(9, 11, 39): 7 
(9, 14, 78): 2 
(10, 1, 223): 4 
(10, 1, 280): 41 
(10, 11, 189): 1 
(11, 0, 255): 107 
(11, 1, 240): 6 
(11, 1, 259): 4 
(11, 1, 280): 28 
(11, 7, 190): 49 
(11, 7, 323): 49 
(11, 17, 189): 4 
(11, 17, 190): 9 
(11, 17, 333): 5 
(12, 11, 69): 4 
(12, 11, 81): 4 
(12, 11, 100): 12 
(12, 14, 113): 5 
(13, 1, 195): 22 
(13, 7, 142): 1 
(13, 11, 138): 2 
(14, 2, 91): 3 
(14, 2, 92): 6 
(14, 7, 161): 60 
(14, 11, 103): 6 
(14, 12, 31): 3 
(14, 12, 33): 4 
(14, 17, 155): 72 
(14, 17, 165): 5 
(14, 18, 68): 2 
(15, 5, 32): 20 
(15, 5, 69): 3 
(15, 8, 64): 5 
(15, 8, 67): 2 
(15, 8, 69): 9 
(15, 14, 102): 8 
(16, 8, 39): 2 
(16, 8, 53): 4 
(16, 11, 50): 18 
(16, 11, 68): 8 
(16, 12, 40): 1 
(16, 12, 52): 5 
(16, 14, 43): 5 
(16, 15, 48): 3 
(16, 18, 33): 5 
(16, 18, 50): 2 
(17, 0, 372): 175 
(18, 11, 59): 1 
(18, 11, 69): 22 
(18, 11, 79): 3 
(18, 11, 91): 1 
(18, 11, 100): 2 
(18, 12, 41): 1 
(18, 14, 42): 2 
(18, 14, 45): 2 
}
