INSTANCE: "B_6_50_7" 
RELEASES: [0, 0, 0, 0, 0, 0]
DUEDATES: [154, 85, 99, 120, 144, 120]
COMPLETION TIMES: [320, 88, 102, 106, 165, 125]
MAKESPANS: [320, 88, 102, 106, 165, 125]
DELAYS: [166, 3, 3, 0, 21, 5]
COST: 552.0

Solution = { 
START TIMES OF ACTIVITIES OF PROJECT 1:
[0, 181, 185, 186, 194, 195, 196, 203, 170, 205, 212, 221, 232, 271, 277, 290, 289, 300, 278, 166, 212, 237, 310, 171, 245, 230, 230, 263, 220, 220, 220, 229, 240, 235, 299, 288, 243, 242, 309, 253, 196, 262, 271, 174, 272, 246, 282, 289, 300, 309, 311, 320]
START TIMES OF ACTIVITIES OF PROJECT 2:
[0, 9, 14, 17, 22, 45, 0, 53, 61, 8, 8, 66, 75, 66, 15, 53, 15, 85, 69, 75, 65, 76, 53, 59, 22, 31, 28, 28, 85, 55, 55, 32, 32, 45, 77, 22, 38, 22, 38, 35, 16, 28, 44, 62, 59, 66, 51, 14, 8, 62, 24, 88]
START TIMES OF ACTIVITIES OF PROJECT 3:
[0, 25, 0, 16, 40, 17, 24, 50, 50, 10, 16, 22, 70, 68, 59, 93, 90, 26, 10, 17, 73, 73, 95, 95, 70, 43, 30, 73, 53, 79, 16, 73, 87, 27, 10, 36, 29, 35, 64, 82, 82, 96, 91, 10, 32, 52, 51, 44, 81, 20, 91, 102]
START TIMES OF ACTIVITIES OF PROJECT 4:
[0, 7, 9, 13, 28, 11, 43, 40, 56, 52, 7, 49, 7, 60, 49, 62, 23, 39, 71, 88, 64, 84, 75, 7, 19, 23, 97, 51, 69, 49, 93, 58, 58, 62, 50, 30, 53, 48, 60, 84, 36, 95, 28, 68, 65, 69, 11, 13, 28, 74, 93, 106]
START TIMES OF ACTIVITIES OF PROJECT 5:
[0, 10, 17, 24, 31, 35, 82, 83, 85, 87, 96, 108, 43, 118, 10, 123, 60, 126, 24, 133, 141, 152, 53, 69, 53, 133, 80, 141, 119, 60, 149, 145, 158, 133, 31, 96, 161, 118, 94, 105, 77, 85, 136, 156, 146, 152, 156, 141, 80, 143, 159, 165]
START TIMES OF ACTIVITIES OF PROJECT 6:
[0, 11, 15, 24, 32, 37, 44, 56, 63, 69, 74, 50, 83, 92, 24, 94, 86, 99, 72, 22, 112, 103, 59, 77, 99, 69, 74, 56, 84, 70, 50, 44, 45, 44, 44, 94, 99, 56, 15, 79, 15, 97, 60, 60, 121, 0, 103, 112, 37, 50, 46, 125]
TRANSFERS OF GLOBAL RESOURCE G1
(0, 2, 0): 13 
(0, 2, 8): 2 
(0, 3, 0): 17 
(0, 4, 0): 7 
(0, 4, 2): 6 
(0, 5, 0): 151 
(0, 6, 1): 14 
(0, 6, 5): 1 
(1, 0, 320): 203 
(2, 0, 88): 3 
(2, 3, 42): 2 
(2, 3, 43): 7 
(2, 3, 85): 2 
(2, 3, 87): 4 
(2, 3, 88): 9 
(2, 4, 38): 1 
(2, 4, 39): 1 
(2, 4, 84): 1 
(2, 6, 37): 1 
(3, 0, 102): 2 
(3, 2, 58): 1 
(3, 4, 34): 1 
(3, 4, 37): 5 
(3, 4, 42): 2 
(3, 4, 43): 6 
(3, 5, 121): 9 
(3, 5, 126): 17 
(3, 6, 30): 3 
(3, 6, 37): 1 
(4, 2, 55): 1 
(4, 3, 20): 1 
(4, 3, 62): 2 
(4, 3, 76): 3 
(4, 5, 73): 6 
(4, 5, 108): 6 
(4, 5, 123): 6 
(4, 5, 126): 4 
(4, 6, 12): 2 
(4, 6, 34): 4 
(4, 6, 53): 1 
(4, 6, 56): 3 
(4, 6, 57): 1 
(4, 6, 89): 3 
(5, 0, 165): 3 
(5, 1, 156): 90 
(5, 1, 160): 14 
(5, 1, 164): 93 
(5, 1, 210): 6 
(5, 2, 13): 6 
(5, 4, 85): 6 
(6, 2, 19): 8 
(6, 4, 25): 2 
(6, 4, 45): 2 
(6, 4, 81): 3 
(6, 5, 125): 19 
TRANSFERS OF GLOBAL RESOURCE G2
(0, 2, 0): 15 
(0, 2, 1): 2 
(0, 2, 7): 7 
(0, 3, 4): 11 
(0, 4, 0): 13 
(0, 4, 4): 4 
(0, 5, 4): 111 
(0, 6, 0): 14 
(1, 0, 320): 165 
(2, 0, 83): 9 
(2, 3, 16): 2 
(2, 3, 18): 1 
(2, 3, 25): 1 
(2, 3, 80): 8 
(2, 4, 18): 2 
(2, 4, 35): 1 
(2, 4, 44): 4 
(2, 4, 45): 2 
(2, 4, 51): 4 
(2, 4, 79): 1 
(2, 4, 83): 1 
(2, 5, 122): 3 
(3, 0, 98): 3 
(3, 1, 157): 19 
(3, 1, 234): 5 
(3, 4, 44): 3 
(3, 6, 38): 1 
(4, 2, 57): 11 
(4, 2, 64): 1 
(4, 3, 67): 1 
(4, 5, 27): 2 
(4, 5, 74): 4 
(4, 5, 75): 6 
(4, 5, 110): 6 
(4, 5, 125): 4 
(5, 1, 163): 62 
(5, 1, 168): 43 
(5, 1, 171): 21 
(5, 1, 217): 2 
(5, 1, 240): 13 
(5, 2, 54): 3 
(5, 3, 11): 1 
(5, 3, 53): 4 
(5, 3, 68): 2 
(5, 6, 43): 15 
(5, 6, 62): 1 
(5, 6, 92): 7 
(6, 5, 28): 2 
(6, 5, 75): 16 
(6, 5, 111): 1 
(6, 5, 126): 19 
}
