INSTANCE: "B_6_50_8" 
RELEASES: [0, 0, 0, 0, 0, 0]
DUEDATES: [146, 137, 165, 112, 141, 120]
COMPLETION TIMES: [281, 169, 396, 107, 182, 506]
MAKESPANS: [281, 169, 396, 107, 182, 506]
DELAYS: [135, 32, 231, 0, 41, 386]
COST: 1233.0

Solution = { 
START TIMES OF ACTIVITIES OF PROJECT 1:
[0, 166, 176, 180, 189, 195, 201, 214, 147, 225, 226, 230, 234, 235, 239, 260, 210, 267, 236, 10, 122, 233, 131, 65, 239, 242, 6, 251, 230, 228, 156, 231, 238, 209, 48, 243, 224, 256, 241, 169, 201, 226, 243, 226, 55, 156, 256, 260, 265, 265, 273, 281]
START TIMES OF ACTIVITIES OF PROJECT 2:
[0, 35, 39, 69, 75, 77, 78, 105, 49, 108, 115, 119, 123, 134, 141, 151, 86, 159, 135, 82, 27, 129, 96, 8, 135, 58, 118, 62, 128, 115, 115, 135, 141, 82, 125, 145, 127, 127, 118, 109, 18, 128, 135, 108, 77, 123, 143, 151, 151, 159, 161, 169]
START TIMES OF ACTIVITIES OF PROJECT 3:
[0, 281, 283, 291, 297, 303, 312, 315, 30, 326, 335, 344, 348, 354, 355, 362, 5, 372, 356, 5, 245, 348, 229, 220, 357, 339, 270, 292, 335, 335, 273, 340, 346, 348, 366, 372, 354, 344, 355, 308, 319, 356, 357, 239, 20, 14, 374, 382, 382, 386, 389, 396]
START TIMES OF ACTIVITIES OF PROJECT 4:
[0, 7, 15, 27, 5, 9, 38, 26, 61, 52, 0, 45, 11, 58, 31, 60, 42, 7, 70, 82, 27, 73, 43, 5, 11, 37, 87, 47, 65, 43, 52, 63, 65, 68, 52, 17, 27, 57, 71, 79, 17, 87, 42, 68, 53, 79, 63, 21, 7, 81, 97, 107]
START TIMES OF ACTIVITIES OF PROJECT 5:
[0, 35, 56, 64, 65, 80, 84, 91, 93, 101, 110, 120, 124, 166, 171, 110, 24, 133, 178, 159, 150, 162, 109, 140, 67, 93, 7, 12, 150, 33, 12, 77, 117, 118, 118, 162, 32, 44, 171, 44, 65, 44, 166, 101, 22, 159, 101, 24, 140, 51, 113, 182]
START TIMES OF ACTIVITIES OF PROJECT 6:
[0, 406, 409, 414, 425, 440, 441, 445, 89, 446, 447, 450, 454, 465, 466, 468, 388, 476, 466, 443, 417, 454, 186, 417, 463, 397, 450, 495, 458, 447, 183, 455, 468, 454, 400, 462, 458, 460, 473, 476, 434, 460, 462, 439, 98, 441, 477, 485, 485, 499, 499, 506]
TRANSFERS OF GLOBAL RESOURCE G1
(0, 1, 0): 12 
(0, 2, 3): 3 
(0, 3, 0): 161 
(0, 4, 0): 20 
(0, 4, 2): 3 
(0, 4, 4): 4 
(0, 5, 0): 66 
(0, 5, 10): 5 
(1, 3, 210): 40 
(1, 3, 235): 7 
(1, 3, 260): 67 
(1, 3, 271): 9 
(1, 3, 329): 67 
(1, 4, 27): 1 
(1, 5, 14): 11 
(1, 6, 75): 100 
(1, 6, 84): 3 
(1, 6, 374): 30 
(2, 1, 110): 6 
(2, 1, 119): 1 
(2, 1, 144): 2 
(2, 1, 154): 1 
(2, 4, 53): 5 
(2, 6, 168): 10 
(3, 0, 396): 42 
(3, 1, 38): 85 
(3, 1, 55): 8 
(3, 2, 15): 9 
(3, 2, 59): 5 
(3, 4, 19): 9 
(3, 4, 34): 1 
(3, 4, 35): 1 
(3, 4, 50): 2 
(3, 5, 7): 6 
(3, 5, 9): 2 
(3, 5, 20): 33 
(3, 6, 374): 101 
(3, 6, 383): 21 
(3, 6, 392): 17 
(3, 6, 403): 30 
(3, 6, 444): 26 
(4, 1, 106): 4 
(4, 1, 115): 5 
(4, 2, 72): 7 
(4, 5, 15): 16 
(4, 5, 68): 2 
(4, 5, 71): 5 
(4, 5, 92): 7 
(5, 0, 182): 6 
(5, 1, 44): 16 
(5, 1, 110): 3 
(5, 1, 126): 20 
(5, 1, 135): 2 
(5, 1, 145): 20 
(5, 1, 230): 7 
(5, 2, 128): 1 
(5, 3, 205): 17 
(5, 3, 230): 1 
(5, 3, 255): 6 
(5, 6, 168): 8 
(5, 6, 171): 45 
(5, 6, 391): 1 
(6, 0, 506): 226 
(6, 1, 108): 103 
(6, 1, 195): 40 
(6, 3, 206): 23 
TRANSFERS OF GLOBAL RESOURCE G2
(0, 1, 0): 2 
(0, 1, 4): 1 
(0, 2, 0): 98 
(0, 3, 2): 83 
(0, 4, 0): 18 
(0, 4, 2): 8 
(0, 5, 0): 1 
(1, 2, 23): 1 
(1, 3, 264): 3 
(1, 3, 275): 4 
(1, 3, 348): 10 
(1, 4, 19): 1 
(1, 4, 25): 1 
(1, 6, 82): 11 
(2, 1, 154): 1 
(2, 3, 210): 71 
(2, 5, 150): 12 
(2, 6, 166): 55 
(2, 6, 169): 44 
(3, 0, 396): 2 
(3, 1, 49): 4 
(3, 2, 25): 44 
(3, 2, 72): 5 
(3, 4, 52): 1 
(3, 4, 58): 1 
(3, 4, 60): 7 
(3, 5, 8): 19 
(3, 5, 31): 2 
(3, 6, 375): 14 
(3, 6, 384): 30 
(3, 6, 387): 51 
(3, 6, 393): 22 
(3, 6, 404): 44 
(3, 6, 430): 1 
(3, 6, 445): 21 
(4, 1, 46): 6 
(4, 1, 53): 1 
(4, 1, 120): 4 
(4, 2, 71): 4 
(4, 2, 104): 2 
(4, 2, 116): 3 
(4, 5, 104): 3 
(4, 5, 108): 5 
(4, 6, 81): 8 
(4, 6, 90): 1 
(5, 2, 123): 14 
(5, 3, 216): 16 
(5, 6, 82): 8 
(5, 6, 167): 13 
(6, 0, 506): 209 
(6, 1, 124): 4 
(6, 1, 140): 1 
(6, 1, 159): 2 
(6, 1, 219): 5 
(6, 2, 110): 5 
(6, 2, 118): 7 
(6, 3, 207): 9 
(6, 3, 216): 16 
(6, 3, 257): 24 
(6, 3, 341): 31 
(6, 3, 353): 1 
(6, 5, 124): 4 
(6, 5, 134): 5 
}
