--------------------------------------------------------------------------------
PORTFOLIO INFORMATION:
#projects
    10
#global resources
     2
R_G1   R_G2   
   223   321
--------------------------------------------------------------------------------
INFORMATION OF PROJECT 1:
#jobs  release  duedate
    52     0   115
#local resources
     2
R_L1   R_L2   
    14    14
jobnr.  dur.  r_G1  r_G2  r_L1  r_L2  #succ.  successors
     0     0     0     0     0     0    10     1     4     5    10    12    17    22    25    35    48
     1     2     6    13     4     4     6     2    24    40    42    46    47
     2     2    20    12    13     2     5     3    37    40    46    47
     3     8    21     6     8    11     4     6    16    33    34
     4     2    16    10     5     0     4     9    24    40    41
     5     8     6     4     1     7     8     7    13    20    27    29    33    36    41
     6     5    20    11     7    11     6     9    11    29    30    42    44
     7     2    15     9     8     8     7     8    14    20    30    31    36    38
     8     2    16     0     3    10     6    18    28    31    32    33    43
     9     1     9     1     3     4     3    13    28    31
    10     2     7     0     0     0     4    11    13    19    30
    11     1     0     5     5     3     2    18    27
    12     4    10     0     0     9     4    20    26    32    47
    13     2    16     2     1     9     1    15
    14     7     8     0     6     0     3    32    33    44
    15     9     5     5     0     2     1    18
    16     3     3     0     8     7     1    51
    17     4    18     4     0     8     3    27    33    34
    18     3    10     6     0     8     3    19    21    39
    19     5    23     2     8     4     2    26    41
    20     1     3    10     1     6     1    51
    21     5     5    11     2     6     1    51
    22     9    31     6     3     1     2    23    39
    23     2     0    11     6     0     1    51
    24     1     6     0     0     3     1    51
    25     5    18     0     4     9     2    27    42
    26     9    14     8     0     6     1    51
    27    10     0     6     4     0     1    51
    28     6    18     9     9     7     1    51
    29     1     0     2     2    11     1    32
    30     4    14     7     1     0     1    45
    31     5     0     8     3     1     2    39    43
    32     2    25     8     0    10     2    33    38
    33     2     5     0     3    12     1    45
    34     8     6     8     1    13     1    43
    35     9    22    13     3     8     1    39
    36     4     4     8     0     9     1    51
    37     8     7     7    12     8     1    51
    38     8    11     4     9     4     2    45    49
    39     3     7     3    11     3     1    51
    40     6     4    10     1     0     2    44    45
    41    10     0     0     7     2     1    51
    42     2     0     2     0     4     1    45
    43     2     4    14     0     6     2    49    50
    44     3    12     0     8     7     1    45
    45     2     1     8     1     9     2    49    50
    46     2    24    10     6    10     1    51
    47    10     4     6     1     0     1    51
    48    10     4     9     6     8     2    49    50
    49    10     1     9     0     2     1    51
    50    10    10     7     9     0     1    51
    51     0     0     0     0     0     0
--------------------------------------------------------------------------------
INFORMATION OF PROJECT 2:
#jobs  release  duedate
    52     0   125
#local resources
     2
R_L1   R_L2   
    18   115
jobnr.  dur.  r_G1  r_G2  r_L1  r_L2  #succ.  successors
     0     0     0     0     0     0     7     1     3     6    12    25    34    49
     1    10   110   133    14   110     4     2    14    18    43
     2     4   110   133    14   110     1     4
     3     1     9    18     4     5     5     4    22    23    42    48
     4     1    28    59     6    16     1     5
     5     2   110   145    18   114     4     7    16    41    48
     6     1   110   145    18   114     1     8
     7     4   119   151    18   115     2     8    39
     8     2    28    12    11    16     2     9    22
     9     1    59    35     6    50     2    10    35
    10     9    28    59    11    16     2    11    37
    11    10    94    68    12    83     3    13    31    32
    12    10    91    92     7    99     8    15    17    21    22    23    31    41    43
    13     1    89   124     8    82     2    15    28
    14     7     9     6     0     1     4    15    17    22    47
    15     3    45    12    14    47     1    17
    16     1    44    64     0    45     2    17    37
    17     1    94   105    13    81     1    19
    18     5    51   105     7    64     3    22    24    26
    19     8    11    18    12    49     5    20    27    30    44    45
    20     4    12    38     3    21     1    50
    21     4   107   143     6    86     1    51
    22     9     9     6     2     5     1    51
    23     9    91    92    12    89     8    26    27    28    29    30    32    37    46
    24     7    75   117    14    84     3    26    38    40
    25    10    65   133     2    63     1    51
    26     2    30     2    10    11     2    31    39
    27     5    11    66     5    31     2    36    46
    28     8    35    16     2    30     1    33
    29    10    84    28    12    55     2    30    38
    30     3    36     8    11    47     1    43
    31     4    10    21     9    32     1    43
    32     1    40    97     0    47     1    51
    33     4    12     8     0    29     2    36    42
    34     4    51    53     8    37     1    51
    35     9    25    83     2    32     1    41
    36     2    68    91     8    65     1    51
    37     4    36    49    10    42     1    51
    38     2   107    93     9    83     2    43    47
    39     3   107   117    14    86     1    45
    40     3    96    77     3    37     2    41    48
    41     4    26    14     4    23     1    51
    42     5    16    40     3    15     4    44    46    47    50
    43     2    42    82     1    42     1    51
    44     9     1    34     1     9     1    51
    45     9     2     2    10    16     1    51
    46     1    41     7     0     9     1    51
    47     3     0     0     0     1     1    51
    48     2     1    52     6    15     1    50
    49     9    83   111     4    49     1    50
    50     6    12     8     4    26     1    51
    51     0     0     0     0     0     0
--------------------------------------------------------------------------------
INFORMATION OF PROJECT 3:
#jobs  release  duedate
    52     0   117
#local resources
     2
R_L1   R_L2   
    14    32
jobnr.  dur.  r_G1  r_G2  r_L1  r_L2  #succ.  successors
     0     0     0     0     0     0    11     1     4     5    10    12    17    22    23    25    35    48
     1     2     4    13     4     6     5     2    24    42    46    47
     2     2     1    10    13    16     6     3    11    37    40    46    47
     3    10    10     4     8    21     4     6    16    33    34
     4     2     0    10     6    16     4     9    37    40    41
     5     9     7     6     1    11     8     7    13    20    27    29    33    36    41
     6     3    10     8     6    11     5     9    11    29    30    44
     7     3     8     9     3    15     7     8    14    20    30    31    36    38
     8     6    10     0     3    16     6    18    28    31    32    33    43
     9     1     4     1     5     3     3    13    28    31
    10     2     0     0     1     7     3    13    19    30
    11     2     3     5     5     0     5    18    27    33    43    44
    12     4     9     0     0    10     4    20    26    31    32
    13     2     9     2     1    15     2    15    43
    14     7     0     0     6     8     3    32    33    44
    15     9     2     5     0     5     1    18
    16     2     7     0     8    12     2    33    45
    17     5    12     1     1     6     3    33    34    47
    18     3    10    15     4    10     3    19    21    39
    19     5     4     2     8    23     2    26    41
    20     1     1    10     0     3     1    51
    21     7     6    11     2     5     1    51
    22     9     1     3     3    31     1    39
    23     2     1     8     5     0     1    37
    24    10     3     0     0     6     1    51
    25     5     9     0     4    18     1    42
    26     8     6     8     0    14     1    51
    27    10     0     6     4     0     1    51
    28     6     8     9     9     7     1    39
    29     1    11     2     2     0     1    32
    30     5     0     7     1    14     1    45
    31     7     1     8     3     0     1    43
    32     2    10     8     0    18     1    38
    33     2    12     0     3     5     1    45
    34     8    13     8     1     6     1    43
    35     9     8    11     2    22     1    39
    36     3     9     8     0     3     1    51
    37     4     8     7    12     7     1    45
    38     8     4     4     9    11     2    45    49
    39     3     3     1    10     7     1    51
    40     7     0    10     1     4     1    45
    41    10     2     0     7     0     1    51
    42     2     0     2     0     0     1    45
    43     2     6    14     0     4     2    49    50
    44     4     7     0     8    12     1    45
    45     2     9     5     1     1     2    49    50
    46     1    10    10     6    24     1    51
    47    10     0     6     1     4     1    50
    48     8     8     5     6     8     2    49    50
    49    10     2     9     0     1     1    51
    50    10     0     7    10    10     1    51
    51     0     0     0     0     0     0
--------------------------------------------------------------------------------
INFORMATION OF PROJECT 4:
#jobs  release  duedate
    52     0   119
#local resources
     2
R_L1   R_L2   
    14    32
jobnr.  dur.  r_G1  r_G2  r_L1  r_L2  #succ.  successors
     0     0     0     0     0     0    11     1     4     5    10    12    17    22    23    25    35    48
     1     2     4    13     1     6     7     2    20    24    40    42    46    47
     2     2     5    14    13    22     4     3    11    37    40
     3     6    11     4     7    13     4     6    16    33    34
     4     2     0    10     6    12     4     9    14    40    41
     5     8     7     4     1     8     7     7    13    20    27    29    33    41
     6     6    10     8     6    12     5     9    20    29    30    44
     7     5     8     9     8    16     6     8    14    20    31    36    38
     8     2    10     0     3    16     6    18    28    31    32    33    43
     9     1     4     1     5     9     3    13    28    31
    10     2     0     0     1     7     5    11    13    19    27    32
    11     2     3     5     5     0     3    13    18    27
    12     4     9     0     0    10     4    26    27    32    44
    13     2     9     2     0    16     2    15    43
    14     7     0     0     6     8     3    32    33    44
    15     9     2     5     0     6     1    18
    16     3     7     0     6    10     2    24    38
    17     4    10     4     1    14     3    27    33    34
    18     3     8     6     0    12     4    19    21    30    39
    19     5     3     2     8    23     2    26    41
    20     3     1     3     0     3     1    51
    21     5     6    14     2     5     1    51
    22     9     1     3     4    31     1    39
    23     2     0     8     5     0     1    51
    24     5     3     0     0     8     1    42
    25     5     9     0     4    18     1    42
    26     9     6     8     0    14     1    51
    27    10     0     6     4     0     1    51
    28     6     7     9     9    15     1    51
    29     1    11     2     1     1     2    30    32
    30     4     0    16     1    14     1    51
    31     5     1     8     3     0     1    43
    32     2    10     8     0    19     1    38
    33     2    13     0     5    14     1    45
    34     7    13     8     3    10     1    43
    35     9     8    11     3    22     1    39
    36     4     8     8     0     3     1    51
    37     7     8     7    12    15     1    45
    38     8     4     4     9    11     2    45    49
    39     4     3     1    10     8     1    51
    40     4     0    13     1     4     1    44
    41    10     2     0    10     0     1    51
    42     2     4     2     0     0     1    45
    43     1     6    14     0     5     2    49    50
    44     5     8     0     8    13     2    45    49
    45     2     9     5     1     1     2    49    50
    46     3    10    10     6    24     1    51
    47     5     0     6     3     4     1    51
    48     8     8     9     6     9     2    49    50
    49     9     2     9     0     1     1    51
    50    10     0     6     9    10     1    51
    51     0     0     0     0     0     0
--------------------------------------------------------------------------------
INFORMATION OF PROJECT 5:
#jobs  release  duedate
    52     0   137
#local resources
     2
R_L1   R_L2   
    15   159
jobnr.  dur.  r_G1  r_G2  r_L1  r_L2  #succ.  successors
     0     0     0     0     0     0     5     1     8    16    26    40
     1     2     3   131    13   151     3     2    45    50
     2    10    12   143    15   159     3     3    43    44
     3     4    12   143    15   159     4     4    33    41    42
     4     2     8   143    11   159     3     5    38    39
     5     2     5   103     7    28     5     6    36    37    47    49
     6    10     0   125     2   151     3     7    32    34
     7     9     8   138    10   159     4     9    30    31    32
     8     7     9    12     2     8     2     9    31
     9     2     6   103     3    28     5    10    27    28    29    31
    10     4     0     5     5     6     5    11    19    23    24    25
    11     7     0    34     4     6     4    12    20    21    22
    12    10     2    13     4     6     2    13    24
    13     6     0     5     7     6     2    14    18
    14     3     1    22    10   120     3    15    19    29
    15    10     0    16     3     5     1    17
    16    10     4    40     8   131     4    19    31    32    46
    17     8     2    20    10   120     1    51
    18     7     3     4     0     0     2    23    35
    19     9     0     0     2     1     2    29    32
    20     3     5    99     6    28     1    51
    21     4     4   105    11   143     1    51
    22     6     5   108     0    30     1    51
    23     3     9   113     4    39     1    51
    24     4     4     4     7    80     1    51
    25     7     7    25     6    28     1    51
    26     9    11    13     2     8     1    30
    27     5     5   104     7   153     2    29    42
    28     9     2     0     1     8     1    51
    29     6     0    10     0    99     1    51
    30     5     4    25     2     7     1    51
    31     5     0    22    10    11     1    37
    32     7     0    10     9   112     1    51
    33     5     8    16     5     8     1    47
    34     9     5   105    10   144     1    35
    35     5     0     6     2     0     1    51
    36     1     0   108     9   137     1    51
    37     2     0     9     2     0     1    51
    38     8     6    13     8     8     1    51
    39     8     8   129     4    78     1    47
    40     8    12   121     3   147     1    51
    41     5     4     0     2     0     1    51
    42     4     0     9     1    11     1    51
    43     3     8     0     0     8     1    48
    44     6     8   132     9   150     1    51
    45     9     7     9     8     8     1    48
    46     6     4   117    10    47     1    47
    47     2     0     3     4     7     1    48
    48     8     6     3     0     0     1    49
    49     1     0     5     3     0     1    51
    50     7     3     0     4     0     1    51
    51     0     0     0     0     0     0
--------------------------------------------------------------------------------
INFORMATION OF PROJECT 6:
#jobs  release  duedate
    52     0   141
#local resources
     2
R_L1   R_L2   
    14    13
jobnr.  dur.  r_G1  r_G2  r_L1  r_L2  #succ.  successors
     0     0     0     0     0     0    10     1    16    20    26    28    29    31    41    42    44
     1     6    14   112    14    13     7     2    11    14    19    36    38    40
     2     5    14   103    14     8     5     3    22    36    39    49
     3     8    13   103    11     8     1     4
     4     5    14   112    14    13     1     5
     5     2    13    66    11     8     5     6    18    32    34    38
     6     9     2     9     1     0     2     7    30
     7     6     5    18     5     0     2     8    34
     8     4     1    35     4     8     2     9    25
     9     5     6    48    11     6     1    10
    10     3     4    12     1     4     3    12    14    23
    11     6    13    77    10     4     2    27    37
    12     6     5    41     3     7     2    13    35
    13     2     4    24     1     1     3    15    33    48
    14     2     0    18     9     9     1    19
    15     6     1     0     5     3     3    17    24    27
    16     7     2   103     8     9     2    17    45
    17    10     3    32     6     0     1    21
    18     9    11    50     7     2     1    48
    19     5    10   109    14    11     1    22
    20    10    12    64     1     7     1    51
    21     3     0    22     1     6     1    51
    22     1     0    32     6     8     1    51
    23    10     6     2     0     0     1    51
    24     6     0     9     4     2     1    47
    25     5     4     0     3     0     2    34    50
    26     9     0     9     0     5     1    51
    27     8     3     3     0     0     1    51
    28    10     1     0     0     2     1    51
    29     8     5    94     7     7     2    38    48
    30    10     8    25     5     0     1    33
    31     5    11    81     7     7     1    43
    32     9     9    30     1     4     1    51
    33     1     2     0     3     0     1    51
    34     3     0     6     3     0     2    43    47
    35     4     1    12     4     7     1    46
    36     7     1    79    13     7     1    51
    37     4     0    48    10     8     1    48
    38     7     3    62     0     2     1    51
    39     8    12    72     5     1     1    43
    40     1     0    46     1     5     1    48
    41    10     9    57     7     7     1    46
    42     9     6    32    10     6     1    46
    43     6     3     2     3     3     1    48
    44     9     0    80     9    10     1    51
    45     4     0    70     9     4     3    46    47    50
    46     3    12    51     4     4     2    48    50
    47     6     0    45     8     6     1    51
    48     4     0    48     5     2     1    51
    49    10     0     0     3     4     1    51
    50     2     0    22     3     5     1    51
    51     0     0     0     0     0     0
--------------------------------------------------------------------------------
INFORMATION OF PROJECT 7:
#jobs  release  duedate
    52     0   157
#local resources
     2
R_L1   R_L2   
    12    40
jobnr.  dur.  r_G1  r_G2  r_L1  r_L2  #succ.  successors
     0     0     0     0     0     0     7     1    11    14    29    37    44    46
     1     2    15   120    12    40     2     2    41
     2     8    15   120    12    40     3     3    36    39
     3     2    15   120    12    40     2     4    19
     4     6    15   120    12    40     1     5
     5     3    10    84     2    19     5     6    18    32    33    34
     6     3     5    72     2    18     3     7    30    31
     7    10    15   120    12    40     1     8
     8     5     7   110     9    37     3     9    16    25
     9     2    15   102    12    31     4    10    20    26    47
    10     1     5     6     2     4     2    12    23
    11    10     2    30    10    21     5    21    22    23    24    27
    12     4    15   102     7    31     3    13    22    42
    13     1     8     3     0     4     4    15    27    28    30
    14     9     7   109     1    30     1    51
    15     4     1    30     9    18     3    17    38    43
    16     6     0    18     0     9     1    45
    17     1     9    41     6    13     2    21    33
    18     1    10   100     6    31     6    20    21    31    41    43    49
    19     2     3   112     7    30     2    31    40
    20     1     4    12     0    18     1    38
    21     9     5    33     1     6     1    51
    22    10     2    54     0     8     1    51
    23     7    12     7     2     5     1    51
    24     4     2   104     5    32     1    45
    25     7     8    33    10    21     1    51
    26     7    10    57     7    22     1    33
    27     1     0     3    11     0     1    40
    28     2    15   120    12    40     2    35    40
    29     8    10   104     1    32     1    51
    30     6     8     8     0    10     1    41
    31     2    10    90     0    19     1    35
    32     9    10    48     5    22     1    41
    33     9     4    20     6     4     1    51
    34     6     8    10     3     3     1    48
    35     8     5    63     0     9     1    51
    36     4    10    23    10    18     1    45
    37     9     2    36    10    13     1    51
    38     4     7    94     4    21     1    41
    39    10     8    26     5    19     3    41    42    43
    40    10     9    45     2    13     2    41    43
    41     1     2    97     0    22     1    51
    42     1    10    87     7    31     3    45    49    50
    43     6     5     3     9    10     1    51
    44    10    10    69     5    25     2    45    50
    45     7     0    13     1    19     1    51
    46     9     5    36    10     7     1    50
    47     8     0    21     6    17     2    48    49
    48     6     0     4     5     4     1    51
    49     7     0    16     5     8     1    51
    50     4     2    87     2     9     1    51
    51     0     0     0     0     0     0
--------------------------------------------------------------------------------
INFORMATION OF PROJECT 8:
#jobs  release  duedate
    52     0   140
#local resources
     2
R_L1   R_L2   
   112    14
jobnr.  dur.  r_G1  r_G2  r_L1  r_L2  #succ.  successors
     0     0     0     0     0     0    12     1    11    16    18    20    26    29    31    36    39    42    49
     1     5    14    11   112    14     7     2    14    19    38    40    41    43
     2     3    11     6   100    14     2     3    22
     3     8    11     6    77    11     1     4
     4     4    11    11   109    14     2     5    35
     5     2     7     6    47     4     4     6    32    33    34
     6     9     2     0     9     0     2     7    30
     7     6     5     0    18     5     1     8
     8     5     0     8    39     1     3     9    25    28
     9     6     4     1    47    10     1    10
    10     3     3     0    12     0     3    12    14    23
    11     6    13     3    99    10     2    27    37
    12     6     5     7    42     3     2    13    35
    13     1     7     0     2     0     2    15    33
    14     4     0     1    13    11     1    51
    15     7     4     3     2     0     2    17    24
    16     9     3    11   103     8     2    17    23
    17    10     3     0     9     6     1    21
    18     9    11     2    50     7     1    48
    19     2     1    11    97    14     1    51
    20    10    12     5    63     3     1    51
    21     3     0     6    22     4     1    51
    22     1     0     8    29     6     1    51
    23     6     6     0     2     0     1    51
    24     6     0     3     9     4     1    51
    25     5     4     0     0     3     1    51
    26     6     0     5     9     0     1    51
    27     3     3     0     3     0     1    35
    28     2     1     3     0     0     1    48
    29     6     8     8    94     7     1    45
    30    10     8     0    25     5     1    51
    31     5     9     6    71    10     1    51
    32     9     9     4    30     1     1    51
    33     9     2     6     0     1     1    51
    34     2     0     0    44     3     2    43    47
    35     3     1     7    48    13     1    46
    36     8     0     7    75    10     1    51
    37     4     0     5    40    10     1    48
    38     6     3     2    62     0     1    51
    39     9    12     2    71     6     1    43
    40     1     7     4    24     1     3    44    47    50
    41     9     9     8    94     7     1    46
    42    10     6     0    38    10     3    43    47    50
    43     3     3     0     0     3     1    48
    44     9     0    11    75     9     1    51
    45     3     0     4    70     9     2    47    50
    46     3    12     0    37     4     1    48
    47     6     0     3    45     8     1    48
    48     4     2     3    49     5     1    51
    49     6     0     5    13     3     1    51
    50     5     0     5    32     3     1    51
    51     0     0     0     0     0     0
--------------------------------------------------------------------------------
INFORMATION OF PROJECT 9:
#jobs  release  duedate
    52     0   166
#local resources
     2
R_L1   R_L2   
    12   143
jobnr.  dur.  r_G1  r_G2  r_L1  r_L2  #succ.  successors
     0     0     0     0     0     0    14     1     8    16    19    20    22    23    28    30    34    38    40    44    45
     1     5   173   170    12   143     1     2
     2     2   173   170    12   143     1     3
     3     6   173   170    12   143     1     4
     4    10   173   170    12   143     1     5
     5    10   173   170    12   143     3     6    32    43
     6     3    25    66     1   125     1     7
     7     1   173   170    12   143     1     9
     8    10   148   100     9    18     2     9    31
     9     9   173   170    12   143     2    10    29
    10     4    62    60     7    42     2    11    25
    11     2    52    56     9    19     2    12    21
    12     6    10    16     3    12     1    13
    13     1    47    38     8     7     3    14    18    50
    14     2    30    67     0    18     1    15
    15    10    31    11     4    87     2    17    50
    16     7   142   152     4    56     1    46
    17     8     0     9     0    19     1    51
    18    10     3     0     3    36     1    51
    19     2    13     9     1    27     1    25
    20     8    87    89     4   101     2    36    37
    21     7    67    94     2    53     2    24    46
    22    10   128    77     9   112     1    43
    23     7   111   110     3    66     7    26    27    31    33    36    37    39
    24     8    12     8     4     4     2    35    48
    25     6   142   153     8    56     2    37    42
    26     1   117   117     2   131     1    46
    27     3   173   170    12   143     1    47
    28     4    10     4     0    26     4    37    41    43    47
    29     5    16    38     2    41     1    31
    30     9   170   161     9    88     1    50
    31     4    27    28     0    35     1    50
    32     2    86    38     4    37     2    35    46
    33     5    99    66     9    60     1    36
    34     8   142   139     6    98     1    51
    35     4    12    53     4     6     1    51
    36     1    25    70     3   124     1    41
    37     2    47    65     3    48     1    46
    38     2   125    86     9    96     1    51
    39     7   173   170    12   143     2    41    42
    40     1   147   104    10    18     1    51
    41     1    44    36     6     8     1    42
    42     5   114    68     0   121     1    46
    43     2    16    14     1    88     1    51
    44    10    59   102    11    18     2    47    48
    45     7   142   159     8    56     1    46
    46    10   161   108     8   118     2    47    48
    47     3    21    15     3     9     2    49    50
    48     8    31    31     6    15     1    50
    49     1   112    63     6    15     1    51
    50     7    45    84     3    12     1    51
    51     0     0     0     0     0     0
--------------------------------------------------------------------------------
INFORMATION OF PROJECT 10:
#jobs  release  duedate
    52     0   136
#local resources
     2
R_L1   R_L2   
   119   115
jobnr.  dur.  r_G1  r_G2  r_L1  r_L2  #succ.  successors
     0     0     0     0     0     0     7     1     3    12    18    25    29    49
     1     3    17   133   115   110     2     2     6
     2     5    17   133   115   110     1     4
     3     5     1    18     4     5     4     4     6    42    48
     4     1     6    59    28    16     1     5
     5     1    18   151   119   115     1     7
     6    10    15   111    95   104     1    38
     7     5    18   151   119   115     2     8    40
     8     1    11    59    28    16     2     9    14
     9     2     6    12    37    51     3    10    35    38
    10     9    11    59    28    16     4    11    16    34    37
    11    10    18    88    65    83     3    13    16    32
    12    10     7    92    91    99     8    15    16    21    22    23    24    31    41
    13     1     8   124    95    73     3    15    28    43
    14     9     0     6     9     1     4    17    26    36    42
    15     1    13    12    45    51     4    17    22    26    34
    16     1     0     7     2    52     1    17
    17     3    13    98   102    83     1    19
    18     6     7   124    87    57     1    24
    19     8    12    18    11    52     3    20    27    30
    20     5     1     7     8    21     2    46    48
    21    10     8   143   107    89     1    51
    22     6     0     6    15     5     1    30
    23     9    12    92    91    89     3    26    28    37
    24     8    16   129    56    84     7    26    27    32    33    38    40    46
    25    10     5   133    65    63     1    45
    26     2    10    33     3     6     4    31    32    39    41
    27     2     0    66    11     5     2    36    50
    28     7     2    16    54    30     2    30    33
    29    10    12    22    48    54     3    38    43    46
    30     3    11    18    32    43     2    32    43
    31     4     9    41    11    18     1    46
    32     1     3    59    21    86     1    51
    33     3     4     8    12    31     1    42
    34     4    13    54    38    47     4    36    38    45    46
    35     9     0    63    54    32     2    38    41
    36     3     9    46    46    53     1    51
    37     5    10    27    24    42     1    38
    38     1     5    91     8    74     1    47
    39     3    14   117   107    89     2    45    47
    40     2     5    51    96    13     1    48
    41     4     4    13     1    23     1    43
    42     5     3    40    17    11     3    44    46    50
    43     2    17    85   108   110     1    51
    44     9     1    34     1     4     2    46    47
    45     9    10     2     2    16     1    51
    46     2     2     8     7     0     1    51
    47     4     3    10     0     3     1    51
    48     3     6    52     2    18     1    51
    49     9     3   110    82    49     1    50
    50     6     4     8    12    26     1    51
    51     0     0     0     0     0     0
--------------------------------------------------------------------------------
TRANSFER TIMES OF GLOBAL RESOURCE G1
 DEPOT    P1    P2    P3    P4    P5    P6    P7    P8    P9   P10
     0    12     6     7     5     5     4     7     4     5     8
    12     0    13     5    14    17    14    16    10    15    10
     6    13     0    10     3     8     3     3     5     3    13
     7     5    10     0    10    12     9    12     5    10     7
     5    14     3    10     0     6     1     3     5     1    12
     5    17     8    12     6     0     6     8     8     5    11
     4    14     3     9     1     6     0     4     4     2    11
     7    16     3    12     3     8     4     0     7     3    14
     4    10     5     5     5     8     4     7     0     6     8
     5    15     3    10     1     5     2     3     6     0    12
     8    10    13     7    12    11    11    14     8    12     0
--------------------------------------------------------------------------------
TRANSFER TIMES OF GLOBAL RESOURCE G2
 DEPOT    P1    P2    P3    P4    P5    P6    P7    P8    P9   P10
     0    12     6    12    10     7    10     6     4     9    13
    12     0     8     3    15    17    20    17     9    16     5
     6     8     0     7     9    10    16    11     2    14     8
    12     3     7     0    14    17    21    18     9    18     3
    10    15     9    14     0     7    18    11     9    19    14
     7    17    10    17     7     0    12     4     9    14    17
    10    20    16    21    18    12     0     8    14     6    22
     6    17    11    18    11     4     8     0     9    11    18
     4     9     2     9     9     9    14     9     0    12    10
     9    16    14    18    19    14     6    11    12     0    19
    13     5     8     3    14    17    22    18    10    19     0
--------------------------------------------------------------------------------
Additional Information: 
global resource strength = 0.2
transfer time factor = 0.2
adapted from RCPSP instances: 
[sD232, sD262, sD204, sD202, sD126, sD229, sD186, sD177, sD332, sD248]
