--------------------------------------------------------------------------------
PORTFOLIO INFORMATION:
#projects
    10
#global resources
     2
R_G1   R_G2   
   177   282
--------------------------------------------------------------------------------
INFORMATION OF PROJECT 1:
#jobs  release  duedate
    52     0   111
#local resources
     2
R_L1   R_L2   
    14    32
jobnr.  dur.  r_G1  r_G2  r_L1  r_L2  #succ.  successors
     0     0     0     0     0     0    10     1     4     5    10    12    22    23    25    35    48
     1     2     4    13     1    13     7     2    24    40    42    45    46    47
     2     2     3    12    12    20     4     3    11    37    47
     3     3    10     4     7    21     4     6    16    33    34
     4     2     0    11     6    16     5     9    17    24    40    41
     5     8     7     5     1     9     7     7    13    20    27    29    33    36
     6    10    10    10     1    13     5     9    29    30    33    44
     7     9     8     4     8    15     6     8    14    30    31    36    38
     8     2    10     7     3    16     5    18    28    31    33    43
     9     1     3     1     2     9     3    13    28    31
    10    10     0     0     1     3     5    11    13    19    27    30
    11     2     2     5     5     0     3    18    27    30
    12     4     9     0     0    10     6    26    27    32    43    44    47
    13     1     9     2     2    15     1    15
    14     8     1     0     6     8     7    18    20    28    30    32    33    44
    15     8     2     4     0     5     1    18
    16     3     7     0     6     0     1    51
    17     5     8     4     2    18     4    18    27    29    34
    18     3     8     0     0     9     3    19    21    39
    19     5     6     4     8    26     2    26    41
    20     5     0    10     2     3     1    51
    21     5     6    11     1     5     1    51
    22    10     2     7     3    31     1    51
    23     3     0     8     5     0     1    51
    24     2     6     0     0     6     1    32
    25     5     9     0     4    18     1    42
    26     9     3     8     0    13     1    51
    27     6     0     6     6     0     1    51
    28     6     7     9     9    26     1    51
    29     1    11     0     7     1     2    32    43
    30     4     0     0     1    14     2    45    49
    31    10     1     8     0     0     3    32    39    43
    32     1    10    16     0    18     1    38
    33     5     0     0     5     1     1    51
    34     8    13     8     3    32     1    43
    35     7     8    11     2    22     1    39
    36     6     8     8     0     3     1    51
    37     4     8     2    12     7     2    45    49
    38     8     4     1     0    11     2    45    49
    39     3     3     1    10     7     1    51
    40     6     0    10     1     4     4    42    43    44    45
    41    10     4     0     7     0     1    51
    42     3     4     2     1     0     2    45    49
    43     2     6    14     0     4     3    45    49    50
    44     4     7     4     8    11     2    45    49
    45     2    10     2     5     1     1    50
    46     2    10     0     6     2     1    51
    47     6     0     6     1     4     1    51
    48     6     8     9     6     3     2    49    50
    49    10     2     9     0     1     1    51
    50    10     0     6     8    10     1    51
    51     0     0     0     0     0     0
--------------------------------------------------------------------------------
INFORMATION OF PROJECT 2:
#jobs  release  duedate
    52     0   115
#local resources
     2
R_L1   R_L2   
    14    32
jobnr.  dur.  r_G1  r_G2  r_L1  r_L2  #succ.  successors
     0     0     0     0     0     0    10     1     4     5    10    12    17    22    25    35    48
     1     2     4    13     1     6     7     2    24    40    42    45    46    47
     2     2     1    10    12    20     4     3    11    37    47
     3    10    10     4     7    21     4     6    16    33    34
     4     2     0    10     6    16     4     9    40    41    43
     5     8     7     4     1     6     7     7    13    27    29    33    36    41
     6     4    10    10     1    11     4     9    29    30    44
     7     9     8     9     0    13     8     8    14    15    20    30    31    36    38
     8     2    10     8     3    16     6    18    28    31    32    33    43
     9     1     3     1     5     9     3    13    28    31
    10     2     0     0     1     3     4    11    13    19    27
    11     2     3     5     5     0     3    18    20    27
    12     4     9     0     0    10     7    19    26    27    32    43    44    47
    13     2     9     2     1    15     2    15    43
    14     9     0     0     6     8     5    20    28    32    33    44
    15     7     2     4     0     5     2    18    23
    16     4     7     0     6     0     1    51
    17     4     8     4     0    17     3    27    33    34
    18     3     8     0     0     9     3    19    21    39
    19     5     4     2     8    23     2    26    41
    20     5     0    10     0     3     1    28
    21     5     6    11     1     5     1    51
    22     9     1     7     3    31     1    51
    23     2     0     8     5     0     1    51
    24     7     3     0     0     6     1    47
    25     7     9     0     4    18     1    42
    26     9     3     8     0    13     1    51
    27     6     0     6     6     0     1    51
    28     6     7     9     9     8     1    51
    29     1     0     0     2     0     1    32
    30     9     0     0     1    14     1    49
    31    10     1     8     0     0     3    32    39    43
    32     2    10     8     0     3     1    38
    33     5     0     0     5     3     1    45
    34    10    13     8     3    32     1    43
    35     7     8    11     2    22     1    39
    36     6     8     8     0     3     1    51
    37     4     8     2     9     7     1    45
    38     8     4     0     0    11     2    45    49
    39     3     3     1    10     6     1    51
    40     6     0    10     1     4     2    43    44
    41    10     4     0     7     0     1    51
    42     2     4     2     0     0     2    45    49
    43     2     6    14     0     4     2    49    50
    44     4     7     0     8    11     2    45    49
    45     2    10     2     1     1     1    50
    46     2    10     0     6     2     1    51
    47     6     0     6     1     4     1    51
    48     6     8     9     6     3     2    49    50
    49    10     2     9     0     1     1    51
    50    10     0     6     8     9     1    51
    51     0     0     0     0     0     0
--------------------------------------------------------------------------------
INFORMATION OF PROJECT 3:
#jobs  release  duedate
    52     0   108
#local resources
     2
R_L1   R_L2   
    13    16
jobnr.  dur.  r_G1  r_G2  r_L1  r_L2  #succ.  successors
     0     0     0     0     0     0    10     1    21    25    36    37    38    39    42    43    44
     1     2     2     0     7     0     4     2    33    34    35
     2     8     4     0     9     0     4     3    31    32    50
     3     2     0     5     7     1     1     4
     4     4     5     0     5     0     6     5    26    27    28    29    30
     5     5     3     5     0     9     3     6    15    24
     6    10     0     5     8     0     2     7    23
     7     7     0     2    12     0     2     8    22
     8     4     0     7     8     4     2     9    20
     9     5     0     1    11     0     3    10    19    40
    10     1    10     5     9     1     3    11    17    19
    11     8    10     7     4     1     1    12
    12     5     0     0     6     5     2    13    18
    13     4     3     0     0    11     1    14
    14     4     2     3     0     0     2    16    48
    15     1     0     7     4     0     1    51
    16     2     5     1     0     2     1    51
    17     2    10     1     9     0     1    51
    18     8     0     8     0     3     1    51
    19    10     0    10     0     4     1    41
    20    10     9     0     2     8     1    51
    21     8     5     0    12     0     1    27
    22     6     9     0     2    13     1    51
    23     8     5     8     0     0     1    51
    24     9     0     7     0     1     1    51
    25     8    10     6     0     0     1    51
    26     6    10     0     3     5     1    51
    27    10     2     6     0     0     1    51
    28     1     9     1     0     2     1    51
    29     9     0     2     5     0     1    51
    30     5     9     0     0    10     1    51
    31     8    10     3     0     0     1    51
    32    10     0     0     1    10     1    34
    33     8     6     3     7     0     1    51
    34     1     0     3     0     3     1    48
    35    10     0     0     4    10     1    51
    36    10     3     0     0     4     1    51
    37     7     7     0     6     0     1    51
    38     6     7     0     8     0     1    48
    39    10     0    10     0     2     1    51
    40     5     0     9     0     3     1    51
    41     6     0     2     1     9     1    51
    42     7     0     2     0    10     2    47    49
    43     8     8     0     0     9     1    47
    44     6     5     0     9     8     2    45    48
    45     8     0     5     3     0     1    46
    46     1     0     5     0     9     1    47
    47     5     6     0     4     0     1    51
    48     4     0     1     0     1     1    51
    49     8     0     3     0     1     1    51
    50    10     0     0     7     9     1    51
    51     0     0     0     0     0     0
--------------------------------------------------------------------------------
INFORMATION OF PROJECT 4:
#jobs  release  duedate
    52     0   156
#local resources
     2
R_L1   R_L2   
    17   120
jobnr.  dur.  r_G1  r_G2  r_L1  r_L2  #succ.  successors
     0     0     0     0     0     0    11     1    11    14    26    29    32    36    37    39    44    46
     1     3    12    39    17   120     4     2    19    40    41
     2     7    12    39    17   120     2     3    18
     3     5    12    39    17   120     1     4
     4     4    12    39    17   120     1     5
     5     3     2    19    11    76     3     6    33    34
     6     3     2    19     5    72     2     7    31
     7     3    12    39    17   120     2     8    31
     8    10    12    39    17   120     3     9    16    25
     9     1    12    39    17   120     3    10    20    47
    10     1     0     2     5     9     2    12    23
    11    10    10    20     4    30     5    21    22    23    24    27
    12     2    12    39    17   120     3    13    22    42
    13     4     6     4     8     3     4    15    27    28    30
    14    10     0    29     9   108     1    51
    15     1    10    24     5    33     2    17    38
    16     3     0     9     6    20     3    28    41    45
    17     3    11    24    12    48     3    21    33    48
    18     1     7    33    12   111     5    21    23    33    41    49
    19    10     7    29     5   111     2    31    40
    20     2     4    18    12    20     1    51
    21    10     1     6     5    33     1    51
    22    10     0     9     3    54     1    51
    23     7     2     6    12     7     1    51
    24     5     6    33     5   111     1    45
    25     6     9    18     9    24     1    51
    26     5     7    24    12    57     1    33
    27     1    11     0     0     3     1    40
    28     1    12    39    17   120     2    35    40
    29     8     1    30    12   104     1    51
    30     1     0    10     8     8     1    38
    31     1     0    18     8    90     1    35
    32     4     5    20    12    48     2    40    41
    33     9     6     3     4    20     1    51
    34     2     4    27     8    33     1    51
    35    10     0     9     5    63     1    51
    36     4     9    18     2    21     1    45
    37    10    10    14     6    44     1    47
    38     4     6    12     9    57     1    41
    39    10     6    20     8    29     3    41    42    43
    40     7     2    12    10    45     1    43
    41     1     0    21     5    97     1    51
    42     4     7    33    12    87     3    45    49    50
    43     7    10    10     4     3     1    51
    44    10     5    24     5    67     2    45    50
    45     7     1     6     0     9     1    51
    46    10    10    14     4    44     3    48    49    50
    47     7     6    17     0    21     1    48
    48     4     5     3     0     4     1    51
    49     6     8     8     0    16     1    51
    50     4     2    11     5    87     1    51
    51     0     0     0     0     0     0
--------------------------------------------------------------------------------
INFORMATION OF PROJECT 5:
#jobs  release  duedate
    52     0   147
#local resources
     2
R_L1   R_L2   
   120    39
jobnr.  dur.  r_G1  r_G2  r_L1  r_L2  #succ.  successors
     0     0     0     0     0     0    11     1    11    14    26    29    32    36    37    39    44    46
     1     3    17    12   120    39     4     2    19    40    41
     2     4    17    12   120    39     2     3    18
     3     5    17    12   120    39     1     4
     4     4    17    12   120    39     1     5
     5     3    11     2    75    19     3     6    33    34
     6     3     5     2    72    19     2     7    31
     7     1    17    12   120    39     2     8    31
     8     3    17    12   120    39     4     9    16    25    34
     9     1    17    12   120    39     3    10    20    47
    10     1     5     0     9     2     2    12    23
    11    10     4     7    30    20     3    23    24    27
    12     2    17    12   120    39     3    13    22    42
    13     4     8     6     3     4     4    15    27    28    30
    14    10     9     0   108    29     1    51
    15     1     5    10    33    24     2    17    38
    16     3     6     0    20     6     3    28    41    45
    17     3    12    11    48    24     3    21    33    48
    18     1    12     7   111    33     5    21    23    33    41    49
    19    10     5     7   111    29     2    31    40
    20     2    12     4    20    18     1    51
    21    10     5     1    33     6     1    51
    22    10     3     0    54     9     1    51
    23     7    12     2     7     6     1    51
    24     5     5     6   111    33     1    45
    25     6     9     9    24    18     1    51
    26     5    12     7    57    24     1    33
    27     1     0    11     3     0     2    33    40
    28     1    17    12   120    39     2    35    40
    29     8    12     1   104    30     1    51
    30     1     8     0     9    10     2    38    49
    31     1     8     0    90    18     1    35
    32     4    12     5    48    20     1    40
    33     9     4     6    20     3     1    51
    34     2     8     4    33    27     1    51
    35    10     5     0    63     9     1    51
    36     4     2     9    21    18     1    45
    37    10     6    10    45    14     1    47
    38     4     9     6    57    12     1    41
    39    10     8     6    29    20     2    42    43
    40     7    10     2    45    12     1    43
    41     1     5     0    97    21     1    51
    42     9    12     7    87    33     3    45    49    50
    43     7     4    10     3    10     1    51
    44    10     5     5    67    24     2    45    50
    45     6     0     1     9     6     1    51
    46    10     4    10    45    14     1    48
    47     7     0     6    21    17     1    48
    48     4     0     5     4     3     1    51
    49     6     0     8    16     9     1    51
    50     4     5     2    87    11     1    51
    51     0     0     0     0     0     0
--------------------------------------------------------------------------------
INFORMATION OF PROJECT 6:
#jobs  release  duedate
    52     0   113
#local resources
     2
R_L1   R_L2   
    15    19
jobnr.  dur.  r_G1  r_G2  r_L1  r_L2  #succ.  successors
     0     0     0     0     0     0    11     1     2     3     4     7     8    10    17    19    25    30
     1     5     7     4     2    14     9     5    12    14    20    21    24    44    46    49
     2     7     6     1     5     2    12    11    14    15    20    21    23    29    42    43    44    45    48
     3     8     5    10     0     3     6     9    23    24    42    43    44
     4    10     0     0     4     6     8    11    21    23    29    42    43    45    46
     5     2     0     1     4     8     2     6    43
     6     6     6     0     4     9     2     9    23
     7     5     0     1     1     0     7    14    18    20    37    38    42    44
     8     6     9     0     5     3     5    13    16    21    29    41
     9    10    11    10     3    12     3    11    29    47
    10     8     0     4    10     2     4    13    14    16    45
    11     6     6     0     4     4     4    13    28    40    41
    12     2     0    11     5     4     7    29    34    35    39    40    42    47
    13     8     0     5    10    10     7    18    34    35    37    38    39    49
    14    10    10     0     0     1     3    16    35    36
    15     4     1     0     3     1     6    26    32    33    35    36    37
    16    10     5     0     2     0     4    22    27    28    37
    17    10     7    10     1    10     4    31    33    40    42
    18     9    10     0     1     3     3    26    32    36
    19     7     9     0     9     0     4    32    33    34    42
    20     8     0     9     1     0     2    27    34
    21     3    10     3     2    18     3    27    33    39
    22     2     7     0    10     0     3    27    31    34
    23     2     6     2     0    15     1    49
    24     8     0     2     4     0     2    32    35
    25     4     8     6     0     0     2    31    44
    26     7     0    10     0     6     1    27
    27     7     0     5     5     8     1    31
    28     3     3     0     0     6     1    33
    29     6     0     0     1     2     1    51
    30     9     6     0     2     0     1    51
    31     6     0    10     0    12     1    51
    32     6     0     9    13     0     1    51
    33     8     0     8     2     0     1    51
    34     7     1     3     0     0     1    51
    35     9     0     7     0     6     1    46
    36     9     6     0     8     0     1    50
    37     9     0     3     7     0     1    48
    38     7     8    10     2     0     1    51
    39     5     1     4     8     8     1    51
    40     5     6     0     4     2     1    46
    41     3     0     9     5     0     2    46    48
    42     1     3    10     0     6     1    51
    43     2     3     6     0     7     1    51
    44     6     7     0     5     4     2    47    50
    45     9     0     0     1     2     1    51
    46     4     0     5     0     1     1    51
    47    10     0     5     0     3     1    50
    48     4     0     0     6     3     1    50
    49     2     1     7     0     2     1    50
    50     6     0     4     2    10     1    51
    51     0     0     0     0     0     0
--------------------------------------------------------------------------------
INFORMATION OF PROJECT 7:
#jobs  release  duedate
    52     0    72
#local resources
     2
R_L1   R_L2   
    16    17
jobnr.  dur.  r_G1  r_G2  r_L1  r_L2  #succ.  successors
     0     0     0     0     0     0    11     1     2     3     4     5     6    12    14    15    23    28
     1     6     3     0     4     0     8     7    10    16    18    20    24    25    37
     2     2     0     5     0     1     7    11    13    16    20    22    35    48
     3     6     2    10     0     0     7    11    16    20    24    25    36    37
     4     3     0     0     4     4     3     9    24    25
     5     7     8     5     0     0     6    11    19    20    35    36    48
     6     5     5     0     9     0     6    16    17    22    25    34    36
     7     3     8    10     0     0     2     8    36
     8     1     4     8     0     0     2     9    27
     9     5     9     0    10     0     3    11    22    34
    10     6     0     4     8     0     6    17    33    38    43    48    49
    11     4     0     0     6     4     5    17    31    33    49    50
    12     9     9     0     0     3     3    17    19    36
    13     3     2     7     0     0     7    21    27    32    36    37    39    46
    14    10     0     6     1     0     9    26    32    33    37    38    41    43    45    46
    15     2     9     0     7     0     7    25    31    34    37    41    44    46
    16     9     0     0     6     9     4    19    41    45    46
    17     7     9     0     7     0     5    21    32    41    44    46
    18    10     6     0     0     4     7    31    40    41    42    44    45    48
    19     3     4     0     0     6     3    26    31    42
    20     1    10     0     3     0     5    30    34    43    45    47
    21     9    10     0     0     7     4    29    42    45    47
    22     3     0     0     8     9     4    30    44    47    50
    23     3     1     0     0     2     4    30    33    35    41
    24     1     1     0     0     4     2    27    46
    25     6     0     7     0     8     3    35    48    49
    26     8     0     0     8     8     2    29    44
    27     6     0     0     7     8     3    40    41    42
    28     6     5     6     0     0     2    41    48
    29     5     0     0     7    10     1    30
    30     9     3     0     0     5     1    40
    31     1     0     0     6     4     1    43
    32     8     0     4     0     2     1    40
    33    10     0     2     0     8     1    40
    34     2     0     5     3     0     1    40
    35     8     0     5     0     4     1    40
    36     2     0     0     6     9     1    43
    37    10     0     3     0    10     1    42
    38     1     9     0     5     0     1    40
    39     4     9     7     0     0     1    41
    40     6     0     2     0     8     1    51
    41     6     0     6     0     4     1    51
    42    10     0     3     8     0     1    51
    43     6     6     5     0     0     1    51
    44     3     6     0     5     0     1    51
    45     7     0     5     0     6     1    51
    46     9     7     4     0     0     1    51
    47     7     6     0     0     2     1    51
    48     7     0     3     8     0     1    51
    49     3     0     0     9     3     1    51
    50     1     0     0     4     2     1    51
    51     0     0     0     0     0     0
--------------------------------------------------------------------------------
INFORMATION OF PROJECT 8:
#jobs  release  duedate
    52     0    86
#local resources
     2
R_L1   R_L2   
    11    14
jobnr.  dur.  r_G1  r_G2  r_L1  r_L2  #succ.  successors
     0     0     0     0     0     0    15     1     2     4     6     7     9    10    11    13    15    17    20    22    24    50
     1     7     0     0     2     8     4     3    19    43    47
     2     8     0     4     7     0    12     8    19    26    27    35    38    39    40    42    43    45    48
     3     8     8     0     0     6     7     5    28    35    38    39    40    46
     4     9     0     5     0     3     5     8    27    35    45    48
     5     1     2     0     0     9     4     8    18    41    42
     6    10     0     0     4     8     9    16    19    27    29    36    37    38    39    45
     7     4     0     6     0     1     9    14    26    28    29    34    37    39    42    49
     8    10     0     0     2     5     4    12    32    33    37
     9     2     9     0     5     0     6    16    30    35    38    41    43
    10     1     0    10     0     8     7    23    27    28    30    32    35    38
    11     9     0     7     0     3     7    25    26    33    38    39    40    41
    12     7     0     0     5     7     3    16    30    36
    13    10     0     7     0     7     5    25    27    30    32    35
    14     2     5     0     4     0     5    30    33    35    36    44
    15    10     0     8     1     0     5    30    32    40    43    44
    16     8     5     1     0     0     2    21    34
    17     6     2     4     0     0     4    30    32    44    46
    18     2     4     6     0     0     2    25    26
    19     5     0     1     5     0     3    30    31    32
    20     8     1     0     0     2     3    30    31    47
    21     9     0     0     6     6     1    23
    22     2     0     0     2    10     2    31    35
    23     2     2     0     0     8     1    25
    24     2     0     0     7     1     1    29
    25     4    10     0     9     0     1    31
    26     8     6     0     0     4     1    30
    27     7     1     1     0     0     1    31
    28     9     8     0     8     0     1    33
    29     8     0     7     0     9     1    30
    30     8     8     0     8     0     1    51
    31    10     2     0     2     0     1    51
    32     4     0     6     0     3     1    51
    33     5     0     2     2     0     1    51
    34     4     9     0     8     0     1    51
    35    10     0     9     4     0     1    51
    36     9     5     0     1     0     1    51
    37     3     9     0     1     0     1    51
    38    10     4     0     0     2     1    51
    39     9     0     5     0     6     1    51
    40     4     7     0     0     2     1    51
    41    10     0     7     9     0     1    51
    42     3     9     0     0     4     1    51
    43     5     0     0     3     6     1    51
    44    10     0     9     0    10     1    51
    45     9     1     0     0     7     1    51
    46     9     0     0     1     3     1    51
    47    10     5     0     5     0     1    51
    48     2     4     0     0     1     1    51
    49     7     0     3     0    10     1    51
    50     2     9     4     0     0     1    51
    51     0     0     0     0     0     0
--------------------------------------------------------------------------------
INFORMATION OF PROJECT 9:
#jobs  release  duedate
    52     0   150
#local resources
     2
R_L1   R_L2   
   119   115
jobnr.  dur.  r_G1  r_G2  r_L1  r_L2  #succ.  successors
     0     0     0     0     0     0    10     1     3    12    18    24    25    29    34    40    49
     1     9    18   151   119   115     3     2     6    14
     2     2    18   145   110   114     4     4    16    21    26
     3     1    16    12    45    51     4     4    38    42    48
     4     2    10    91    60    76     1     5
     5     4    18   145   110   114     1     7
     6     3    18   145   110   114     1     8
     7    10    18   151   119   115     2     8    21
     8     3    11    59    28    16     1     9
     9     1    10    97    69    77     2    10    35
    10     9    11    59    28    16     2    11    37
    11     9    16    99   108    92     2    13    31
    12    10     7    92    91    99     6    13    16    22    23    38    43
    13     1     9   124    99    82     2    15    28
    14     5     0     6     9     1     6    17    21    22    33    35    38
    15     4    14    12    45    51     1    17
    16     7    14    93    75    72     1    17
    17     4    13   105    94    86     1    19
    18     6     7   104    57    61     1    43
    19     8    13    18    36    52     7    20    27    30    44    45    47    48
    20     5     3     7    12    21     1    50
    21     1     8   144   107    94     1    51
    22     8     2     6     9    13     1    51
    23     6    15   144   107    94     5    26    27    28    31    46
    24     4    14   122    75    84     2    26    36
    25    10     2   133    65    63     1    51
    26     2    13    41    36    62     2    39    47
    27     4     5    35    12    12     4    32    36    41    46
    28     8     2    18    35    30     2    30    33
    29     9    12    49    84    72     1    51
    30     3     9    20    62    47     2    43    46
    31     4     9    21    11    32     1    51
    32     1     4    89    57    67     1    51
    33     3     1    12    12    29     2    42    45
    34     3     8    54    50    38     1    51
    35     9     2    52    11    23     5    36    41    43    46    50
    36     5     8    86    69    61     1    51
    37     6    10    50    48    54     1    51
    38     8    14   101   107    86     1    51
    39     8    15   122   107    86     3    45    47    48
    40     7     7   101   106    63     2    41    47
    41     2     4     9    27    14     1    51
    42     5     3    40    16    16     3    44    46    50
    43     3     1    54    57    42     1    51
    44     9     1    29     2    20     1    51
    45    10    10     6    11    21     1    46
    46     1     0    74    33    27     1    51
    47     6     0     0     0     1     1    51
    48     4     2    50    12    17     1    50
    49     9     5   110    83    51     1    51
    50     7     4    27    12    28     1    51
    51     0     0     0     0     0     0
--------------------------------------------------------------------------------
INFORMATION OF PROJECT 10:
#jobs  release  duedate
    52     0   164
#local resources
     2
R_L1   R_L2   
   170   143
jobnr.  dur.  r_G1  r_G2  r_L1  r_L2  #succ.  successors
     0     0     0     0     0     0     8     1     8    16    18    21    23    34    40
     1     4   113   111   170   143     2     2    27
     2     6   113   111   170   143     2     3    43
     3     1   113   111   170   143     1     4
     4     2   113   111   170   143     3     5    19    20
     5     2    44    61    85   103     1     6
     6     1     2     3    19    28     3     7    20    27
     7     1   113   111   170   143     1     9
     8    10   111   108   151   115     2     9    22
     9     1    38    52    82   103     6    10    19    29    30    33    41
    10     8   113   111   170   143     2    11    44
    11     9   113   111   170   143     4    12    24    26    28
    12     2     4     5    10     8     2    13    42
    13     2    44    47    53    80     1    14
    14     2   113   111   170   143     3    15    31    48
    15     9    29    11    14    87     1    17
    16    10    69    50    85    40     1    28
    17     7     0     0     9     8     1    51
    18    10    73    67   119   129     1    51
    19     2    17    43    72    40     1    35
    20     6   109   106   160   135     1    25
    21     2   109   106   160   135     1    41
    22     9    73    71   131   119     1    50
    23    10    73    62   105   108     1    51
    24     1    38    41    73    63     1    46
    25     1   109   106   160   135     4    26    32    39    50
    26     1     0    12    32     0     1    45
    27     1   109   106   160   135     2    42    50
    28     5    38    52    78    35     3    37    42    45
    29     2    34    25    32    84     1    47
    30     2    40    43    51    14     1    35
    31     9    27    15     0    16     1    49
    32     5   109   106   160   135     2    42    45
    33     2    44    59    76    95     2    38    39
    34     2    86    84   128   115     1    46
    35     3   109   106   160   135     3    36    39    41
    36     2    24    28    51    52     3    37    42    45
    37     5    73    67   126   119     1    47
    38    10    89    83   119    91     2    39    41
    39     6   109   106   160   135     1    45
    40     5    75    59    88    40     1    42
    41     1    29    11     5    56     1    44
    42     4   113   111   161   135     1    46
    43    10    84   100   156    56     1    45
    44     1    79    86   138    56     1    46
    45     4   113   111   161   135     1    46
    46     2   113   111   161   135     2    47    48
    47     7    40    40    30    14     1    49
    48    10    40    44    35    14     1    51
    49    10    40    49    65    35     1    51
    50     6   113   111   170   143     1    51
    51     0     0     0     0     0     0
--------------------------------------------------------------------------------
TRANSFER TIMES OF GLOBAL RESOURCE G1
 DEPOT    P1    P2    P3    P4    P5    P6    P7    P8    P9   P10
     0    15    24    25    15     5    21    19    28     5    11
    15     0    12    10    15    12    35    28    42    19    24
    24    12     0     6    16    22    44    31    50    28    31
    25    10     6     0    19    21    45    34    51    29    33
    15    15    16    19     0    16    31    16    37    19    17
     5    12    22    21    16     0    24    23    31     8    16
    21    35    44    45    31    24     0    23     8    17    15
    19    28    31    34    16    23    23     0    26    20    11
    28    42    50    51    37    31     8    26     0    24    20
     5    19    28    29    19     8    17    20    24     0    10
    11    24    31    33    17    16    15    11    20    10     0
--------------------------------------------------------------------------------
TRANSFER TIMES OF GLOBAL RESOURCE G2
 DEPOT    P1    P2    P3    P4    P5    P6    P7    P8    P9   P10
     0    16    10    13    23    32    29    23     7    19    32
    16     0     7    11    10    19    19    38    11    10    47
    10     7     0    10    14    25    23    32     4    13    40
    13    11    10     0    20    21    17    30    11     7    44
    23    10    14    20     0    23    26    45    17    18    51
    32    19    25    21    23     0     8    50    28    15    64
    29    19    23    17    26     8     0    44    26    11    60
    23    38    32    30    45    50    44     0    29    37    22
     7    11     4    11    17    28    26    29     0    16    37
    19    10    13     7    18    15    11    37    16     0    50
    32    47    40    44    51    64    60    22    37    50     0
--------------------------------------------------------------------------------
Additional Information: 
global resource strength = 0.5
transfer time factor = 0.5
adapted from RCPSP instances: 
[sD172, sD161, sD74, sD208, sD216, sD110, sD45, sD20, sD327, sD358]
