--------------------------------------------------------------------------------
PORTFOLIO INFORMATION:
#projects
    10
#global resources
     2
R_G1   R_G2   
   408   314
--------------------------------------------------------------------------------
INFORMATION OF PROJECT 1:
#jobs  release  duedate
    52     0   153
#local resources
     2
R_L1   R_L2   
   113   143
jobnr.  dur.  r_G1  r_G2  r_L1  r_L2  #succ.  successors
     0     0     0     0     0     0     8     1     8    16    18    23    34    35    40
     1     8   170   111   113   143     1     2
     2     6   170   111   113   143     1     3
     3     1   170   111   113   143     1     4
     4     5   170   111   113   143     1     5
     5     2    85    61    44   103     2     6    36
     6     2     3     3     2   125     2     7    33
     7     2   170   111   113   143     1     9
     8     8   167   108   111    18     1     9
     9     2    82    52    29   101     9    10    19    20    22    25    27    28    30    41
    10     5   170   111   113   143     2    11    24
    11     2   170   111   113   143     4    12    24    26    28
    12     7    15     5     4     8     1    13
    13     1    50    13    44    19     1    14
    14     2   170   111   113   143     3    15    31    48
    15     9    14    11    29    87     1    17
    16    10    85    50    69    40     2    28    38
    17     7     9     3     0     8     1    51
    18     4   100    64    73   119     1    50
    19     2    70    56    17    77     1    21
    20     3   155   106    86   127     1    50
    21     1   155   106    86   119     2    41    42
    22     9   150    78    67   124     1    51
    23     7   135    62    73   108     1    51
    24     3    37    48    28    63     1    46
    25    10   155   106    86   119     1    44
    26     2    76    50     2    50     1    44
    27     3   155   106   109   135     1    29
    28     4    79    50    29    11     3    37    42    45
    29     1   120    60    57    19     1    32
    30     2    70    47    40    11     2    37    38
    31     9     5     0    27    16     1    49
    32     3   155   106   109   135     1    42
    33     2    76    58    44    95     1    38
    34     4   135    62    73   108     1    51
    35     1   155   106    86   119     6    36    37    38    39    44    50
    36     1    27    28    24   124     1    42
    37     7   130    63    46    66     1    47
    38     2   143    83    89    19     1    39
    39     4   155   106    86   127     1    45
    40    10    88    59    84    42     2    43    44
    41     1     5     8    29    77     2    42    44
    42     2   161   108    86   127     1    46
    43    10   156   100    84    56     1    45
    44     2   119    60    58    56     1    46
    45     2   161   108   113   135     1    46
    46     4   161   108   113   135     2    47    48
    47     8    20    33    46    19     1    49
    48    10    35    47    40    21     1    51
    49    10    35    49    40    35     1    51
    50     8   170   111   113   143     1    51
    51     0     0     0     0     0     0
--------------------------------------------------------------------------------
INFORMATION OF PROJECT 2:
#jobs  release  duedate
    52     0   142
#local resources
     2
R_L1   R_L2   
   151   115
jobnr.  dur.  r_G1  r_G2  r_L1  r_L2  #succ.  successors
     0     0     0     0     0     0     9     1     3     6    12    16    18    25    26    49
     1     5   107    13   144   110     1     2
     2     9   107    13   144   110     1     4
     3     1    12     5     7     5     5     4    14    23    34    48
     4     4   110    18   145   110     1     5
     5     1   110    18   145   110     1     7
     6     7   110    18   145   110     1    39
     7     3   119    18   151   115     1     8
     8     2    28    11    59    16     2     9    39
     9     1    37     6    12    47     2    10    35
    10     9    28    11    59    16     3    11    37    38
    11    10    80     6   112    88     4    13    30    31    32
    12    10    91     7    92    99    10    13    17    21    22    23    24    29    31    34    43
    13     1    89     8   124    73     3    15    28    43
    14     5   116     6   110    88     2    17    32
    15     1    45    14    12    47     1    17
    16     1    61     1    86    55     4    17    23    37    38
    17     1    96    15   105    84     1    19
    18     7    89     7   124    68     2    24    42
    19     8    13    13    18    52     4    20    27    30    32
    20     4    20     2    40    21     1    50
    21     4   107     8   104    87     1    51
    22     9     9     0     6     5     1    30
    23     5    98    14   137    89     4    27    28    37    48
    24     8    58    16   131   109     4    40    41    42    46
    25    10    65     4   133    63     1    46
    26     2    49    10   125   104     6    31    32    33    34    39    43
    27     4    11     5    66    35     2    36    46
    28     7    61     2    20     6     2    30    33
    29    10    46    12    45    55     1    45
    30     3    23    11    18    47     1    51
    31     4    11     9    21    37     1    51
    32     1    56     8   117   105     2    36    50
    33     5    12     4     8    28     1    42
    34     4    46     8    59    47     1    44
    35     9    39     3    39    27     3    42    46    50
    36     3    13    14    60    48     1    51
    37     6    30    10    27    42     3    42    43    46
    38     2    73     9    73    58     1    47
    39     9    98    14   117    87     1    46
    40     3    96     1    51    48     5    45    46    47    48    50
    41     2     2    12    18    27     1    51
    42     5    23     3    46    31     1    44
    43     2    22    13    66    48     2    45    48
    44     8     1     1    34    10     1    51
    45    10     2    10     4    17     1    51
    46     1    65     0    19    31     1    51
    47     4     2     8     7     4     1    51
    48     2     8     9    72    27     1    51
    49     9    82     4   110    50     1    50
    50     7    12     4     8    21     1    51
    51     0     0     0     0     0     0
--------------------------------------------------------------------------------
INFORMATION OF PROJECT 3:
#jobs  release  duedate
    52     0   137
#local resources
     2
R_L1   R_L2   
   119    18
jobnr.  dur.  r_G1  r_G2  r_L1  r_L2  #succ.  successors
     0     0     0     0     0     0     7     1     3    12    18    25    32    40
     1     8   151   115   119    18     7     2     6    14    29    43    47    49
     2     4   151   115   119    18     2     4    44
     3     1    41    61    23     6     2     4    23
     4     1    98    61    75     6     2     5    16
     5     1   151   115   119    18     2     7    41
     6    10   110    84   103    10     1    16
     7     1   151   115   119    18     1     8
     8     1    59    16    28    11     1     9
     9     1    18    52    37     6     2    10    35
    10     9    59    16    28    11     4    11    14    37    48
    11    10    68    83   109    12     1    13
    12    10    92    99    91     7     7    16    17    21    23    29    34    43
    13     1   124    73    89     8     1    15
    14     8    99    84   103     8     3    17    36    41
    15     3    18    52    54    14     3    17    26    28
    16     1    57    49    46     0     1    51
    17     3   111    84   103    15     1    19
    18     6   124    73    89     8     2    20    24
    19     7    16    52    23    12     4    20    27    30    39
    20     2     7    21    12     2     2    22    50
    21     7   143    94   107     8     1    51
    22     4     7     5     9     0     1    51
    23     9    99    94   107    12     4    26    27    28    37
    24     8   135    85    65    16     2    26    42
    25    10   133    63    65     4     1    51
    26     1     6     2    15    10     2    31    39
    27     5    46    31    11     5     1    36
    28     5    16    30    54     1     2    30    33
    29    10    16    54    44    12     3    34    38    46
    30     3    16    22    11    10     2    47    50
    31     4    72    32    42     9     1    43
    32     1    12    47    23     6     1    43
    33     2     8    19    12     6     1    42
    34     4    53    47    37     8     1    51
    35     9    83    32    10     0     1    41
    36     3    58    15    11     9     1    51
    37     5    27    42    30    10     1    51
    38     2    90    47    73     9     1    43
    39     3   143    94   107    14     2    44    45
    40     3    60    51    96     0     2    42    48
    41     1    72    23     1     4     2    43    50
    42     5    40    16    16     3     2    44    50
    43     1    42    32    70     0     1    51
    44     9    34     4     7     1     1    51
    45     8     2     2     2    10     1    51
    46     3     7    31     6     1     1    51
    47     2     0    15     0     7     1    51
    48     5    52    16     3     6     1    50
    49    10   110    53    82     0     1    50
    50     6     8    14    12     4     1    51
    51     0     0     0     0     0     0
--------------------------------------------------------------------------------
INFORMATION OF PROJECT 4:
#jobs  release  duedate
    52     0    65
#local resources
     2
R_L1   R_L2   
    14    16
jobnr.  dur.  r_G1  r_G2  r_L1  r_L2  #succ.  successors
     0     0     0     0     0     0    26     1     2     4     5     6     8     9    10    11    12    13    14    15    19    20    21    41    42    43    44    45    46    47    48    49    50
     1     9     8     3     0     0     4     3    17    23    40
     2     3     7     0     6     0     7    16    22    23    24    29    32    37
     3     5     0     2     3     0     3     7    24    27
     4     9     3     0     0     4     6    22    23    24    28    31    39
     5     9     4     0     0     4     5    22    23    30    34    38
     6     6     0     4     6     0     4    22    23    33    36
     7     3     3    10     0     0     3    16    22    26
     8    10     0     7     5     0     2    18    30
     9     2     8     5     0     0     2    29    32
    10     4     3     0     2     0     2    22    23
    11     2     5     0     1     0     2    24    29
    12     1     0     4     8     0     2    22    34
    13     9     7     0     0    10     2    26    33
    14     5     0     2     0     6     2    24    31
    15     8     8     0     0     3     1    17
    16     1     0     2     0     6     1    25
    17     5     0     1     7     0     1    28
    18     1     2     2     0     0     1    27
    19     9     0     4     0     6     1    35
    20     8     0     1     0     3     1    23
    21     3     0     7     8     0     1    23
    22     3     2     0     2     0     1    51
    23     7     5     0     0     9     1    51
    24     7     0     9     0     8     1    51
    25     2     0     0     6     8     1    51
    26     9     0     3     0     1     1    51
    27     5     3     0     0    10     1    51
    28     6     2     0     2     0     1    51
    29     5    10     0     6     0     1    51
    30     8     8     0     0     1     1    51
    31     5     0     8     0     9     1    51
    32     1     0     0     7     5     1    51
    33    10     0     2     0     3     1    51
    34     8     6    10     0     0     1    51
    35     9     9     0     0     2     1    51
    36     2    10     0     0     7     1    51
    37     9     0    10     0     3     1    51
    38    10     3     0     0     2     1    51
    39     6     2     8     0     0     1    51
    40     5     3     0     0     1     1    51
    41     9     0     5     0     9     1    51
    42     6     4     0     0     3     1    51
    43     3     0     0    10     2     1    51
    44     8     5     5     0     0     1    51
    45    10     0     8     0     1     1    51
    46     4     0     3     0     4     1    51
    47     9     0     7     0     7     1    51
    48     9     0     0     3     6     1    51
    49     4     0     9     0     4     1    51
    50     7     6     0     7     0     1    51
    51     0     0     0     0     0     0
--------------------------------------------------------------------------------
INFORMATION OF PROJECT 5:
#jobs  release  duedate
    52     0   122
#local resources
     2
R_L1   R_L2   
    20    11
jobnr.  dur.  r_G1  r_G2  r_L1  r_L2  #succ.  successors
     0     0     0     0     0     0     9     1     6     8    19    26    35    46    48    50
     1    10    18    10    11    11     1     2
     2     4    18    12    20    11     2     3    24
     3     6    18    12    20    11     2     4    44
     4     4    11     6     8     2     3     5    42    45
     5     9    12     3    11    11     7     7    21    27    39    40    41    43
     6     5     5     4     3     9     5     9    15    38    39    44
     7     9     8     3     4     2     3     9    15    38
     8     4     0     2     9     0     3     9    18    40
     9     8    15     4    13     3     5    10    32    37    42    47
    10     3     0     0     5     3     3    11    34    36
    11     3     4     6     4     0     4    12    25    29    31
    12     1     9     4    11    11     7    13    22    23    28    33    43    44
    13     2    11     1     1     3     1    14
    14     7     0     0    10     2     1    16
    15     1    13     4     5     3     4    22    23    32    41
    16     9     6     0     9     8     1    17
    17     3     3     0    10     0     1    20
    18     1     9     3     0     3     3    21    31    38
    19     3     0     0     1     5     2    31    45
    20     2     2     1     4     0     1    51
    21     7     3     1     0     0     1    34
    22    10     3     0     0     2     1    51
    23     6     0     0     6     3     1    51
    24     7    10     4    15     1     1    44
    25     3     7     9    19     3     1    51
    26     8    13     3     4     4     1    37
    27     3    14     4     7     0     1    43
    28     7     0     9     0     1     1    51
    29     2    13     3     9     1     2    30    36
    30     4     5     0     7     6     1    51
    31     5     2     4     9     4     1    51
    32    10     7    10     0     0     1    51
    33     9     0     4     2     0     1    51
    34     8     0     2     5     0     2    39    47
    35    10    13     6     1     6     3    38    40    45
    36     8     3     4     4     0     1    51
    37     5     9     2    16     0     1    44
    38     4    18    10     9     4     3    40    43    49
    39    10     0     0     5     5     1    51
    40     3     0     3     3     7     1    41
    41     7     1     0    11     4     1    51
    42    10     3     0     6     2     1    51
    43     7     0     0     8     4     1    51
    44     1     1     9     7     0     1    51
    45    10     0     3     4     0     1    51
    46     5     6     6     0     0     1    47
    47     4     9     0     5     5     1    51
    48    10     3     9     4     9     1    51
    49     6     0     8     0     3     1    51
    50     5     7     1     9     3     1    51
    51     0     0     0     0     0     0
--------------------------------------------------------------------------------
INFORMATION OF PROJECT 6:
#jobs  release  duedate
    52     0   109
#local resources
     2
R_L1   R_L2   
    14    10
jobnr.  dur.  r_G1  r_G2  r_L1  r_L2  #succ.  successors
     0     0     0     0     0     0    12     1     2     4     6     7     9    10    11    18    21    23    49
     1     3     6     1     1     3     7     3    20    30    31    45    46    48
     2     3     1     2     7     0     6     5    20    40    41    42    45
     3     4     7     4     0     0     7     5    27    34    40    41    42    47
     4     1     0     0     5     4    10    16    20    25    34    36    39    40    41    42    46
     5     1     5     1     0     0     4     8    30    34    46
     6     7     8     2     0     1     6     8    28    30    43    44    48
     7     8     9     9    10     9     9    14    19    27    28    31    33    42    43    44
     8     4     0     3     0     6     5    12    17    35    37    39
     9     9    10     0     0     5     6    13    15    17    28    36    40
    10     7     0     0     2     1     6    16    34    38    40    43    45
    11    10     0     9     2     9     8    19    24    31    37    40    41    42    43
    12     7     4    10    10     1     2    16    36
    13     9     5     9     0     0     5    24    25    32    34    35
    14     8     1     9     0     0     3    29    36    37
    15     3     0     8    10     8     4    29    30    35    41
    16     8     5     0     0    10     3    22    32    35
    17    10     7     0     6     0     4    29    35    36    47
    18     2     7     9     6     1     4    19    26    32    48
    19     1     9     6    14     3     1    45
    20     1    11     0     3     1     2    32    35
    21     9     0     0     9     9     1    34
    22    10     1     0     8     0     1    24
    23     5     0     4    10     6     2    33    34
    24     6     9     0     0     1     1    26
    25     6     4     4     0     0     1    26
    26     4     6     2     0     0     1    33
    27     4     2     0     0     6     1    32
    28     9     0     0     6     0     1    37
    29     3     1    10     9     0     1    32
    30     7     0     0     8     1     1    51
    31     9     0     3     2     0     1    47
    32     7    10     3     0     0     1    41
    33     1     2     1     8     0     1    51
    34     7     6     1     0     0     1    51
    35     8    10     0    12     1     1    51
    36     3     7     0     0     1     1    41
    37     1     5     3     0     0     1    41
    38     9     0     0     6     8     1    51
    39     2     4     0     0     3     1    51
    40     4     2     7     6     3     1    43
    41    10     6     0     2     0     1    51
    42     2    13     0     0     5     1    51
    43     3     8     0    10     0     1    47
    44     5     2     0     0     7     1    47
    45     3     0     0    10     5     1    51
    46     5     4     0     4     0     1    48
    47     7    10     2     0     1     1    51
    48    10     0    10     0     1     1    51
    49     7     0     0     9     6     1    50
    50     6     3     2     0     6     1    51
    51     0     0     0     0     0     0
--------------------------------------------------------------------------------
INFORMATION OF PROJECT 7:
#jobs  release  duedate
    52     0    57
#local resources
     2
R_L1   R_L2   
    15    20
jobnr.  dur.  r_G1  r_G2  r_L1  r_L2  #succ.  successors
     0     0     0     0     0     0    14     1     2     3     5     6     7     8     9    11    12    14    15    19    27
     1     3     0     8     8     0     6     4    20    25    30    35    48
     2     7     5     0     9     0    12    16    17    21    23    24    28    30    33    34    43    47    48
     3     4    10     0     5     0    10    10    17    20    26    30    33    35    45    48    49
     4     6     9     0     0    10     7    13    22    28    32    34    43    44
     5     8     1     2     0     0     7    18    22    28    29    30    35    45
     6     2     5     0     4     0     9    23    24    33    34    41    43    44    47    48
     7     9     0     6     0     8     8    18    25    28    32    33    44    46    49
     8     5     4     1     0     0     9    28    32    33    35    40    43    44    46    47
     9     1     6     0     0    10     8    28    29    31    32    40    41    43    48
    10     7     0     2     0     2     8    28    31    32    34    37    40    43    44
    11     9     0     6     0     8     5    18    25    44    46    49
    12     7     0     8     0     7     9    31    35    38    40    41    44    46    48    49
    13     1     2     3     0     0     8    31    33    37    38    40    41    45    50
    14     6     0     7     0     3     6    24    36    37    41    43    48
    15     6     2     7     0     0     5    26    31    40    41    47
    16    10     7     1     0     0     7    31    36    37    38    41    44    45
    17    10     8     0     0     9     6    31    32    36    37    44    46
    18    10     0    10     0     9     6    31    36    37    40    41    43
    19     6     0     7     2     0     4    29    33    40    41
    20     1     0     8     0    10     4    31    32    36    46
    21     2     1     0     0     7     4    29    36    40    41
    22     9     1    10     0     0     4    36    37    40    47
    23     5     0     3     0     8     4    39    40    42    45
    24     6     7     0     7     0     2    31    32
    25     9     0     1     5     0     3    36    37    41
    26     8     9     9     0     0     3    36    37    38
    27     6     9     6     0     0     3    36    37    45
    28     7     3     0     8     0     2    36    42
    29     7     4     5     0     0     2    37    42
    30     6     0     0    10     6     1    32
    31     6     8     7     0     0     1    39
    32    10     6    10     0     0     1    38
    33     3     5     0     0     7     1    36
    34     5     0     0     7     2     1    36
    35     3     5    10     0     0     1    37
    36     5     1     0     0     1     1    51
    37     6     3     0     0     2     1    51
    38     2     0     0     5     9     1    51
    39     3     0     0     3     4     1    51
    40     4     5     0     2     0     1    51
    41     4     0     0     2     2     1    51
    42     5     4     0     0     4     1    51
    43     4     9     0     6     0     1    51
    44     3     9     2     0     0     1    51
    45     2     9     0     0     9     1    51
    46     3     9     0     0    10     1    51
    47     6     7     0     0     8     1    51
    48     4     8     0     0     4     1    51
    49     2     7     7     0     0     1    51
    50     2     4     0     0     2     1    51
    51     0     0     0     0     0     0
--------------------------------------------------------------------------------
INFORMATION OF PROJECT 8:
#jobs  release  duedate
    52     0   120
#local resources
     2
R_L1   R_L2   
   140    15
jobnr.  dur.  r_G1  r_G2  r_L1  r_L2  #succ.  successors
     0     0     0     0     0     0    10     1    16    19    21    27    30    36    44    46    49
     1     7    11    17   122     7     8     2    33    37    38    39    40    41    42
     2     6     5    17   118     6     1     3
     3     1     0    13    70     2     3     4    29    34
     4     2     0     8    94     0     2     5    31
     5     9    10    13   121    13     3     6    28    32
     6     1     0     1   113     5     2     7    25
     7     2    10     5   123     2     3     8    15    24
     8    10     5    12    61    11     4     9    23    33    43
     9     8     3     5     1     0     3    10    15    22
    10     5     5     1    31     5     3    11    17    20
    11     4     0     0     2     8     1    12
    12     6     2     1   112     7     1    13
    13     6    10     5    81     4     3    14    26    38
    14     7     0     4    28     8     1    18
    15     3     0     2     0     9     1    51
    16     9     0     0    10     2     1    51
    17     2     3     2     8     9     2    28    39
    18     4     0     5    12     0     1    51
    19     8     4     4    48    11     1    51
    20     9     0    10    33     9     2    35    45
    21     4     0    12     7    10     1    51
    22     7     4     0    20     0     2    34    45
    23     9     0     7    37     6     1    51
    24     2     7    12    93     7     1    35
    25     1     3     0    60     0     1    43
    26     2     1     4     2     4     1    39
    27     6     8    10    20     0     1    39
    28     8     6     0    10     0     1    51
    29     2     0     4     9     0     1    51
    30    10     0     9    36    13     2    33    50
    31     2     0     4     9    10     1    50
    32     1     9    10     6     0     1    50
    33     2     0     4    12     0     1    43
    34     8     6     0     5     0     1    51
    35     5     6     4     0     0     1    38
    36     7     8    16    18     5     1    47
    37    10     5     0    22     1     1    51
    38     4     0    11     2     0     1    51
    39     5     0     6     5     0     1    51
    40     1     1     0     0     1     2    43    50
    41     3     5     4    38     9     2    43    50
    42     5     0     1    38     4     1    45
    43     4     5     0     7     1     1    45
    44     8     9     6    71     6     3    45    47    48
    45     5     2     7     7     0     1    51
    46     5     7     2    37    10     2    47    48
    47     8     0     0     8     6     1    51
    48     2    10     1    27     8     1    51
    49     8     7     5    12     7     1    50
    50     9     0    12   106    10     1    51
    51     0     0     0     0     0     0
--------------------------------------------------------------------------------
INFORMATION OF PROJECT 9:
#jobs  release  duedate
    52     0   117
#local resources
     2
R_L1   R_L2   
    14    33
jobnr.  dur.  r_G1  r_G2  r_L1  r_L2  #succ.  successors
     0     0     0     0     0     0     9     1     4     5    10    12    22    25    35    48
     1     2     1    13     4     7     6     2    24    40    42    46    47
     2     2    12    10     1    20     4     3    11    37    47
     3    10     7     4    10    21     4     6    16    33    34
     4     2     8    10     0    29     5     9    17    40    41    43
     5    10     1     4     7     4     7     7    13    20    29    33    36    41
     6     1     6    10    10    12     4     9    29    30    44
     7     9     8     9     8    14     6     8    14    30    31    36    38
     8     6     3     0    10    11     7    18    28    29    31    32    33    43
     9     1     5     1     3     9     3    13    28    31
    10     4     1     0     0     3     6    11    15    19    27    30    31
    11     2     5     0     3     0     3    18    27    34
    12     4     0     0     9    10     6    26    27    32    43    44    47
    13     2     1     2     9    15     2    15    43
    14     9     6     0     0     8     5    20    28    32    33    44
    15     8     0     4     2     0     2    18    23
    16     4     6    19     7     2     1    51
    17     6     0     4     8    17     4    21    27    33    34
    18     3     0     0     8     9     3    19    21    39
    19     5     8     2     4    20     2    26    41
    20     5     0    10     0     3     1    51
    21     5     1    11     6     5     1    51
    22     8     3     7     1    32     1    51
    23     1     5     8     2     0     1    39
    24     2     0     0     3     6     1    33
    25     5     4     0     9    18     1    42
    26    10     0     8     3    20     1    51
    27     3     6     6     0     0     1    51
    28     6     9     9     7     7     1    51
    29     1     9     0    11     1     1    32
    30     9     1     0     0    14     1    49
    31    10     0     8     1     0     3    32    39    43
    32     2     1     2    10    19     1    38
    33     7     5     0     0     0     1    45
    34     9     3     8    12    33     1    44
    35     7     2    11     8    22     1    39
    36     9     0     8     8     3     1    51
    37     4    12     0     8     7     1    45
    38     8     0     0     4    11     2    45    49
    39     3    10     1     3     6     1    51
    40     2     5    10     0     4     3    43    44    45
    41    10     7     0     4     0     1    51
    42     2     0     2     4     0     2    45    47
    43     2     0    14     6    12     3    44    49    50
    44     4     8     0     7    11     2    45    49
    45     2     1     2    10     1     2    49    50
    46     2     6     0    10    19     1    51
    47     6     1     6     0     4     1    51
    48     4     6     9     8     4     1    49
    49    10     0     9     2     1     1    51
    50    10     8     6     0    10     1    51
    51     0     0     0     0     0     0
--------------------------------------------------------------------------------
INFORMATION OF PROJECT 10:
#jobs  release  duedate
    52     0   171
#local resources
     2
R_L1   R_L2   
   170   111
jobnr.  dur.  r_G1  r_G2  r_L1  r_L2  #succ.  successors
     0     0     0     0     0     0     9     1     8    16    18    23    27    29    34    40
     1     4   113   143   170   111     1     2
     2     6   113   143   170   111     1     3
     3     4   113   143   170   111     1     4
     4     9   113   143   170   111     1     5
     5     2    44   103    85    61     1     6
     6     2     2   125    19     3     2     7    33
     7     1   113   143   170   111     2     9    36
     8     7   111    18   151   108     1     9
     9     2    29   101    82    52     8    10    19    20    22    25    28    30    41
    10     7   113   143   170   111     4    11    24    32    39
    11     4   113   143   170   111     4    12    24    26    28
    12     7     4     8    15     5     1    13
    13     1    44    19    50    13     1    14
    14     2   113   143   170   111     3    15    31    48
    15     9    29    84    14    11     1    17
    16     8    69    40    85    50     2    28    38
    17     8     0     8     9     3     1    51
    18     9    73    81   100    64     1    51
    19     2    17    78    70    54     2    21    32
    20     1    86   127   155   106     1    50
    21     1    86   119   155   106     1    41
    22     9    67   124   155    78     1    50
    23     9    73   108   135    62     1    51
    24     2    28    63    37    48     1    46
    25     2    86   119   155   106     1    44
    26     1     0    38     6     2     1    44
    27     6   109   135   155   106     4    32    37    41    42
    28     5    29    11    79    50     3    37    42    45
    29     1    57    18   120    60     3    35    38    41
    30     2    40    11    70    47     2    35    38
    31     9    27    16     5     0     1    49
    32     2   109   135   155   106     1    42
    33     2    44    95    76    58     1    38
    34     3    73   108   135    62     1    51
    35     5    86    89   155   106     4    36    39    49    50
    36     1    24   124    61    28     1    42
    37     7    46    76   130    63     1    47
    38     1    89    19   109    83     1    39
    39     8    86   127   155   106     3    44    45    50
    40    10    84    42    88    59     3    43    44    50
    41     1    29    21     5     8     2    42    44
    42     8    86   127   161   108     1    46
    43    10    84    59   156   100     1    45
    44     3    58    56   119    60     1    46
    45     1   113   135   161   108     1    46
    46     7   113   135   161   108     2    47    48
    47     7    46    19    15    33     1    49
    48    10    40    24    35    47     1    51
    49    10    40    35    35    49     1    51
    50     9   113   143   170   111     1    51
    51     0     0     0     0     0     0
--------------------------------------------------------------------------------
TRANSFER TIMES OF GLOBAL RESOURCE G1
 DEPOT    P1    P2    P3    P4    P5    P6    P7    P8    P9   P10
     0    22    16     4    30    14    23    20    20    16    35
    22     0     9    20    32    10    45    26    20    34    46
    16     9     0    16    34    10    38    27    12    31    38
     4    20    16     0    26    11    26    17    22    15    38
    30    32    34    26     0    24    46    10    45    26    64
    14    10    10    11    24     0    37    17    21    25    44
    23    45    38    26    46    37     0    37    36    21    31
    20    26    27    17    10    17    37     0    36    17    54
    20    20    12    22    45    21    36    36     0    35    27
    16    34    31    15    26    25    21    17    35     0    45
    35    46    38    38    64    44    31    54    27    45     0
--------------------------------------------------------------------------------
TRANSFER TIMES OF GLOBAL RESOURCE G2
 DEPOT    P1    P2    P3    P4    P5    P6    P7    P8    P9   P10
     0    15    19    32    33    19    13    17    12    16    13
    15     0    22    36    48    17    27     9    10    31    22
    19    22     0    50    41    34    29    15    26    29    31
    32    36    50     0    44    20    27    44    27    32    21
    33    48    41    44     0    45    23    48    42    17    31
    19    17    34    20    45     0    22    25     9    28    14
    13    27    29    27    23    22     0    30    20     7     9
    17     9    15    44    48    25    30     0    17    33    28
    12    10    26    27    42     9    20    17     0    25    13
    16    31    29    32    17    28     7    33    25     0    15
    13    22    31    21    31    14     9    28    13    15     0
--------------------------------------------------------------------------------
Additional Information: 
global resource strength = 0.5
transfer time factor = 0.5
adapted from RCPSP instances: 
[sD378, sD284, sD297, sD44, sD142, sD85, sD14, sD129, sD164, sD351]
