--------------------------------------------------------------------------------
PORTFOLIO INFORMATION:
#projects
    12
#global resources
     2
R_G1   R_G2   
   307   305
--------------------------------------------------------------------------------
INFORMATION OF PROJECT 1:
#jobs  release  duedate
    52     0   180
#local resources
     2
R_L1   R_L2   
   113   170
jobnr.  dur.  r_G1  r_G2  r_L1  r_L2  #succ.  successors
     0     0     0     0     0     0     7     1     8    16    19    32    34    40
     1     7   111   143   113   170     1     2
     2     3   111   143   113   170     1     3
     3     9   111   143   113   170     1     4
     4     6   111   143   113   170     2     5    26
     5     7    61   103    45    39     5     6    18    33    35    50
     6     1   111   143   113   170     1     7
     7     9   111   143   113   170     1     9
     8     4   111   143   113   170     1    51
     9     1    57   103    27    39     3    10    21    29
    10     3    45    49    26    39     4    11    24    28    44
    11     4   102   139   113   166     3    12    38    44
    12     2    55    28    60    52     5    13    20    22    23    42
    13     1    63    28    87    39     1    14
    14     3   111   143   113   170     2    15    31
    15     7     5    87     0    17     1    17
    16    10    50    40    68   131     1    39
    17     1     5    71     0    39     1    51
    18    10    70    42    98    60     1    27
    19     6     0     6     2    21     4    20    22    23    35
    20     2   101   117   103   138     3    27    37    46
    21     1   106    56   103   142     2    23    25
    22     2   101   117   103   138     1    51
    23     7    60   101    75   135     1    51
    24     1    61    38    45    39     2    42    44
    25    10   102   133   111   145     3    37    38    44
    26     8     9     4     0     4     1    45
    27    10   111   143   113   170     1    51
    28     6   102   139   113   166     5    30    39    42    43    44
    29     4    11    12    39    82     1    51
    30     1    54    18    85    14     1    46
    31    10     1    22    10    28     1    49
    32     6    48    52    26   131     4    33    39    41    44
    33     1   101    28    86   103     1    36
    34    10    66    94    87   117     1    48
    35     1   102   139   113   166     1    39
    36     4    48   115    26   118     1    38
    37     2    36    24    26    48     1    47
    38     4    39    79    26    56     3    43    45    50
    39     5   111   143   113   170     2    44    45
    40     8    54    40    86    78     2    43    50
    41     8    39    90    26   106     2    42    46
    42     4   100   111    74    88     1    46
    43     2   110   121   103   142     2    47    48
    44     1     8    22    27    51     1    46
    45     6   111   143   113   170     1    46
    46     2   110   121   103   142     2    47    48
    47     9    36    14    15    71     1    49
    48     7    51    42    38    35     1    51
    49    10    45    49    26    49     1    51
    50    10   111   143   113   170     1    51
    51     0     0     0     0     0     0
--------------------------------------------------------------------------------
INFORMATION OF PROJECT 2:
#jobs  release  duedate
    52     0   125
#local resources
     2
R_L1   R_L2   
    16    10
jobnr.  dur.  r_G1  r_G2  r_L1  r_L2  #succ.  successors
     0     0     0     0     0     0    13     1    15    23    29    30    33    35    36    37    40    42    43    44
     1    10     8     7     4     2     2     2    28
     2     6     0     5     9     2     5     3    25    26    27    50
     3     2    11    13    16    10     2     4    24
     4     5     7     5    11     5     3     5    22    46
     5    10     0    11     9     8     2     6    21
     6     3     4     5     8     0     4     7    20    26    32
     7    10     0     2    10     0     4     8    18    19    34
     8     2     6     8     2     0     2     9    17
     9     4     1    12     1     0     2    10    16
    10    10     0     4     0     5     2    11    39
    11     3     0     4     7     4     2    12    49
    12     4     0    12     8     3     2    13    41
    13     2     3     4     5     0     1    14
    14     4     5     0     0     2     1    51
    15     5     3    10     9     3     1    51
    16     7     3     0     0     0     1    51
    17     5     0     7    10     0     1    51
    18     7     3     5     6     0     1    47
    19    10     0     6     2     3     1    51
    20     8     0     6     7     0     1    26
    21     3     7     4     5     3     2    31    32
    22     1     4     1     0     3     1    51
    23     4    10     1    15     2     1    51
    24    10     3     7     0     5     1    51
    25     3    11     2     1     5     1    51
    26     2     8     0     1     3     1    51
    27     4     3     0     7    10     1    51
    28     7     5     0    10     7     1    32
    29     9    11     1     7     5     1    34
    30     7     7     0     0     7     1    51
    31    10     0     0     8     4     1    38
    32     1     0     6     0     8     1    51
    33     4     3     5     7     8     1    51
    34     6     0     6     0     7     1    47
    35     7     7     3     0     0     1    45
    36     6     4     1     0     0     1    51
    37     4     8     0     5    10     1    38
    38     9     5     4     0     1     1    51
    39     3     0     6     7     0     1    51
    40     8     7     0     8     0     2    41    47
    41     4     0    10     0     0     1    47
    42     9     0     5    14     7     1    50
    43    10     7     0     0     2     2    45    48
    44     8     8     6     8     5     2    45    46
    45     5     0     1     5     0     1    51
    46     5     0     9     2     8     1    51
    47     5     5     5     0     0     1    50
    48    10     0     0     7     0     1    49
    49     6     3     0     1     0     1    51
    50     1     0     0     1     7     1    51
    51     0     0     0     0     0     0
--------------------------------------------------------------------------------
INFORMATION OF PROJECT 3:
#jobs  release  duedate
    52     0   107
#local resources
     2
R_L1   R_L2   
    66    14
jobnr.  dur.  r_G1  r_G2  r_L1  r_L2  #succ.  successors
     0     0     0     0     0     0    15     1     2     3     4     5     6    10    11    14    15    16    18    21    24    28
     1     7     5     4    61     2    12     9    13    20    22    23    26    29    34    46    47    48    49
     2     4    16     8    65     5     9     7     8    17    22    29    33    34    35    49
     3     1     0     3     1    10    11    19    20    23    25    26    27    46    47    48    49    50
     4     2     1    10    60    14     3     7    22    29
     5     3     0    10     1     3     8    12    20    31    41    46    47    48    50
     6     7     0     0     1     9     9    20    27    31    33    34    35    46    47    50
     7    10    16    12    66    14     7    12    20    31    40    41    47    48
     8     9     8     1     3     3     9    22    29    33    35    39    40    44    45    47
     9     4    10     3    51     4     9    25    32    33    34    40    44    46    48    49
    10     2     0     4     0     1     9    27    31    32    33    34    35    42    43    44
    11     1    11     1    62     2     6    20    25    31    32    34    46
    12    10     7     0    51     0     6    25    30    32    39    43    44
    13     2     6     0     0     6     6    27    36    39    41    43    50
    14    10     0    10     4     6     6    30    32    33    40    43    44
    15     3     8    11    14     2     8    22    25    30    31    32    35    40    46
    16     9     6     0     3     0     6    30    36    39    45    46    47
    17     1     0     3     1     0     6    23    27    39    41    46    47
    18     6     1     0    62     0     6    33    37    38    39    40    46
    19     7     6     0     3     0     5    31    32    39    43    44
    20     4     0     7     0     8     5    30    36    38    42    43
    21     7     4    11    65     0     7    31    33    37    39    41    47    48
    22    10     3     6     0     1     4    30    31    42    43
    23     4     9     2     3     0     3    32    33    36
    24     7     0     0     0     1     1    36
    25     6     4     1     0     4     4    36    37    42    45
    26     3    10     9     4     3     4    36    38    39    40
    27     7    10     1     4     7     3    30    38    40
    28     3    11     4     1     2     1    39
    29    10     0     5    10     0     1    30
    30     1     1     2     0     0     1    37
    31     5     1     8    11    12     2    38    48
    32     1     8     0     0     5     1    38
    33    10    10     0     6     0     1    41
    34     8     0     8     3     8     2    39    50
    35     4    15    10     4     9     2    36    48
    36     8     7     1    10    10     1    51
    37     3    11    10    66     2     1    51
    38     7     5     0    53     6     1    51
    39     5     7     0     3     4     1    51
    40     3    10     0    56     4     1    51
    41     5     0     3     0    10     1    51
    42     7     2     0     0     1     1    51
    43     5     8     8    56     0     1    50
    44    10     5     0     0     8     1    49
    45     7     1     0     0     5     1    51
    46     7     1     2     0     7     1    51
    47     4     0     8     1     1     1    51
    48     4     1     1     0     6     1    51
    49     2     0     4     0     5     1    51
    50     5     0     2     0     1     1    51
    51     0     0     0     0     0     0
--------------------------------------------------------------------------------
INFORMATION OF PROJECT 4:
#jobs  release  duedate
    52     0    97
#local resources
     2
R_L1   R_L2   
    13    15
jobnr.  dur.  r_G1  r_G2  r_L1  r_L2  #succ.  successors
     0     0     0     0     0     0     7     1     9    46    47    48    49    50
     1     5     0     5     9     6     3     2    44    45
     2     4     2    10     9     6     4     3    41    42    43
     3     7     0     4     4     5     3     4    39    40
     4    10    10     3     0    15     6     5    34    35    36    37    38
     5     5     1     3     0     0     4     6    31    32    33
     6     6     0     2     8     0     3     7    29    30
     7     5     0     0     6     6     2     8    28
     8     3     8     0    10     4     5    10    24    25    26    27
     9     3     1    10     0     0     3    10    24    25
    10     7     0     4     0     3     5    11    20    21    22    23
    11     1     7     2     0     0     4    12    17    18    19
    12     2     0     9     0     5     1    13
    13     8     7     2     0     0     1    14
    14     4    10     3     0     0     1    15
    15     2     0     0     6     4     1    16
    16     3     0     2     8     0     1    51
    17    10     7     0     1     0     1    51
    18     7     3     0     0     6     1    51
    19     5     5     0     0     1     1    51
    20     1     0     2     5     0     1    51
    21     9     5     2     8     0     1    51
    22     8     0     0     4    10     1    51
    23     7     3     0     5     0     1    51
    24     7    10     0     9     0     1    51
    25     6     0     1     0     7     1    51
    26     2     0     3     0     2     1    51
    27     9     0     4     6     0     1    51
    28     4     0     5     9     2     1    51
    29     5     2     0     0     2     1    51
    30     1     0    10     3     0     1    34
    31     2     4     0     9     0     1    51
    32     1     0     0     1     4     1    51
    33    10     0     2     7     0     1    51
    34     9     0     6     1     0     1    51
    35     4    11     2     0     4     1    51
    36     4     0     8     0     6     1    51
    37     2     5     0     3     0     1    51
    38     6     0     8     0     5     1    51
    39     4     0     6     4     0     1    51
    40    10     7     0     0     5     1    51
    41     7     0     0     7    10     1    51
    42     9     0     9     7     0     1    51
    43     3     0     1     9     0     1    51
    44     4     6     0     9     0     1    51
    45    10     1     0     0     8     1    51
    46     6     8     0     0     9     1    51
    47     6     0    10     0     9     1    51
    48    10     4     0     4     0     1    51
    49     4    10     5     0     0     1    51
    50     9     0     4     0     8     1    51
    51     0     0     0     0     0     0
--------------------------------------------------------------------------------
INFORMATION OF PROJECT 5:
#jobs  release  duedate
    52     0    98
#local resources
     2
R_L1   R_L2   
    12    15
jobnr.  dur.  r_G1  r_G2  r_L1  r_L2  #succ.  successors
     0     0     0     0     0     0    16     1    22    28    29    30    31    32    34    38    40    41    42    43    45    47    48
     1    10     3     0     0     3     1     2
     2     4     6     4     2    10     4     3    25    26    27
     3     1    12     5     3    11     2     4    24
     4     6     6     0     0     6     2     5    23
     5    10     1     0    11     6     2     6    21
     6     1     0     2     0     6     3     7    20    37
     7     8     0     8     2    10     4     8    18    19    49
     8     2     6     0     6     0     2     9    17
     9     4     7     0    11     0     2    10    16
    10     4     0     5     4     0     1    11
    11     3     0     0     4     7     1    12
    12     4     1     1     9    14     1    13
    13     5    12     0     4     0     1    14
    14     2     5     2     0     1     2    15    33
    15     4     2     0     0     9     1    51
    16     7     3     0     5     0     1    51
    17    10     0     7     7    10     1    51
    18     7     0     0     5     6     1    51
    19     6     5     3     6     0     1    49
    20     6     0     0     6     7     1    51
    21     7     0     5     4     0     1    37
    22     3     4     8     0     0     1    51
    23     6    11     0     0     8     1    51
    24    10     8     2     7     0     1    51
    25     5    10     4     0     0     1    51
    26     2     8     0     8     1     1    51
    27    10     0    10     0     7     1    51
    28    10     5     7     0    10     1    36
    29     9    10     3     8     2     2    35    49
    30     7     7     7     0     0     1    46
    31     7     0     4     0     8     1    51
    32     1     0     8     3     0     1    44
    33     2     3     8     3     0     1    51
    34     4     0     7     6     0     1    51
    35     6     7     0     4     2     1    50
    36     1     4     0     0     0     1    51
    37     8     0     7     0     5     1    39
    38    10     1     1     4     0     1    51
    39     4     0     0     6     7     1    51
    40     7     7     0     0     8     1    51
    41     1     7     0    10     4     1    51
    42     5     0     6     0     3     1    51
    43     8     0     6     3     0     1    51
    44     4     0     6     0     8     1    51
    45     6     0    11     1     5     1    51
    46     6     0     8     6     0     1    51
    47     7     6     0     5     0     1    51
    48     4     7     0     0     7     1    49
    49     1     3    12     0     1     1    51
    50     5     0     7     0     1     1    51
    51     0     0     0     0     0     0
--------------------------------------------------------------------------------
INFORMATION OF PROJECT 6:
#jobs  release  duedate
    52     0   154
#local resources
     2
R_L1   R_L2   
    18   151
jobnr.  dur.  r_G1  r_G2  r_L1  r_L2  #succ.  successors
     0     0     0     0     0     0     7     1     6    12    18    25    38    49
     1     7   119   115    18   151     6     2     3    14    29    43    48
     2     6   107   110    15   133     2     4    48
     3     1    12     5     3    18     2     4    14
     4     4   119   115    18   151     2     5    32
     5     2   119   115    18   151     1     7
     6     3   107   110    15   133     1     7
     7     2   119   115    18   151     1     8
     8     2    28    16    11    59     1     9
     9     2    37    52     9    18     3    10    35    48
    10     9    28    16    11    59     4    11    14    40    41
    11     9   109    84    18    68     2    13    23
    12    10    91    99     7    92     6    13    14    21    23    29    34
    13     1    89    92     8   124     2    15    42
    14     9   115   100    11   145     2    16    33
    15     2    54    52    14    18     2    17    26
    16     1   103    84    14    68     1    17
    17     7   103    92    14   111     1    19
    18     6    89    72     8   124     1    24
    19     7    21    52    12    18     4    20    27    30    39
    20     1    12    21     2     7     2    22    50
    21    10   107    88     8   143     1    51
    22     7     9     5     1     7     1    51
    23     9   107    94    16   144     4    26    28    37    41
    24     4    65    85    11   131     3    26    42    46
    25    10    65    63     4   133     1    31
    26     1     4    15     7     6     4    31    39    42    50
    27     3    11    19     5    46     1    36
    28     5    54    30     1    16     2    33    43
    29    10    56    61    12    61     1    51
    30     5    15    43    10    18     2    36    47
    31     2    42    20     9    21     1    36
    32     1    38    49     7    76     1    37
    33     2     7    12     6     8     3    42    45    47
    34    10    53    54    14    61     1    51
    35     5    10    31     0    83     3    41    45    50
    36     3     9     1     9    60     1    51
    37     4    30    23    10    27     1    51
    38     7    73    44     9    90     1    47
    39     2   107    92    14   138     4    44    45    46    50
    40     3    91    51     0    60     1    42
    41     7     4    23     4    13     1    43
    42     5    16    16     3    40     2    44    50
    43     1    35    33     0    22     3    44    46    47
    44    10    55     4     1    37     1    51
    45     9     5    19    10     5     1    51
    46    10     4    31     0     8     1    51
    47     1    14    34     1    15     1    51
    48     1    28    56     3    53     1    51
    49    10    82    49     4   111     1    50
    50     7    12    27     4     8     1    51
    51     0     0     0     0     0     0
--------------------------------------------------------------------------------
INFORMATION OF PROJECT 7:
#jobs  release  duedate
    52     0   163
#local resources
     2
R_L1   R_L2   
    12   143
jobnr.  dur.  r_G1  r_G2  r_L1  r_L2  #succ.  successors
     0     0     0     0     0     0    10     1     8    16    19    20    22    23    34    44    45
     1     2   173   170    12   143     1     2
     2    10   173   170    12   143     1     3
     3     1   173   170    12   143     1     4
     4     6   173   170    12   143     1     5
     5     5   173   170    12   143     1     6
     6     3    25    68     1   125     2     7    33
     7     3   173   170    12   143     1     9
     8     8   148   100    11    18     3     9    30    40
     9     6   173   170    12   143     3    10    28    29
    10     4    72    82     5    42     2    11    25
    11     4    60    81     9    19     3    12    21    42
    12     6    12    16     1    12     2    13    24
    13     1    40    34     8     7     3    14    18    24
    14     4    27    67     2    23     1    15
    15    10    31    18     4    87     1    17
    16     9   142   152     8    56     1    26
    17     5     0     9     0    19     1    51
    18    10     3     0     3    36     1    51
    19     1    12     9     1    27     3    25    35    39
    20     5   101    88     4   101     1    51
    21     7    91    98     2    53     2    24    46
    22    10   128    69    10   112     1    32
    23     9   101    80     2    96     3    27    39    43
    24     9    12     9     4     4     2    35    48
    25     5   142   152     8    56     3    32    37    42
    26     3   161   161     8   139     1    51
    27     3   173   170    12   143     2    38    47
    28     5    10    47     1     1     1    51
    29     5    19    38     2    48     2    31    47
    30     8   170   161     9    88     1    50
    31     6    30    21     0    35     1    50
    32     1    86     3     0    40     1    51
    33     6    70    63     8    58     1    36
    34     8   142   135     6    98     1    49
    35     3    17    53     3     6     1    51
    36     1    25    70     1   124     1    41
    37     2    82    64     3    80     1    46
    38     1   114    70     6    98     1    48
    39     6   173   170    12   143     1    46
    40     7   161   154    11   124     1    46
    41     1    60    68     7     9     1    42
    42     5   110    68     1   119     1    46
    43     6    75    50     4    99     1    46
    44    10    63   102    11    18     2    47    48
    45     6   142   123     7    61     1    46
    46     8   156   117     8   120     2    47    48
    47     4    19    15     0     9     1    49
    48     7    31    35     6    12     1    50
    49     6    45    11     4    13     1    51
    50     7    45    92     2    12     1    51
    51     0     0     0     0     0     0
--------------------------------------------------------------------------------
INFORMATION OF PROJECT 8:
#jobs  release  duedate
    52     0   164
#local resources
     2
R_L1   R_L2   
   170   143
jobnr.  dur.  r_G1  r_G2  r_L1  r_L2  #succ.  successors
     0     0     0     0     0     0     6     1     8    20    22    34    44
     1     6   173    12   170   143     3     2    23    36
     2     6   173    12   170   143     1     3
     3     4   173    12   170   143     4     4    16    26    39
     4     9   173    12   170   143     2     5    26
     5     6   173    12   170   143     2     6    32
     6     5    25     2    70   125     1     7
     7     2   173    12   170   143     1     9
     8     7   148    10   100    18     6     9    16    26    31    38    40
     9     8   173    12   170   143     4    10    19    29    43
    10     9    66     7    86    42     4    11    26    28    30
    11    10    62     9    41    19     3    12    21    25
    12     5    12     2    20    16     2    13    46
    13     1    58     8    32    10     2    14    18
    14     2    17     1    67     6     2    15    48
    15    10    31     4    16    87     1    17
    16     5   142     3   102    56     1    49
    17    10     0     0     9    19     1    51
    18    10     1     4     0    47     1    51
    19     2    85     0    58    18     2    37    42
    20    10   107     4    84   101     3    33    38    39
    21     6    65     3    96    27     2    24    46
    22    10   128     7    63   112     1    51
    23    10   111     2    85   119     5    27    30    32    39    45
    24     8    12     4     9     4     2    35    48
    25     6   142     6    67    55     3    32    37    42
    26     3     0     2     4     0     1    51
    27     1   173    10   166   143     1    51
    28    10    10     0    61     5     1    47
    29     6     7     2    38    41     1    31
    30     2   142     7    21    56     1    42
    31     5     4     0    64     3     1    50
    32     2    87     4    21    62     1    46
    33     5    76     8    65    65     2    36    37
    34     9    61     4   139    99     1    49
    35     2     1     4     0     6     1    51
    36     3    25     1    70   124     1    41
    37     2    81     3    10    50     1    48
    38     1    92     9   150    74     1    48
    39     5   173    10   166   143     1    51
    40    10   163     8   106    77     3    41    42    43
    41     1   107     5    23    40     1    42
    42     5   114     3    68   117     1    46
    43     2    76    10    32    19     1    46
    44    10    59     9   102    26     1    48
    45     7   142     6   141    56     1    46
    46    10   151     7    96   118     1    48
    47     7     4     0    32     9     1    48
    48     8   112     4    31    44     2    49    50
    49     3    45     0    56    12     1    51
    50     7    45     4    98    12     1    51
    51     0     0     0     0     0     0
--------------------------------------------------------------------------------
INFORMATION OF PROJECT 9:
#jobs  release  duedate
    52     0   112
#local resources
     2
R_L1   R_L2   
    12    19
jobnr.  dur.  r_G1  r_G2  r_L1  r_L2  #succ.  successors
     0     0     0     0     0     0    11     1     2     3     4     7     8    10    17    19    25    30
     1     5     2     5     7    14     9     5    12    14    20    21    24    44    46    49
     2    10     5     2     6     6    12    11    14    15    20    21    23    29    42    43    44    45    48
     3     9     0    10     5     5     6     9    23    24    42    43    44
     4     8     3     6     0     3     8    11    21    23    29    42    43    45    46
     5     2     4     1     0     8     2     6    43
     6     6     4     1     6     9     2     9    23
     7     5     1     1     0     0     7    14    18    20    37    38    42    44
     8     6     5     1     9     5     6    13    16    21    29    41    47
     9     6     4    11    11    16     4    11    22    29    47
    10     8    10     4     0     2     4    13    14    16    45
    11     6     4     0     6     4     5    13    28    40    41    47
    12     4     5    11     0     4     6    29    34    35    39    42    47
    13     8    10     5     0    10     7    18    34    35    37    38    39    49
    14    10     0     0    10     1     3    16    35    36
    15     4     3     0     1     1     6    26    32    33    35    36    37
    16    10     2     0     5     0     4    22    27    28    37
    17    10     1    10     7    10     4    31    33    40    42
    18     9     1     0    10     3     3    26    32    36
    19     7     9     0     9     0     4    32    33    34    42
    20     9     1     2     0     0     3    27    34    47
    21     2     2     4    10    18     3    27    33    39
    22     2    10     0     7     0     3    27    31    34
    23     2     0     2     6    15     2    43    49
    24     8     4     2     0     0     2    32    35
    25     4     0     6     8     0     2    31    44
    26     7     0    10     0     6     1    27
    27     7     5     5     0     6     1    31
    28     3     0     0     3     3     1    33
    29     3     1     0     0     2     1    51
    30     9     2     0     6     0     1    51
    31     8     0    10     0    12     1    51
    32     6    13     9     0     0     1    43
    33     8     2     8     0     0     1    51
    34     6     0     3     1     0     1    51
    35     9     0     7     0     6     1    46
    36     9     8     0     6     0     1    50
    37     9     7     3     0     0     1    48
    38     7    12    10     8     4     1    51
    39     3     8     4     1     8     1    51
    40     5     4     0     6     2     1    46
    41     3     5     9     0     0     2    46    48
    42     1     0    10     3     6     1    51
    43     2     0     6     3     7     1    51
    44     6     5     0     7     4     2    47    50
    45     8     1     5     0     2     1    51
    46     4     0     5     0     1     1    51
    47    10     0     5     0     3     1    50
    48     4     6     0     0     3     1    50
    49     2     0     7     1     2     1    50
    50    10     2     4     0    10     1    51
    51     0     0     0     0     0     0
--------------------------------------------------------------------------------
INFORMATION OF PROJECT 10:
#jobs  release  duedate
    52     0   128
#local resources
     2
R_L1   R_L2   
   119   115
jobnr.  dur.  r_G1  r_G2  r_L1  r_L2  #succ.  successors
     0     0     0     0     0     0     8     1     3     6    12    18    25    34    49
     1     7    13   133   107   110     1     2
     2     1    13   133   107   110     3     4    14    23
     3     1     5    18    12     5     5     4    14    23    42    48
     4     1    18   151   119   115     1     5
     5     7    18   151   119   115     2     7    16
     6     1    18   151   119   115     1     8
     7     1    18   151   119   115     1     8
     8     2    10    59    28    16     1     9
     9     1     6    18    37    52     2    10    35
    10     9    11    59    28    16     3    11    37    38
    11     9    12    68    93    84     4    13    30    31    41
    12    10     7    92    91    99     8    17    21    22    23    29    31    41    43
    13     1     8   124    89    73     2    15    28
    14     3     2    65   116    84     1    17
    15     3    13    18    45    49     4    17    21    26    40
    16     1     0    58    48    52     2    17    35
    17     6    12    99    96    86     1    19
    18     9     7   124    82    63     3    24    36    42
    19     8    12    18    17    51     3    20    27    30
    20     3     2    19    12     7     1    50
    21     3     8   143   107    86     1    51
    22     1     0     6    52    27     2    30    43
    23     7    15   151   119   114     5    26    27    28    32    37
    24     7    16   117    58    88     1    40
    25    10     1   133    74    63     1    51
    26     2    10     1    17     3     2    31    39
    27     8     5    66    12    27     2    36    46
    28     6     2    16    61    11     1    33
    29    10    12    28    46    57     1    38
    30     3    11    18    32    49     1    51
    31     4     9    21    10    22     1    36
    32     1     5    53     5    35     2    40    46
    33     4     6     8    12    29     1    42
    34     4     8    58    46    60     3    36    45    50
    35     9     3    83    26    30     1    50
    36     3     9    58    16    48     1    51
    37     7    10    27    30    42     1    51
    38     2     9    92    73    52     1    47
    39     3    12   117   107    86     3    41    45    50
    40     3     0    51    50    35     2    45    48
    41     1     9    15     1    17     1    45
    42     4     3    40    23    14     3    44    46    50
    43     2    14    93    46    62     2    45    50
    44     9     1    34     1     4     1    51
    45    10    10     2     2    16     1    51
    46     1     0     7     0    31     1    51
    47     5     3     0     0     1     1    51
    48     2     6    52     1    15     1    50
    49     9     3   122    82    62     1    50
    50     6     4     8    12    28     1    51
    51     0     0     0     0     0     0
--------------------------------------------------------------------------------
INFORMATION OF PROJECT 11:
#jobs  release  duedate
    52     0   110
#local resources
     2
R_L1   R_L2   
    11    15
jobnr.  dur.  r_G1  r_G2  r_L1  r_L2  #succ.  successors
     0     0     0     0     0     0    16     1     2     3     4     5     6     7     8     9    10    13    17    20    23    26    29
     1     7     0     7     0     1    13    14    18    21    24    27    28    31    32    35    38    48    49    50
     2     4     8     8     1     9     7    11    12    18    21    25    28    38
     3     1     4     0     1     0    10    16    18    22    25    27    31    34    35    36    47
     4     7     0     5     2     0    10    19    25    30    31    35    45    46    48    49    50
     5    10     5     1     0     7     8    15    27    30    31    33    37    45    47
     6     3     3     0     1     7     6    16    24    33    45    47    48
     7     1     4     6     0     0     7    15    27    30    32    37    47    49
     8     7     2     0     0     5     7    15    24    30    31    33    37    44
     9     4    10     0    11     4     5    16    38    45    47    48
    10     3     0     8    10     8     5    18    31    32    36    43
    11     7    10     5     1     1     6    24    30    33    35    37    48
    12     3     0     5     9     0     7    31    33    35    42    45    48    49
    13     6     1     0     8    10     4    25    43    46    49
    14     3     0     3     7     0     7    30    40    42    43    44    46    47
    15     5     0     1     7     0     6    35    36    38    41    46    48
    16     5     4     6     0     0     6    30    31    35    42    43    44
    17     9     0    10     0     3     2    24    31
    18     5     7     0     0     3     6    30    33    37    40    45    46
    19     9     2     0     3     0     6    37    38    41    42    43    44
    20     6     0     0     7     7     6    34    41    42    44    45    49
    21     8     3     0     0     7     6    36    39    40    43    45    47
    22     7    10     6     2     1     4    32    40    44    45
    23     7     0     1     2     6     4    31    32    41    47
    24    10     0     2     0     7     5    36    39    40    41    43
    25     8     0     8     8     0     3    40    41    44
    26     9     3     9     0     4     3    40    43    47
    27     6     2     0     0    13     3    41    43    44
    28     2     5     7     0     0     3    30    42    45
    29     4     3     0     0     9     4    39    40    43    46
    30     8     5     8     0     8     1    41
    31     9     0     7     0     3     3    39    40    41
    32     1     1     2    10     0     2    39    42
    33    10     8    10     0     1     2    39    41
    34    10     3     0     8     0     2    39    40
    35     3     1     0     5     0     1    39
    36     2     3    10     0     0     1    42
    37     9     0     9     5     0     1    51
    38     4     1     0     0     7     1    40
    39     8     1     0     6     9     1    51
    40     9     9     8     2     2     1    50
    41     7     0     2     4     0     1    51
    42     7     4     0    11     0     1    51
    43     8     0     9     0     3     1    44
    44     3     0     0     4    10     1    51
    45     4     4    10     0    10     1    51
    46     9     0     4     0     4     1    48
    47     5     2     0     0     9     1    51
    48     5     2     0     1     0     1    51
    49     8     6     0     0     2     1    51
    50     6     0     5     0     3     1    51
    51     0     0     0     0     0     0
--------------------------------------------------------------------------------
INFORMATION OF PROJECT 12:
#jobs  release  duedate
    52     0   131
#local resources
     2
R_L1   R_L2   
    12   143
jobnr.  dur.  r_G1  r_G2  r_L1  r_L2  #succ.  successors
     0     0     0     0     0     0     6     1     8    16    23    34    44
     1     2   173   170    12   143     1     2
     2     8   173   170    12   143     4     3    20    30    43
     3     1   173   170    12   143     2     4    22
     4     5   173   170    12   143     1     5
     5     1   173   170    12   143     5     6    19    32    39    45
     6     4    13    66     2   100     2     7    33
     7     1   173   170    12   143     1     9
     8     7   148   100     9    19     2     9    41
     9     1   173   170    12   143     2    10    29
    10     3    62    39     7     7     2    11    26
    11     4    59    53     9    19     2    12    21
    12     8    13    16     0    12     2    13    46
    13     1    46    49     0     3     2    14    18
    14     1    17    65     1    12     3    15    47    48
    15     8    31    14     4    66     2    17    49
    16    10    40   131     2    64     2    17    39
    17     9     1     9     0     3     1    51
    18     9    13     0     3    36     1    51
    19     1     2     9     0    73     1    42
    20     8    59    83     5    89     1    42
    21     7    97    99     1    50     2    24    32
    22     9   128    65     7   112     1    51
    23     8   111   117     3    98     6    25    27    35    37    39    40
    24    10    13     9     5    11     2    47    48
    25     3   123   152     2    67     1    42
    26     5     0     4     1     0     4    28    31    35    37
    27    10   173   170    12   143     1    50
    28     5    12    40     2     1     1    32
    29     8    11    38     2    41     1    51
    30     1    50    15     8    68     1    42
    31    10     1     1     0    22     1    51
    32     1   114    32     0    50     1    46
    33     4    58    43     7    69     2    36    38
    34     2   155   148     6   121     3    38    42    46
    35     1    18     3     5     6     1    51
    36     2    25    70     2   124     1    41
    37     2    76    71     1    26     1    42
    38     1   109    37     5     9     1    51
    39     7   172   157    11   140     1    43
    40     9   160   104    10    43     2    41    43
    41     2    28    70     6    16     1    42
    42     6   114    67     2   115     1    46
    43     1    13    37     3    63     1    51
    44    10    59   103     6    28     2    47    48
    45     2    46   104     7    63     1    50
    46     8   156   105     7   121     2    47    48
    47     3    26    18     0     9     1    50
    48    10    63    38     6    30     2    49    50
    49     2    45    72     2    31     1    51
    50     7    45    98     0    31     1    51
    51     0     0     0     0     0     0
--------------------------------------------------------------------------------
TRANSFER TIMES OF GLOBAL RESOURCE G1
 DEPOT    P1    P2    P3    P4    P5    P6    P7    P8    P9   P10   P11   P12
     0    10     7     9     8    14     9    10     3    11    10     9     7
    10     0    10    18    17    20    17    17    10    11     4    17     4
     7    10     0    15    10    21     9     7    10     5     8     8     9
     9    18    15     0     9     9    11    13     8    19    18    11    15
     8    17    10     9     0    17     2     4    10    13    16     3    14
    14    20    21     9    17     0    19    21    12    25    21    19    17
     9    17     9    11     2    19     0     3    11    12    15     1    14
    10    17     7    13     4    21     3     0    12    10    15     2    14
     3    10    10     8    10    12    11    12     0    14    11    11     7
    11    11     5    19    13    25    12    10    14     0     8    11    11
    10     4     8    18    16    21    15    15    11     8     0    15     5
     9    17     8    11     3    19     1     2    11    11    15     0    14
     7     4     9    15    14    17    14    14     7    11     5    14     0
--------------------------------------------------------------------------------
TRANSFER TIMES OF GLOBAL RESOURCE G2
 DEPOT    P1    P2    P3    P4    P5    P6    P7    P8    P9   P10   P11   P12
     0     5     7     9     8    11     9     7     9     3    11    10     9
     5     0     4    12    11     7    10     7     8     5     8     8     7
     7     4     0    15    13     5    13     4    11     4     5     4    11
     9    12    15     0     2    18     4    15     7    12    19    18     8
     8    11    13     2     0    17     5    14     7    10    17    17     8
    11     7     5    18    17     0    16     7    14     9     4     5    12
     9    10    13     4     5    16     0    15     3    11    18    17     5
     7     7     4    15    14     7    15     0    13     4     6     5    13
     9     8    11     7     7    14     3    13     0    10    15    15     2
     3     5     4    12    10     9    11     4    10     0     8     8    10
    11     8     5    19    17     4    18     6    15     8     0     2    15
    10     8     4    18    17     5    17     5    15     8     2     0    15
     9     7    11     8     8    12     5    13     2    10    15    15     0
--------------------------------------------------------------------------------
Additional Information: 
global resource strength = 0.2
transfer time factor = 0.2
adapted from RCPSP instances: 
[sD339, sD106, sD87, sD84, sD94, sD321, sD323, sD388, sD127, sD263, sD52, sD366]
