--------------------------------------------------------------------------------
PORTFOLIO INFORMATION:
#projects
    12
#global resources
     2
R_G1   R_G2   
   254   247
--------------------------------------------------------------------------------
INFORMATION OF PROJECT 1:
#jobs  release  duedate
    52     0   173
#local resources
     2
R_L1   R_L2   
   170   111
jobnr.  dur.  r_G1  r_G2  r_L1  r_L2  #succ.  successors
     0     0     0     0     0     0    10     1     8    16    20    22    23    29    34    40    43
     1     9   113   143   170   111     2     2    35
     2     1   113   143   170   111     1     3
     3     2   113   143   170   111     2     4    19
     4     6   113   143   170   111     2     5    19
     5     2    44   103    85    61     1     6
     6     1     2   125    19     3     2     7    33
     7     2   113   143   170   111     1     9
     8     4   111    18   151   108     2     9    18
     9     2    29   103    82    52     8    10    19    25    27    28    30    41    50
    10     4   113   143   170   111     4    11    24    32    39
    11     9   113   143   170   111     4    12    24    26    28
    12     7     4     8    15     5     2    13    44
    13     1    50    19    51    62     1    14
    14    10   113   143   170   111     3    15    31    48
    15     9    27    87    14    11     1    17
    16     8    69    40    85    50     2    28    38
    17     8     0     8     9     3     1    51
    18     8    73    70   100    64     1    51
    19     2    17    53    70    53     1    21
    20     1    86   127   155   106     2    21    24
    21     2    86   119   155   104     3    41    42    44
    22     9    72   117   131    71     1    50
    23    10    73   108   135    62     1    51
    24     1    27    64    37    49     1    46
    25     7    86   119   155   104     1    44
    26     3     0    55     4     2     1    41
    27     3   109   135   155   106     1    42
    28     5    29    11    78    49     2    37    42
    29     1    14     4    22    16     2    32    47
    30     2    17    11    70    39     3    31    37    38
    31     9    27    16     5     4     1    49
    32     1   109   135   155   106     2    37    42
    33     2    44    95    76    58     1    38
    34     3    73   108   135    62     1    51
    35     4    86    72   155   104     5    36    41    44    49    50
    36     2    24   124    69    28     3    39    42    45
    37     7    46    67   126    60     1    47
    38     5    89    19   101    83     1    39
    39     1    86   127   155   106     2    42    45
    40    10    84    40    88    59     3    41    44    50
    41     1    29    73     5     8     1    51
    42     3    86   127   161   107     1    46
    43    10    84    56   156   100     1    45
    44     1    59     1   119    49     1    46
    45    10   113   135   161   108     1    46
    46     5   113   135   161   108     2    47    48
    47     7    34    18    30    37     1    49
    48    10    40    21    35    47     1    51
    49    10    40    35    35    49     1    51
    50     8   113   143   170   111     1    51
    51     0     0     0     0     0     0
--------------------------------------------------------------------------------
INFORMATION OF PROJECT 2:
#jobs  release  duedate
    52     0    61
#local resources
     2
R_L1   R_L2   
    18    17
jobnr.  dur.  r_G1  r_G2  r_L1  r_L2  #succ.  successors
     0     0     0     0     0     0    18     1     2     3     4     5     6     7     8     9    12    13    14    15    16    17    21    24    37
     1     7     0     7     3     0     9    22    25    26    27    33    35    36    38    50
     2     5     0     6     7     0     9    18    19    23    25    27    29    33    34    35
     3    10     9     0     0     2     4    10    19    26    50
     4     9     4     6     0     0     8    22    25    28    32    33    34    35    38
     5     1     0     2     0     1    10    27    28    29    31    32    33    34    38    39    49
     6     3     9     3     0     0     6    20    22    23    26    32    33
     7     3     0     0     1     5     3    11    30    33
     8     3     0     3     6     0     8    29    31    32    33    34    35    38    49
     9     1     1     2     0     0     7    23    26    31    32    33    39    49
    10     2     0     8     0     8     6    18    29    32    34    39    49
    11    10     0     8     0     7     6    23    29    31    32    44    50
    12     7     0     0     5     5     5    23    28    31    32    33
    13     6    10     0     0     6     5    19    31    38    41    48
    14    10     0     8     6     0     4    22    31    38    50
    15    10     0    10     0     6     3    23    31    32
    16     1    10     0     0     7     8    34    40    41    43    45    46    48    50
    17     6     0     8     9     0     7    36    38    40    43    46    48    49
    18     7     0     3     0     3     6    31    38    41    44    45    46
    19     5     8     0     9     0     6    32    40    42    43    44    47
    20    10     8     0     6     0     5    31    38    41    44    48
    21     1     5     6     0     0     6    38    40    41    43    44    48
    22    10     0     0    10     1     4    29    42    44    49
    23     7     0     1     4     0     5    38    40    41    46    47
    24    10     0     7     0     6     5    38    39    40    41    43
    25     8     0     0     6     5     4    31    41    45    48
    26     2     8     1     0     0     5    40    41    42    44    48
    27     4     0     0     4     3     5    40    42    43    44    48
    28     3     0     3     0     9     4    40    43    45    46
    29     1     0     1     0     8     3    40    41    47
    30     7     0     0     8    10     3    40    41    42
    31     2     7     3     0     0     2    40    43
    32     4     0     8     0     4     2    45    46
    33     2     0     5    10     0     2    41    48
    34     6     0     4     0     8     2    44    47
    35     8     0     4     8     0     2    45    46
    36     6     7     3     0     0     2    41    42
    37     6     7     1     0     0     2    45    48
    38     3     0    10     0     9     1    42
    39     8     0     2     0     6     1    42
    40     8     5     3     0     0     1    51
    41     9     0     0     4     4     1    51
    42     3     9     0     0     1     1    51
    43     5     2     8     0     0     1    51
    44     5     3     0     0     5     1    51
    45     8    10     0     0     4     1    51
    46     9     0     0     7     1     1    51
    47     2     3     0    10     0     1    51
    48     9     5     0     1     0     1    51
    49    10     1     1     0     0     1    51
    50     6     4     0     0     7     1    51
    51     0     0     0     0     0     0
--------------------------------------------------------------------------------
INFORMATION OF PROJECT 3:
#jobs  release  duedate
    52     0   104
#local resources
     2
R_L1   R_L2   
    14    12
jobnr.  dur.  r_G1  r_G2  r_L1  r_L2  #succ.  successors
     0     0     0     0     0     0     9     1     6     8    18    19    24    35    48    50
     1     8     8     9    14    10     2     2    26
     2     2    17    12    14    10     2     3    47
     3     6    17    12     9     5     2     4    44
     4     4     7     6     9     0     3     5    42    45
     5     2     9     3     4    12     6     7    39    40    41    43    46
     6     5     2     3     4    10     6     9    15    38    39    41    44
     7     9     3     3     7     0     3     9    15    38
     8     7     9     3     0     0     2     9    42
     9     6     5     3     8     5     5    10    32    37    41    42
    10     3     5     0     0     3     4    11    33    34    36
    11     2     4     0     0     2     6    12    21    25    29    30    31
    12     3     8     0     7    12     5    13    22    23    27    28
    13     1    15     2    11     6     3    14    27    28
    14     7     6     0     0     3     1    16
    15     2    12     4     7     2     3    22    23    32
    16     9     9     0     0     8     1    17
    17     3     7     0     3     0     1    20
    18     1     0     7     9     0     1    51
    19     9     1     0     0     2     1    51
    20     2    12     1     5     0     1    51
    21     3     0     1     3     0     1    43
    22     5     0     0     3     2     1    51
    23    10     6     0     0     5     1    51
    24     3     0     4    10     0     1    51
    25     1     9     0     7     0     1    51
    26     7     4     3    13     4     1    47
    27     6     5     5    12     0     1    51
    28    10     0     9     3     1     1    51
    29     2     0     0    10     1     1    51
    30    10     5     0     1     5     1    42
    31     9     7     5     0     4     1    51
    32    10     0    10     1     0     1    43
    33     2     2     4     0     0     1    51
    34     5     5     2    13     0     1    39
    35     5     0     6     9     6     1    45
    36     2     0     4     3     0     1    51
    37     7    16     2     5     0     1    51
    38     1     6    12    13     4     3    41    43    49
    39     8     5     0     0     5     1    51
    40     4     9     3     0     7     1    51
    41     8     0     0     1     4     1    43
    42     8     6     0     7     0     1    51
    43     6     8     0     0     4     1    51
    44     2     6     9     0     0     1    51
    45    10     4     3     0     0     1    49
    46     7     0     6     6     0     1    51
    47     8     0     0     5     5     1    51
    48    10     2     9     0     9     1    49
    49     6     5     8     0     2     1    51
    50     5     0     0     7     6     1    51
    51     0     0     0     0     0     0
--------------------------------------------------------------------------------
INFORMATION OF PROJECT 4:
#jobs  release  duedate
    52     0   120
#local resources
     2
R_L1   R_L2   
    14    14
jobnr.  dur.  r_G1  r_G2  r_L1  r_L2  #succ.  successors
     0     0     0     0     0     0     8     1    11    20    31    42    44    45    48
     1     4    59    10    14    14     5     2    14    19    38    40
     2     7    47     2     6    14     2     3    39
     3     8    47     0     3     9     1     4
     4     5    56     6     6    12     3     5    35    36
     5     7    41     6     3     4     6     6    18    27    32    33    34
     6     6     9     0     2     0     3     7    29    30
     7     6    16     0     4     5     1     8
     8     6    21     8     0     0     4     9    16    25    28
     9     5    20     0     4    10     3    10    26    39
    10     3    19     0     4     0     3    12    23    24
    11     6    41     0     4    10     5    21    22    23    27    37
    12     3    26     7     5     0     2    13    35
    13     1     2     0     7     0     1    15
    14     3     3     3     0     2     1    51
    15     5    27     3     1     0     2    17    24
    16     8    53    10    12     7     1    17
    17     3     5     0     3     6     1    21
    18     7    29     2    11     7     1    28
    19     2    50     0     0    13     1    25
    20     5    21     5     4    11     1    51
    21     9    21     6     0     1     1    51
    22     4     3     4     6     0     1    51
    23     6     2     0     4     0     1    51
    24     7     9     3     0     4     1    51
    25     1     0     0     4     9     1    41
    26     9     9     6     0     0     1    51
    27     2     3     0     3     0     1    51
    28     2     0     2     9     0     1    51
    29     2    37    10     8     5     1    51
    30    10     7     0     8     4     1    43
    31     1    36     4    11     1     1    50
    32     3    24     4     9     1     1    49
    33     9     0     0     2     4     1    51
    34     2     6     0     0     3     1    43
    35     3     0     7     0     1     1    51
    36     4    41     7     6    10     1    46
    37     7    20     5     0    10     1    51
    38     4     0     3     3     0     1    43
    39     5    33     3     9    13     1    51
    40     4     0     4     8     0     1    51
    41     2    23     7     9     0     1    51
    42    10    18     0     6    10     1    51
    43     3     0     0     3     3     1    51
    44     4    43    10     0     5     1    51
    45     4     9     4     0     0     3    47    49    50
    46     3     7     0     8     4     1    51
    47     9    20     5     0     8     1    51
    48     6    18     3    11     5     1    51
    49     9     8     5     0     5     1    51
    50     9     3     5     0     5     1    51
    51     0     0     0     0     0     0
--------------------------------------------------------------------------------
INFORMATION OF PROJECT 5:
#jobs  release  duedate
    52     0    60
#local resources
     2
R_L1   R_L2   
    22    13
jobnr.  dur.  r_G1  r_G2  r_L1  r_L2  #succ.  successors
     0     0     0     0     0     0    19     1     2     3     5     6     8     9    11    12    14    15    16    18    19    20    28    29    48    50
     1     9     0     0     9     1     7     4    22    23    31    39    44    46
     2     9    10     0     0     2     5     7    13    23    41    46
     3     2     1     0     1     0     6    17    22    24    32    33    36
     4     3     0     9     9     0     5    10    34    37    42    47
     5     9     9     0     0     5     6    21    27    34    39    40    41
     6     3     3     0     7     0     5    21    31    37    38    45
     7     1     0    10     0     7     5    22    32    34    36    37
     8     5     4     1     0     0     5    23    33    34    35    45
     9     3    18     2     5     0     3    21    26    38
    10     3     0    10     6     0     5    21    33    40    43    44
    11     5     6     0     9     0     4    17    30    31    32
    12     5     5     0     9     0     2    33    34
    13     5     6     0     1     0     3    32    33    38
    14     5     0     4     7     0     3    31    36    44
    15     9     6     1     0     0     2    25    31
    16     7     4     2    15     0     2    24    41
    17     8     0     0    10     6     2    34    39
    18     9     7     0     7     0     2    36    40
    19     5     1     0     0     6     1    38
    20     8     0     0     1     9     2    31    35
    21     8     5     9     0     0     1    51
    22    10     0     2     0     9     1    35
    23     3     0     0     2     1     1    36
    24    10    10     0     0     1     1    51
    25     8     1     0     5     0     1    35
    26    10     0     8     1     0     1    33
    27    10     0     1     0     2     1    31
    28    10     0     1     0     1     1    42
    29    10     8     0     6     0     1    37
    30    10     2     1     0     0     1    31
    31     9     0     3     0     7     1    41
    32     4     4     8     0     0     1    49
    33    10     0     7     3     0     1    49
    34     4     0     4     1     0     1    51
    35     8     0     0     7     3     1    51
    36     3     4     0     0     8     1    51
    37     8     8     1     0     0     1    51
    38     6     8     0    10     0     1    51
    39     9     4     7     0     0     1    51
    40     7     0     5     6     0     1    51
    41    10     2     2     0     0     1    51
    42     4     8    10    10     0     1    51
    43     8     0     0     1     3     1    51
    44     2     2     7     0     0     1    51
    45     3     3     7     0     0     1    49
    46     8     2     0     0     9     1    51
    47     5     4     0     0     2     1    51
    48     2     8     0     2     0     1    51
    49     7     0     9     0     3     1    51
    50     9     1     0     7     0     1    51
    51     0     0     0     0     0     0
--------------------------------------------------------------------------------
INFORMATION OF PROJECT 6:
#jobs  release  duedate
    52     0   128
#local resources
     2
R_L1   R_L2   
    14    25
jobnr.  dur.  r_G1  r_G2  r_L1  r_L2  #succ.  successors
     0     0     0     0     0     0    13     1     4     5     8    10    12    17    22    23    24    25    35    48
     1     4     0     5     1    13     6     2    40    42    45    46    47
     2     2    12    20     5     5     4     3    11    32    37
     3    10     7    21    13     5     4     6    16    33    34
     4     2     3    29     0    11     5     9    40    41    43    46
     5     8     0     2     7     0     7     7    13    20    29    33    36    41
     6    10     0    11    10     9     3     9    29    30
     7     6     0    13     8     9     5    14    20    30    36    38
     8     3     3     0     9     0     5    18    28    32    33    43
     9     6     5     9     3     1     3    13    28    31
    10     2     1     3     0     0     3    13    19    30
    11     2     5     0     0     5     2    18    27
    12     8     0    10     9     0     6    26    27    32    39    43    44
    13     2     0     3     9     5     2    15    28
    14     9     6     8     0     0     4    28    32    33    44
    15    10     0     4     2     4     1    18
    16     5     7     0     7     0     1    51
    17     5     0    17     8     4     3    27    29    34
    18     3     0     1     9     0     3    19    21    39
    19     5     8    23     4     2     2    26    41
    20     4     0     3     0    10     1    51
    21     3     9     5     6     9     1    51
    22     7     3    30     0     5     1    51
    23     2     5     0     4     8     2    26    39
    24     8     0    14     0     0     1    51
    25    10     4    18     9     0     1    42
    26    10     0    17     3     8     1    51
    27     6     6     0     0     6     1    51
    28    10     9     6     7     5     2    39    50
    29     2     2     0    11     0     1    32
    30     9     2    14     0     0     1    51
    31     8     0     0     1     8     2    32    39
    32     3     0    15    10     0     1    38
    33     5     5     3     0     0     2    41    45
    34     6     6    30    12     6     1    44
    35     7     2    22     8    11     2    38    39
    36     6     0     3     8     8     1    51
    37     4    12     6     8     1     1    45
    38     8     0    11     4     0     2    45    49
    39     3    10     9     3     1     1    51
    40     9     2     0     0    10     1    45
    41    10     7     0     4     0     1    51
    42     2     6     0     4     2     2    47    49
    43     7     0     4     1    14     1    49
    44     2     8    11     7     0     1    51
    45     1     1     1    10     0     1    50
    46     3     0    30    10     0     1    51
    47     2     1     4     0     0     1    51
    48     6     6     6     8     9     1    49
    49    10     0     1     2     9     1    51
    50    10     8     9     0     6     1    51
    51     0     0     0     0     0     0
--------------------------------------------------------------------------------
INFORMATION OF PROJECT 7:
#jobs  release  duedate
    52     0    90
#local resources
     2
R_L1   R_L2   
    12    14
jobnr.  dur.  r_G1  r_G2  r_L1  r_L2  #succ.  successors
     0     0     0     0     0     0    18     1     2     3     4     5     7     8     9    10    14    15    16    18    22    23    42    47    49
     1     2     0     0     1    14     6     6    17    31    33    34    43
     2     1     0     1     3    10     9    12    19    24    27    30    31    32    35    41
     3     7    17     0     4     0     8    13    26    28    30    32    36    40    45
     4     5     9     0     9     0     8    19    24    25    27    30    33    34    38
     5     6     3     0     3     0     5    20    21    27    30    31
     6     4    11     4     2     0     4    11    27    28    32
     7     8     6     0     6     0     5    24    26    27    33    34
     8     6     8     7     0     0     6    24    25    27    32    36    46
     9     3    11     0     0     6     3    17    26    32
    10    10     8     1     2     0     4    26    28    32    36
    11     4    11     0     5     0     3    19    25    26
    12     8    10     0     0     5     3    25    26    38
    13     2     0     2     7     0     3    24    25    39
    14     6     3     0     5     0     1    51
    15    10     7     0     3     2     3    21    24    25
    16     2     0    16     6     8     4    21    25    27    31
    17     1    17     0     1     4     2    35    46
    18     3     7     0     0     9     1    44
    19     4     0     4     4     7     1    29
    20     3     4     0     6     0     2    28    37
    21     6     6     0    10     0     1    37
    22     4    19     0     6     0     1    51
    23     1     0     6     9     7     3    24    35    40
    24     8     5     0     8     0     1    51
    25     5     0     6     0    13     1    34
    26    10     0    10     0    12     1    51
    27     9     0     5     0    10     1    51
    28     6     0     5     4     0     1    34
    29     8     1     3     0     0     1    51
    30     9     0     5     0     3     1    51
    31     5    10     9     0     0     1    33
    32     9     4     4     0     0     1    51
    33     3     2     0     4    11     1    51
    34     3     0     0    11     5     1    51
    35     9     2     8     0     4     1    51
    36     1    14     9     3     0     1    51
    37    10     0     0     3     7     1    51
    38     7    12    14    10     0     1    41
    39     2    14     3     3    10     2    41    43
    40     6     0     9     3     0     1    51
    41     8     4    13     0     0     1    51
    42     1     7     9     0     2     1    51
    43     8     0     1     0    10     1    51
    44     7     6     0     0     1     1    51
    45     7     7    10     4     6     1    51
    46     3     0     2     0    10     1    51
    47     9     8     8     0     0     1    48
    48     5    10     0     6     0     1    51
    49     3     8     7     0     6     1    50
    50     8     1     0     6     0     1    51
    51     0     0     0     0     0     0
--------------------------------------------------------------------------------
INFORMATION OF PROJECT 8:
#jobs  release  duedate
    52     0   177
#local resources
     2
R_L1   R_L2   
   113   143
jobnr.  dur.  r_G1  r_G2  r_L1  r_L2  #succ.  successors
     0     0     0     0     0     0     6     1     8    16    20    35    37
     1     1   170   111   113   143     2     2    23
     2     6   170   111   113   143     2     3    34
     3     3   170   111   113   143     5     4    18    25    41    43
     4     5   170   111   113   143     1     5
     5     1    85    61    94   103     1     6
     6     2    69     1     8   105     3     7    19    33
     7     6   170   111   113   143     1     9
     8     8   101   110   105    38     3     9    21    30
     9     2    82    56    27   103     2    10    27
    10     5   170   111   113   143     3    11    38    50
    11     3   170   111   113   143     6    12    24    26    28    29    39
    12     8   163   109   113   133     1    13
    13     2    69    61    94    32     1    14
    14     9   170   111   113   143     3    15    31    48
    15     9    13     9    24    91     1    17
    16    10    85    50    19    40     3    26    38    50
    17     7     9     3     0    18     1    51
    18    10   135    65    73   132     1    51
    19     7   161   108   113   125     1    27
    20     1   161   108   113   125     3    22    40    50
    21     2   157   104    81   117     1    51
    22     5   161   108   113   125     1    51
    23    10   135    62    73   112     1    51
    24     2    47    32    88    12     2    32    45
    25     2   161   108   113   125     2    29    38
    26     5     7     2     0    10     1    46
    27     1   161   108   113   125     1    36
    28     3    82    50    19   103     3    32    42    45
    29     4    15    26     6    10     3    32    42    45
    30     1   161   108   113   125     1    51
    31     9    13     7    32    26     1    49
    32     7   161   108   113   125     1    46
    33     2    85    61    75    62     1    39
    34     4   126    62    62   107     1    50
    35     4   157   102    81    52     2    44    49
    36     1    33    34    19    75     1    41
    37     6   101    50    19   111     1    45
    38     3   137    77    89    42     2    39    41
    39     6   161   108   113   125     1    42
    40     6    88    55    86    40     1    45
    41     1     6     7    27    81     1    42
    42     3   148   101    81    99     1    46
    43     3   157   102    81    52     1    45
    44     1   142    78    75    99     1    46
    45     9   161   108   113   125     1    46
    46     6   161   108   113   125     2    47    48
    47     6    31    42    19    10     1    49
    48     8    35    46    40    11     1    51
    49    10    35    49    40    31     1    51
    50     7   170   111   113   143     1    51
    51     0     0     0     0     0     0
--------------------------------------------------------------------------------
INFORMATION OF PROJECT 9:
#jobs  release  duedate
    52     0   157
#local resources
     2
R_L1   R_L2   
   170   143
jobnr.  dur.  r_G1  r_G2  r_L1  r_L2  #succ.  successors
     0     0     0     0     0     0     8     1     8    16    17    18    19    22    34
     1     8   113   111   170   143     2     2    40
     2     4   113   111   170   143     2     3    33
     3     1   113   111   170   143     1     4
     4     4   113   111   170   143     3     5    26    44
     5     6    77    61    39   103     4     6    35    37    39
     6     6   113   111   170   143     1     7
     7     7   113   111   170   143     2     9    30
     8     2   113   111   170   143     4     9    21    30    41
     9     4    27    57    39   103     3    10    28    29
    10     2    26    51    39    49     3    11    24    44
    11     3    92    79   161   139     5    12    25    32    38    39
    12     2     5    13    30     5     7    13    20    23    42    43    47    50
    13     2    87    45    39    28     1    14
    14     7   113   111   170   143     2    15    31
    15    10     3     5     9    87     1    51
    16    10    36    50   131    40     1    28
    17     1    35     3    40    19     1    51
    18    10    98    63    55    44     1    27
    19     2    82    40   154    52     1    39
    20     1   103   101   138   117     2    37    46
    21     2   103   106   142    56     1    32
    22    10   103    98   138   117     1    33
    23     3    64    60   135   101     1    50
    24     5    21    32     9     4     1    51
    25     4    78    98   126   117     1    41
    26     6     0     9     4     4     1    42
    27     5   113   111   170   143     1    51
    28     1    92    72   161   131     1    39
    29     7    39    11    95    10     1    51
    30     6    10    39     7    12     2    45    47
    31    10    10     1    28    22     1    49
    32     5    26    48   131    40     1    41
    33     2    44    31    30    24     1    36
    34    10    87    60   131    94     1    48
    35     2    92    79   157    52     2    37    46
    36     9    26    50    71   115     2    42    43
    37     2    46    79    46    23     1    47
    38     6    15    18    54    79     3    41    43    45
    39     1   113   111   170   143     1    45
    40    10    86    54    82    40     3    41    44    45
    41     1     5     8    81    44     1    43
    42     4    74   100    75    99     1    46
    43     4    85    70   142    52     2    47    48
    44     5    28     8    15    19     1    49
    45     1   110   106   161    56     1    46
    46     4    82    78   133   117     2    47    48
    47     9    12    43    75    11     1    49
    48     3    49    51    35    14     1    51
    49    10    26    51    35    42     1    51
    50     3   113   111   170   143     1    51
    51     0     0     0     0     0     0
--------------------------------------------------------------------------------
INFORMATION OF PROJECT 10:
#jobs  release  duedate
    52     0   124
#local resources
     2
R_L1   R_L2   
   173   170
jobnr.  dur.  r_G1  r_G2  r_L1  r_L2  #succ.  successors
     0     0     0     0     0     0     8     1     8    16    22    23    25    34    44
     1     2    12   143   173   170     1     2
     2     4    12   143   173   170     4     3    20    30    43
     3     4    12   143   173   170     1     4
     4     5    12   143   173   170     1     5
     5     1    11   103   133    39     5     6    19    32    39    45
     6     4     2   100    13    66     2     7    33
     7     1    12   143   173   170     1     9
     8     6     9    19   148   100     3     9    39    41
     9     1    11   103   133    39     2    10    29
    10     3     7     9    62    39     2    11    26
    11     4     9    19    59    53     3    12    21    31
    12     8     0    12    13    16     2    13    46
    13     1     6     5    46    49     2    14    18
    14     1     1    12    17    67     3    15    47    48
    15     8     4    66    31    14     2    17    49
    16    10     1    40    40   131     2    17    39
    17     9     0     3     1     9     1    51
    18     9     3    36    13     0     1    51
    19     1     0    62     2    62     1    42
    20     8     5   113    96    84     1    42
    21     7     1    50    97    99     2    24    32
    22    10     1   112   128    63     1    51
    23     8     3    98   111   117     5    27    35    37    39    40
    24    10     5    11    13     9     1    48
    25     3     8    77   142   153     1    42
    26     5     1     0     0     4     4    28    31    35    37
    27     6    12   143   173   170     1    51
    28     3     2     1    12    40     1    32
    29     8     2    41    11    38     1    51
    30     1     8    68    51    15     1    51
    31    10     0    22     1     1     1    51
    32     1     0    40   114    32     1    46
    33     4     7    69    58    51     2    36    38
    34     2     6   121   155   148     1    46
    35     1     5     6    18     3     1    49
    36     2     2   124    25    70     1    41
    37     2     5    27    76    71     1    42
    38     1     5    72   109     8     1    51
    39     7    11   140   172   157     1    51
    40     6    10    43   160   104     1    41
    41     2     6    17    28    70     1    42
    42     6     1   115   114    67     1    46
    43     1     3    63    13    37     1    46
    44    10     6    28    59   103     2    47    48
    45     3     7    63    64   102     1    50
    46     8     7   121   156   103     2    47    48
    47     3     0     9    26    16     1    50
    48    10     6    32    63    38     2    49    50
    49     2     7    31    45    72     1    51
    50     7     0    31    45    98     1    51
    51     0     0     0     0     0     0
--------------------------------------------------------------------------------
INFORMATION OF PROJECT 11:
#jobs  release  duedate
    52     0   119
#local resources
     2
R_L1   R_L2   
    14    22
jobnr.  dur.  r_G1  r_G2  r_L1  r_L2  #succ.  successors
     0     0     0     0     0     0    11     1     4     5    10    12    17    22    23    25    35    48
     1     2     1     6     4    13     6     2    24    40    42    46    47
     2     2    13    20     1    10     5     3    11    37    40    47
     3     2     7    21    10     4     4     6    16    33    34
     4     2     6    16     0    10     3     9    40    41
     5     8     1     6     7     4     8     7    13    20    27    29    33    36    41
     6    10     6    11    10     9     5     9    11    29    30    44
     7     8     8    15     8     9     7     8    14    20    30    31    36    38
     8     2     6    16    10     0     6    18    28    31    32    33    43
     9     1     5     9     4     1     3    13    28    31
    10     2     1     7     0     0     4    13    19    27    30
    11     2     5     0     3     5     2    18    27
    12     4     0    10     9     0     5    26    27    32    44    47
    13     2     1    15     9     2     2    15    43
    14     7     6     8     0     0     4    20    32    33    44
    15     9     0     5     2     5     1    18
    16     3     6     0     7     0     1    51
    17     4     1    17     8     4     3    27    33    34
    18     3     0     9     8     6     3    19    21    39
    19     5     8    23     4     3     2    26    41
    20     1     0     3     1    10     1    44
    21     5     2     5     6    11     1    27
    22     9     3    31     1     3     1    39
    23     2     5     0     0    11     1    37
    24     7     0     6     3     0     1    51
    25     5     4    18     9     0     1    42
    26     9     0    13     6     8     1    51
    27    10     4     0     0     6     1    51
    28     6     9     7     7     9     1    39
    29     1     2     0    11     2     2    32    43
    30     4     1    14     0     7     1    51
    31     5     3     0     1     8     2    39    43
    32     2     0    18    10     8     2    38    44
    33     2     5     5    13     0     1    45
    34    10     3     6    13     8     1    43
    35     9     2    22     8    11     1    39
    36     5     0     3     8     8     1    51
    37     4    12     7     8     7     1    45
    38     8     9    11     3     4     2    45    49
    39     3    10     7     3     1     1    51
    40     6     1     4     0    10     2    44    45
    41    10     7     0     2     0     1    51
    42     1     0     0     4     2     1    45
    43     2     0    13     6    14     2    49    50
    44     4     8    12     7     0     2    45    49
    45     2     1     1     9     5     2    49    50
    46     2     9    25    10    10     1    51
    47     9     1     4     0     6     1    51
    48     8     6     8     8     9     2    49    50
    49    10     0     1     2     9     1    51
    50    10     8     9     0     6     1    51
    51     0     0     0     0     0     0
--------------------------------------------------------------------------------
INFORMATION OF PROJECT 12:
#jobs  release  duedate
    52     0    70
#local resources
     2
R_L1   R_L2   
    14    13
jobnr.  dur.  r_G1  r_G2  r_L1  r_L2  #succ.  successors
     0     0     0     0     0     0    21     1     5     7     8     9    11    13    18    19    20    21    22    23    43    44    45    46    47    48    49    50
     1     7     0     4     3     0     5     2    31    34    35    38
     2     6     0     2     8     0     3     3    32    36
     3     6     7     0     0     9     5     4    16    29    30    33
     4     8     7     0     0     6     4     6    25    26    27
     5     2     9     1     0     0     5    10    26    35    40    41
     6     2     0     0     9    10     2    10    28
     7     6     5     6     0     0     4    25    31    32    42
     8     8     1     7     0     0     3    15    26    29
     9     8     0    10     0     4     2    15    17
    10     7     0    10     0     3     1    12
    11     8     4     0     3     0     3    24    25    27
    12     6     4     0     3     0     1    14
    13     7     0    10     6     0     2    31    37
    14     3     0     6     8     0     1    15
    15     2     0     0     8     6     1    24
    16     7     0     7     1     0     1    24
    17     4    10     0     0     6     1    25
    18    10     6     6     0     0     1    30
    19     9     4     0     6     0     1    25
    20     1     0     0     6    10     1    25
    21     3     4     0     1     0     1    39
    22     2     4     0     0     9     1    34
    23     6     6     5     0     0     1    25
    24    10     0     0     3     3     1    51
    25    10     0     0     8     7     1    51
    26     5     4     0     8     0     1    51
    27     7     3     0     0     4     1    51
    28     4     0     0     6     3     1    51
    29     8    10     0     0     3     1    51
    30     4     3     0     0     1     1    51
    31     9     0     0     1     9     1    51
    32     4     0     8     0     2     1    51
    33     2     0     1    10     0     1    51
    34     2     0     0     2     2     1    51
    35    10     8     0     2     0     1    51
    36     6     1     4     0     0     1    51
    37     4     0     0     1     4     1    51
    38     2     0     0     6     2     1    51
    39     6     0     4     0     4     1    51
    40     1     0     7     0     2     1    51
    41     8     0     0     6     9     1    51
    42     8     0     6    10     0     1    51
    43     8     0     7     0     3     1    51
    44     4    10     0     0     5     1    51
    45     1     4     0     2     0     1    51
    46     2     7     9     0     0     1    51
    47    10     0     0     4     4     1    51
    48     7     2     5     0     0     1    51
    49     7     0     4     0     2     1    51
    50     9     0     0     5     1     1    51
    51     0     0     0     0     0     0
--------------------------------------------------------------------------------
TRANSFER TIMES OF GLOBAL RESOURCE G1
 DEPOT    P1    P2    P3    P4    P5    P6    P7    P8    P9   P10   P11   P12
     0    11     1    11     9     9     9    11     9     7     9     5    11
    11     0    11    20     4    19    11    14    15    12    10    16    18
     1    11     0    10    10     9     9    11     9     7     9     5    11
    11    20    10     0    19     8    18    11     8    16    13     6    16
     9     4    10    19     0    17     8    15    15     9    11    14    15
     9    19     9     8    17     0    14    16    13    11    16     5     9
     9    11     9    18     8    14     0    19    18     3    15    12     8
    11    14    11    11    15    16    19     0     4    17     5    11    21
     9    15     9     8    15    13    18     4     0    15     7     8    18
     7    12     7    16     9    11     3    17    15     0    14    10     6
     9    10     9    13    11    16    15     5     7    14     0    11    19
     5    16     5     6    14     5    12    11     8    10    11     0    11
    11    18    11    16    15     9     8    21    18     6    19    11     0
--------------------------------------------------------------------------------
TRANSFER TIMES OF GLOBAL RESOURCE G2
 DEPOT    P1    P2    P3    P4    P5    P6    P7    P8    P9   P10   P11   P12
     0    10     8     5     2     9    11    11     9     6    10    10    14
    10     0    17    10     9     6    20    13    18    14    15    17    21
     8    17     0     9     9    16     5    12     2     5     9    10    13
     5    10     9     0     7    13    13     6     9     5     6    14    18
     2     9     9     7     0     8    11    12    10     8    12     9    13
     9     6    16    13     8     0    18    17    18    15    18    13    17
    11    20     5    13    11    18     0    16     5     9    14     8    10
    11    13    12     6    12    17    16     0    12     8     4    19    23
     9    18     2     9    10    18     5    12     0     5     9    11    14
     6    14     5     5     8    15     9     8     5     0     6    13    17
    10    15     9     6    12    18    14     4     9     6     0    18    22
    10    17    10    14     9    13     8    19    11    13    18     0     5
    14    21    13    18    13    17    10    23    14    17    22     5     0
--------------------------------------------------------------------------------
Additional Information: 
global resource strength = 0.2
transfer time factor = 0.2
adapted from RCPSP instances: 
[sD326, sD29, sD112, sD111, sD57, sD114, sD97, sD380, sD249, sD342, sD195, sD27]
