--------------------------------------------------------------------------------
PORTFOLIO INFORMATION:
#projects
    12
#global resources
     2
R_G1   R_G2   
   335   366
--------------------------------------------------------------------------------
INFORMATION OF PROJECT 1:
#jobs  release  duedate
    52     0   136
#local resources
     2
R_L1   R_L2   
   119   115
jobnr.  dur.  r_G1  r_G2  r_L1  r_L2  #succ.  successors
     0     0     0     0     0     0     9     1     3    12    18    25    29    38    40    49
     1     4    13   133   107   110     6     2     6    14    43    47    48
     2     6    13   133   107   110     1     4
     3     1     5    18    12     5     4     4    23    42    48
     4     1     6    99    75    61     2     5    16
     5     3    18   151   119   115     4     6     7    14    41
     6     8    15   110   103    84     1    51
     7     1    18   151   119   115     1     8
     8     1    11    59    28    16     1     9
     9     1     6    18    37    52     2    10    35
    10     9    11    59    28    16     2    11    37
    11     9    12    68   109    83     1    13
    12    10     7    92    91    99     4    21    23    34    43
    13     1     8   124    89    79     2    15    43
    14     5     8    99   103    84     2    17    36
    15     2    14    18    54    52     3    17    26    28
    16     1     0    57    46     2     1    51
    17     2    14   111   103    61     1    19
    18     6     8   124    89    72     2    20    24
    19     7    12    16    11    51     4    20    27    30    39
    20     4     2     7    12    21     2    22    50
    21    10     8   143   107    88     1    51
    22     4     0     7     9     5     1    51
    23     8    16   144   107    94     5    26    28    30    41    48
    24     8    16   135    95    85     2    26    42
    25    10     4   133    65    63     1    51
    26     1    10     8     6     2     2    31    39
    27     5     5    46    11    31     1    36
    28     5     2    16    24    30     1    33
    29    10    12    45    44    54     1    47
    30     3    10    16    11    43     2    32    47
    31     4     9    21    42    32     1    43
    32     1     6    53    23    21     1    51
    33     2     6     8    12     9     2    36    42
    34     4    16    53    57    47     1    51
    35     9     0    83    10    32     1    41
    36     3     9    58    14    46     1    51
    37     4    10    27    30    36     1    51
    38     6     9    90    73    40     1    51
    39     3    14   138   107    88     2    44    45
    40     3     0    60    96    51     2    42    48
    41     2     4    13     1    23     2    43    47
    42     5     3    40    16    15     4    44    46    47    50
    43     2     0    81    23    49     1    51
    44     9     1    34     7     4     1    51
    45     8    10     2     2    16     1    51
    46     2     0     7     3    31     1    51
    47     2     0     0     0    37     1    51
    48     2     6    52     1    15     1    50
    49    10     4   110    82    49     1    50
    50     6     4     8    12    27     1    51
    51     0     0     0     0     0     0
--------------------------------------------------------------------------------
INFORMATION OF PROJECT 2:
#jobs  release  duedate
    52     0   125
#local resources
     2
R_L1   R_L2   
    31    25
jobnr.  dur.  r_G1  r_G2  r_L1  r_L2  #succ.  successors
     0     0     0     0     0     0    13     1     4     5     8    10    12    17    22    23    24    25    35    48
     1     4     0     1     5    13     6     2    40    42    45    46    47
     2     2    12     5    20     5     4     3    11    32    37
     3    10     7    13    21     5     4     6    16    33    34
     4     2     3     0    29    11     5     9    40    41    43    46
     5     8     0     7     2     0     7     7    13    20    29    33    36    41
     6    10     0    10    11     9     3     9    29    30
     7     6     0     8    13     9     5    14    20    30    36    38
     8     3     3     9     0     0     5    18    28    32    33    43
     9     6     5     3     9     1     3    13    28    31
    10     2     1     0     3     0     3    13    19    30
    11     2     5     0     0     5     2    18    27
    12     8     0     9    10     0     6    26    27    32    39    43    44
    13     2     0     9     3     5     2    15    28
    14     9     6     0     8     0     4    28    32    33    44
    15    10     0     2     4     4     1    18
    16     5     7     7     0     0     1    51
    17     5     0     8    17     4     3    27    29    34
    18     3     0     9     1     0     3    19    21    39
    19     5     8     4    23     2     2    26    41
    20     4     0     0     3    10     1    51
    21     3     9     6     5     9     1    51
    22     7     3     0    30     5     1    51
    23     2     5     4     0     8     2    26    39
    24     8     0     0    14     0     1    51
    25    10     4     9    18     0     1    42
    26    10     0     3    17     8     1    51
    27     6     6     0     0     6     1    51
    28    10     9     7     6     5     2    39    50
    29     2     2    11     0     0     1    32
    30     9     2     0    14     0     1    51
    31     8     0     1     0     8     2    32    39
    32     3     0    10    15     0     1    38
    33     5     5     0     3     0     2    41    45
    34     6     6    12    30     6     1    44
    35     7     2     8    22    11     2    38    39
    36     6     0     8     3     8     1    51
    37     4    12     8     6     1     1    45
    38     8     0     4    11     0     2    45    49
    39     3    10     3     9     1     1    51
    40     9     2     0     0    10     1    45
    41    10     7     4     0     0     1    51
    42     2     6     4     0     2     2    47    49
    43     7     0     1     4    14     1    49
    44     2     8     7    11     0     1    51
    45     1     1    10     1     0     1    50
    46     3     0    10    30     0     1    51
    47     2     1     0     4     0     1    51
    48     6     6     8     6     9     1    49
    49    10     0     2     1     9     1    51
    50    10     8     0     9     6     1    51
    51     0     0     0     0     0     0
--------------------------------------------------------------------------------
INFORMATION OF PROJECT 3:
#jobs  release  duedate
    52     0    57
#local resources
     2
R_L1   R_L2   
    23    13
jobnr.  dur.  r_G1  r_G2  r_L1  r_L2  #succ.  successors
     0     0     0     0     0     0    19     1     2     3     5     6     8     9    11    12    14    15    16    18    19    20    28    29    48    50
     1     9     9     0     0     1     7     4    22    23    31    39    44    46
     2     9     0     0    10     2     5     7    13    23    41    46
     3     2     1     0     1     0     6    17    22    24    32    33    36
     4     3     9     9     0     0     5    10    34    37    42    47
     5     9     0     0     9     5     6    21    27    34    39    40    41
     6     3     7     0     3     0     5    21    31    37    38    45
     7     1     0    10     0     7     5    22    32    34    36    37
     8     5     0     1     4     0     5    23    33    34    35    45
     9     3     5     2    18     0     3    21    26    38
    10     3     6    10     0     0     5    21    33    40    43    44
    11     5     9     0     6     0     4    17    30    31    32
    12     5     9     0     5     0     2    33    34
    13     5     1     0     6     0     3    32    33    38
    14     5     7     4     0     0     3    31    36    44
    15     9     0     1     6     0     2    25    31
    16     7    15     2     4     0     2    24    41
    17     8    10     0     0     6     2    34    39
    18     9     7     0     7     0     2    36    40
    19     5     0     0     1     6     1    38
    20     8     1     0     0     9     2    31    35
    21     8     0     9     5     0     1    51
    22    10     0     2     0     9     1    35
    23     3     2     0     0     1     1    36
    24    10     0     0    10     1     1    51
    25     8     5     0     1     0     1    35
    26    10     1     8     0     0     1    33
    27    10     0     1     0     2     1    31
    28    10     0     1     0     1     1    42
    29    10     6     0     8     0     1    37
    30    10     0     1     2     0     1    31
    31     9     0     3     0     7     1    41
    32     4     0     8     4     0     1    49
    33    10     3     7     0     0     1    49
    34     4     1     4     0     0     1    51
    35     8     7     0     0     3     1    51
    36     3     0     0     4     8     1    51
    37     8     0     1     8     0     1    51
    38     6    10     0     8     0     1    51
    39     9     0     7     4     0     1    51
    40     7     6     5     0     0     1    51
    41    10     0     2     2     0     1    51
    42     4    10    10     8     0     1    51
    43     8     1     0     0     3     1    51
    44     2     0     7     2     0     1    51
    45     3     0     7     3     0     1    49
    46     8     0     0     2     9     1    51
    47     5     0     0     4     2     1    51
    48     2     2     0     8     0     1    51
    49     7     0     9     0     3     1    51
    50     9     7     0     1     0     1    51
    51     0     0     0     0     0     0
--------------------------------------------------------------------------------
INFORMATION OF PROJECT 4:
#jobs  release  duedate
    52     0   128
#local resources
     2
R_L1   R_L2   
   119   151
jobnr.  dur.  r_G1  r_G2  r_L1  r_L2  #succ.  successors
     0     0     0     0     0     0     7     1     3     6    12    18    25    49
     1     4    13   110   107   133     3     2    43    47
     2     4    13   110   107   133     1     4
     3     4     5     5    12    18     1     4
     4     1     6    16    28    58     3     5    38    40
     5     4    18   115   119   151     1     7
     6     1    18   115   119   151     3     9    36    48
     7     7    18   115   119   151     1     8
     8     1    11    16    28    59     1     9
     9     1     6    52    32    18     4    10    14    16    35
    10     9    11    16    28    59     4    11    34    37    41
    11    10    15    83    76    88     3    13    30    37
    12    10     7    99    91    92     6    17    21    22    23    29    41
    13     1     8    73    89   124     3    15    28    43
    14     1     0     5    19    10     1    22
    15     2    14    52    45    18     4    17    22    26    42
    16     1     0    52     9     7     2    22    37
    17     7    14    87    99   111     3    19    44    45
    18     7     7    63    87   124     1    24
    19     8    12    50    22     7     3    20    27    30
    20     5     2    21    19     7     1    50
    21    10     8    63    99   143     1    51
    22     2     1    55     9     7     4    30    39    47    50
    23     7    12    63    91    93     4    26    28    36    37
    24     5    16    85    65   133     5    26    32    33    38    40
    25    10     4    63    65   133     2    45    50
    26     2    10    40    17    34     2    31    39
    27     1     5    33    44   110     1    36
    28     7     2    30    54    18     2    30    33
    29    10    12    55    55    36     3    38    46    48
    30     3    11    43    32    18     1    43
    31     5    11    49    22    41     1    43
    32     1     5    71    78    92     1    51
    33     2     4    22    12     8     1    42
    34     3    10    49     4    70     2    36    45
    35     9     0    32    43    63     1    51
    36     3     9    37    14    70     1    51
    37     5    10    42    30    27     1    51
    38     1    12    39    26    92     2    39    50
    39     3    14    89   107   117     1    45
    40     2     8    23    96    70     1    46
    41     4     3    23     1    18     1    51
    42     5     3    13    13    40     2    44    47
    43     2     1    59    23    81     1    51
    44    10     1     5     2    34     1    47
    45     9    10    18    12     7     1    48
    46     1     2     1    20     0     1    51
    47     4     3    30    25    10     1    51
    48     2     6    21    35    31     1    51
    49     9     3    49    82   110     1    50
    50     6     4    26    12     8     1    51
    51     0     0     0     0     0     0
--------------------------------------------------------------------------------
INFORMATION OF PROJECT 5:
#jobs  release  duedate
    52     0   105
#local resources
     2
R_L1   R_L2   
    13    14
jobnr.  dur.  r_G1  r_G2  r_L1  r_L2  #succ.  successors
     0     0     0     0     0     0    23     1     2     3     5     6     8     9    10    11    12    13    14    16    18    19    29    39    43    44    46    47    48    49
     1     5     2     7     0     0     5     4    17    21    26    37
     2    10     0    10     9     2     7    20    21    22    23    25    30    34
     3     5     0     7     6     1     5    20    21    23    27    36
     4    10     0     5     9     0     1     7
     5    10     5     4     2     4     1    33
     6    10     6     2     0     0     4    20    28    31    35
     7     4     0     1     0     2     3    15    20    24
     8     4     8     0     8     0     1    28
     9     8     3     8     0    10     2    25    30
    10     9     2     4     0     0     3    20    21    50
    11     2     6     2     0     0     2    23    25
    12     2     0     0     9     2     2    20    31
    13     4     1     6    10    10     1    24
    14     6    10     1    10     3     1    27
    15     2     0     1     8    10     1    22
    16     2    10     0     8     0     1    41
    17     5     0     1     4     6     1    32
    18     4     8     6     0     0     2    21    27
    19     5     0     1     0     1     1    21
    20     9     8     3     0     0     1    51
    21     4     0     0    10     2     1    40
    22     7     0     0     2    14     1    51
    23     4     6     0    10     0     1    41
    24     2     7     0     0     8     1    36
    25     1     9     4     0     0     1    35
    26    10     0     7     1     2     1    42
    27     6     0     1     0     3     1    51
    28     6     0     1     6    11     1    51
    29     6     8     3     0     3     1    36
    30     6     0     0     3     3     1    51
    31     4     0     0     4     2     1    40
    32     5     0     8     5     0     1    51
    33    10     2     0     6     0     1    41
    34     6     0     0     9     5     1    45
    35    10     6     0     2     0     1    51
    36     8     5     0     0     3     1    51
    37     8     4     0     3     4     2    38    45
    38     3     6     1     0     0     1    51
    39     3     0     7     9     0     1    51
    40     6     1     0     0     9     1    51
    41     3     0     0    10     9     1    42
    42    10     9     6     2    10     1    51
    43    10     0     0     1     0     1    51
    44     3     6     0     7     0     1    51
    45     8     1     9     0    13     1    51
    46     6     3     0     0     7     1    51
    47     7     0     5     4     0     1    51
    48     9     0     0     6     1     1    50
    49     8     4     0     6     0     1    51
    50     7     8     0     5     0     1    51
    51     0     0     0     0     0     0
--------------------------------------------------------------------------------
INFORMATION OF PROJECT 6:
#jobs  release  duedate
    52     0   152
#local resources
     2
R_L1   R_L2   
    12   143
jobnr.  dur.  r_G1  r_G2  r_L1  r_L2  #succ.  successors
     0     0     0     0     0     0     7     1     8    20    22    23    34    44
     1     4   173   170    12   143     1     2
     2     6   173   170    12   143     1     3
     3     3   173   170    12   143     2     4    16
     4    10   173   170    12   143     2     5    26
     5     6   173   170    12   143     2     6    45
     6     4    25    36     2   124     1     7
     7     2   173   170    12   143     1     9
     8     9   148   134    10    19     5     9    16    31    38    40
     9     6   173   170    12   143     4    10    19    29    43
    10     9    66    86     7    45     4    11    26    28    30
    11     9    62    42    10    19     3    12    21    25
    12     5    12    20     2    16     2    13    46
    13     1    58    33     9    10     2    14    18
    14     2    17    67     1     6     2    15    48
    15    10    31    16     4    87     1    17
    16     5   142   103     6    56     1    49
    17    10     0     9     0    19     1    51
    18    10     1     0     4    47     1    51
    19     2    85    58     0    18     2    37    42
    20    10   107    84     4    98     3    33    38    39
    21     6    65    96     3    29     3    24    37    46
    22    10   128    63     7   112     1    51
    23    10   111    86     2   119     5    27    32    39    42    45
    24     8    12     9     4     4     2    35    48
    25     6   142    71     6    55     3    32    37    42
    26     2     0    18     4     0     1    51
    27     1   173   170    12   143     1    51
    28    10    10     2     0     5     1    47
    29     6     8    38     2    41     1    31
    30     2   142    33     7    56     1    49
    31     8     4    64     0     3     1    50
    32     2    87    22     3    62     1    46
    33     5    76    65     8    65     2    36    37
    34     9    61   139     7    99     1    49
    35     2     1    37     4     6     1    51
    36     3    88    71     2   124     1    41
    37     2    81    10     3    50     1    51
    38     1    92   150     4    74     1    48
    39     1   173   170    12   143     1    51
    40     9   163   106     8    77     3    41    42    43
    41     1   107    24     5    40     1    42
    42     5   114    71     3   117     1    46
    43     2    76    33    10    19     1    46
    44    10    59    26     9    26     1    48
    45     7   142   109     6    56     1    46
    46    10   151    97     8   118     1    48
    47     7     4    32     0     9     1    48
    48     8   112    31     4    44     2    49    50
    49     2    45    56     0    12     1    51
    50     7    45    98     0    12     1    51
    51     0     0     0     0     0     0
--------------------------------------------------------------------------------
INFORMATION OF PROJECT 7:
#jobs  release  duedate
    52     0   117
#local resources
     2
R_L1   R_L2   
   115    11
jobnr.  dur.  r_G1  r_G2  r_L1  r_L2  #succ.  successors
     0     0     0     0     0     0     9     1    16    18    21    25    36    44    46    49
     1     4   174     9   114    11     9     2    27    33    37    38    39    40    41    42
     2     8   172     5   114    11     1     3
     3     1    62     0    50     1     1     4
     4     2    66     0    50     2     6     5    17    29    30    31    32
     5     2   165    15    98    11     3     6    24    48
     6     3   130     4    49     7     1     7
     7     2    80     2    93     1     2     8    15
     8     5    73    11    50     4     2     9    23
     9     8    39     0     2     3     3    10    22    31
    10     5    50     5     2     5     3    11    20    29
    11     4   122     8    78     0     2    12    19
    12     7   113     7    14     4     1    13
    13     8    81     1    47    10     3    14    26    38
    14    10     1     8     0     0     1    51
    15     5    10     8     0     0     1    42
    16     9     1    12    10     0     1    35
    17     6     2     3    10     3     1    51
    18     4     8     0    12     0     1    51
    19     6     4    10    14     4     1    51
    20     5     9     9    13     3     1    51
    21     1    14     1     4     0     1    51
    22    10     0     0    32     4     1    34
    23     7     7     6    37     6     2    41    43
    24     3    46     7    31    10     1    51
    25     3    17     0    11     3     1    28
    26     1     1     0    59     1     2    29    42
    27     6   125     1   110     8     1    48
    28     2    67     0    10     6     2    34    45
    29     2     4     0    21     0     1    51
    30    10    79    13    58     0     2    33    39
    31     4     4     0    63     0     1    51
    32     4    87     0     5     4     1    43
    33    10     3     0    12     0     1    51
    34     9     0     0    24     7     1    51
    35     9    77    13    10     6     1    37
    36     7    29     5     1     9     1    51
    37     3    21     1    22     4     1    51
    38     2    31     9     2     0     2    41    45
    39     3     6     0     5     0     1    48
    40     1     0     2    55     1     2    42    50
    41     6    16     8    38     0     1    51
    42     4     4     4    46     0     1    51
    43     2     0     1     7     7     1    51
    44    10    98     6    46    10     3    45    48    50
    45     9     7     0     7     1     1    51
    46     4     1    12     8     6     2    47    48
    47     7     0     6     1     0     1    51
    48     2     4     8     0     0     1    51
    49    10    26     7     5     7     1    50
    50     9     2    10     0     0     1    51
    51     0     0     0     0     0     0
--------------------------------------------------------------------------------
INFORMATION OF PROJECT 8:
#jobs  release  duedate
    52     0    97
#local resources
     2
R_L1   R_L2   
    17    14
jobnr.  dur.  r_G1  r_G2  r_L1  r_L2  #succ.  successors
     0     0     0     0     0     0    15     1     2     3     4     6     7     9    10    11    13    14    17    18    22    29
     1    10     9     0     8    10     8     8    16    19    21    25    32    44    47
     2    10     6     0     6     0     9    16    19    23    27    34    36    39    41    44
     3     7     0    11     9     1     9     5    16    21    25    28    31    32    39    41
     4     1     9     4     0     0     9    12    15    30    41    42    44    46    47    48
     5     8     3     3     0     7     7    15    19    26    28    30    39    44
     6     6     0    10     6     0     8    24    25    30    32    39    41    42    47
     7     9     7     0     9     0     9    31    34    35    36    37    39    41    43    47
     8     2     0     2     4     0     6    15    30    33    40    42    45
     9    10     2     0     4     0     3    16    19    25
    10     5     0     0     6     4     4    20    30    38    43
    11     3     3     0     3     3     6    33    35    38    40    41    46
    12    10     7     0     2     0     5    32    33    38    39    40
    13     7     6     0     0     3     4    21    39    41    47
    14     2     0     4     9     8     1    15
    15     3     6     0    10     0     4    31    35    36    37
    16    10     0     8     9     0     3    26    30    43
    17     7    12     1     6     7     3    25    37    45
    18     6     0     7     0     0     3    25    26    27
    19     2     4     0     6     0     3    31    35    40
    20     3     7     7     0     5     2    25    42
    21     4     5     0    11     0     3    35    36    46
    22     6     0     0     4     8     3    35    45    49
    23     8     0     8     7     0     1    51
    24    10     8     0    10     0     3    33    35    47
    25     3     6     0    10     7     2    35    36
    26    10     5     0     5     0     3    35    37    41
    27     5    11     6     0     8     2    40    45
    28     4     6     0     1     0     1    51
    29     2     3     6     0     0     3    33    37    45
    30     6     0     0     5     2     1    37
    31     6     8    19     3    10     1    38
    32     5     0     6     0     1     1    51
    33     2     7     7     6     0     2    36    37
    34     6     5     0     9     0     1    43
    35    10     0     0     6     6     1    51
    36     8     5     2     0     9     1    43
    37     1     4     0    16     0     1    51
    38     8     1    19     0    11     1    51
    39     2     0     7     0     4     1    51
    40    10     0     8     1     0     1    45
    41     5     0     8     6     0     1    43
    42     8     3     0     0    10     1    51
    43     3     7     5     0     6     1    51
    44     6     0     6    13     0     1    51
    45     6     0     3     0     5     1    51
    46     7    10    17     3    10     1    50
    47    10     0     6     0     4     1    51
    48     6     3     8     0     0     1    49
    49     7     0     5     9     0     1    51
    50     8     8     4     0     6     1    51
    51     0     0     0     0     0     0
--------------------------------------------------------------------------------
INFORMATION OF PROJECT 9:
#jobs  release  duedate
    52     0   122
#local resources
     2
R_L1   R_L2   
    19    11
jobnr.  dur.  r_G1  r_G2  r_L1  r_L2  #succ.  successors
     0     0     0     0     0     0     9     1    12    16    19    24    28    36    39    46
     1     7    10     9    18     4     8     2    18    37    38    40    41    42    43
     2     2     1    10    13     5     2     3    45
     3     4     1     3     9     0     1     4
     4     6     4    12    13    11     5     5    32    33    35    43
     5     2     1     0    13    11     4     6    29    30    31
     6     5     3     0    14     5     2     7    45
     7     2    10     0     3     1     4     8    15    26    27
     8     9     6     9    15     7     3     9    23    32
     9     4     0     0     9     3     2    10    25
    10     9     4     4     3    10     3    11    21    34
    11     2     0     9     3     7     2    13    22
    12     4     0     3     0     7     1    37
    13    10     8     6     3     0     2    14    50
    14    10     2     6     0     0     3    17    44    45
    15    10     0     8     3     2     1    17
    16    10     0     6     7     8     1    49
    17    10     0     0     4     1     2    20    31
    18     5     0     2     0     4     1    51
    19     6     3     0     0     5     1    37
    20     3     0     8     9     7     1    51
    21     3     0     7     2     0     1    51
    22    10     2     4     0     1     1    44
    23     1     9     0     6     4     1    51
    24     5     6     0     2     8     1    34
    25     5     0     2    13     0     1    51
    26     8     2     3     0     2     1    51
    27     2     5     3    16     0     1    51
    28     2     0     6     9     9     1    51
    29    10     0     0     1     1     2    44    49
    30     4     9     8     4     3     1    33
    31     7     0     0     4     8     1    51
    32     9     0     8     0     3     1    51
    33     7     0     4    14     2     1    51
    34     8     1     1     0     2     1    51
    35     6     4     1    18     8     1    48
    36    10     9     8     2     0     1    48
    37     6     0     6     1     0     1    51
    38     8     6     0     0     2     1    51
    39    10     9     8    15     0     1    45
    40     8     2     6     0     0     1    51
    41     3     0     9     4     2     1    49
    42     9     6     0    14     9     1    51
    43     5    10     1     0     0     1    51
    44     1     0     0     2     9     1    51
    45     5     0     2    14     8     1    51
    46    10     6     0     6     0     1    47
    47     3     0     0     1     5     1    50
    48     2     0     0     4    10     1    49
    49     8     4     0     4     1     1    51
    50     9     1     1    12     8     1    51
    51     0     0     0     0     0     0
--------------------------------------------------------------------------------
INFORMATION OF PROJECT 10:
#jobs  release  duedate
    52     0   102
#local resources
     2
R_L1   R_L2   
    13    10
jobnr.  dur.  r_G1  r_G2  r_L1  r_L2  #succ.  successors
     0     0     0     0     0     0    20     1     2     3     5     6     8     9    10    11    12    13    14    16    18    19    38    39    43    46    47
     1     5     0     2     0     7     5     4    17    21    26    37
     2    10     0     0     9    10     7    20    21    22    23    25    30    34
     3     7     1     0     6     4     5    20    21    23    27    36
     4    10     0     0     9     5     1     7
     5     4     4     5     2     4     3    20    21    33
     6    10     0     6     0     1     4    20    28    31    35
     7     4     2     0     0     1     3    15    20    24
     8     4     0     8     8     0     1    28
     9     6    10     3     0     8     2    25    30
    10     9     0     2     0     4     2    20    21
    11     2     0     6     0     2     2    23    25
    12     3     2     0     9     0     2    20    31
    13     2    10     0    10     6     2    24    29
    14    10     3    10    10     0     2    23    27
    15     2    10     0     8     1     1    22
    16     2     0    10     8     0     1    51
    17     5     6     0     4     1     1    32
    18     7     0     8     0     6     2    21    27
    19     5     1     0     0     1     1    21
    20     9     0     8     0     3     1    51
    21     4     2     0    10     0     1    40
    22     7    14     0     2     6     1    51
    23     1     0     6    10     0     1    41
    24     2     8     7     0     0     1    51
    25     1     0     9     0     1     1    51
    26    10     2     0     1     7     1    42
    27     6     3     0     0     1     1    51
    28     6    11     0     6     1     1    51
    29     6     3    11     0     3     1    51
    30     4     3     0     3     0     1    51
    31    10     2     0     4     0     1    40
    32     5     0     0     5     8     1    51
    33    10     0     2     6     0     1    41
    34     6     5     0     9     0     1    45
    35     8     0     6     2     0     1    51
    36     8     3     5     0     0     1    51
    37     8     4     0     3     0     1    51
    38     3     0     6     3     1     1    51
    39     3     0     0     6     7     1    51
    40     6     9     1     0     0     1    44
    41     3     9     0    10     0     1    42
    42    10    10     9     1     6     1    51
    43    10     2     0     1     0     1    51
    44     3     0     6     7     0     1    51
    45     8     0     1     0     9     1    51
    46     6     7     3     0     0     1    48
    47     7     0     0     4     5     1    49
    48     9     1     0     8     0     1    50
    49     9     0     4     6     0     1    51
    50     7     0     8     5     0     1    51
    51     0     0     0     0     0     0
--------------------------------------------------------------------------------
INFORMATION OF PROJECT 11:
#jobs  release  duedate
    52     0    78
#local resources
     2
R_L1   R_L2   
    14    10
jobnr.  dur.  r_G1  r_G2  r_L1  r_L2  #succ.  successors
     0     0     0     0     0     0     9     1     2     3     4     5    11    13    15    21
     1     1     0    10     8     0     8     7    10    14    16    17    20    22    24
     2     4     0     5     9     0     5     6    14    16    25    29
     3     5     0     1     0     7     7    12    16    20    22    24    30    39
     4     6     0     2     9     0     3     9    22    24
     5     7     7    10     0     0     6    16    18    22    25    32    37
     6     5    10     2     0     0     5    12    19    20    38    50
     7     9     3    10     0     0     2     8    37
     8     3     2     0    10     0     2     9    28
     9     1     0     5     0     8     3    12    25    32
    10     1     4     0    10     0     3    12    34    50
    11     1     3     5     0     0     7    22    27    30    32    35    37    48
    12     9     0     0     3     1     5    18    27    36    48    49
    13     8     3     6     0     0     3    18    19    37
    14     6     9     1     0     0     7    23    28    30    37    39    42    45
    15     1     4     0     1     0     9    26    30    34    36    41    44    45    46    47
    16     7     2     0    10     0     4    19    41    46    47
    17     9     0     0     5     2     6    27    28    33    46    47    50
    18     7     0     4     0     4     5    23    31    41    42    45
    19     6     0     8     0     3     4    26    27    43    45
    20    10     3     0     0     3     5    32    35    37    46    47
    21    10     0     3     0     3     5    35    36    38    39    44
    22     6     3     0     6     0     5    38    41    45    49    50
    23     3     0     4     3     0     4    33    43    46    47
    24     3     0     9     1     0     3    28    35    45
    25     3     0     0     4     5     4    35    42    46    48
    26     3     3     0     8     0     2    33    42
    27     9    10     0    10     0     3    40    42    44
    28     6     5     0     7     0     3    40    41    43
    29     3     0     0     9     4     3    40    41    50
    30     8     0     0     4     3     1    31
    31     2     0    10     1     0     2    40    43
    32     7     9     8     0     0     2    40    42
    33     8     0     5     6     0     1    35
    34     1     7     0     8     0     1    35
    35     9     4     0     0     4     1    40
    36     8     3     3     0     0     1    40
    37    10     0     0     7     9     1    44
    38     7     6     0     4     0     1    40
    39     3     0    10     0     5     1    41
    40     4    10     5     0     0     1    51
    41     9     2     0     0     8     1    51
    42     5     6     5     0     0     1    51
    43     5     7     0     0     2     1    51
    44     4     5     0     2     0     1    51
    45     3     0     0     9     8     1    51
    46     9     0     6     3     0     1    51
    47     5     0     1    10     0     1    51
    48     3     6     0     4     0     1    51
    49     7     0     2     9     0     1    51
    50     3     7     0     9     0     1    51
    51     0     0     0     0     0     0
--------------------------------------------------------------------------------
INFORMATION OF PROJECT 12:
#jobs  release  duedate
    52     0   116
#local resources
     2
R_L1   R_L2   
    12    10
jobnr.  dur.  r_G1  r_G2  r_L1  r_L2  #succ.  successors
     0     0     0     0     0     0    20     1     2     3     5     6     8     9    10    11    12    14    18    19    32    39    41    45    46    47    48
     1     5     0     2     0     7     5     4    17    21    26    37
     2    10     9     0     0    10     8    15    20    21    22    23    25    30    34
     3     7     6     0     8     0     5    20    21    23    27    36
     4    10     9     0    10     7     1     7
     5     9     2     6     9     4     3    20    21    33
     6    10     0     6     0     1     4    20    28    31    35
     7     3     7     0     2     1     4    15    20    24    50
     8     4     8     8     3     0     2    16    28
     9     6     0     4    10     6     3    13    25    30
    10     9     0     2     9     4     2    20    21
    11     3     4     6     0     9     2    23    25
    12     3     9     0     2     0     1    31
    13     2    10     0    10     6     1    29
    14    10    10    10     3     0     1    23
    15     2     8     0    10     0     1    22
    16     8     8    10     0     0     1    51
    17     1     4     0     6     8     1    38
    18     7     0     8     0     6     3    21    27    38
    19     8     0     0     1     1     1    21
    20     9     0     8     0     3     1    51
    21     1    10     0     2     0     1    40
    22     5     3     2    12     7     1    51
    23     1     2     6     0     1     1    42
    24     2     0     7     8     0     1    51
    25     1     0     8     0     1     1    51
    26     9     1     0     2     7     1    28
    27     9     4     0     3     1     1    51
    28     6     6     0     8     1     1    51
    29     6     2    11     3     3     1    36
    30     4     4    11    10     0     1    51
    31     4     4     0     2     0     1    51
    32     6     5     0     0     8     1    51
    33     2     6     2     0     0     1    43
    34     1     9     0     2     0     1    51
    35     8     2     6     0     0     1    51
    36     7     0     5     3     0     1    51
    37     7     3     0     4     0     2    40    49
    38     5     3     6     0     1     1    51
    39     4     6     4     0     6     1    50
    40     6     0     1     9     0     2    42    44
    41     2    10     0     7     0     1    51
    42     7     0     9     5     0     1    44
    43    10     1     0     2     0     1    51
    44     3     7     6     0     0     1    51
    45     8     0     1     0     9     1    49
    46     1     0     3     7     0     1    51
    47     8     4     0    12     7     1    51
    48     9     8     0     1     9     1    49
    49     9     6     4     0     0     1    50
    50     9     5     8     0     1     1    51
    51     0     0     0     0     0     0
--------------------------------------------------------------------------------
TRANSFER TIMES OF GLOBAL RESOURCE G1
 DEPOT    P1    P2    P3    P4    P5    P6    P7    P8    P9   P10   P11   P12
     0     3    27    30    19    11    25    17     7    27     8    23     8
     3     0    25    30    19    10    26    18     6    27     9    25     6
    27    25     0    55    13    30    49    43    28    16    25    38    25
    30    30    55     0    48    25     8    13    27    56    35    42    31
    19    19    13    48     0    27    44    36    24     9    15    25    21
    11    10    30    25    27     0    19    15     4    35    18    33     7
    25    26    49     8    44    19     0    11    22    52    32    41    25
    17    18    43    13    36    15    11     0    15    43    22    30    19
     7     6    28    27    24     4    22    15     0    32    14    29     4
    27    27    16    56     9    35    52    43    32     0    22    27    29
     8     9    25    35    15    18    32    22    14    22     0    17    14
    23    25    38    42    25    33    41    30    29    27    17     0    30
     8     6    25    31    21     7    25    19     4    29    14    30     0
--------------------------------------------------------------------------------
TRANSFER TIMES OF GLOBAL RESOURCE G2
 DEPOT    P1    P2    P3    P4    P5    P6    P7    P8    P9   P10   P11   P12
     0    10    26    29    25    12    28    24    31    18    10    29    21
    10     0    34    24    33     7    35    26    26    14     9    24    16
    26    34     0    54     3    33     9    24    45    35    29    44    39
    29    24    54     0    53    30    56    50    45    36    33    42    36
    25    33     3    53     0    31     7    21    43    33    27    42    37
    12     7    33    30    31     0    31    20    20     8     5    18    10
    28    35     9    56     7    31     0    18    41    31    27    39    36
    24    26    24    50    21    20    18     0    24    17    17    23    21
    31    26    45    45    43    20    41    24     0    14    22     3    11
    18    14    35    36    33     8    31    17    14     0     9    11     5
    10     9    29    33    27     5    27    17    22     9     0    20    13
    29    24    44    42    42    18    39    23     3    11    20     0     8
    21    16    39    36    37    10    36    21    11     5    13     8     0
--------------------------------------------------------------------------------
Additional Information: 
global resource strength = 0.5
transfer time factor = 0.5
adapted from RCPSP instances: 
[sD271, sD114, sD57, sD305, sD78, sD390, sD138, sD80, sD139, sD88, sD8, sD98]
