--------------------------------------------------------------------------------
PORTFOLIO INFORMATION:
#projects
    12
#global resources
     2
R_G1   R_G2   
   335   257
--------------------------------------------------------------------------------
INFORMATION OF PROJECT 1:
#jobs  release  duedate
    52     0   116
#local resources
     2
R_L1   R_L2   
    14    22
jobnr.  dur.  r_G1  r_G2  r_L1  r_L2  #succ.  successors
     0     0     0     0     0     0    10     1     4     5    10    12    17    22    25    35    48
     1     2     4     6     4    13     6     2    24    40    42    46    47
     2     2    13    21     3    14     6     3    20    37    40    46    47
     3     8     8    21    14    11     4     6    16    33    34
     4     2     5     9     0    10     4     9    24    40    46
     5     8     1    11     7     4     7     7    13    20    27    29    33    36
     6     5     8    26    14    11     6     9    11    29    30    42    44
     7     2     8    16     8     9     7     8    14    20    30    31    36    38
     8     2     3    16    10     3     6    18    28    31    32    33    43
     9     1     3     9     4     1     4    13    28    31    38
    10     2     0     7     0     0     4    11    13    19    30
    11     1     5     0     3     5     2    18    27
    12     4     0    10     9     0     4    20    26    32    47
    13     2     1    16     9     2     1    15
    14     7     6     6     0     0     3    32    33    44
    15     5     0     5     2     5     1    18
    16     3     8     5     7     0     1    51
    17     2     5    18     8     4     3    27    33    34
    18     3     0    13     8     6     3    19    21    39
    19     6     8    23     4     2     2    26    41
    20     1     1     3     6    10     1    30
    21     7     2     5     6    11     1    51
    22     9     3    31     1     6     2    23    39
    23     2     4     0     0    11     1    51
    24     1     0     8    11     0     1    47
    25     5     4    19     9     3     3    27    42    44
    26     9     0    14     6     8     1    51
    27    10     4     0     0     6     1    51
    28     6     9    14     7     9     1    51
    29     1     2     1    11     2     2    32    39
    30     4     1    13     0     7     1    45
    31     5     3     0     1     8     2    39    43
    32     2     2    25    10     8     1    38
    33     2     3    19    12    14     1    45
    34    10     1     9    13     8     2    42    43
    35     9     3    22     8    13     1    39
    36     4     0     4     9     8     1    51
    37     8    12    14     8     3     1    51
    38     8     9    12     4     4     2    45    49
    39     3    11     7     3     3     1    51
    40     6     1     4     0    10     4    43    44    45    47
    41    10     7     0     2     0     1    51
    42     2     0     0     4     6     1    51
    43     2     0     5     6    14     2    49    50
    44     3     8    12     7     0     1    45
    45     2     1     1     9     1     2    49    50
    46     2     6    25    10    10     1    51
    47     8     1     4     0     6     1    51
    48    10     6     8     8     9     2    49    50
    49    10     0     1     2     9     1    51
    50    10     9    10     0     7     1    51
    51     0     0     0     0     0     0
--------------------------------------------------------------------------------
INFORMATION OF PROJECT 2:
#jobs  release  duedate
    52     0   106
#local resources
     2
R_L1   R_L2   
    66    12
jobnr.  dur.  r_G1  r_G2  r_L1  r_L2  #succ.  successors
     0     0     0     0     0     0    17     1     2     3     4     5     6     8     9    10    11    14    15    16    18    21    24    28
     1     7     4     2    52     4    12    12    13    20    22    23    26    29    34    46    47    48    49
     2     8    14     5    56     3     8     7    17    22    29    33    34    35    49
     3     4     0    10     1     3    11    19    20    23    25    26    27    46    47    48    49    50
     4     2     0    14    54    10     3     7    22    29
     5     1     0     3     1    10     8    12    20    31    41    46    47    48    50
     6    10     0     9     1     0     9    20    27    31    33    34    35    46    47    50
     7    10    14    14    57    12     7    12    20    31    40    41    47    48
     8     6     8     3     3     1    10    22    29    33    35    38    39    40    44    45    47
     9     4     9     4    45     3     9    25    32    33    34    40    44    46    48    49
    10     1     0     1     0     4     8    27    31    32    33    34    42    43    44
    11     1     0     2    61     1     5    20    25    31    34    46
    12    10     7     0    45     0     6    25    30    32    39    43    44
    13     2     6     6     0     0     6    27    36    39    41    43    50
    14    10     0     6     2    10     6    30    32    33    40    43    44
    15     5     7     0    11    11     7    22    30    31    32    35    40    46
    16     9     6     0     3     0     7    30    36    39    40    45    46    47
    17     1     0     0     1     3     5    27    39    41    46    47
    18     7     1     0     9     0     6    33    37    38    39    40    46
    19     7    10     0     3     0     5    31    32    39    43    44
    20     4     0     8     0     7     5    30    36    38    42    43
    21     7     4     0    64     3     5    31    39    41    47    48
    22     6     0     1     0     6     4    30    31    42    43
    23     4     9     0     3     2     4    32    33    36    42
    24     7     0     1     0     5     2    27    36
    25     6     4     0     0     1     4    36    37    42    45
    26     3    10     3     4     9     4    36    38    39    40
    27     7    10     7     4     1     3    30    38    40
    28     8     8     2     0     4     2    39    42
    29    10     0     0    10     5     1    30
    30     1     1     0     0     2     1    37
    31     5     1     0    10     8     1    48
    32     1     2     2     0     0     1    38
    33     8    10     0     4     0     1    41
    34     8     0     8     0     7     1    39
    35     4     0     9     1    10     2    36    48
    36     8     7    10     9     1     1    51
    37     3    10     2    66    10     1    51
    38     7     5     6    53     0     1    51
    39     5     7     4     3     0     1    51
    40     3    10     4    56     0     1    51
    41     5     0    10     0     3     1    51
    42     5     2     1     0     0     1    51
    43     5     8     0    56     8     1    50
    44    10     5     8     0     0     1    51
    45     7     1     5     0     0     1    51
    46     8     1     7     0     2     1    51
    47     4     0     1     1     8     1    51
    48     5     1     6     0     1     1    51
    49     2     0     5     0     5     1    51
    50     5     0     1     0     2     1    51
    51     0     0     0     0     0     0
--------------------------------------------------------------------------------
INFORMATION OF PROJECT 3:
#jobs  release  duedate
    52     0   143
#local resources
     2
R_L1   R_L2   
    18   115
jobnr.  dur.  r_G1  r_G2  r_L1  r_L2  #succ.  successors
     0     0     0     0     0     0     6     1     3    12    14    25    49
     1     9   107   133    13   110     5     2     6    18    43    47
     2     4   107   133    13   110     1     4
     3     3    12    18     5     5     3     4     6    42
     4     2    23    59     6    16     1     5
     5     5   110   145    18   110     2     7    16
     6    10    98   111    15   106     1    19
     7     9   119   151    18   115     1     8
     8     2    28    59    11    16     1     9
     9     1    37    12     6    47     2    10    35
    10     9    28    59    11    16     3    11    37    48
    11    10    73    74    14    83     4    13    30    31    32
    12    10    91    92     7    99    10    13    17    21    22    23    29    31    34    41    43
    13     1    89   124     8    73     4    15    21    28    43
    14     2    11    77     0    32     1    17
    15     3    45    12    14    46     2    17    26
    16     1    44    58     0    52     2    17    37
    17     6    98   111    14    81     1    19
    18     7    85   121     7    68     2    24    26
    19     8    11    18    12    49     3    20    27    30
    20     4    12    24     2    21     1    50
    21     1   107   143     8    88     1    51
    22     1     9     6     0     5     1    51
    23     6    96    92    12    88     4    26    27    28    37
    24     5    56   129    16    80     5    26    38    40    42    46
    25    10    65   133     1    63     1    51
    26     2     2     0    10    22     2    31    39
    27     5    20    66     5    27     2    36    46
    28     7    54    16     2    30     1    33
    29    10    66     9    12    54     2    38    46
    30     3    34    18    11    47     2    32    43
    31     4    11    21     9    32     1    51
    32     1    10    53     5    47     1    51
    33     6    12    14     4    29     1    42
    34     4    36    53     8    47     1    36
    35     9    46    76     0    32     2    41    50
    36     3    44    58     9    41     1    51
    37     6    30    27    10    42     1    43
    38     2    73    90     9    42     2    43    47
    39     4   107   117    11    86     1    45
    40     3    96   117     2    37     1    41
    41     1     1    33     4    22     1    43
    42     5    21    40     2     9     3    44    47    50
    43     2    21    59     1    34     1    51
    44     9     5    34     1     4     1    51
    45    10     2     2    10    16     1    51
    46     3    20     7     0    16     1    51
    47     4     0     0     3     1     1    51
    48     2    37    52     6    61     1    50
    49    10    82   110     3    49     1    50
    50     7    12     8     4    26     1    51
    51     0     0     0     0     0     0
--------------------------------------------------------------------------------
INFORMATION OF PROJECT 4:
#jobs  release  duedate
    52     0   163
#local resources
     2
R_L1   R_L2   
   170   143
jobnr.  dur.  r_G1  r_G2  r_L1  r_L2  #succ.  successors
     0     0     0     0     0     0    10     1     8    16    19    20    22    23    34    44    45
     1     2   173    12   170   143     1     2
     2    10   173    12   170   143     1     3
     3     1   173    12   170   143     1     4
     4     6   173    12   170   143     1     5
     5     5   173    12   170   143     1     6
     6     3    25     1    68   125     2     7    33
     7     3   173    12   170   143     1     9
     8     8   148    11   100    18     3     9    30    40
     9     6   173    12   170   143     3    10    28    29
    10     4    72     5    82    42     2    11    25
    11     4    60     9    81    19     3    12    21    42
    12     6    12     1    16    12     2    13    24
    13     1    40     8    34     7     3    14    18    24
    14     4    27     2    67    23     1    15
    15    10    31     4    18    87     1    17
    16     9   142     8   152    56     1    26
    17     5     0     0     9    19     1    51
    18    10     3     3     0    36     1    51
    19     1    12     1     9    27     3    25    35    39
    20     5   101     4    88   101     1    51
    21     7    91     2    98    53     2    24    46
    22    10   128    10    69   112     1    32
    23     9   101     2    80    96     3    27    39    43
    24     9    12     4     9     4     2    35    48
    25     5   142     8   152    56     3    32    37    42
    26     3   161     8   161   139     1    51
    27     3   173    12   170   143     2    38    47
    28     5    10     1    47     1     1    51
    29     5    19     2    38    48     2    31    47
    30     8   170     9   161    88     1    50
    31     6    30     0    21    35     1    50
    32     1    86     0     3    40     1    51
    33     6    70     8    63    58     1    36
    34     8   142     6   135    98     1    49
    35     3    17     3    53     6     1    51
    36     1    25     1    70   124     1    41
    37     2    82     3    64    80     1    46
    38     1   114     6    70    98     1    48
    39     6   173    12   170   143     1    46
    40     7   161    11   154   124     1    46
    41     1    60     7    68     9     1    42
    42     5   110     1    68   119     1    46
    43     6    75     4    50    99     1    46
    44    10    63    11   102    18     2    47    48
    45     6   142     7   123    61     1    46
    46     8   156     8   117   120     2    47    48
    47     4    19     0    15     9     1    49
    48     7    31     6    35    12     1    50
    49     6    45     4    11    13     1    51
    50     7    45     2    92    12     1    51
    51     0     0     0     0     0     0
--------------------------------------------------------------------------------
INFORMATION OF PROJECT 5:
#jobs  release  duedate
    52     0    68
#local resources
     2
R_L1   R_L2   
    15    14
jobnr.  dur.  r_G1  r_G2  r_L1  r_L2  #succ.  successors
     0     0     0     0     0     0    14     1     4     5     8     9    10    12    44    45    46    47    48    49    50
     1     2     0    10     0     9     6     2    18    34    39    40    42
     2     4    10     0     0    10     3     3    22    35
     3     7     5     6     0     0     2     6    37
     4     3     4     1     0     0    13    13    21    24    27    28    29    30    31    32    33    34    35    38
     5     8     2     0     7     0     9    11    14    16    22    28    30    31    34    41
     6     7     8     0     0     9     5     7    15    21    27    31
     7     6     6     5     0     0     6    11    25    28    30    32    33
     8     1     6     0     4     0     9    19    24    25    26    28    29    30    37    40
     9     3     3     2     0     0     6    16    17    27    28    35    39
    10     5     2     0     6     0     7    17    21    24    27    28    36    43
    11     5     0     0     2     9     3    13    24    29
    12     1     0     2     2     0     4    23    24    26    34
    13     6     0    10     6     0     2    19    26
    14     6     5     0     0     7     2    19    27
    15     1     3     8     0     0     2    23    24
    16     9     0     1     0     2     2    24    36
    17     1     0     6     3     0     2    23    25
    18     8     0     9     0     8     2    31    38
    19     7     0     0     2     8     1    20
    20     5     0     0     3     7     1    23
    21     6     8     0     0     4     1    25
    22    10     5     8     0     0     1    27
    23     5     0     0     5     3     1    51
    24    10     8     0     0     5     1    51
    25     7     5     0     6     0     1    51
    26     5     0     7     0     6     1    51
    27     6     0     1     0     5     1    51
    28     8     0     0     4     4     1    51
    29     4     3     0     6     0     1    51
    30     8     9     3     0     0     1    51
    31     7     0     0    10     3     1    51
    32     2     0     3     8     0     1    51
    33     4     0     3     2     0     1    51
    34     7     7     0     4     0     1    51
    35     5     7     0     0     9     1    51
    36    10     3     0     5     0     1    51
    37     3     0     9     5     0     1    51
    38     9     0     1     0     4     1    51
    39     5     2     0     7     0     1    51
    40     3     6     6     0     0     1    51
    41     7    10     0     1     0     1    51
    42     7     0     8     0     3     1    51
    43     9     5     9     0     0     1    51
    44     3     0     2     0     4     1    51
    45     1     5     0     8     0     1    51
    46     8     7     1     0     0     1    51
    47     7     0     3     3     0     1    51
    48     4     0     1     9     0     1    51
    49     9     0     6     0     5     1    51
    50    10     8     2     0     0     1    51
    51     0     0     0     0     0     0
--------------------------------------------------------------------------------
INFORMATION OF PROJECT 6:
#jobs  release  duedate
    52     0   151
#local resources
     2
R_L1   R_L2   
   173   143
jobnr.  dur.  r_G1  r_G2  r_L1  r_L2  #succ.  successors
     0     0     0     0     0     0     8     1     8    16    20    22    23    34    44
     1     2   170    12   173   143     2     2    27
     2     6   170    12   173   143     2     3    27
     3     4   170    12   173   143     4     4    26    32    42
     4     1   166    10   173   143     2     5    39
     5     2   166    10   173   143     3     6    32    37
     6     5    70     2    25   125     2     7    33
     7     2   170    12   173   143     1     9
     8     7   100    10   148    18     4     9    31    38    40
     9     8   166    10   173   143     4    10    19    29    43
    10     8    86     7    66    42     3    11    25    28
    11    10    44     9    62    19     3    12    21    25
    12     5    16     2    12    16     1    13
    13     1    32     8    56    10     2    14    18
    14     2    67     1    10     6     2    15    49
    15    10    16     4    31    82     1    17
    16    10   150     5   142    61     1    51
    17     8     9     0     0    19     1    51
    18    10     0     3     1    47     1    51
    19     2     5     0    85    55     1    42
    20    10    84     4    87   101     5    33    36    38    39    47
    21     6    96     3    65    27     2    24    46
    22    10    63     7   128   112     1    51
    23    10    86     2   111   119     4    27    30    39    45
    24     8     9     4    12     4     2    35    48
    25     6    66     6   142    54     3    32    37    42
    26     5     4     2     0     0     1    42
    27     6   166    10   173   143     1    51
    28    10    48     0    10     5     1    47
    29     6    38     2     6    41     1    31
    30     2     5     0     0    52     1    42
    31     6    64     0    10     3     1    50
    32     2    41     4    86    40     1    46
    33     4    65     8    66    57     2    36    37
    34     9   139     4    61    99     1    49
    35     2     0     4     1     6     1    51
    36     3    70     1    25   124     1    41
    37     2    10     3    81    50     1    48
    38     1   143     9    76    60     1    51
    39     3   166    10   173   143     1    48
    40     9   106     7   163    72     5    41    42    43    45    47
    41     1    17     5   107    22     1    42
    42     5    68     0   114   117     1    46
    43     2    26    10    76    19     1    46
    44    10   102     9    59    19     1    48
    45     7   140     6   142    61     3    46    47    50
    46    10    94     7   151   118     1    48
    47     6    13     0     4     9     2    48    49
    48     7    31     8   112    44     2    49    50
    49     3    56     0    45    12     1    51
    50     7    98     4    45    12     1    51
    51     0     0     0     0     0     0
--------------------------------------------------------------------------------
INFORMATION OF PROJECT 7:
#jobs  release  duedate
    52     0   118
#local resources
     2
R_L1   R_L2   
    14    14
jobnr.  dur.  r_G1  r_G2  r_L1  r_L2  #succ.  successors
     0     0     0     0     0     0    10     1     4     5    12    17    22    23    25    35    48
     1     2     7    13     2     5     6     2    24    40    42    46    47
     2     2    20    14    13     3     5     3    11    37    40    47
     3     4    26    12    13    11     4     6    10    16    34
     4     2    16    10     4     0     2     9    40
     5     8     6     4     1     7     7     7    13    27    29    33    36    41
     6     9    11     8     6    11     6     9    11    29    30    34    44
     7     8    15     9     8     9     7     8    14    20    30    31    36    38
     8     2    16    14     3    10     6    18    28    31    32    33    43
     9     1     9     1     5     4     3    13    28    31
    10     5     7     7     1     0     4    11    13    19    27
    11     1     0     5     5     5     2    18    27
    12     3    10     0     0     9     6    26    27    29    32    44    47
    13     2    16     2     1     9     2    15    20
    14     7     8     0     6     0     3    20    32    44
    15     9     5     7     0     2     1    18
    16     1    19     0     6     7     1    20
    17     4    17     4     1     8     3    27    33    34
    18     3    10     6     0     9     3    19    21    39
    19     5    23     2     8     4     2    26    41
    20     1     3    10     6     1     1    44
    21     5     5    11     2     6     1    51
    22     9    31     5     3     1     1    39
    23     2     0     8     5     0     1    51
    24    10     6     0     0     3     1    51
    25     5    21     0     4     9     1    42
    26     9    13     8     0     6     1    51
    27     1     0     6     4     0     1    43
    28     6     8     9     9     7     1    51
    29     1     0     2     4    11     1    32
    30     4    14     7     1     0     1    43
    31     3     0     1     3     1     1    43
    32     2    18     8     0    10     2    38    42
    33     1     6     2     5    13     1    51
    34     7     6     8     3    13     1    43
    35     9    22    11     2     8     1    39
    36     5     3     8     0     8     1    51
    37     7     7     8    12     8     1    45
    38     8    11     3     9     4     1    45
    39     3     7     1    10     3     1    51
    40     7     4    10     1     0     2    44    47
    41    10     0     0     7     2     1    51
    42     2    12    18     0     5     1    45
    43     2     4    14     0     2     2    49    50
    44     4    12     0     8     7     1    45
    45     2     1    14     2     9     2    49    50
    46     2    25    12    13    11     1    51
    47     9     4     6     1     0     1    51
    48     9     8     9     6     8     2    49    50
    49    10     1     9     1     2     1    51
    50     9     9     6     8     0     1    51
    51     0     0     0     0     0     0
--------------------------------------------------------------------------------
INFORMATION OF PROJECT 8:
#jobs  release  duedate
    52     0   153
#local resources
     2
R_L1   R_L2   
    12     9
jobnr.  dur.  r_G1  r_G2  r_L1  r_L2  #succ.  successors
     0     0     0     0     0     0    13     1     2     4     7     9    10    11    13    15    17    18    23    50
     1     5     5     0     0     3     6     3    20    29    30    45    48
     2     4     0     3     3     0     6     5    20    41    42    44    45
     3     5     8     0     4     8     5     6    31    40    41    47
     4     6     2     5     0     4    14     5    16    20    21    25    31    34    36    39    40    41    42    46    48
     5     5     5     0     1     0     6     8    25    27    30    34    46
     6     5     8     0     2     1     5     8    27    28    43    44
     7    10     2     9     5     6     9    14    27    28    31    33    42    43    44    49
     8     1     2     2     3     8     4    12    35    37    39
     9     9    13     2     4     7     1    36
    10     9     0     2     0     1     6    16    34    35    40    43    45
    11    10     2     0     9     9     7    19    21    25    37    40    41    43
    12     6     9    11    12     2     2    16    36
    13     8     5     0     9     0     4    24    32    34    35
    14    10     1     0    10     0     3    31    34    39
    15     7    10     5    11     9     6    16    29    30    31    41    45
    16     8     5     1     7     1     3    22    32    38
    17     5     7     7     0     8     4    26    29    35    47
    18     1     0     0     8     1     2    26    36
    19     2     9     0     8     3     2    26    27
    20     8     7     3     0     0     3    32    33    35
    21     9     2     4     0     9     1    34
    22    10     1     7     0     0     1    24
    23     7     0    11     0     6     1    51
    24     8     9     0     0     1     2    25    26
    25     1     4     0     4     0     1    51
    26    10    12     0     2     0     1    33
    27     5     2     0     0     6     1    37
    28     7     1     6     0     0     1    44
    29     9     6     9    10     1     1    39
    30     2     0     8     0     1     1    32
    31     3     0     2     3     7     1    37
    32     4    11     0     8     2     1    46
    33    10     2     9     0     0     1    51
    34     6     6     5     8     1     1    41
    35     8    11    11     2     0     1    47
    36     6     7     0     1     1     1    51
    37     4     5     1     4     7     1    44
    38     8     8     8    12     9     1    51
    39     9     4     0     0     1     1    51
    40     8     0     6     7     0     1    47
    41     8    12     2     0     0     1    51
    42     5     4     2     0     5     1    51
    43     7     8    11    11     1     1    47
    44     7     2     0     5     7     1    46
    45     9     6    11     8     8     1    48
    46     6     4     4    11     0     1    51
    47     7    10     0     2     2     1    51
    48     6     0     0    10     1     1    51
    49     7     0     6     6     6     1    51
    50    10     3     0     0     7     1    51
    51     0     0     0     0     0     0
--------------------------------------------------------------------------------
INFORMATION OF PROJECT 9:
#jobs  release  duedate
    52     0   114
#local resources
     2
R_L1   R_L2   
    14    22
jobnr.  dur.  r_G1  r_G2  r_L1  r_L2  #succ.  successors
     0     0     0     0     0     0    11     1     4     5    10    12    17    22    25    35    37    48
     1     2     4     6     4    13     6     2    20    24    40    46    47
     2     2     2    21    13    12     2     3    47
     3     4    11    24     8    11     4     6    16    33    34
     4     2     0    16     5    10     5     9    24    40    41    42
     5     9     7     9     3     1     7     7    13    20    29    33    36    41
     6     6    11     9     7    11     6     9    11    29    30    42    44
     7     2     8    16     8     9     7     8    14    20    30    31    36    38
     8     2    10    16     3     0     6    18    28    31    32    33    43
     9     1     4     9     1     1     4    13    28    31    46
    10     2     0     7     0     0     5    11    13    19    30    40
    11     1     3     0     5     5     1    27
    12     4     9    10     0     0     3    20    26    32
    13     2     9    16     1     2     1    15
    14     7     0     8     6     0     3    32    33    44
    15     9     2     5     0     5     1    18
    16     3     7     3     8     0     1    43
    17     4     8    18     7     4     4    27    33    34    40
    18     3     8    10     1     6     3    19    21    39
    19     5     4    23     8     2     2    26    41
    20     1    11     4     1    10     1    51
    21     6     6     5     2    11     1    51
    22    10     1    31     3     6     2    23    39
    23     2     0     0     6    11     1    51
    24     8     3     6     0     0     1    51
    25     5     9    18     4     0     2    27    42
    26    10     6    14     0     8     1    51
    27    10     0     0     4     6     1    51
    28     5     8    18    11     9     1    51
    29     1    11     1     2     2     1    32
    30     4     0    14     1     7     1    45
    31     2     1     0     3     8     1    39
    32     2    10    25     0     8     2    33    38
    33     2    12     5     3     0     1    45
    34     8    13     8     1     8     1    43
    35     9     8    22     3    13     1    39
    36     4     9     4     0     8     1    51
    37     8     8     7    12     7     1    51
    38     8     4    11     9     4     3    45    47    49
    39     3     3     7    11     3     1    51
    40     2     0     7     1    10     1    44
    41    10     2     0     7     0     1    51
    42     2     4     9     0     2     1    45
    43     2     6    21     0    12     3    45    49    50
    44     3     7    12     8     0     1    51
    45     2     9     1     1     8     2    49    50
    46     2    10    24     6    10     1    51
    47     6     0     4     1     6     1    51
    48    10     8     4     6     9     2    49    50
    49    10     3     1     0     9     1    51
    50    10     0    10     9     7     1    51
    51     0     0     0     0     0     0
--------------------------------------------------------------------------------
INFORMATION OF PROJECT 10:
#jobs  release  duedate
    52     0   129
#local resources
     2
R_L1   R_L2   
    18   151
jobnr.  dur.  r_G1  r_G2  r_L1  r_L2  #succ.  successors
     0     0     0     0     0     0     6     1     3    12    18    25    49
     1     3   107   110    13   133     4     2     6    43    47
     2     7   107   110    13   133     2     4    40
     3     1    12     5     5    18     3     4     6    48
     4     1    28    16     6    59     1     5
     5     5   119   115    18   151     2     7    16
     6    10    94   103    15   105     1    38
     7     4   119   115    18   151     1     8
     8     1    28    16    11    59     2     9    14
     9     2    37    51     6    12     3    10    35    38
    10     9    28    16    11    59     4    11    34    37    41
    11     1    65    83    18    88     1    13
    12    10    91    99     7    92     7    15    21    22    23    29    31    41
    13     3    95    73     8   124     3    15    28    43
    14    10     9     1     0     6     4    17    26    33    36
    15     2    45    51    14    12     3    17    22    26
    16     2     5    52     0     6     1    37
    17     6    94    85    13   100     1    19
    18     5    87    42     7   124     1    24
    19     8    11    49    12    18     3    20    27    30
    20     5     8    21     2     7     1    48
    21    10   107    89     8   143     1    51
    22     2     9     1     0     6     1    30
    23     5    91    93    12    92     4    26    28    37    38
    24     5    56    84    16   129     5    26    32    33    38    40
    25    10    65    63     4   133     4    32    40    45    50
    26     2     2     4    10    32     3    31    39    41
    27     2    11     5     5    66     2    36    50
    28     7    54    30     2    16     2    30    33
    29    10    47    54    12    22     2    38    46
    30     5    32    43    11    18     1    43
    31     4    10    16     9    41     1    46
    32     1    21    86     5    58     1    51
    33     3    12    14     4     8     1    42
    34     3    37    47     8    53     2    36    45
    35     9    54    32     0    63     2    41    46
    36     3    10    45     9    27     1    51
    37     5    24    42    10    27     1    51
    38     1    47    75     6   112     1    47
    39     3   107    89    14   117     2    45    47
    40     1    96    13     0    49     1    48
    41     4     1    23     4    11     1    43
    42     5    16    11     3    40     4    44    46    47    50
    43     2    23    31     9    85     1    51
    44     7     1     4     1    34     1    47
    45     9     2     9    10     2     1    51
    46     2    43     0     2     7     1    51
    47     4     0    29     3    11     1    51
    48     2     2    18     6    52     1    51
    49     9    82    49     3   110     1    50
    50     6    12    26     4     8     1    51
    51     0     0     0     0     0     0
--------------------------------------------------------------------------------
INFORMATION OF PROJECT 11:
#jobs  release  duedate
    52     0   149
#local resources
     2
R_L1   R_L2   
    12   143
jobnr.  dur.  r_G1  r_G2  r_L1  r_L2  #succ.  successors
     0     0     0     0     0     0    10     1     8    16    19    22    23    29    34    44    45
     1     7   173   170    12   143     1     2
     2     1   173   170    12   143     1     3
     3     6   173   170    12   143     3     4    20    32
     4     7   173   170    12   143     1     5
     5     4   173   170    12   143     3     6    32    35
     6     3    13    66     0   125     1     7
     7     5   173   170    12   143     4     9    30    36    38
     8     5   148   100    12    18     6     9    30    38    39    40    41
     9     9   173   170    12   143     3    10    26    28
    10     5    62    60    12    48     2    11    25
    11     2    53    60    11    19     5    12    21    30    35    42
    12     2    11    16     2     6     1    13
    13     1    59    56     8    16     2    14    18
    14     3     2    35     1    18     2    15    48
    15     7    31    11     4    87     1    17
    16     1   120    14     1    63     2    27    47
    17     9     0     9     0     5     1    51
    18     9     6     0     3    36     1    51
    19     3   147   161     2    67     1    51
    20     3   128    90     7   112     1    51
    21     6    74    72     0    50     3    24    26    46
    22     7   128    63    10   115     1    51
    23    10   111   110     0    95     4    27    33    37    40
    24     1    12     9     5     4     1    51
    25     4   142   135     7    56     3    35    37    42
    26     8     0     4     1     0     1    47
    27     4   173   166    11   143     1    51
    28     7    10    40     0    19     1    32
    29     1     6    65     0    51     2    31    42
    30     9     0     7     3     3     1    51
    31     8     0    51     0    22     1    51
    32     2    76    41     4    46     1    46
    33     5    53    24     7    57     1    36
    34    10   142   119     6   104     1    49
    35     2    20     0     6    35     1    38
    36     3    25    70     0   124     1    41
    37     2     4    71     5    26     1    51
    38     1    12     6     6    21     1    47
    39    10   173   166    11   143     1    51
    40     4   160   104    12    18     2    41    43
    41     1    24    82     5    39     1    42
    42     8   114    64     0   121     1    46
    43     1    53    40     9    69     1    51
    44    10    59   102    10    18     1    47
    45     8   142   159     3    56     2    48    49
    46     9   150    95     4   117     1    47
    47     3   142    39     5    34     2    48    49
    48     9    31    39     6    34     1    50
    49     3    45    32     4    20     1    51
    50     7    45    98     2    20     1    51
    51     0     0     0     0     0     0
--------------------------------------------------------------------------------
INFORMATION OF PROJECT 12:
#jobs  release  duedate
    52     0   135
#local resources
     2
R_L1   R_L2   
   151   115
jobnr.  dur.  r_G1  r_G2  r_L1  r_L2  #succ.  successors
     0     0     0     0     0     0     6     1     3    12    18    25    49
     1     2   110    16   145   110     5     2    21    43    47    48
     2     1   110    16   145   110     2     4    44
     3     1    34     6    18    52     8     6    14    16    21    22    23    24    40
     4     1    28     8    59    16     1     5
     5     4   110    18   145   114     3     7    16    41
     6     4   101    16   139   109     3     7     8    38
     7     3   119    18   151   115     1     8
     8     2    28    11    59    16     2     9    38
     9     1    59     6    80    60     2    10    35
    10     9    28    11    56    16     1    11
    11    10    94    12    75    92     4    13    30    31    32
    12    10    91     7    92    99     8    17    21    22    23    29    31    34    41
    13     1    89     8   124    73     3    15    28    31
    14     4     9     0     6     1     1    31
    15     3    45    14    12    47     1    17
    16     2    22     0   108    37     1    33
    17     9   110    16   145   110     2    19    33
    18    10    85     8   104    63     2    24    44
    19     8    11    12    17    49     5    20    27    30    44    45
    20     5    12     3     7    10     2    43    50
    21     4   117     8   149    99     1    51
    22     7     9     2     6     5     1    30
    23     9    93    12    99    92     4    26    27    28    37
    24     7    56    14   117    85     4    26    36    38    40
    25    10    65     1   133    63     1    51
    26     2    30    10     2     7     4    30    31    39    46
    27     4    11     5    66    26     2    36    46
    28     7    54     2    16    24     1    33
    29    10    40    12    29    54     1    38
    30     3    34    11    17    48     2    36    43
    31     4    12     9    21    26     1    51
    32     1    38     2    55     1     1    37
    33     3    12     0     8    29     2    42    43
    34     4    39     8    54    41     2    45    46
    35     9    25     0    76    20     1    50
    36     3    65     9    92    53     1    51
    37     5    30    10    27    42     1    43
    38     3   107    14   111    86     1    47
    39     3   107    11   117    86     1    45
    40     3    96     2    78    37     1    48
    41     1    26     6    13    23     3    42    43    50
    42     7    21     3    40    30     2    44    46
    43     2    58     1    81    31     1    51
    44     9     2     1    34     5     1    51
    45     9     2    10     2    16     1    51
    46     3    23     1     7    31     1    51
    47     4     0     6     0     3     1    51
    48     1    25     6    52    15     1    50
    49     9    84     3   110    55     1    50
    50     7    12     4    10    18     1    51
    51     0     0     0     0     0     0
--------------------------------------------------------------------------------
TRANSFER TIMES OF GLOBAL RESOURCE G1
 DEPOT    P1    P2    P3    P4    P5    P6    P7    P8    P9   P10   P11   P12
     0     7     6     9    10     8    10    13     7     6    12    12    10
     7     0    10     3    16    11    10    11     7     8     9     8    11
     6    10     0    12    12     2     6    19    13    12    10    10    16
     9     3    12     0    19    14    12    10     7     9    11     9    10
    10    16    12    19     0    13    17    19    14    12    21    21    15
     8    11     2    14    13     0     5    20    14    14    10    10    18
    10    10     6    12    17     5     0    20    15    15     5     6    19
    13    11    19    10    19    20    20     0     7     8    20    18     5
     7     7    13     7    14    14    15     7     0     3    15    14     5
     6     8    12     9    12    14    15     8     3     0    16    15     5
    12     9    10    11    21    10     5    20    15    16     0     3    19
    12     8    10     9    21    10     6    18    14    15     3     0    18
    10    11    16    10    15    18    19     5     5     5    19    18     0
--------------------------------------------------------------------------------
TRANSFER TIMES OF GLOBAL RESOURCE G2
 DEPOT    P1    P2    P3    P4    P5    P6    P7    P8    P9   P10   P11   P12
     0     5    10     3     9    10     7     6     8    13     8     6    11
     5     0    11     5    12    13     3    11    12    16     3     7     6
    10    11     0     7    18    18     9    13    17    21    10     4    14
     3     5     7     0    12    12     6     8    11    15     7     4    10
     9    12    18    12     0     2    15     7     2     5    15    15    16
    10    13    18    12     2     0    16     6     2     4    16    15    18
     7     3     9     6    15    16     0    13    14    19     2     6     5
     6    11    13     8     7     6    13     0     5     9    13    11    16
     8    12    17    11     2     2    14     5     0     5    14    14    16
    13    16    21    15     5     4    19     9     5     0    19    18    21
     8     3    10     7    15    16     2    13    14    19     0     7     4
     6     7     4     4    15    15     6    11    14    18     7     0    11
    11     6    14    10    16    18     5    16    16    21     4    11     0
--------------------------------------------------------------------------------
Additional Information: 
global resource strength = 0.2
transfer time factor = 0.2
adapted from RCPSP instances: 
[sD243, sD62, sD241, sD323, sD30, sD377, sD210, sD120, sD235, sD234, sD298, sD275]
