--------------------------------------------------------------------------------
PORTFOLIO INFORMATION:
#projects
    12
#global resources
     2
R_G1   R_G2   
   584   441
--------------------------------------------------------------------------------
INFORMATION OF PROJECT 1:
#jobs  release  duedate
    52     0   128
#local resources
     2
R_L1   R_L2   
    18   151
jobnr.  dur.  r_G1  r_G2  r_L1  r_L2  #succ.  successors
     0     0     0     0     0     0     7     1     3    12    14    25    34    49
     1     3   110   110    16   145     7     2     6    18    21    23    43    47
     2    10   110   110    16   145     2     4    44
     3     1    14    49     6    18     2     6    23
     4     1    28    16     4    59     1     5
     5     6   110   114    18   145     5     7    16    39    41    48
     6     2   101   109    16   139     3     8    38    41
     7     3   119   115    18   151     1     8
     8     2    28    16    11    59     1     9
     9     1    80   112     8   142     2    10    35
    10     9    28    16    11    58     2    11    37
    11     9    94    83    12    90     4    13    30    31    32
    12    10    91    99     7    92    10    15    16    17    21    22    23    29    31    41    43
    13     1    89    73     8   124     3    15    28    31
    14     8     9     1     0     6     1    51
    15     3    45    47    14    12     1    17
    16     1    44    38     0    59     2    17    39
    17     6   110   110    16   145     2    19    33
    18     4    85    60     7   104     1    24
    19     8    11    49    12    18     4    20    27    30    45
    20     4    12    21     3     7     1    50
    21     4   107    86     5   143     1    51
    22     9     9     5     2     6     2    30    50
    23     8    93    89    12    96     5    26    27    28    32    37
    24     7    56    84    13   117     4    26    36    38    40
    25    10    65    63     1   133     1    51
    26     2    30     2    10     3     2    31    39
    27     5    11    30     2    66     2    36    46
    28     7    54    30     2    16     1    33
    29    10    74    54    12    30     1    38
    30     3    34    47    11    18     2    32    43
    31     4    10    32     9    21     2    43    46
    32     1    21    11     5     6     1    51
    33     3    12    29     4     8     1    42
    34     4    49    35     8    54     1    51
    35     9    25    32     0    28     1    51
    36     3    65    53     9    92     1    51
    37     3    30    42    10    27     1    51
    38     2   107    83     9    96     1    47
    39     3   107    86    11   117     1    45
    40     3    96    37     2    78     3    41    46    48
    41     3    26    23     4    13     1    51
    42     5    19    15     3    40     3    44    47    50
    43     2    26    45     1    81     1    51
    44     8     1     4     1    34     1    51
    45     9     2    16    10     2     1    51
    46     2    20    31     5     7     1    51
    47     4     0     3     3     0     1    51
    48     2     1    15     6    55     1    50
    49     9    83    49     3   110     1    50
    50     6    12    26     4     8     1    51
    51     0     0     0     0     0     0
--------------------------------------------------------------------------------
INFORMATION OF PROJECT 2:
#jobs  release  duedate
    52     0   132
#local resources
     2
R_L1   R_L2   
   112    14
jobnr.  dur.  r_G1  r_G2  r_L1  r_L2  #succ.  successors
     0     0     0     0     0     0    11     1    16    18    20    22    29    31    36    39    42    44
     1     8    14    11   112    14     7     2    14    19    38    40    41    43
     2     4    14    11   112    14     2     3    11
     3     4    14     6    80    11     1     4
     4     1    14    11   112    14     2     5    35
     5     2     7     3    50     4     4     6    32    33    34
     6     9     2     0     9     1     2     7    30
     7     6     5     0    18     5     1     8
     8     5     0     8    41     1     3     9    25    28
     9     5     5     6    50    11     1    10
    10     2     3     0    17     1     2    12    14
    11     4    13     3   103     9     1    51
    12     6     5     5    46     3     2    13    35
    13     1     7     0     2     0     3    15    23    33
    14     4     0     1    13    10     1    48
    15     7     4     3     5     0     2    17    24
    16     9     4    11   103     9     1    17
    17    10     3     1    13     6     2    21    26
    18     8    11     0    50     7     1    21
    19     1     7    11   107     4     1    51
    20    10    12     5    63     4     1    33
    21     3     0     6    22     1     1    51
    22     1     7     8    33     9     1    51
    23     5     4     0     5     0     1    24
    24     2     0     3     0     4     1    27
    25     7     3     0     0     3     1    51
    26     6     0     5     9     0     1    51
    27     5     3     0     3     8     1    51
    28     9     1     3     0     0     1    51
    29     6     8     8    94     9     4    35    37    45    46
    30    10     8     0    25     5     1    51
    31     4    11     6    79    11     1    51
    32     9     9     4    30     1     1    51
    33     9     1     6     0     5     1    51
    34     2     3     4    45     3     3    43    47    49
    35     3     2     7    48    10     1    46
    36     8     1     7    82    10     1    51
    37     4     0     7    33    10     1    51
    38     6     3     2    62     0     1    46
    39     9    12     2    71     7     1    43
    40     1     7     4    33    10     2    47    50
    41     9    10     8    95     7     1    46
    42    10     4     0    66    10     3    43    47    49
    43     8     3     0     0     2     1    51
    44     9     1    11    87     9     1    46
    45     3     0     7    73     9     1    46
    46     3    12     1    30     4     2    48    49
    47     6     0     3    45     8     2    48    49
    48     4     2     3    49     5     1    51
    49     3     0     5    33     3     1    51
    50     5     0     5    32     3     1    51
    51     0     0     0     0     0     0
--------------------------------------------------------------------------------
INFORMATION OF PROJECT 3:
#jobs  release  duedate
    52     0   134
#local resources
     2
R_L1   R_L2   
   112    11
jobnr.  dur.  r_G1  r_G2  r_L1  r_L2  #succ.  successors
     0     0     0     0     0     0    13     1    11    16    18    20    22    26    29    31    36    39    42    44
     1     8    14    14   112    11     7     2    14    19    38    40    41    43
     2     4    14    14   103     6     1     3
     3     4    14    11    80     6     1     4
     4     1    14    14   112    11     2     5    35
     5     2     7     4    50     3     4     6    32    33    34
     6     9     2     1     9     0     2     7    30
     7     6     5     5    18     0     1     8
     8     5     0     1    41     8     3     9    25    28
     9     5     5    11    50     6     1    10
    10     2     3     1    18     0     2    12    14
    11     5    13     9   103     3     1    27
    12     6     5     3    46     5     2    13    35
    13     1     7     0     2     0     3    15    23    33
    14     4     0    10    13     1     1    48
    15     7     4     0     5     3     2    17    24
    16     9     4     9   103    11     1    17
    17    10     3     6    13     1     1    21
    18     8    11     7    50     0     2    21    48
    19     3     7     4   107    11     1    51
    20    10    12     4    63     5     1    33
    21     3     0     1    22     6     1    51
    22     1     7     9    32     8     1    51
    23     5     4     0     5     0     1    24
    24     2     0     4     0     3     1    27
    25     7     3     3     0     0     1    51
    26     6     0     0     9     5     1    27
    27     5     3     8     3     0     1    51
    28     9     1     0     0     3     1    51
    29     6     8     9    94     8     4    35    37    45    46
    30    10     8     5    25     0     1    51
    31     4    11    11    79     6     1    51
    32     9     9     1    30     4     1    51
    33     9     1     5     0     6     1    51
    34     2     3     3    45     4     3    43    47    49
    35     3     1    10    48     7     1    46
    36     8     1    10    82     7     1    51
    37     4     0    10    32     7     1    51
    38     6     3     0    62     2     1    46
    39     9    12     7    71     2     1    43
    40     1     7    10    32     4     2    47    50
    41     9    10     7    94     8     1    46
    42    10     4    10    66     0     3    43    47    49
    43     8     3     2     0     0     1    51
    44     9     1     9    87    11     1    51
    45     3     0     9    73     7     1    46
    46     3    12     4    30     1     2    48    49
    47     6     0     8    45     3     1    48
    48     4     2     5    49     3     1    51
    49     3     0     3    33     5     1    51
    50     5     0     3    32     5     1    51
    51     0     0     0     0     0     0
--------------------------------------------------------------------------------
INFORMATION OF PROJECT 4:
#jobs  release  duedate
    52     0   138
#local resources
     2
R_L1   R_L2   
   170   143
jobnr.  dur.  r_G1  r_G2  r_L1  r_L2  #succ.  successors
     0     0     0     0     0     0    11     1     8    16    20    22    23    36    39    40    43    44
     1     1    15     9   151   131     2     2    27
     2     9    19    12   170   143     2     3    27
     3     4    19    12   170   143     1     4
     4     1    10     0    66   131     2     5    45
     5     5     8    10    39   103     2     6    37
     6     1    10     0    66   125     4     7    19    32    33
     7     6    14     8   169   143     4     9    30    31    38
     8     2     4     3    19    12     1    11
     9     2     8     7    39   103     2    10    29
    10     7     7     0    61    42     6    11    24    25    26    28    45
    11     2     7     4    55    19     4    12    24    29    32
    12     2     4     2    32    12     4    13    34    35    46
    13     4     6     8    35    19     2    14    18
    14     2    10     0   115    26     1    15
    15    10     4     0     9    87     1    17
    16     9    11     2   131    40     2    18    41
    17    10     0     3     9    19     1    51
    18    10     0     3     0    37     1    51
    19     1    15     4    25     7     3    21    25    41
    20     9     7     5    63   101     1    51
    21     2     3     5   121    68     1    46
    22     5     9     2    70   122     1    49
    23    10     9     9   109   101     1    46
    24     6    14     8    34    19     1    48
    25     3    10     0   156    56     3    35    37    42
    26     7     0     2     4     0     1    42
    27     6    19    12   170   143     1    51
    28     4    10     4    40     2     1    49
    29     9     1     2    38    67     1    31
    30     5     2     8    15     7     1    51
    31    10    10     2    29    23     1    50
    32     1     7    10   141    56     2    35    46
    33     3     5     8    35    64     1    41
    34     3     4     2   132    99     1    51
    35     4     3     7    23    54     1    47
    36     6     9     1    70   124     2    37    42
    37     2     9     3   115    26     1    48
    38     5     9     5   100    19     1    51
    39     2    17     4   155   136     1    42
    40     9     9    12   104    12     1    51
    41     9     5     4     1     0     1    42
    42     1     5    10   132    33     1    46
    43     7    12     2    29    56     1    49
    44     9     9     8   104    18     1    50
    45     9    19     6   161    87     4    46    47    48    50
    46    10     5     4    55   117     3    47    48    49
    47    10    11     6   107    37     1    49
    48     6     4     2    32    19     1    49
    49     1     5     9   132    19     1    50
    50     2     9     2    23     7     1    51
    51     0     0     0     0     0     0
--------------------------------------------------------------------------------
INFORMATION OF PROJECT 5:
#jobs  release  duedate
    52     0   117
#local resources
     2
R_L1   R_L2   
   170   143
jobnr.  dur.  r_G1  r_G2  r_L1  r_L2  #succ.  successors
     0     0     0     0     0     0     7     1     8    16    22    25    34    44
     1     3   173    12   170   143     1     2
     2     5   173    12   170   143     4     3    20    23    43
     3     3   173    12   170   143     1     4
     4     9   173    12   170   143     1     5
     5     1   106    11    39   103     5     6    19    32    39    45
     6     4    25     3    67   115     2     7    33
     7     1   173    12   170   143     1     9
     8     9   148     9   100    19     3     9    30    41
     9     1   106    11    39   103     2    10    29
    10     3    62     7    39    19     2    11    26
    11     4    59     9    53    19     3    12    21    31
    12     8    13     2    16    12     1    13
    13     1    46     1    49     3     3    14    18    46
    14     1    17     1    67    12     3    15    47    48
    15     8    34     4    14    66     2    17    49
    16     9    67     1   131    40     1    39
    17     9     1     0    17     3     1    51
    18     9     6     3     0    36     1    51
    19     2     2     0     9    73     1    51
    20     8    62     5    83    89     1    42
    21     6    97     1    99    50     2    24    32
    22     9   128     3    63   112     1    51
    23     8   111     3   117    98     5    27    35    37    39    40
    24    10    13     5     9    11     1    48
    25     3    57     2   152    70     2    42    43
    26     5     4     1     4     0     4    28    31    35    37
    27     4   173    12   170   143     1    51
    28     5    13     2    40     1     1    32
    29     7    11     2    17    41     1    49
    30     1    59     8    18    68     2    32    42
    31     8     1     0     1    22     1    51
    32     1   114     0    36    66     2    38    46
    33     4    58     7    43    63     2    36    38
    34     2   155     6   149   121     1    51
    35     3    18     5     3     6     1    51
    36     2    25     2    70   124     1    41
    37     2    76     1    71    26     1    42
    38     1   109     5     9     9     1    51
    39     1   154    11   157   134     1    51
    40     5   160    10   130    45     2    41    43
    41     2    28     6    66    16     1    42
    42     6   114     2    67   115     1    46
    43     1   156     6   103    66     1    46
    44    10    59     6   103    28     2    47    48
    45     2    46     7   102    63     1    50
    46     8   156     7   103   121     2    47    48
    47     2    19     0    13     9     1    50
    48    10    63     6    38    32     2    49    50
    49     2    45     2    72    31     1    51
    50     7    45     0    98    31     1    51
    51     0     0     0     0     0     0
--------------------------------------------------------------------------------
INFORMATION OF PROJECT 6:
#jobs  release  duedate
    52     0   141
#local resources
     2
R_L1   R_L2   
   173    12
jobnr.  dur.  r_G1  r_G2  r_L1  r_L2  #succ.  successors
     0     0     0     0     0     0     7     1     8    16    20    22    23    44
     1     3   170   143   173    12     1     2
     2     1   170   143   173    12     1     3
     3     7   170   143   173    12     1     4
     4    10   170   143   173    12     2     5    25
     5     1    39   103   106    11     5     6    19    32    39    45
     6     4    66   100    13     0     2     7    33
     7     9   170   143   173    12     3     9    30    43
     8     9   100    19   148     7     5     9    27    30    41    45
     9     1    39   103   106    11     3    10    28    29
    10     3    39    45    62     7     2    11    26
    11     4    53    19    59     9     3    12    21    31
    12     8    16    12    13     0     2    13    46
    13     1    47     3    46     6     3    14    18    31
    14     1    67    18    17     1     3    15    47    48
    15     8    14    73    31     4     2    17    49
    16    10   131    40    67     1     1    39
    17    10     9     3     0     0     1    51
    18     9     0    36     6     3     1    51
    19     2     9    73     2     0     2    42    43
    20     8    83    89    59     5     1    42
    21     6    99    50    97     1     2    24    32
    22     9    63   112   128     7     1    51
    23    10   117    98   111     3     4    27    37    39    40
    24    10     9     4    12     5     1    48
    25     4   152    67   142     6     2    34    42
    26     6     4     0     0     1     4    28    31    35    37
    27     6   170   143   173    12     1    51
    28     5    40     1    13     1     1    32
    29     7    38    41     6     2     1    51
    30     1    49    68    41     8     1    42
    31    10     1    22     1     0     2    49    50
    32     1    29    29   114     2     1    46
    33     4    43    57    53     7     2    36    38
    34     2   141   121   148     6     1    51
    35     1     3     6    18     5     1    42
    36     2    70   124    25     2     1    41
    37     2    71    26    76     1     1    42
    38     1     9     9   109     5     1    47
    39     9   157   134   154    11     1    51
    40     8   104    43   160    12     3    41    42    43
    41     2    66    41    28     6     1    42
    42     6    67   115   114     1     1    46
    43     1    37    63    13     5     1    51
    44     9   103    28    59     6     2    45    48
    45     2   102    70    46     7     1    51
    46     8   103   121   156     7     2    47    48
    47     3    13     9    19     0     1    50
    48    10    38    20    63     6     2    49    50
    49     2    72    28    45     4     1    51
    50     7    98    28    45     4     1    51
    51     0     0     0     0     0     0
--------------------------------------------------------------------------------
INFORMATION OF PROJECT 7:
#jobs  release  duedate
    52     0   115
#local resources
     2
R_L1   R_L2   
    32    22
jobnr.  dur.  r_G1  r_G2  r_L1  r_L2  #succ.  successors
     0     0     0     0     0     0    11     1     4     5    10    12    17    22    25    35    37    48
     1     2     4     4     6    13     5     2    24    40    46    47
     2     2    13     2    20    12     3     3    46    47
     3     8     8    11    21     6     4     6    16    33    34
     4     2     5     0    16    10     5     9    24    40    41    42
     5     8     1     7     6     5     7     7    13    20    29    33    36    41
     6     6     7    11     7    11     6     9    11    29    30    42    44
     7     2     8     8    15     9     7     8    14    20    30    31    36    38
     8     2     3    10    16     0     6    18    28    31    32    33    43
     9     1     3     4     9     1     4    13    28    31    46
    10     2     0     0     7     0     4    11    13    19    30
    11     1     5     3     0     5     2    18    27
    12     4     0     9    10     0     4    20    26    32    47
    13     2     1     9    16     2     1    15
    14     7     6     0     8     0     3    32    33    44
    15     9     0     2     5     5     1    18
    16     3     8     7     3     0     1    43
    17     4     0     8    18     4     3    27    33    34
    18     3     0     8    10     6     3    19    21    39
    19     5     8     4    23     2     2    26    41
    20     1     1    11     4    10     1    51
    21     6     2     6     5    11     1    51
    22    10     3     1    31     6     2    23    39
    23     2     6     0     0    11     1    51
    24     1     0     3     6     0     1    51
    25     5     4     9    18     0     2    27    42
    26    10     0     6    14     8     1    51
    27    10     4     0     0     6     1    51
    28     6     9     7    18     9     1    51
    29     1     2    11     0     2     1    32
    30     4     1     0    14     7     1    45
    31     2     3     1     0     8     1    39
    32     2     0    10    25     8     2    33    38
    33     2     3    12     5     0     1    45
    34     8     1    13     6     8     1    43
    35     9     3     8    22    13     1    39
    36     4     0     9     4     8     1    51
    37     8    12     8     7     7     1    51
    38     8     9     4    11     4     2    45    49
    39     3    11     3     7     3     1    51
    40     6     1     0     7    10     2    44    45
    41    10     7     2     0     0     1    51
    42     2     0     4     0     2     1    45
    43     2     0     6     4    12     2    49    50
    44     3     8     7    12     0     1    51
    45     2     1     9     1     8     2    49    50
    46     2     6    10    24    10     1    51
    47     5     1     0     4     6     1    51
    48    10     6     8     4     9     2    49    50
    49    10     0     3     1     9     1    51
    50    10     9     0    10     7     1    51
    51     0     0     0     0     0     0
--------------------------------------------------------------------------------
INFORMATION OF PROJECT 8:
#jobs  release  duedate
    52     0   122
#local resources
     2
R_L1   R_L2   
   119    18
jobnr.  dur.  r_G1  r_G2  r_L1  r_L2  #succ.  successors
     0     0     0     0     0     0     7     1     3     6    12    25    34    49
     1    10   133   110   110    14     4     2    14    18    43
     2     4   133   110   110    14     1     4
     3     1    18     5     9     4     5     4    22    23    42    48
     4     1    59    16    28     6     1     5
     5     2   145   114   110    18     4     7    16    41    48
     6     1   145   114   110    18     1     8
     7     4   151   115   119    18     2     8    39
     8     2    12    16    28    11     2     9    22
     9     1    35    50    59     6     2    10    35
    10     9    59    16    28    11     2    11    37
    11    10    68    83    94    12     3    13    31    32
    12    10    92    99    91     7     8    15    17    21    22    23    31    41    43
    13     1   124    82    89     8     2    15    28
    14     7     6     1     9     0     4    15    17    22    47
    15     3    12    47    45    14     1    17
    16     1    64    45    44     0     2    17    37
    17     1   105    81    94    13     1    19
    18     5   105    64    51     7     3    22    24    26
    19     8    18    49    11    12     5    20    27    30    44    45
    20     4    38    21    12     3     1    50
    21     4   143    86   107     6     1    51
    22     9     6     5     9     2     1    51
    23     9    92    89    91    12     8    26    27    28    29    30    32    37    46
    24     7   117    84    75    14     3    26    38    40
    25    10   133    63    65     2     1    51
    26     2     2    11    30    10     2    31    39
    27     5    66    31    11     5     2    36    46
    28     8    16    30    35     2     1    33
    29    10    28    55    84    12     2    30    38
    30     3     8    47    36    11     1    43
    31     4    21    32    10     9     1    43
    32     1    97    47    40     0     1    51
    33     4     8    29    12     0     2    36    42
    34     4    53    37    51     8     1    51
    35     9    83    32    25     2     1    41
    36     2    91    65    68     8     1    51
    37     4    49    42    36    10     1    51
    38     2    93    83   107     9     2    43    47
    39     3   117    86   107    14     1    45
    40     3    77    37    96     3     2    41    48
    41     4    14    23    26     4     1    51
    42     5    40    15    16     3     4    44    46    47    50
    43     2    82    42    42     1     1    51
    44     9    34     9     1     1     1    51
    45     9     2    16     2    10     1    51
    46     1     7     9    41     0     1    51
    47     3     0     1     0     0     1    51
    48     2    52    15     1     6     1    50
    49     9   111    49    83     4     1    50
    50     6     8    26    12     4     1    51
    51     0     0     0     0     0     0
--------------------------------------------------------------------------------
INFORMATION OF PROJECT 9:
#jobs  release  duedate
    52     0   136
#local resources
     2
R_L1   R_L2   
    18   151
jobnr.  dur.  r_G1  r_G2  r_L1  r_L2  #succ.  successors
     0     0     0     0     0     0     8     1     3     6    12    18    25    34    49
     1     6   107   110    13   133     1     2
     2     1   107   110    13   133     3     4    14    23
     3     1    12     5     5    18     5     4    14    23    42    48
     4     1   119   115    18   151     1     5
     5     6   119   115    18   151     2     7    16
     6     1   119   115    18   151     1     8
     7     9   119   115    18   151     1     8
     8     2    28    16    10    59     1     9
     9     1    37    52     6    18     2    10    35
    10     9    28    16    11    59     3    11    37    38
    11     9    93    84    12    68     4    13    30    31    41
    12    10    91    99     7    92     9    17    21    22    23    29    31    41    43    48
    13     1    89    73     8   124     2    15    28
    14     8   116    84     2    65     1    17
    15     3    45    49    14    18     4    17    21    26    40
    16     1    48    52     0    58     2    17    35
    17     6    96    86    12    99     1    19
    18     9    82    63     7   124     3    24    36    42
    19     8    11    51    12    18     3    20    27    30
    20     3    12    21     2    19     1    50
    21     3   107    86     8   143     1    51
    22     1    52    27     0     6     2    30    43
    23     7   118   100    12    99     5    26    27    28    32    37
    24     7    58    88    16   117     1    40
    25    10    74    63     1   133     1    51
    26     2    17     3    10     1     2    31    39
    27     8    11    27     5    66     2    36    46
    28     6    61    11     2    16     1    33
    29    10    46    57    12    28     2    38    46
    30     3    23    49    11    18     1    51
    31     4    10    22     9    21     1    51
    32     1     0    35     5    53     1    51
    33     4    12    29     6     8     1    42
    34     4    46    60     8    58     3    36    45    50
    35     9    26    30     3    83     1    50
    36     3    11    48     9    58     1    51
    37     7    30    42    10    27     1    51
    38     2    73    52     9    92     1    47
    39     3   107    86    12   117     3    41    45    50
    40     3    96    35     0    51     2    45    48
    41     1     1    17     9    15     1    51
    42     4    23    14     3    40     3    44    46    50
    43     2    23    62    14    93     3    45    46    50
    44     9     1     4     1    34     1    51
    45    10     2    16    10     2     1    51
    46     1     0    31     0     7     1    51
    47     4     0     1     3     0     1    51
    48     2     1    15     6    52     1    50
    49     9    82    62     3   122     1    50
    50     7    12    28     4     8     1    51
    51     0     0     0     0     0     0
--------------------------------------------------------------------------------
INFORMATION OF PROJECT 10:
#jobs  release  duedate
    52     0   117
#local resources
     2
R_L1   R_L2   
    14    22
jobnr.  dur.  r_G1  r_G2  r_L1  r_L2  #succ.  successors
     0     0     0     0     0     0    11     1     4     5    10    12    17    22    23    25    35    48
     1     2     4     6     1    13     7     2    20    24    40    42    46    47
     2     2     1    20    13    12     4     3    11    37    40
     3    10    10    21     7     4     4     6    16    33    34
     4     2     0    16     6    10     4     9    14    40    41
     5     8     7     6     1     4     8     7    13    20    27    29    33    36    41
     6     6    10    11     6     8     6     9    11    20    29    30    44
     7     8     8    15     8     9     7     8    14    20    30    31    36    38
     8     2    10    16     3     0     6    18    28    31    32    33    43
     9     1     4     9     5     1     3    13    28    31
    10     2     0     7     1     0     5    11    13    19    27    30
    11     2     3     0     5     5     3    13    18    27
    12     4     9    10     0     0     4    26    27    32    44
    13     2     9    16     0     2     2    15    43
    14     7     0     8     6     0     4    20    32    33    44
    15     9     2     6     0     5     1    18
    16     3     7     0     6     0     1    51
    17     4    10    14     1     4     3    27    33    34
    18     3     8    10     0     6     4    19    21    30    39
    19     5     4    23     8     2     2    26    41
    20     1     1     3     0    10     1    44
    21     5     6     5     2    14     1    51
    22     9     1    31     3     3     1    39
    23     2     0     0     5     8     1    37
    24    10     3     6     0     0     1    51
    25     5     9    18     4     0     1    42
    26     9     6    14     0     8     1    51
    27    10     0     0     4     6     1    51
    28     6     7    15     9     9     1    51
    29     1    11     1     2     2     2    30    32
    30     4     0    14     1    16     1    51
    31     5     1     0     3     8     1    43
    32     2    10    19     0     8     1    38
    33     2    13    14     5     0     1    45
    34     7    13     9     3     8     1    43
    35     9     8    22     2    11     1    39
    36     5     8     3     0     8     1    51
    37     4     8    15    12     7     1    45
    38     8     4    11     9     4     2    45    49
    39     4     3     8    10     1     1    51
    40     4     0     4     1    10     1    44
    41    10     2     0     7     0     1    51
    42     2     4     0     0     2     1    45
    43     1     6     5     0    14     2    49    50
    44     4     7    12     8     0     2    45    49
    45     2     9     1     1     5     2    49    50
    46     2    10    24     6    10     1    51
    47     5     0     4     3     6     1    50
    48     8     8     9     6     9     2    49    50
    49    10     2     1     0     9     1    51
    50    10     0    10     8     6     1    51
    51     0     0     0     0     0     0
--------------------------------------------------------------------------------
INFORMATION OF PROJECT 11:
#jobs  release  duedate
    52     0   153
#local resources
     2
R_L1   R_L2   
   113   111
jobnr.  dur.  r_G1  r_G2  r_L1  r_L2  #succ.  successors
     0     0     0     0     0     0     8     1     8    16    18    23    34    35    40
     1     8   170   143   113   111     1     2
     2     6   170   143   113   111     1     3
     3     1   170   143   113   111     1     4
     4     5   170   143   113   111     1     5
     5     2    85   103    44    61     2     6    36
     6     2     3   125     2     3     2     7    33
     7     2   170   143   113   111     1     9
     8     8   167    18   111   108     1     9
     9     2    82   101    29    52     9    10    19    20    22    25    27    28    30    41
    10     5   170   143   113   111     2    11    24
    11     2   170   143   113   111     4    12    24    26    28
    12     7    15     8     4     5     1    13
    13     1    50    19    44    13     1    14
    14     2   170   143   113   111     3    15    31    48
    15     9    14    87    29    11     1    17
    16    10    85    40    69    50     2    28    38
    17     7     9     8     0     3     1    51
    18     4   100   119    73    64     1    50
    19     2    70    77    17    56     1    21
    20     3   155   127    86   106     1    50
    21     1   155   119    86   106     2    41    42
    22     9   150   124    67    78     1    51
    23     7   135   108    73    62     1    51
    24     3    37    63    28    48     1    46
    25    10   155   119    86   106     1    44
    26     2    76    50     2    50     1    44
    27     3   155   135   109   106     1    29
    28     4    79    11    29    50     3    37    42    45
    29     1   120    19    57    60     1    32
    30     2    70    11    40    47     2    37    38
    31     9     5    16    27     0     1    49
    32     3   155   135   109   106     1    42
    33     2    76    95    44    58     1    38
    34     4   135   108    73    62     1    51
    35     1   155   119    86   106     6    36    37    38    39    44    50
    36     1    27   124    24    28     1    42
    37     7   130    66    46    63     1    47
    38     2   143    19    89    83     1    39
    39     4   155   127    86   106     1    45
    40    10    88    42    84    59     2    43    44
    41     1     5    77    29     8     2    42    44
    42     2   161   127    86   108     1    46
    43    10   156    56    84   100     1    45
    44     2   119    56    58    60     1    46
    45     2   161   135   113   108     1    46
    46     4   161   135   113   108     2    47    48
    47     8    20    19    46    33     1    49
    48    10    35    21    40    47     1    51
    49    10    35    35    40    49     1    51
    50     8   170   143   113   111     1    51
    51     0     0     0     0     0     0
--------------------------------------------------------------------------------
INFORMATION OF PROJECT 12:
#jobs  release  duedate
    52     0   101
#local resources
     2
R_L1   R_L2   
    14    12
jobnr.  dur.  r_G1  r_G2  r_L1  r_L2  #succ.  successors
     0     0     0     0     0     0     9     1     6     8    18    19    24    35    48    50
     1     8     8    10    14     9     2     2    26
     2     2    17    10    14    12     2     3    47
     3     6    17     5     9    12     2     4    44
     4     4     7     0     9     6     3     5    42    45
     5     2     9    12     4     3     6     7    39    40    41    43    46
     6     5     2    10     4     3     6     9    15    38    39    41    44
     7     9     3     0     7     3     3     9    15    38
     8     7     9     0     0     3     2     9    42
     9     6     5     5     8     3     5    10    32    37    41    42
    10     3     5     3     0     0     4    11    33    34    36
    11     2     4     2     0     0     6    12    21    25    29    30    31
    12     3     8    12     7     0     5    13    22    23    27    28
    13     1    15     6    11     2     3    14    27    28
    14     7     6     3     0     0     1    16
    15     2    12     2     7     4     3    22    23    32
    16     9     9     8     0     0     1    17
    17     3     7     0     3     0     1    20
    18     1     0     0     9     7     1    51
    19     9     1     2     0     0     1    51
    20     2    12     0     5     1     1    51
    21     3     0     0     3     1     1    43
    22     5     0     2     3     0     1    51
    23    10     6     5     0     0     1    51
    24     3     0     0    10     4     1    51
    25     1     9     0     7     0     1    51
    26     7     4     4    13     3     1    47
    27     6     5     0    12     5     1    51
    28    10     0     1     3     9     1    51
    29     2     0     1    10     0     1    51
    30    10     5     5     1     0     1    42
    31     9     7     4     0     5     1    51
    32    10     0     0     1    10     1    43
    33     2     2     0     0     4     1    51
    34     5     5     0    13     2     1    39
    35     5     0     6     9     6     1    45
    36     2     0     0     3     4     1    51
    37     7    16     0     5     2     1    51
    38     1     6     4    13    12     3    41    43    49
    39     8     5     5     0     0     1    51
    40     4     9     7     0     3     1    51
    41     8     0     4     1     0     1    43
    42     8     6     0     7     0     1    51
    43     6     8     4     0     0     1    51
    44     2     6     0     0     9     1    51
    45    10     4     0     0     3     1    49
    46     7     0     0     6     6     1    51
    47     8     0     5     5     0     1    51
    48    10     2     9     0     9     1    49
    49     6     5     2     0     8     1    51
    50     5     0     6     7     0     1    51
    51     0     0     0     0     0     0
--------------------------------------------------------------------------------
TRANSFER TIMES OF GLOBAL RESOURCE G1
 DEPOT    P1    P2    P3    P4    P5    P6    P7    P8    P9   P10   P11   P12
     0    14    18    21    23    24    20    18    15    17    25    21    27
    14     0    25    35    25    13    25     9    28    24    36    31    20
    18    25     0    27    40    37    38    21    21    34    15     9    23
    21    35    27     0    31    44    26    38     8    22    20    23    45
    23    25    40    31     0    24     5    33    28     9    44    42    44
    24    13    37    44    24     0    26    18    37    27    47    43    28
    20    25    38    26     5    26     0    33    24     5    40    39    44
    18     9    21    38    33    18    33     0    31    32    35    29    11
    15    28    21     8    28    37    24    31     0    19    18    18    38
    17    24    34    22     9    27     5    32    19     0    36    35    42
    25    36    15    20    44    47    40    35    18    36     0     7    37
    21    31     9    23    42    43    39    29    18    35     7     0    31
    27    20    23    45    44    28    44    11    38    42    37    31     0
--------------------------------------------------------------------------------
TRANSFER TIMES OF GLOBAL RESOURCE G2
 DEPOT    P1    P2    P3    P4    P5    P6    P7    P8    P9   P10   P11   P12
     0    20    13    20     9     9    26    17    33     4    23    27    11
    20     0    15    30    26    22    37    13    14    23    10    15    22
    13    15     0    31    14     9    37    21    26    16    23    16    21
    20    30    31     0    25    28     7    19    42    18    26    43    10
     9    26    14    25     0     6    30    25    39     8    31    30    18
     9    22     9    28     6     0    33    23    34    10    28    24    19
    26    37    37     7    30    33     0    25    48    24    32    49    17
    17    13    21    19    25    23    25     0    24    19     8    27    12
    33    14    26    42    39    34    48    24     0    36    18    16    35
     4    23    16    18     8    10    24    19    36     0    25    30    10
    23    10    23    26    31    28    32     8    18    25     0    25    20
    27    15    16    43    30    24    49    27    16    30    25     0    33
    11    22    21    10    18    19    17    12    35    10    20    33     0
--------------------------------------------------------------------------------
Additional Information: 
global resource strength = 0.5
transfer time factor = 0.5
adapted from RCPSP instances: 
[sD267, sD230, sD228, sD173, sD365, sD345, sD222, sD262, sD255, sD207, sD378, sD112]
