--------------------------------------------------------------------------------
PORTFOLIO INFORMATION:
#projects
    12
#global resources
     2
R_G1   R_G2   
   408   301
--------------------------------------------------------------------------------
INFORMATION OF PROJECT 1:
#jobs  release  duedate
    52     0   154
#local resources
     2
R_L1   R_L2   
   113   111
jobnr.  dur.  r_G1  r_G2  r_L1  r_L2  #succ.  successors
     0     0     0     0     0     0     8     1     8    16    17    18    19    22    34
     1     8   170   143   113   111     2     2    40
     2     4   170   143   113   111     2     3    33
     3     1   170   143   113   111     1     4
     4     4   170   143   113   111     3     5    26    44
     5     6    39   103    77    61     4     6    35    37    39
     6     6   170   143   113   111     1     7
     7     7   170   143   113   111     2     9    30
     8     2   170   143   113   111     4     9    21    30    41
     9     4    39   103    27    57     3    10    28    29
    10     2    39    49    26    51     3    11    24    44
    11     3   161   139    92    79     5    12    25    32    38    39
    12     2    30     5     5    13     7    13    20    23    42    43    47    50
    13     2    39    28    87    45     1    14
    14     7   170   143   113   111     2    15    31
    15    10     9    87     3     5     1    51
    16    10   131    40    36    50     1    28
    17     1    40    19    35     3     1    51
    18    10    55    44    98    63     1    27
    19     2   154    52    82    40     1    39
    20     1   138   117   103   101     2    37    46
    21     2   142    56   103   106     1    32
    22    10   138   117   103    98     1    33
    23     3   135   101    64    60     1    50
    24     5     9     4    21    32     1    51
    25     4   126   117    78    98     1    41
    26     6     4     4     0     9     1    42
    27     5   170   143   113   111     1    51
    28     1   161   131    92    72     1    39
    29     7    95    10    39    11     1    51
    30     6     7    12    10    39     2    45    47
    31    10    28    22    10     1     1    49
    32     5   131    40    26    48     1    41
    33     2    30    24    44    31     1    36
    34    10   131    94    87    60     1    48
    35     2   157    52    92    79     2    37    46
    36     9    71   115    26    50     2    42    43
    37     2    46    23    46    79     1    47
    38     6    54    79    15    18     3    41    43    45
    39     1   170   143   113   111     1    45
    40    10    82    40    86    54     3    41    44    45
    41     1    81    44     5     8     1    43
    42     4    75    99    74   100     1    46
    43     4   142    52    85    70     2    47    48
    44     5    15    19    28     8     1    49
    45     1   161    56   110   106     1    46
    46     4   133   117    82    78     2    47    48
    47     9    75    11    12    43     1    49
    48     3    35    14    49    51     1    51
    49    10    35    42    26    51     1    51
    50     3   170   143   113   111     1    51
    51     0     0     0     0     0     0
--------------------------------------------------------------------------------
INFORMATION OF PROJECT 2:
#jobs  release  duedate
    52     0   132
#local resources
     2
R_L1   R_L2   
    14    14
jobnr.  dur.  r_G1  r_G2  r_L1  r_L2  #succ.  successors
     0     0     0     0     0     0    12     1    11    16    18    20    26    29    31    36    42    44    49
     1     9   112    11    14    14     6     2    14    38    40    41    43
     2     1   100     6    11    14     3     3    19    39
     3     8    77     6    11    11     1     4
     4     3   109    11    11    14     2     5    35
     5     2    47     6     6     4     4     6    32    33    34
     6     9     9     0     2     0     2     7    30
     7     6    18     0     5     5     1     8
     8     5    39     8     0     1     3     9    25    28
     9     3    47     1     4    10     1    10
    10     3    12     0     4     0     3    12    14    23
    11     6    99     3    13    10     2    27    37
    12     6    42     7     5     3     2    13    35
    13     1     2     0     7     0     3    15    22    33
    14     4    13     1     0    11     1    51
    15     7     2     3     4     0     2    17    24
    16     9   103    11     3     8     2    17    23
    17    10     9     0     3     6     1    21
    18     9    50     2    11     7     1    48
    19     2    97    11     1    14     1    51
    20    10    63     5    12     3     1    51
    21     3    22     6     0     4     1    51
    22     2    31     8     0     6     1    51
    23    10     2     0     6     0     1    51
    24     6     9     3     0     4     1    51
    25     5     0     0     4     3     1    51
    26     6     9     5     0     0     1    51
    27     3     3     0     3     0     1    35
    28     2     0     3     1     0     1    48
    29     6    94     8     7     7     2    30    45
    30    10    25     0     8     5     1    51
    31     2    71     5    11     0     1    51
    32     9    30     4     9     1     1    51
    33     5     0     6     2     4     1    51
    34     1    44     0     0     3     2    43    47
    35     3    48     7     1    13     1    46
    36     8    75     7     0    10     1    51
    37     4    40     5     0    10     1    48
    38     5    62     2     3     0     1    48
    39     9    71     2    12     6     1    43
    40     1    24     4     8     1     1    50
    41     9    94     8     9     7     1    46
    42    10    38     0     6    10     1    43
    43     3     0     0     3     3     1    48
    44     9    75    11     0     9     1    51
    45     3    70     4     0     9     2    46    47
    46     3    37     0    12     4     1    48
    47     6    45     3     0     8     1    48
    48     4    49     3     2     5     1    51
    49    10    13     5     0     3     1    51
    50     5    32     5     0     3     1    51
    51     0     0     0     0     0     0
--------------------------------------------------------------------------------
INFORMATION OF PROJECT 3:
#jobs  release  duedate
    52     0   114
#local resources
     2
R_L1   R_L2   
    14    22
jobnr.  dur.  r_G1  r_G2  r_L1  r_L2  #succ.  successors
     0     0     0     0     0     0    11     1     4     5    10    12    17    22    23    25    35    48
     1     2     4     6     4    13     6     2    24    40    42    46    47
     2     2    13    14     2    14     7     3    11    37    40    42    46    47
     3    10     8    22    10     8     4     6    16    33    34
     4     1     6    16     0    10     3     9    40    41
     5     7     1    12     7     4     8     7    13    20    27    29    33    36    41
     6     8     6    14    10     8     5     9    11    29    30    44
     7     3     4    16     8     8     5     8    14    30    31    38
     8     3     3    16    10     2     5    18    28    32    33    43
     9     1     5     6     4     1     3    13    28    31
    10     2     1     8     0    18     3    13    19    30
    11     2     5     0     3     5     4    18    27    43    44
    12     4     0    10     9     0     5    20    26    31    32    47
    13     2     1    10     9     2     2    15    43
    14     7     6     8     0     0     3    32    33    44
    15     9     0     6     2     5     1    18
    16     1     8    12     7     0     1    45
    17     4     1    18     8     1     3    27    33    34
    18     3     0    10     8     6     3    19    21    39
    19     5     6    23     4     2     2    26    41
    20     2     1    26     1    10     1    44
    21     7     2     5     6    11     1    51
    22     9     3    31     1     3     1    39
    23     2     5     0     1     8     1    37
    24    10     0     6     3     0     1    51
    25     5     4    18     9     0     2    33    42
    26     9     0    14     6     8     1    51
    27     7     4     0     0     6     1    51
    28     6     9    16     7     9     1    51
    29     1     2     0    11     2     1    32
    30     1     1    14     0    14     1    45
    31     5     3     0     1     8     2    39    43
    32     2     0    18    10     8     1    38
    33     2     3     6    12     0     1    45
    34     8     3    20    13    14     1    43
    35     9     2    22     8    12     1    39
    36     3     0     4     9     8     1    51
    37     4    12    12     8     8     1    45
    38     8     9    12     4     4     2    45    49
    39     3    10     8     3     2     1    51
    40    10     1     4     0     6     2    44    45
    41    10     7     0     2     0     1    51
    42     2     0     0     4     2     1    45
    43     2     0     5     6    14     2    49    50
    44     4     8    12     7     0     2    45    49
    45     2     1     1     9     5     2    49    50
    46     2     6    24    10    10     1    51
    47    10     1     4     0     6     1    50
    48     8     6     8     8     5     2    49    50
    49     8     0     1     2     9     1    51
    50    10    10    10     0     7     1    51
    51     0     0     0     0     0     0
--------------------------------------------------------------------------------
INFORMATION OF PROJECT 4:
#jobs  release  duedate
    52     0   123
#local resources
     2
R_L1   R_L2   
    10    19
jobnr.  dur.  r_G1  r_G2  r_L1  r_L2  #succ.  successors
     0     0     0     0     0     0     7     1    12    16    19    39    46    47
     1     4     9     4    10    19     8     2    18    37    38    40    41    42    43
     2     3    10     6     4    19     3     3    41    45
     3     4     3     4     1    12     1     4
     4     2    12    11    10    19     6     5    32    33    35    36    43
     5     3     4    11     1    17     4     6    29    30    31
     6     7     0     5     4    11     3     7    28    45
     7     2     0     1    10     8     4     8    15    26    27
     8     9     9     7     8    18     4     9    23    32    33
     9     4     0     2     0     7     3    10    24    25
    10     8     6    11     4    12     2    11    21
    11     5     9     7     0    11     2    13    22
    12     2     3     7     0     0     1    51
    13    10     6     0     8     3     3    14    45    50
    14    10     6     0     2     0     2    17    44
    15    10     8     2     0    10     1    17
    16    10     6     8     0     9     2    17    49
    17     6     1     1     0     4     3    20    31    34
    18     5     2     4     1     0     1    51
    19     5     0     5     3     0     1    37
    20     3     8     2     0     6     1    51
    21    10     1     0     0     2     1    51
    22    10     4     2     2     0     2    28    44
    23     3     0     4     3     6     1    44
    24     5     0     8     6     3     1    34
    25     3     4     4     0    14     1    51
    26     8     3     2     2     0     1    51
    27     2     3     0     1     2     1    51
    28     5     6     3     0     9     1    51
    29     9     0     2     0     1     1    49
    30     4     8     3     9    10     2    33    36
    31     9     0     8     0    14     1    51
    32     8     8     3     0     0     1    51
    33     7     4     2     0    14     1    51
    34     7     1     2     1     0     1    51
    35     6     2     8     4    18     1    48
    36    10     8     0     9     4     1    48
    37     6     6     0     0     1     1    51
    38     8     0     2     6     0     1    51
    39    10     8     0     9     2     1    45
    40     8     6     0     2     0     1    51
    41     3     9     2     5     5     1    45
    42     9     0     9     5     1     1    45
    43     6     1     0    10     8     1    51
    44     1     0     7     9     2     1    51
    45     2     5     8     2     1     1    51
    46    10     0     0     6     6     1    51
    47     8     4     4     0     1     1    51
    48     2     0    10     0     4     1    49
    49     8     0     3     4     4     1    51
    50     7     1     8     1     3     1    51
    51     0     0     0     0     0     0
--------------------------------------------------------------------------------
INFORMATION OF PROJECT 5:
#jobs  release  duedate
    52     0   125
#local resources
     2
R_L1   R_L2   
    14    31
jobnr.  dur.  r_G1  r_G2  r_L1  r_L2  #succ.  successors
     0     0     0     0     0     0    13     1     4     5     8    10    12    17    22    23    24    25    35    48
     1     4     0    13     1     5     6     2    40    42    45    46    47
     2     2    12     5     5    20     4     3    11    32    37
     3    10     7     5    13    21     4     6    16    33    34
     4     2     3    11     0    29     5     9    40    41    43    46
     5     8     0     0     7     2     7     7    13    20    29    33    36    41
     6    10     0     9    10    11     3     9    29    30
     7     6     0     9     8    13     5    14    20    30    36    38
     8     3     3     0     9     0     5    18    28    32    33    43
     9     6     5     1     3     9     3    13    28    31
    10     2     1     0     0     3     3    13    19    30
    11     2     5     5     0     0     2    18    27
    12     8     0     0     9    10     6    26    27    32    39    43    44
    13     2     0     5     9     3     2    15    28
    14     9     6     0     0     8     4    28    32    33    44
    15    10     0     4     2     4     1    18
    16     5     7     0     7     0     1    51
    17     5     0     4     8    17     3    27    29    34
    18     3     0     0     9     1     3    19    21    39
    19     5     8     2     4    23     2    26    41
    20     4     0    10     0     3     1    51
    21     3     9     9     6     5     1    51
    22     7     3     5     0    30     1    51
    23     2     5     8     4     0     2    26    39
    24     8     0     0     0    14     1    51
    25    10     4     0     9    18     1    42
    26    10     0     8     3    17     1    51
    27     6     6     6     0     0     1    51
    28    10     9     5     7     6     2    39    50
    29     2     2     0    11     0     1    32
    30     9     2     0     0    14     1    51
    31     8     0     8     1     0     2    32    39
    32     3     0     0    10    15     1    38
    33     5     5     0     0     3     2    41    45
    34     6     6     6    12    30     1    44
    35     7     2    11     8    22     2    38    39
    36     6     0     8     8     3     1    51
    37     4    12     1     8     6     1    45
    38     8     0     0     4    11     2    45    49
    39     3    10     1     3     9     1    51
    40     9     2    10     0     0     1    45
    41    10     7     0     4     0     1    51
    42     2     6     2     4     0     2    47    49
    43     7     0    14     1     4     1    49
    44     2     8     0     7    11     1    51
    45     1     1     0    10     1     1    50
    46     3     0     0    10    30     1    51
    47     2     1     0     0     4     1    51
    48     6     6     9     8     6     1    49
    49    10     0     9     2     1     1    51
    50    10     8     6     0     9     1    51
    51     0     0     0     0     0     0
--------------------------------------------------------------------------------
INFORMATION OF PROJECT 6:
#jobs  release  duedate
    52     0   138
#local resources
     2
R_L1   R_L2   
    12    12
jobnr.  dur.  r_G1  r_G2  r_L1  r_L2  #succ.  successors
     0     0     0     0     0     0     8     1    11    14    26    29    37    39    44
     1     5   120    36    12    12     5     2    19    27    40    41
     2     4   120    36    12    12     1     3
     3     2   120    36    12    12     2     4    19
     4     2   120    36    12    12     3     5    32    35
     5     3    84    22     7     2     5     6    18    34    36    50
     6     1    69    20     6     2     3     7    30    34
     7     4   120    36    12    12     1     8
     8     3   120    36    12    12     3     9    16    25
     9     7   120    36    12    12     3    10    20    47
    10     3    46    10     4     2     4    12    18    23    24
    11     8    34     9     0    10     6    21    22    23    24    27    38
    12     8   102    27    12    11     3    13    22    42
    13     5     8     4     8     0     2    15    28
    14     6   108    30     4    11     2    15    22
    15     3    30    14     2     7     1    17
    16     6    18     9     0     1     3    41    42    45
    17     2    41     9     8     4     2    21    33
    18     3    96    20     4     6     2    30    43
    19     1    62    11     0     5     1    51
    20     4    40     0     4     0     1    23
    21     3    33     0     5     4     1    51
    22    10    37    19     0     0     1    50
    23     2    32    13     6     2     3    31    33    50
    24     1   102    36     9     5     1    49
    25     6    58     1     4     3     1    51
    26     5    70    17     8     7     1    51
    27     4    96    23     8     5     1    43
    28     2   116    36    12    11     3    31    35    40
    29    10   106    36     8     2     1    30
    30     2     2     6     8     0     1    50
    31     3    90    15     0     2     1    50
    32     9    86    17     9     5     1    51
    33     5    14     0     3     6     1    51
    34     4    30    17     6     9     1    51
    35     4    63     8     3     1     1    43
    36     6    51    15     0    10     1    50
    37     7    36    13     0    10     3    40    45    47
    38     4    24     6     0     4     1    43
    39     8    24    16     6     5     5    41    42    43    45    48
    40     6    29    11     8     2     2    41    43
    41     1     6    13     0     0     1    51
    42     8    96    23    12     8     4    43    48    49    50
    43     8     8     0     4     9     1    51
    44     8    69    23     0     5     1    46
    45     1    16     8     9     9     1    51
    46     8    36    14     5    10     2    48    50
    47     5    21     5     0     7     1    48
    48     2     4     0     0     1     1    49
    49     2    16     8     4     1     1    51
    50     7    50     9     0     2     1    51
    51     0     0     0     0     0     0
--------------------------------------------------------------------------------
INFORMATION OF PROJECT 7:
#jobs  release  duedate
    52     0   128
#local resources
     2
R_L1   R_L2   
   119   151
jobnr.  dur.  r_G1  r_G2  r_L1  r_L2  #succ.  successors
     0     0     0     0     0     0     7     1     3    12    14    25    34    49
     1     3    16   110   110   145     7     2     6    18    21    23    43    47
     2    10    16   110   110   145     2     4    44
     3     1     6    49    14    18     2     6    23
     4     1     4    16    28    59     1     5
     5     6    18   114   110   145     5     7    16    39    41    48
     6     2    16   109   101   139     3     8    38    41
     7     3    18   115   119   151     1     8
     8     2    11    16    28    59     1     9
     9     1     8   112    80   142     2    10    35
    10     9    11    16    28    58     2    11    37
    11     9    12    83    94    90     4    13    30    31    32
    12    10     7    99    91    92    10    15    16    17    21    22    23    29    31    41    43
    13     1     8    73    89   124     3    15    28    31
    14     8     0     1     9     6     1    51
    15     3    14    47    45    12     1    17
    16     1     0    38    44    59     2    17    39
    17     6    16   110   110   145     2    19    33
    18     4     7    60    85   104     1    24
    19     8    12    49    11    18     4    20    27    30    45
    20     4     3    21    12     7     1    50
    21     4     5    86   107   143     1    51
    22     9     2     5     9     6     2    30    50
    23     8    12    89    93    96     5    26    27    28    32    37
    24     7    13    84    56   117     4    26    36    38    40
    25    10     1    63    65   133     1    51
    26     2    10     2    30     3     2    31    39
    27     5     2    30    11    66     2    36    46
    28     7     2    30    54    16     1    33
    29    10    12    54    74    30     1    38
    30     3    11    47    34    18     2    32    43
    31     4     9    32    10    21     2    43    46
    32     1     5    11    21     6     1    51
    33     3     4    29    12     8     1    42
    34     4     8    35    49    54     1    51
    35     9     0    32    25    28     1    51
    36     3     9    53    65    92     1    51
    37     3    10    42    30    27     1    51
    38     2     9    83   107    96     1    47
    39     3    11    86   107   117     1    45
    40     3     2    37    96    78     3    41    46    48
    41     3     4    23    26    13     1    51
    42     5     3    15    19    40     3    44    47    50
    43     2     1    45    26    81     1    51
    44     8     1     4     1    34     1    51
    45     9    10    16     2     2     1    51
    46     2     5    31    20     7     1    51
    47     4     3     3     0     0     1    51
    48     2     6    15     1    55     1    50
    49     9     3    49    83   110     1    50
    50     6     4    26    12     8     1    51
    51     0     0     0     0     0     0
--------------------------------------------------------------------------------
INFORMATION OF PROJECT 8:
#jobs  release  duedate
    52     0   131
#local resources
     2
R_L1   R_L2   
    14    10
jobnr.  dur.  r_G1  r_G2  r_L1  r_L2  #succ.  successors
     0     0     0     0     0     0    12     1    11    18    20    25    26    34    36    42    44    45    48
     1     1   119    15    14    10     6     2    14    19    40    41    43
     2     9   116    15    11    10     2     3    39
     3     8    68    15    11     2     1     4
     4     6    90    15    11     7     2     5    35
     5     2    64     3     4     6     3     6    32    33
     6     6   116    15    11    10     2     7    30
     7     7    16     5     4     0     1     8
     8     4    64     0     1     8     4     9    16    22    28
     9     5    42    12     4     2     2    10    39
    10     1    12     0     4     0     3    12    23    24
    11     6    55     6    12     1     5    21    22    27    29    37
    12     6    48     3     5     7     2    13    35
    13     1    23     0     7     0     1    15
    14     8    26     0     0     3     2    22    32
    15     7    12     0     1     1     2    17    24
    16     3   119    15    14    10     2    24    31
    17     5    33     6    10     3     1    21
    18     9    52     7     7     2     1    35
    19     3    55     0     5     0     1    51
    20     5    28     0     4     5     1    47
    21     7    38     1     0     4     1    51
    22     3     7     6     0     9     1    37
    23     1     2     0     4     0     1    51
    24     5    33     4     0     6     1    51
    25     1    60     9     4     0     1    51
    26     8    25     0     2     5     1    51
    27     5     3     0     3     0     1    51
    28     1    41     5    13     2     1    35
    29     6   103     7     5     9     1    51
    30    10    45     5     8     0     1    38
    31     1    82    10    11     4     1    39
    32     9    59     3     9     4     1    35
    33     1    29     4     2     0     1    50
    34     4     6    12     6     0     1    51
    35     8    41     1     1     7     1    51
    36     9    78     6     1     7     1    46
    37     4    59    10     0     9     1    51
    38     6     0     5     3     0     1    39
    39     5    49     5     9     2     1    51
    40     3    32     0     8     5     1    51
    41     9    77     3     9     7     1    51
    42    10    49    11    13     1     1    43
    43     4     0     3     5     0     1    47
    44     6    62    10     0    10     1    49
    45     3    20     9     0     4     1    47
    46     2    48     2    12     0     1    51
    47     2    22     7     5     3     1    51
    48     9    78    11    13     3     1    50
    49     3    30     5     6     3     1    51
    50     8    32     3     0     5     1    51
    51     0     0     0     0     0     0
--------------------------------------------------------------------------------
INFORMATION OF PROJECT 9:
#jobs  release  duedate
    52     0   122
#local resources
     2
R_L1   R_L2   
   119    10
jobnr.  dur.  r_G1  r_G2  r_L1  r_L2  #succ.  successors
     0     0     0     0     0     0    11     1    11    18    20    26    31    34    36    38    42    44
     1     4    14    16   119    10     6     2    14    19    40    41    43
     2     3    14    16   119    10     3     3    37    39
     3     8    11    10    58     2     1     4
     4     8     6    14    88     6     2     5    35
     5     3     3     2    64     6     3     6    32    33
     6     4    11    14   116    10     2     7    30
     7     7     4     5    16     0     1     8
     8     4     1     0    64     5     4     9    16    25    28
     9     5     5    11    42     2     3    10    14    39
    10     1    10     1    12     0     3    12    23    24
    11     7    12     7    55     2     6    15    16    21    22    27    37
    12     3     5     2    43     2     3    13    35    43
    13     4     7    10    25     1     1    15
    14     9     1     0    26     3     1    51
    15     2    10     9    41     3     2    17    24
    16     1    14    16   119    10     1    50
    17     4    10     6    12     0     1    21
    18     7     7     7    52     2     1    35
    19     2     6     0    50     0     1    33
    20     5     4     4    31     5     1    47
    21     7     0     1    38     4     1    51
    22     2     2     2    23     8     2    29    37
    23     8     4     7     3     0     1    51
    24     5     0     7    34     6     1    51
    25     2     4    10     6     0     1    51
    26     9     3     0    56     6     1    51
    27     5     3     2     3     0     2    29    37
    28     2    14     3    41     2     1    35
    29     3    10     9   103    10     2    45    49
    30    10     8     5    47     0     1    51
    31     1    11    11    78     5     1    40
    32     9     9     3    52     4     1    35
    33     9     2     9    62     2     1    43
    34     4     6    12     6     0     1    51
    35     8     1     1    37     5     1    51
    36     6     0     5    78     7     1    46
    37     4     0     6    55     5     1    45
    38     6     3     0    31     0     1    51
    39     5     9     5    50     2     2    43    50
    40     4     8     0    31     4     1    51
    41    10     9     5    77     7     1    43
    42    10    13    10    49     2     1    51
    43     1     3    10    41     1     1    47
    44     8     2     9    72    10     1    50
    45     1     0     9    32     4     1    47
    46     1    12     6    38     0     3    47    48    50
    47     3     0     8    21     3     1    50
    48     3    14    16   119    10     1    49
    49     5     0     5    30     5     1    50
    50     2     0     3    32     3     1    51
    51     0     0     0     0     0     0
--------------------------------------------------------------------------------
INFORMATION OF PROJECT 10:
#jobs  release  duedate
    52     0    68
#local resources
     2
R_L1   R_L2   
    14    12
jobnr.  dur.  r_G1  r_G2  r_L1  r_L2  #succ.  successors
     0     0     0     0     0     0    18     1     4     6     7     8    10    11    13    17    21    22    23    24    25    47    48    49    50
     1     5     2     0     9     0     5     2    39    40    42    44
     2     7     0     3     7     0     3     3    30    36
     3     1     0     0     1     1     4     5    15    33    37
     4    10     0     3     4     0     7     9    28    29    40    41    43    46
     5     6     9    10     0     0     5     9    27    28    29    31
     6     7     6     0     0     7     6    14    20    28    33    35    41
     7    10     0     2     0     9     5    18    29    30    33    43
     8     6     0     2     8     0     5    16    27    35    36    45
     9    10     5     2     0     0     2    12    32
    10     5     0     1     7     0     4    19    27    31    35
    11     4     5     0     1     0     3    19    27    31
    12     3     9     0     0     8     1    14
    13     3     1     0     6     0     3    27    30    38
    14     1     0     0    10    10     1    18
    15     3     1     0     7     0     2    26    34
    16     3     0     3     0     2     2    29    30
    17     6     0     5     5     0     2    27    28
    18     9     4     0     4     0     1    19
    19     2     0     0     6     5     1    26
    20     5     4     0     3     0     1    27
    21    10     7     0     0     5     1    28
    22     8     0     3     2     0     1    27
    23     4    10     0     6     0     1    42
    24     5     6     3     0     0     1    39
    25    10     8     0     1     0     1    38
    26     9     0     4     4     0     1    51
    27     1     0     7    10     0     1    51
    28     3     5     0     0     7     1    51
    29    10     0     7     0     4     1    51
    30     5     5     0     0     6     1    51
    31     8     0     2     0     7     1    51
    32    10    10     0     0     3     1    51
    33     1     9     9     0     0     1    51
    34     1     5     0     0    10     1    51
    35     2     0     6     0     4     1    51
    36     7     0     7     3     0     1    51
    37     4     1     0     0     7     1    51
    38     8     0     0     1     5     1    51
    39     7     4     0     9     0     1    51
    40    10     0    10     5     0     1    51
    41     6     7     1     0     0     1    51
    42     3     1     0     9     0     1    51
    43    10     3     9     0     0     1    51
    44     8     0     0     9     8     1    51
    45     5     0     1     0     4     1    51
    46     1     5     0     5     0     1    51
    47    10     0     4     0     3     1    51
    48     3     0     4     0    10     1    51
    49     6     1     2     0     0     1    51
    50     4     5     0     0     2     1    51
    51     0     0     0     0     0     0
--------------------------------------------------------------------------------
INFORMATION OF PROJECT 11:
#jobs  release  duedate
    52     0    55
#local resources
     2
R_L1   R_L2   
    20    21
jobnr.  dur.  r_G1  r_G2  r_L1  r_L2  #succ.  successors
     0     0     0     0     0     0    16     1     2     3     4     5     6     7     8    10    11    15    19    20    22    24    27
     1     1     0     8     0     8     6     9    16    21    36    37    40
     2     7     0     9     0     7     8    14    17    18    25    28    36    40    49
     3     1    10     0    10     1     7    12    21    25    26    30    37    39
     4     5     9     4     0    11     9    16    25    29    30    34    37    40    47    49
     5     5     0     2     0     9     9    16    25    29    34    36    37    47    48    50
     6     5     0     7     0     3     7    13    23    26    35    39    40    46
     7     5     0     0     1     3    12    25    26    30    32    34    35    36    38    39    40    48    49
     8     8     2     4     0     0    10    21    25    28    29    32    34    36    39    46    47
     9    10     0     2     0     2    11    21    23    25    30    34    35    38    39    47    49    50
    10     1     0     5     8     0     4    17    25    48    50
    11     3     2     0     5     4    12    33    34    35    36    37    38    40    44    46    47    48    50
    12     2     0     5     0     4     9    28    31    32    34    36    46    47    48    50
    13    10     1     3     0     0     8    25    28    32    34    36    38    47    48
    14     3     0     5     0    10     9    30    34    35    37    38    39    44    46    47
    15     7    10     0     0     4     6    25    29    32    35    45    46
    16     4     7     9     0     0     6    23    28    35    38    39    46
    17     5     6     0     5     0     6    23    32    34    38    46    47
    18     1     4     0     8     0     5    23    30    35    47    48
    19     7     0     3     0     5     7    33    34    43    45    46    47    49
    20     9     1     0     0     3     7    34    40    43    44    45    46    47
    21     2     0     7     6     0     5    33    35    38    44    48
    22     3     9    15     6     0     5    25    34    39    46    47
    23     7     6     0     1     0     4    33    43    44    45
    24     5    10     9     5    15     3    34    43    44
    25    10     6     0     0     2     4    41    42    43    44
    26     2     0     0     1     6     4    41    42    43    45
    27     2     0     4     1     0     3    40    43    48
    28     3     2     0     6     0     2    33    44
    29     5     8     0     7     0     2    33    43
    30     9     3     0     8     0     3    41    44    46
    31     5     5     0    18     7     3    41    43    45
    32     9     6     5     0     0     1    33
    33     3     2     0    10     0     3    41    42    43
    34     5     0     0     7     5     3    36    41    42
    35     3     0     0     9     8     3    42    43    48
    36     5     3     0     0     5     2    41    42
    37     1    18     1     0     0     2    41    43
    38     7     0     8    19     0     1    45
    39     8     1     0     0     5     2    43    50
    40     6     3     0     0     9     1    41
    41     4     8     7     1     0     1    51
    42     4     0     3     0     6     1    51
    43     4     5     2     0     1     1    51
    44     8     4     2     0     0     1    51
    45     7     0     0     6     6     1    51
    46     2     0     2    10     0     1    51
    47     3     0     0    10     3     1    51
    48    10     0     0     6     3     1    51
    49     5     6     0     6     0     1    51
    50     4     0     0     3    13     1    51
    51     0     0     0     0     0     0
--------------------------------------------------------------------------------
INFORMATION OF PROJECT 12:
#jobs  release  duedate
    52     0    64
#local resources
     2
R_L1   R_L2   
    17    12
jobnr.  dur.  r_G1  r_G2  r_L1  r_L2  #succ.  successors
     0     0     0     0     0     0    11     1     2     3     4     5     6     8     9    10    13    29
     1     7     2     0    10     0    14    12    15    16    18    19    20    21    22    23    24    25    26    33    50
     2     6     8     2     0     0     7     7    17    19    20    21    24    26
     3     7     9     9     0     0    10    12    16    19    24    25    26    32    33    37    49
     4     4     0     7     0     3     9    14    18    26    28    31    45    46    47    48
     5     2     2     3     0     0     7    11    20    21    27    37    48    50
     6     3     0     7     9     0     9    20    21    23    24    26    31    33    44    46
     7     4     0     4     7     0     8    14    23    27    28    31    33    45    46
     8     3     0     0     8     5    10    21    25    33    35    36    37    43    46    47    48
     9     7     6     0     2     0    12    31    33    34    35    36    40    45    46    47    48    49    50
    10     6     0     0     5     1     8    21    27    37    41    43    46    48    50
    11     8     8     3     0     0    10    30    31    32    34    35    36    40    45    46    47
    12     5     2     0     6     0     9    28    30    31    34    35    36    44    45    46
    13     4     0     0     5     8     7    26    30    36    40    44    45    47
    14     5     2     0     0     7     7    30    34    35    36    37    40    50
    15     7     1    10     0     0     7    30    34    41    43    44    46    47
    16     2     0     0     2     5     6    30    34    35    43    46    48
    17     9     7     0     7     0     5    25    34    40    44    49
    18     3     8     0     0     7     7    30    40    41    42    43    44    49
    19    10     2     0     0     2     6    34    35    38    40    47    48
    20     9     8     2     0     0     5    30    32    36    40    42
    21     2     0     1     4     0     4    30    34    40    45
    22     5     0     0     4     9     4    30    32    40    45
    23     6     8     0     0     4     5    38    39    40    41    49
    24     9     7     0     2     0     4    35    38    40    43
    25     7     0     9     0     2     3    30    41    42
    26     5     5     0     8     0     2    34    35
    27    10     8     0     0     1     2    30    40
    28     4     0     0     9     3     3    38    40    43
    29     7     0     8     0     5     3    38    39    44
    30     8     7     0     3     0     2    38    39
    31    10     6     0     3     0     2    38    43
    32     1     2     0     7     0     2    39    43
    33     8     3    10     0     0     2    38    39
    34     9     0     7     2     0     1    42
    35     9     1     0     9     0     1    41
    36     4     0     0     7     9     1    38
    37     9     0     9     3     0     1    44
    38     1     8     7     0     0     1    51
    39     1    10     0     0     3     1    51
    40     6     4     8     0     0     1    51
    41     9     0     8     0     6     1    51
    42     1     2     0     7     0     1    51
    43     9     5     0     0    10     1    51
    44     4     0     2     3     0     1    51
    45     7     6     1     0     0     1    51
    46     9     0     9     9     0     1    51
    47     2     0     4     0     6     1    51
    48     7     0     8     7     0     1    51
    49     6     8     6     0     0     1    51
    50     7     0     7     7     0     1    51
    51     0     0     0     0     0     0
--------------------------------------------------------------------------------
TRANSFER TIMES OF GLOBAL RESOURCE G1
 DEPOT    P1    P2    P3    P4    P5    P6    P7    P8    P9   P10   P11   P12
     0     5    12     9     6    10    11    11    11     8     8     6    11
     5     0     8    13     9    15     8     7    11     7     7    10    11
    12     8     0    21    15    22     8     4    14    11    11    18    14
     9    13    21     0     9     2    18    19    16    15    14     4    16
     6     9    15     9     0    10    10    15    17     7    14     6     7
    10    15    22     2    10     0    19    21    17    16    16     5    16
    11     8     8    18    10    19     0    10    18     4    15    15     7
    11     7     4    19    15    21    10     0    11    12     8    17    16
    11    11    14    16    17    17    18    11     0    17     4    14    21
     8     7    11    15     7    16     4    12    17     0    14    12     4
     8     7    11    14    14    16    15     8     4    14     0    12    18
     6    10    18     4     6     5    15    17    14    12    12     0    13
    11    11    14    16     7    16     7    16    21     4    18    13     0
--------------------------------------------------------------------------------
TRANSFER TIMES OF GLOBAL RESOURCE G2
 DEPOT    P1    P2    P3    P4    P5    P6    P7    P8    P9   P10   P11   P12
     0    12     3     7     9    11     8     3    10     4     5    10    12
    12     0    13    18     9    19    19    14    21     9     8     9    19
     3    13     0     6    12    14     7     5    10     5     7    13    15
     7    18     6     0    13    10     3     4     4    10    10    14    12
     9     9    12    13     0    11    16    10    15     9     5     1    10
    11    19    14    10    11     0    12     9     9    14    12    11     2
     8    19     7     3    16    12     0     7     5    11    12    17    14
     3    14     5     4    10     9     7     0     7     7     7    10    10
    10    21    10     4    15     9     5     7     0    13    13    16    11
     4     9     5    10     9    14    11     7    13     0     4    10    15
     5     8     7    10     5    12    12     7    13     4     0     6    12
    10     9    13    14     1    11    17    10    16    10     6     0    11
    12    19    15    12    10     2    14    10    11    15    12    11     0
--------------------------------------------------------------------------------
Additional Information: 
global resource strength = 0.5
transfer time factor = 0.2
adapted from RCPSP instances: 
[sD249, sD179, sD215, sD125, sD114, sD192, sD267, sD153, sD134, sD37, sD55, sD7]
