--------------------------------------------------------------------------------
PORTFOLIO INFORMATION:
#projects
    12
#global resources
     2
R_G1   R_G2   
   307   205
--------------------------------------------------------------------------------
INFORMATION OF PROJECT 1:
#jobs  release  duedate
    52     0   148
#local resources
     2
R_L1   R_L2   
   170   143
jobnr.  dur.  r_G1  r_G2  r_L1  r_L2  #succ.  successors
     0     0     0     0     0     0     9     1     8    16    20    22    23    34    43    44
     1     1   173    13   170   143     3     2    19    27
     2     9   173    13   170   143     2     3    19
     3     1   173    13   170   143     1     4
     4     4   173    13   170   143     3     5    26    45
     5     2   173    13   170   143     1     6
     6     4    13     1    66   125     3     7    26    33
     7     7   173    13   170   143     3     9    30    38
     8     9   148    10   100    18     6     9    30    38    39    40    41
     9     8   173    11   166   143     5    10    28    29    30    41
    10     3    62     5    56    42     3    11    25    28
    11     2    49     9    28    20     3    12    21    42
    12     9    25     4    17    12     1    13
    13     1    37     9    32    12     3    14    18    46
    14     1    10     3    67    43     2    15    35
    15     8    31     4    18    87     1    17
    16    10    59     8   132    53     1    51
    17    10     0     0     9    19     1    51
    18    10    35     3     0    36     1    51
    19     1    12     1     7    68     2    32    48
    20    10    59     5    85   101     1    42
    21     5    59     0    65    50     3    24    35    46
    22     9   128     7    82   107     1    51
    23     6   111     2   110   101     1    27
    24     1   113     5    95     4     1    48
    25     6   142     8   152    53     2    37    42
    26     9     0     2     4     0     1    46
    27     6   173    13   170   143     1    32
    28     7    20     2    47     1     2    32    37
    29     8     6     2    38    41     2    31    49
    30     1     0     1     3    90     2    42    49
    31     4    10     0    28    22     1    50
    32     2   114     2    28    33     2    35    46
    33     6    53     7    30    57     1    36
    34     7   142     6    91   110     3    39    40    49
    35     7    15     5     1     6     1    51
    36     3    25     3    70   103     1    41
    37     1    22     2    71    26     1    51
    38     2    10     5     5    14     1    42
    39     1   173    11   166   143     1    51
    40     9   160    12   104    18     1    49
    41     1    14     8    67    10     1    42
    42     7   114     4    68   121     1    46
    43     1   123     3   149    42     1    51
    44    10    59     9   102    18     2    47    48
    45     4   161    10   159    75     2    47    48
    46    10   151     8    99   117     2    47    48
    47    10    35     2    28     9     1    49
    48     7    31     6    32    14     2    49    50
    49     1    45     4    61    17     1    51
    50     8    45     3    88    36     1    51
    51     0     0     0     0     0     0
--------------------------------------------------------------------------------
INFORMATION OF PROJECT 2:
#jobs  release  duedate
    52     0   148
#local resources
     2
R_L1   R_L2   
    12    12
jobnr.  dur.  r_G1  r_G2  r_L1  r_L2  #succ.  successors
     0     0     0     0     0     0     8     1    11    14    26    29    37    39    44
     1     8   120    37    12    12     5     2    19    27    40    41
     2     4   120    37    12    12     1     3
     3     2   120    37    12    12     1     4
     4     2   120    37    12    12     3     5    32    35
     5     3    84    22     7     2     5     6    18    34    36    50
     6     1    69    20     6     2     3     7    30    34
     7     4   120    37    12    12     1     8
     8     3   120    37    12    12     3     9    16    25
     9     3   120    37    12    12     3    10    20    47
    10     3    46    10     6     2     4    12    18    23    24
    11     8    34    14     0    10     7    21    22    23    24    27    38    41
    12     8   102    28    12    11     3    13    22    42
    13     5     8     4     8     0     2    15    28
    14     6   108    31     4    11     2    15    22
    15     3    30    14     2     7     1    17
    16     7    18     9     0     1     3    41    42    45
    17     4    41     9     8     4     2    21    33
    18     1    96    20     4     6     2    30    43
    19     1    62    11     0     5     1    51
    20     4    40     0     4     0     1    23
    21     3    33     0     5     4     1    51
    22    10    37    19     0     0     1    51
    23     2    32     4     6     2     3    31    33    50
    24     4   102    24     9     5     1    51
    25     6    58     5     4     3     1    35
    26     5    70    18     8     7     1    51
    27    10    96    24     8     5     1    43
    28     2   116    37    12    11     3    31    35    40
    29    10   106    37     8     3     1    30
    30     2     3     6     8     0     2    48    50
    31     3    90    16     0     2     1    50
    32     8    86    18    10     5     1    51
    33     8    14     0     3     6     1    51
    34     4    39    18     6     9     2    35    41
    35     4    63     8     3     1     1    51
    36     8    51    16     0    10     1    51
    37     8    36    14     0    10     4    40    42    45    47
    38     4    24     6     0     4     1    51
    39     8    24    17     6     5     5    41    42    43    45    48
    40     7    29    12     8     2     2    41    43
    41     3     6    13     0     1     1    51
    42     9    96    24    12     8     4    43    48    49    50
    43     9    11     0     4     9     1    51
    44     3    69    23     0     5     2    46    48
    45     1    16     8     9     8     1    51
    46     8    36    15     5    10     1    50
    47     5    21     5     0     7     1    48
    48     2     4     0     0     1     1    51
    49     3    16     8     4     1     1    51
    50     7    54    10     0     2     1    51
    51     0     0     0     0     0     0
--------------------------------------------------------------------------------
INFORMATION OF PROJECT 3:
#jobs  release  duedate
    52     0   140
#local resources
     2
R_L1   R_L2   
   119    18
jobnr.  dur.  r_G1  r_G2  r_L1  r_L2  #succ.  successors
     0     0     0     0     0     0     9     1     3     6    12    14    24    25    40    49
     1     3   151   115   119    18     2     2    43
     2     7   145   114   110    18     4     4    21    26    29
     3     1    12    51    45    16     7     4    22    23    34    38    42    48
     4     1    91    76    60    10     1     5
     5     7   145   114   110    18     2     7    41
     6     2   145   114   110    18     4     8    18    29    48
     7     1   151   115   119    18     1     8
     8     3    59    16    28    11     1     9
     9     1    97    77    69    10     2    10    35
    10     9    59    16    28    11     2    11    37
    11    10    68    90   108    16     3    13    31    32
    12    10    92    99    91     7     8    13    16    17    22    23    29    31    43
    13     1   124    82    92     9     2    15    28
    14     4     6     1     9     0     5    17    22    33    35    38
    15     4    12    51    45    14     1    17
    16     1    68    63    75    13     1    17
    17     4   105    86    94    13     1    19
    18     4   104    62    57     7     1    43
    19     8    18    52    27    12     7    20    27    30    44    45    47    48
    20     5     7    21    12     3     1    50
    21     6   144    94   107     8     1    51
    22     9     6    13     9     2     1    47
    23     7   137    92    92    14     6    26    27    28    30    31    46
    24    10   117    84    75    13     1    26
    25    10   133    63    65     2     1    51
    26     2    28    60    36    13     1    39
    27     5    28    12    11     5     3    32    36    46
    28     8    16    30    35     2     2    30    33
    29    10    28    57    84    12     1    30
    30     3    18    47    59     9     1    43
    31     4    21    32    11     9     1    51
    32     1    89    47    48     4     1    51
    33     3    12    29    12     1     3    36    42    45
    34     3    54    38    50     8     1    41
    35     9    83    25    11     2     3    36    46    50
    36     2    85    61    69     8     1    51
    37     4    50    30    48    10     1    51
    38     2    93    83   107     9     2    41    47
    39     8   117    86   107    14     2    45    48
    40     6    89    54    96     7     3    41    43    48
    41     2    14    23    27     4     1    51
    42     5    40    16    16     3     4    44    46    47    50
    43     2    53    42    42     1     1    51
    44     9    34    20     2     1     1    51
    45    10     4    21     9    10     1    46
    46     1    74    11     6     0     1    51
    47     2     0     1     0     1     1    51
    48     2    52    16     3     4     1    50
    49     9   110    49    83     3     1    50
    50     6    27    28    12     4     1    51
    51     0     0     0     0     0     0
--------------------------------------------------------------------------------
INFORMATION OF PROJECT 4:
#jobs  release  duedate
    52     0   112
#local resources
     2
R_L1   R_L2   
    15    12
jobnr.  dur.  r_G1  r_G2  r_L1  r_L2  #succ.  successors
     0     0     0     0     0     0    11     1     2     3     4     7     8    10    17    19    25    30
     1     5     5    14     2     7     9     5    12    14    20    21    24    44    46    49
     2    10     2     6     5     6    12    11    14    15    20    21    23    29    42    43    44    45    48
     3     9    10     5     0     5     6     9    23    24    42    43    44
     4     8     6     3     3     0     8    11    21    23    29    42    43    45    46
     5     2     1     8     4     0     2     6    43
     6     6     1     9     4     6     2     9    23
     7     5     1     0     1     0     7    14    18    20    37    38    42    44
     8     6     1     5     5     9     6    13    16    21    29    41    47
     9     6    11    16     4    11     4    11    22    29    47
    10     8     4     2    10     0     4    13    14    16    45
    11     6     0     4     4     6     5    13    28    40    41    47
    12     4    11     4     5     0     6    29    34    35    39    42    47
    13     8     5    10    10     0     7    18    34    35    37    38    39    49
    14    10     0     1     0    10     3    16    35    36
    15     4     0     1     3     1     6    26    32    33    35    36    37
    16    10     0     0     2     5     4    22    27    28    37
    17    10    10    10     1     7     4    31    33    40    42
    18     9     0     3     1    10     3    26    32    36
    19     7     0     0     9     9     4    32    33    34    42
    20     9     2     0     1     0     3    27    34    47
    21     2     4    18     2    10     3    27    33    39
    22     2     0     0    10     7     3    27    31    34
    23     2     2    15     0     6     2    43    49
    24     8     2     0     4     0     2    32    35
    25     4     6     0     0     8     2    31    44
    26     7    10     6     0     0     1    27
    27     7     5     6     5     0     1    31
    28     3     0     3     0     3     1    33
    29     3     0     2     1     0     1    51
    30     9     0     0     2     6     1    51
    31     8    10    12     0     0     1    51
    32     6     9     0    13     0     1    43
    33     8     8     0     2     0     1    51
    34     6     3     0     0     1     1    51
    35     9     7     6     0     0     1    46
    36     9     0     0     8     6     1    50
    37     9     3     0     7     0     1    48
    38     7    10     4    12     8     1    51
    39     3     4     8     8     1     1    51
    40     5     0     2     4     6     1    46
    41     3     9     0     5     0     2    46    48
    42     1    10     6     0     3     1    51
    43     2     6     7     0     3     1    51
    44     6     0     4     5     7     2    47    50
    45     8     5     2     1     0     1    51
    46     4     5     1     0     0     1    51
    47    10     5     3     0     0     1    50
    48     4     0     3     6     0     1    50
    49     2     7     2     0     1     1    50
    50    10     4    10     2     0     1    51
    51     0     0     0     0     0     0
--------------------------------------------------------------------------------
INFORMATION OF PROJECT 5:
#jobs  release  duedate
    52     0   138
#local resources
     2
R_L1   R_L2   
   151   115
jobnr.  dur.  r_G1  r_G2  r_L1  r_L2  #succ.  successors
     0     0     0     0     0     0     6     1     3    12    25    34    49
     1     9   110    16   145   110     6     2     6    18    21    23    43
     2     7   110    16   145   110     3     4    14    18
     3     1    54    10    18    52     2     6    18
     4     1     5     8    59    16     1     5
     5     8   110    18   145   114     2     7    48
     6     1   101    16   139   109     1     8
     7     5   119    18   151   115     1     8
     8     2    28    11    59    16     1     9
     9     3    81     8   143   110     2    10    35
    10     9    28    11    59    16     2    11    37
    11    10    94    16    68    83     3    13    31    32
    12    10    91     7    92    99     7    16    17    21    22    23    29    41
    13     1    89     8   124    93     4    15    28    31    47
    14     8     9     0     6     1     2    35    43
    15     3    45    14    12    47     1    17
    16     1    44     0    61    52     2    19    38
    17     5   110    15   145   110     2    19    33
    18     5    85     7   104    60     2    24    41
    19     7    11    12    16    49     5    20    27    30    44    45
    20     6    12     3     7    21     1    50
    21     5   107     5   143    86     1    38
    22     8     9     2     6     5     1    51
    23     4    98    12   136    89     5    26    27    28    37    46
    24     7    56    14   117    85     3    26    38    40
    25    10    65     1   133    63     1    51
    26     2    29    10     2     2     3    31    39    46
    27     3    11     5    66    30     1    36
    28     7    54     2    16    20     1    33
    29    10    40    12    22    54     1    38
    30     3    34    11    16    42     1    51
    31     4    12     9    37    32     1    51
    32     1    14     2    44    41     1    37
    33     3    12     1     8    29     1    42
    34     4    37     8    54    41     1    51
    35     9    25     0    83    32     2    46    50
    36     4    65     9    60    56     1    51
    37     5    30    10    27    22     1    43
    38     2   107     9   111    83     1    47
    39     3   107    12   117    86     2    45    50
    40     2    96     3    78    37     3    45    46    48
    41     2    26     8    18    51     1    51
    42     7    22     3    40    20     3    44    46    50
    43     2    25     4    51    39     1    51
    44     9     2     1    34     8     1    51
    45     9     3    11     2    16     1    46
    46     1    45     2    53    44     1    51
    47     4     0     3     2     3     1    51
    48     2    27     6    85    42     1    50
    49    10    84     3   110    49     1    50
    50     7    12     5     8    27     1    51
    51     0     0     0     0     0     0
--------------------------------------------------------------------------------
INFORMATION OF PROJECT 6:
#jobs  release  duedate
    52     0    68
#local resources
     2
R_L1   R_L2   
    17    15
jobnr.  dur.  r_G1  r_G2  r_L1  r_L2  #succ.  successors
     0     0     0     0     0     0    14     1     4     5     8     9    10    12    44    45    46    47    48    49    50
     1     2     0     9    10     0     6     2    18    34    39    40    42
     2     4    10    10     0     0     3     3    22    35
     3     7     5     0     6     0     2     6    37
     4     3     4     0     1     0    13    13    21    24    27    28    29    30    31    32    33    34    35    38
     5     8     2     0     0     7     9    11    14    16    22    28    30    31    34    41
     6     7     8     9     0     0     5     7    15    21    27    31
     7     6     6     0     5     0     6    11    25    28    30    32    33
     8     1     6     0     0     4     9    19    24    25    26    28    29    30    37    40
     9     3     3     0     2     0     6    16    17    27    28    35    39
    10     5     2     0     0     6     7    17    21    24    27    28    36    43
    11     5     0     9     0     2     3    13    24    29
    12     1     0     0     2     2     4    23    24    26    34
    13     6     0     0    10     6     2    19    26
    14     6     5     7     0     0     2    19    27
    15     1     3     0     8     0     2    23    24
    16     9     0     2     1     0     2    24    36
    17     1     0     0     6     3     2    23    25
    18     8     0     8     9     0     2    31    38
    19     7     0     8     0     2     1    20
    20     5     0     7     0     3     1    23
    21     6     8     4     0     0     1    25
    22    10     5     0     8     0     1    27
    23     5     0     3     0     5     1    51
    24    10     8     5     0     0     1    51
    25     7     5     0     0     6     1    51
    26     5     0     6     7     0     1    51
    27     6     0     5     1     0     1    51
    28     8     0     4     0     4     1    51
    29     4     3     0     0     6     1    51
    30     8     9     0     3     0     1    51
    31     7     0     3     0    10     1    51
    32     2     0     0     3     8     1    51
    33     4     0     0     3     2     1    51
    34     7     7     0     0     4     1    51
    35     5     7     9     0     0     1    51
    36    10     3     0     0     5     1    51
    37     3     0     0     9     5     1    51
    38     9     0     4     1     0     1    51
    39     5     2     0     0     7     1    51
    40     3     6     0     6     0     1    51
    41     7    10     0     0     1     1    51
    42     7     0     3     8     0     1    51
    43     9     5     0     9     0     1    51
    44     3     0     4     2     0     1    51
    45     1     5     0     0     8     1    51
    46     8     7     0     1     0     1    51
    47     7     0     0     3     3     1    51
    48     4     0     0     1     9     1    51
    49     9     0     5     6     0     1    51
    50    10     8     0     2     0     1    51
    51     0     0     0     0     0     0
--------------------------------------------------------------------------------
INFORMATION OF PROJECT 7:
#jobs  release  duedate
    52     0   101
#local resources
     2
R_L1   R_L2   
    15    14
jobnr.  dur.  r_G1  r_G2  r_L1  r_L2  #succ.  successors
     0     0     0     0     0     0     9     1     2     3     5     7     8    10    13    15
     1     8     0     7     0     9     7     6     9    12    16    18    19    25
     2    10     7     3     0     0     4     4    12    18    25
     3     1     0     1     0     4     8    12    17    18    19    20    23    24    33
     4     6    10    10     0     0     9    17    19    20    21    24    29    32    33    35
     5     5     0     0     9     5     6    17    18    19    20    24    29
     6    10     0     7     6     0     5    11    20    23    32    33
     7     1     1     5     0     0     4    14    19    23    32
     8     6     9     0     8     0     7    17    21    26    29    30    32    41
     9     6     0     6     0     7     7    17    24    31    32    33    35    41
    10     2     0     2     0     9     6    19    20    28    29    31    32
    11     6     0     1     5     0     2    14    31
    12     8     0    10     0     9     9    22    26    29    32    35    37    38    40    41
    13     5     6     9     0     0     7    21    24    32    35    37    38    40
    14     5     0     1     0     7     4    17    24    29    30
    15    10     9     0     5     0     9    26    27    28    29    31    32    33    38    50
    16     8     7     0     0     2     8    26    27    28    29    31    33    34    41
    17     6     0     8     0     6     5    22    28    38    40    50
    18     7     0     0     1     5     5    21    27    30    37    40
    19    10     7     3     0     0     9    34    36    37    40    41    45    47    48    50
    20     5     0     0    10     2     4    26    27    30    34
    21     9     5     2     0     0     4    28    31    46    47
    22     2     4     7     0     0     3    27    34    45
    23     2     0     0    10     5     2    29    30
    24    10     0     9    10     0     6    36    45    47    48    49    50
    25     9     4     0     0     5     2    28    41
    26     8     0     0     6     7     6    39    43    44    46    47    49
    27     4     7     7     0     0     4    36    46    47    48
    28     6     0     1     7     0     5    39    43    44    45    49
    29     3     8     8     0     0     5    39    43    44    45    46
    30     8     5     0     0    10     5    42    43    44    47    48
    31     8     0     0    10     2     2    36    45
    32     6     1     7     0     0     2    34    45
    33     6    10     0    10     0     3    39    47    48
    34     3     0     0     7    10     3    42    44    46
    35    10     5     0     0     5     3    44    45    46
    36    10     8     0     0     3     2    39    43
    37     6     0     4     7     0     2    39    43
    38     2     0     9     0     4     2    42    43
    39     4     0     3     0    10     1    42
    40    10     5     0     0     9     1    42
    41     9     0     0     3     9     1    42
    42     8     0     2     0     1     1    51
    43     3     2     0     1     0     1    51
    44     8     3     0     6     0     1    51
    45     4     0     6     0     5     1    51
    46     5     1     0     5     0     1    51
    47     6     0     6     0     7     1    51
    48     1     0     2     6     0     1    51
    49     8     0     9     8     0     1    51
    50     9     0     9     5     0     1    51
    51     0     0     0     0     0     0
--------------------------------------------------------------------------------
INFORMATION OF PROJECT 8:
#jobs  release  duedate
    52     0    88
#local resources
     2
R_L1   R_L2   
    11    13
jobnr.  dur.  r_G1  r_G2  r_L1  r_L2  #succ.  successors
     0     0     0     0     0     0    16     1     4     5     7     8    10    11    12    17    21    22    23    24    25    48    50
     1     5     0     5     4    13     6     2    14    40    42    45    47
     2     2     1     0     2     0     4     3    32    37    38
     3     4     8     0     7    11     4     6    16    33    34
     4     2     0     8     3     0     7     9    29    34    40    41    43    46
     5     2     7     2     0     0     6    13    20    29    33    36    41
     6     3     9     0     7     7     4     9    27    29    30
     7     3     8     0     0     8     5    14    20    30    36    38
     8     3     9     0     6     5     5    18    31    32    33    43
     9     6     3     9     0     0     3    13    28    31
    10    10     0     3     1     0     4    19    27    30    36
    11     1     0     0     5     5     3    18    27    30
    12     8     9    10     0     0     3    26    27    32
    13     7     9     0     1     0     1    15
    14     3     0     8     6     0     3    28    32    44
    15     6     2     0     4     4     2    18    47
    16     2     1     0     8     0     3    20    26    35
    17     6     4     0     0     4     2    27    29
    18     6     9     1     0     0     1    19
    19     1     0     0     8    13     1    26
    20     7     0     3     0    10     1    27
    21     4     0     5     0     9     1    51
    22    10     0     0     5     5     1    51
    23     8    10     0     9     0     1    39
    24     7     3     3     0     0     1    37
    25     2     9     6     4     0     1    27
    26     7     3     0     0     4     1    51
    27    10     0     0     2     6     1    51
    28    10     7    11     9     1     1    51
    29     2     6     0     2     0     1    36
    30     3     0     4     1     0     1    51
    31     8     1     0     0     2     1    40
    32     3     0     2     6     3     1    51
    33     4     0     3     4     0     1    51
    34     3     2     7     0     0     1    51
    35     7     0     0     2    10     1    51
    36     4     8     2     0     0     1    51
    37     8     8     0     2     0     1    42
    38     8     4     3     0     0     1    51
    39     6     0     9    10     0     1    51
    40     5     0     0     5     5     1    51
    41    10     4     0     7     0     1    51
    42     1     2     0     0     2     1    51
    43     4     6     4     0     0     1    51
    44     2     7    10     0     0     1    51
    45    10    10     0     5     0     1    51
    46     9    10     1     1     0     1    49
    47     9     0     4     1     0     1    51
    48    10     8     0     0     9     1    51
    49     5     2     7     0     0     1    51
    50     5     0     9     8     0     1    51
    51     0     0     0     0     0     0
--------------------------------------------------------------------------------
INFORMATION OF PROJECT 9:
#jobs  release  duedate
    52     0   163
#local resources
     2
R_L1   R_L2   
   119    10
jobnr.  dur.  r_G1  r_G2  r_L1  r_L2  #succ.  successors
     0     0     0     0     0     0    10     1    11    18    20    29    32    34    36    42    47
     1     7    14    21   119    10     7     2    14    19    40    41    43    48
     2     2    14    21   119    10     2     3    31
     3     5    14    21    93     7     1     4
     4     9     6    16    84     6     8     5    19    26    27    35    37    46    48
     5     3     3    14    67     6     3     6    33    46
     6    10    14    21   119    10     3     7    30    37
     7     6     4     6    16     0     1     8
     8     4     6    14    67     8     5     9    16    22    25    28
     9     5     5    13    42     3     2    10    39
    10    10     4     0    12     0     3    12    23    43
    11     9    13    11    55     1     1    22
    12     4     5     9    48     7     3    13    22    35
    13     5     7     2    24     0     1    15
    14    10     0     0    26     3     1    51
    15     1     1    10    12     1     2    17    24
    16     4    14    21   119    10     1    51
    17     8    11     9    41     1     1    21
    18     6     8     7    52     2     3    37    39    43
    19     2     5    16    31     0     3    21    33    45
    20     5     4    11    58     9     1    51
    21     6     0     2    38     2     1    51
    22     4     0     3    44     8     1    35
    23     6     5     0     2     1     1    51
    24    10     1     4    33     6     1    51
    25     5     7     9    60     1     1    35
    26     5     4     9    36     5     1    51
    27     9     3     0     6     0     1    39
    28     2     3    12    41     2     2    35    50
    29     7     8    15   103    10     1    39
    30     9     7     5    45     0     1    38
    31     3    11    19    81     7     1    35
    32     9     9     5    51     4     1    51
    33     3     4     3     0     0     2    45    50
    34     2     6    12    36     7     1    35
    35     9     1     1    38     7     1    51
    36    10     1     6    78     7     2    43    46
    37     4     0    10    19     5     1    51
    38     3     3     0     1     0     1    51
    39    10     9     8    52     3     1    51
    40     3     8     5    35     4     1    51
    41    10     8     8    77     7     1    51
    42    10     6    17    55     0     2    43    44
    43     2     4     3    10     0     1    51
    44     7     0    12    62    10     1    49
    45     7     3     9    26     6     1    51
    46     8    13    11    81     6     1    51
    47     7     3    12   103    10     3    48    49    50
    48     8    13    11    81     3     1    50
    49     2     8    18   107    10     1    50
    50     4     0     3    34     7     1    51
    51     0     0     0     0     0     0
--------------------------------------------------------------------------------
INFORMATION OF PROJECT 10:
#jobs  release  duedate
    52     0   135
#local resources
     2
R_L1   R_L2   
    14    22
jobnr.  dur.  r_G1  r_G2  r_L1  r_L2  #succ.  successors
     0     0     0     0     0     0    11     1     4     5     8    10    12    22    25    29    35    48
     1     2     1     6     4    13     5     2    40    42    45    47
     2     2    12    22     5    14     5     3    11    24    32    37
     3    10     7    18    10    12     4     6    16    33    34
     4     1     5    28     0    13     6     6    17    40    41    43    46
     5    10     2     4     7     4     6     7    13    20    33    36    41
     6     1     1    12    10    15     2     9    30
     7    10     8    14     8     9     6    14    20    30    31    36    38
     8     7     3     4    10     4     4     9    18    28    43
     9     1     5     9     2     8     3    13    28    31
    10     6     1     3     0     0     4    13    19    30    31
    11     9     5     0     0     5     3    18    24    27
    12    10     1    10     9     1     7    15    26    27    32    39    43    44
    13     8     8    15     9     2     2    15    28
    14     7     6     8     0     0     4    20    28    33    44
    15     8     0     0     2     4     3    18    20    23
    16     4     3     0     7     0     1    51
    17     4     0    17     8     6     2    27    34
    18     3     0     9     8     6     3    19    21    39
    19     5     8    23     4     2     2    26    41
    20     4     7     3     0    10     1    43
    21     5     1     5     6    10     1    51
    22     8     4    31     2     5     1    51
    23     1     6     0     2     8     1    39
    24     5     0    14     3     0     1    51
    25     5     2    18     9     0     1    42
    26     9     0    17     3     4     1    51
    27    10     6     0     0     6     1    51
    28     6     9     7     7     4     1    44
    29     2     2    26    10    10     1    32
    30     9     1    14     0     0     3    32    41    49
    31     8     0     0     1     8     3    32    39    43
    32     1     0    18    10     8     2    38    39
    33     4     5     3     0     0     1    51
    34     8     3    32    12     6     1    43
    35     7     2    22     8    11     1    39
    36     6     0     3     8     8     1    51
    37     4    12    11     8     5     1    45
    38     8     0    11     4     0     2    45    49
    39     3    10     7     3     3     1    51
    40     5     0     0     0     2     1    44
    41    10     7     0     4     0     1    51
    42     2     0    11     4     2     2    45    49
    43     4     0     4     6    14     2    49    50
    44     7     8    11     7     0     2    45    49
    45     2     1     1    10     2     1    50
    46     4     6     3    10     0     1    51
    47     9     1     4     0     8     1    50
    48     6     6     6     8     9     2    49    50
    49    10     0     1     2     9     1    51
    50    10     8     9     1     6     1    51
    51     0     0     0     0     0     0
--------------------------------------------------------------------------------
INFORMATION OF PROJECT 11:
#jobs  release  duedate
    52     0   150
#local resources
     2
R_L1   R_L2   
    11     9
jobnr.  dur.  r_G1  r_G2  r_L1  r_L2  #succ.  successors
     0     0     0     0     0     0    14     1     2     4     7     9    10    11    13    15    17    18    23    38    50
     1     2     7     0     3     3     6     3    20    29    30    45    48
     2     4    12     5     4     1     5     5    20    41    44    45
     3     3    11     4     6     8     6     6    31    40    41    47    49
     4     6     9     2     6     5    14     6    16    20    21    25    31    34    36    39    40    41    42    46    48
     5     3    13     4     0     0     6     8    25    27    30    34    46
     6     4     8     2     0     1     4     8    28    43    44
     7     9     4     5     9     8    10    14    26    27    28    31    33    42    43    44    49
     8     1     8     8     3     3     3    12    35    39
     9     9    15    12     2     8     2    36    37
    10     7     0     0     2     1     6    34    35    39    40    43    45
    11    10     6    10     0     9     6    19    21    25    40    41    43
    12     9    13    12    11     2     2    16    36
    13     9     5    10     3     0     4    24    32    34    35
    14    10     1    10     0     0     3    22    31    34
    15     7    16    12     5     9     4    16    29    31    45
    16    10     5     7     2     1     2    22    32
    17     5     4     0     7     8     2    26    35
    18     2     0     8     1     1     3    20    26    36
    19     3     9    10     2     8     2    26    27
    20     4     9     2     3     0     3    24    32    35
    21     9    12     1     4     9     1    34
    22    10     1     0     7     0     1    24
    23     6     2     0    11     2     1    51
    24     8     9     0     0     1     1    26
    25     1     4     4     0     6     1    41
    26     9    12     2     0     0     1    33
    27     5     9     5     0     6     1    51
    28     2     1     0     6     0     1    44
    29     9     6    10     9     1     1    40
    30     2     0     0     8     3     2    32    41
    31     3     1     4    10     7     1    51
    32     8    11     8     0     2     1    46
    33    10     2     0     9     0     1    51
    34     6     6     8     5     1     1    51
    35     7    11     2    11     0     1    47
    36     7     7     1     1     1     1    47
    37     1     5     4     1     7     1    44
    38     3    13    12     9     4     1    51
    39     9     4     0     0     2     1    51
    40     1     0     7     6     2     1    47
    41     3    16     0     2     3     1    51
    42     8     4     0     2     5     1    51
    43     7    12     2    11     2     1    47
    44     2     1     5     0     4     1    46
    45     1     8    10    11     8     1    51
    46     6     4    11     4     0     1    51
    47     7    10     2     0     2     1    51
    48     6     0    10     9     1     1    51
    49     8     8    10     6     7     1    51
    50    10     2     0     0     7     1    51
    51     0     0     0     0     0     0
--------------------------------------------------------------------------------
INFORMATION OF PROJECT 12:
#jobs  release  duedate
    52     0   137
#local resources
     2
R_L1   R_L2   
   173    12
jobnr.  dur.  r_G1  r_G2  r_L1  r_L2  #succ.  successors
     0     0     0     0     0     0    14     1     8    16    19    20    22    23    26    28    30    34    40    44    45
     1     2   170   143   173    12     1     2
     2     1   170   143   173    12     1     3
     3     2   170   143   173    12     1     4
     4     2   170   143   173    12     1     5
     5     3   170   143   173    12     3     6    32    43
     6     3    66   125    25     1     2     7    33
     7     1   170   143   173    12     1     9
     8     7   100    18   148     9     3     9    31    38
     9     8   170   143   173    12     2    10    29
    10     4    60    42    62     7     2    11    25
    11     2    39    19    50     9     2    12    21
    12     6    16    12    10     3     2    13    50
    13     1    37     7    47     8     3    14    18    50
    14     2    67    18    31     0     1    15
    15    10    11    87    31     4     1    17
    16     7   152    56   142     4     1    46
    17     8     9    19     0     0     1    51
    18    10     0    36     3     3     1    51
    19     2     9    27    12     1     1    25
    20     8    85   101    87     4     2    36    37
    21     7    95    53    65     2     2    24    46
    22     8    74   112   128     9     1    43
    23     7   110    66   111     2     7    27    31    33    36    37    39    43
    24     8     9     4    12     4     2    35    48
    25     6   152    56   142     8     2    37    42
    26     1    47     0    20     2     3    36    37    46
    27     3   170   143   173    12     1    47
    28     2    21    26    10     0     3    37    41    47
    29     5    38    41    16     2     2    31    49
    30    10   161    88   170     9     1    50
    31     4    28    35    27     0     1    50
    32     2    37    37    86     4     2    35    46
    33     5    66    60    96     9     1    36
    34     8   139    98   142     6     1    49
    35     4    53     6    12     4     1    51
    36     1    70   124    25     3     1    41
    37     2    64    48    48     3     1    46
    38     1    74    98   123     9     1    49
    39     7   170   143   173    12     1    42
    40     1   104    18   147    10     1    51
    41     1    68     8    38     4     1    42
    42     5    68   121   114     0     1    46
    43     2    14    99    16     1     1    51
    44    10   102    18    59    11     2    47    48
    45     7   159    56   142     8     1    46
    46    10   108   118   161     8     2    47    48
    47     3    15     9    19     3     2    49    50
    48     8    31    15    31     6     1    50
    49     1    60    13   103     6     1    51
    50     7    87    12    45     3     1    51
    51     0     0     0     0     0     0
--------------------------------------------------------------------------------
TRANSFER TIMES OF GLOBAL RESOURCE G1
 DEPOT    P1    P2    P3    P4    P5    P6    P7    P8    P9   P10   P11   P12
     0    28    24    13     5    24    17    12    19     9    26    25    21
    28     0     9    36    32    51    45    36    10    37    38    38    48
    24     9     0    34    27    44    40    29     7    32    39    30    44
    13    36    34     0     9    27    15    21    27    12    17    36    13
     5    32    27     9     0    23    14    13    22     7    24    28    17
    24    51    44    27    23     0    14    16    41    17    43    26    21
    17    45    40    15    14    14     0    16    35     9    30    31     9
    12    36    29    21    13    16    16     0    26    10    37    16    24
    19    10     7    27    22    41    35    26     0    27    32    31    39
     9    37    32    12     7    17     9    10    27     0    28    26    15
    26    38    39    17    24    43    30    37    32    28     0    50    26
    25    38    30    36    28    26    31    16    31    26    50     0    39
    21    48    44    13    17    21     9    24    39    15    26    39     0
--------------------------------------------------------------------------------
TRANSFER TIMES OF GLOBAL RESOURCE G2
 DEPOT    P1    P2    P3    P4    P5    P6    P7    P8    P9   P10   P11   P12
     0    21    11    26    22    20    25    18    31    26    33     7    18
    21     0    17    19    13    37    45    34    42    46    13    27    11
    11    17     0    29    23    21    31    18    27    31    26    15    19
    26    19    29     0     7    46    49    44    56    51    28    31    11
    22    13    23     7     0    41    45    39    50    47    23    27     5
    20    37    21    46    41     0    14     3    16    12    47    16    37
    25    45    31    49    45    14     0    16    29     4    56    19    41
    18    34    18    44    39     3    16     0    16    15    44    14    34
    31    42    27    56    50    16    29    16     0    26    49    29    46
    26    46    31    51    47    12     4    15    26     0    56    20    43
    33    13    26    28    23    47    56    44    49    56     0    39    23
     7    27    15    31    27    16    19    14    29    20    39     0    23
    18    11    19    11     5    37    41    34    46    43    23    23     0
--------------------------------------------------------------------------------
Additional Information: 
global resource strength = 0.2
transfer time factor = 0.5
adapted from RCPSP instances: 
[sD290, sD196, sD306, sD127, sD300, sD30, sD5, sD61, sD211, sD158, sD124, sD309]
