--------------------------------------------------------------------------------
PORTFOLIO INFORMATION:
#projects
    14
#global resources
     2
R_G1   R_G2   
   573   702
--------------------------------------------------------------------------------
INFORMATION OF PROJECT 1:
#jobs  release  duedate
    52     0   117
#local resources
     2
R_L1   R_L2   
    14    22
jobnr.  dur.  r_G1  r_G2  r_L1  r_L2  #succ.  successors
     0     0     0     0     0     0     9     1     4     5    10    12    22    25    35    48
     1     2     4     7     1    13     6     2    24    40    42    46    47
     2     2     1    20    12    10     4     3    11    37    47
     3    10    10    21     7     4     4     6    16    33    34
     4     2     0    29     8    10     5     9    17    40    41    43
     5    10     7     4     1     4     7     7    13    20    29    33    36    41
     6     1    10    12     6    10     4     9    29    30    44
     7     9     8    14     8     9     6     8    14    30    31    36    38
     8     6    10    11     3     0     7    18    28    29    31    32    33    43
     9     1     3     9     5     1     3    13    28    31
    10     4     0     3     1     0     6    11    15    19    27    30    31
    11     2     3     0     5     0     3    18    27    34
    12     4     9    10     0     0     6    26    27    32    43    44    47
    13     2     9    15     1     2     2    15    43
    14     9     0     8     6     0     5    20    28    32    33    44
    15     8     2     0     0     4     2    18    23
    16     4     7     2     6    19     1    51
    17     6     8    17     0     4     4    21    27    33    34
    18     3     8     9     0     0     3    19    21    39
    19     5     4    20     8     2     2    26    41
    20     5     0     3     0    10     1    51
    21     5     6     5     1    11     1    51
    22     8     1    32     3     7     1    51
    23     1     2     0     5     8     1    39
    24     2     3     6     0     0     1    33
    25     5     9    18     4     0     1    42
    26    10     3    20     0     8     1    51
    27     3     0     0     6     6     1    51
    28     6     7     7     9     9     1    51
    29     1    11     1     9     0     1    32
    30     9     0    14     1     0     1    49
    31    10     1     0     0     8     3    32    39    43
    32     2    10    19     1     2     1    38
    33     7     0     0     5     0     1    45
    34     9    12    33     3     8     1    44
    35     7     8    22     2    11     1    39
    36     9     8     3     0     8     1    51
    37     4     8     7    12     0     1    45
    38     8     4    11     0     0     2    45    49
    39     3     3     6    10     1     1    51
    40     2     0     4     5    10     3    43    44    45
    41    10     4     0     7     0     1    51
    42     2     4     0     0     2     2    45    47
    43     2     6    12     0    14     3    44    49    50
    44     4     7    11     8     0     2    45    49
    45     2    10     1     1     2     2    49    50
    46     2    10    19     6     0     1    51
    47     6     0     4     1     6     1    51
    48     4     8     4     6     9     1    49
    49    10     2     1     0     9     1    51
    50    10     0    10     8     6     1    51
    51     0     0     0     0     0     0
--------------------------------------------------------------------------------
INFORMATION OF PROJECT 2:
#jobs  release  duedate
    52     0   117
#local resources
     2
R_L1   R_L2   
    11   174
jobnr.  dur.  r_G1  r_G2  r_L1  r_L2  #succ.  successors
     0     0     0     0     0     0     9     1    16    18    21    25    36    44    46    49
     1     4   114     9    11   174     9     2    27    33    37    38    39    40    41    42
     2     8   114     5    11   172     1     3
     3     1    50     0     1    62     1     4
     4     2    50     0     2    66     6     5    17    29    30    31    32
     5     2    98    15    11   165     3     6    24    48
     6     3    49     4     7   130     1     7
     7     2    93     2     1    80     2     8    15
     8     5    50    11     4    73     2     9    23
     9     8     2     0     3    39     3    10    22    31
    10     5     2     5     5    50     3    11    20    29
    11     4    78     8     0   122     2    12    19
    12     7    14     7     4   113     1    13
    13     8    47     1    10    81     3    14    26    38
    14    10     0     8     0     1     1    51
    15     5     0     8     0    10     1    42
    16     9    10    12     0     1     1    35
    17     6    10     3     3     2     1    51
    18     4    12     0     0     8     1    51
    19     6    14    10     4     4     1    51
    20     5    13     9     3     9     1    51
    21     1     4     1     0    14     1    51
    22    10    32     0     4     0     1    34
    23     7    37     6     6     7     2    41    43
    24     3    31     7    10    46     1    51
    25     3    11     0     3    17     1    28
    26     1    59     0     1     1     2    29    42
    27     6   110     1     8   125     1    48
    28     2    10     0     6    67     2    34    45
    29     2    21     0     0     4     1    51
    30    10    58    13     0    79     2    33    39
    31     4    63     0     0     4     1    51
    32     4     5     0     4    87     1    43
    33    10    12     0     0     3     1    51
    34     9    24     0     7     0     1    51
    35     9    10    13     6    77     1    37
    36     7     1     5     9    29     1    51
    37     3    22     1     4    21     1    51
    38     2     2     9     0    31     2    41    45
    39     3     5     0     0     6     1    48
    40     1    55     2     1     0     2    42    50
    41     6    38     8     0    16     1    51
    42     4    46     4     0     4     1    51
    43     2     7     1     7     0     1    51
    44    10    46     6    10    98     3    45    48    50
    45     9     7     0     1     7     1    51
    46     4     8    12     6     1     2    47    48
    47     7     1     6     0     0     1    51
    48     2     0     8     0     4     1    51
    49    10     5     7     7    26     1    50
    50     9     0    10     0     2     1    51
    51     0     0     0     0     0     0
--------------------------------------------------------------------------------
INFORMATION OF PROJECT 3:
#jobs  release  duedate
    52     0   117
#local resources
     2
R_L1   R_L2   
    12   143
jobnr.  dur.  r_G1  r_G2  r_L1  r_L2  #succ.  successors
     0     0     0     0     0     0     4     1    16    20    23
     1     4   173   170    12   143     3     2    22    44
     2     6   173   170    12   143     3     3     8    25
     3     2   173   170    12   143     1     4
     4     1   173   170    12   143     2     5    25
     5     1   106    39    11   103     7     6    19    32    34    35    39    45
     6     4    13    66     0   100     2     7    33
     7     5   173   170    12   143     3     9    30    43
     8     9   148   100     7    19     4     9    27    30    45
     9     1   106    39    11   103     2    10    29
    10     3    62    53     7    45     2    11    26
    11     4    62    53     9    19     3    12    21    31
    12     8    13    16     0    12     2    13    46
    13     1     8    47     1     0     3    14    18    31
    14     1    17    67     3    18     2    15    35
    15     8    31    14     4    73     1    17
    16    10    67   131     1    40     1    39
    17    10     0     9     0     3     1    51
    18    10     6     0     3    36     1    51
    19     2    12     9     3    73     2    42    43
    20     8    59    83     4    89     1    42
    21     6    97    98     1    50     2    24    32
    22     9   128    63     7   112     1    51
    23    10   111   117     3    98     4    27    37    39    40
    24     8    12     9     5     4     1    48
    25     4   142   152     6    67     2    34    42
    26     5     0     4     1     0     2    28    37
    27     1   173   170    12   143     1    35
    28     6    12    40     1     1     1    32
    29     7     6    38     2    41     1    51
    30     1   137    45     4    69     2    38    42
    31     7     1     1     0    22     2    49    50
    32     1   114    38     2    29     1    46
    33     4    53    43     7    57     1    36
    34     2   148   141     6   121     2    46    48
    35     1    18    36     5     6     1    51
    36     1    25    70     2   124     1    41
    37     2    76    71     0    26     1    42
    38     1   140    25     5     9     1    51
    39     3   154   157     6   134     1    51
    40     9   160   104    12    43     3    41    42    43
    41     1    20    19     6    41     1    42
    42     6   114    67     1   121     1    46
    43     1    13    43     5     3     1    51
    44     8    59   103     8    22     2    45    47
    45     2    32   122     7    70     1    49
    46     8   153   103     6   121     2    47    48
    47     5    19    13     0     9     1    50
    48     9    32    38     6    20     2    49    50
    49     2    45    72     4    28     1    51
    50     7    45    98     4    28     1    51
    51     0     0     0     0     0     0
--------------------------------------------------------------------------------
INFORMATION OF PROJECT 4:
#jobs  release  duedate
    52     0   131
#local resources
     2
R_L1   R_L2   
   173   170
jobnr.  dur.  r_G1  r_G2  r_L1  r_L2  #succ.  successors
     0     0     0     0     0     0     7     1     8    16    20    22    23    44
     1     5    12   143   173   170     1     2
     2     8    12   143   173   170     2     3    25
     3     4    12   143   173   170     1     4
     4     1    12   143   173   170     2     5    25
     5     1    11   103   106    39     5     6    19    32    39    45
     6     4     0   100    13    66     2     7    33
     7     1    12   143   173   170     3     9    30    43
     8     9     7    19   148   100     4     9    27    30    45
     9     1    11   103   106    39     3    10    28    29
    10     3     6    45    62    39     2    11    26
    11     4     9    19    59    53     3    12    21    31
    12     8     0    12    13    16     2    13    46
    13     1     6     3    46    47     3    14    18    31
    14     1     1    18    17    67     2    15    48
    15     8     4    73    31    14     1    17
    16    10     1    40    67   131     1    39
    17    10     0     3     0     9     1    51
    18     9     3    36     6     0     1    51
    19     2     3    73     2     9     2    42    43
    20     8     5    89    59    83     1    42
    21     6     1    50    97    98     2    24    32
    22     9     7   112   128    63     1    51
    23    10     3    98   111   117     4    27    37    39    40
    24     8     5     4    12     9     1    48
    25     4     6    67   142   152     2    34    42
    26     6     1     0     0     4     4    28    31    35    37
    27     6    12   143   173   170     1    51
    28     5     1     1    13    40     1    32
    29     7     2    41     6    38     1    51
    30     1     8    68    41    49     2    38    42
    31    10     0    22     1     1     2    49    50
    32     1     2    29   114    29     1    46
    33     4     7    57    53    43     2    36    38
    34     4     6   121   148   141     1    51
    35     1     5     6    18     6     1    51
    36     1     2   124    25    70     1    41
    37     2     1    26    76    71     1    42
    38     1     5     9   109     9     1    51
    39     9    11   134   154   157     1    51
    40     8    12    43   160   104     3    41    42    43
    41     2     6    41    28    66     1    42
    42     6     1   115   114    67     1    46
    43     1     5     3    13    37     1    51
    44     9     8    28    59   103     2    45    48
    45     2     7    70    44   102     1    49
    46     8     7   121   155   103     2    47    48
    47     6     0     9    19    13     1    50
    48    10     6    20    44    38     2    49    50
    49     2     4    28    45    72     1    51
    50     7     4    28    45    98     1    51
    51     0     0     0     0     0     0
--------------------------------------------------------------------------------
INFORMATION OF PROJECT 5:
#jobs  release  duedate
    52     0   107
#local resources
     2
R_L1   R_L2   
    14    22
jobnr.  dur.  r_G1  r_G2  r_L1  r_L2  #succ.  successors
     0     0     0     0     0     0    10     1     4     5    10    12    17    22    25    35    48
     1     2     4     6     2    13     5     2    24    40    42    46
     2     2     3    22    14    14     5     3    11    37    40    47
     3     8    11    21     8    12     6     6    16    23    33    34    42
     4     2     0    10     6    10     3     9    40    41
     5    10     7    15     8     4     8     7    13    20    27    29    33    36    41
     6     4    10    20    13    10     4     9    11    30    44
     7     7     8    16     8     9     6     8    14    20    30    36    38
     8     2    10    16     3     0     6    18    28    31    32    33    43
     9     1     4     9     5     5     5    13    28    29    31    34
    10     2     0     7     0     0     5    11    13    19    27    30
    11     1     3     0     5     5     2    18    27
    12     4     9    10     0     0     5    26    27    32    44    47
    13     2     9    16     1     2     3    15    28    43
    14     3     0     8     6     0     4    20    32    33    44
    15     8     2     7     0     5     1    18
    16     3     7     0     6     0     1    45
    17     4     8    17     1     4     3    27    33    34
    18     3     8     9     0     6     3    19    21    39
    19     6     4    23     8     2     2    26    41
    20     1    10     9     3    15     2    27    44
    21     5     5     5     2    11     1    51
    22     9     1    31     3     3     1    39
    23     2     0     0     2    13     1    40
    24     6     3     5     0     0     1    51
    25     5     9    18     4     0     2    39    42
    26     9     6    13     0     8     1    51
    27    10     0     0     4     6     1    51
    28     4     7    11     9     9     1    51
    29     1    11     1     2     2     1    32
    30     6     0    14     1     7     1    51
    31     8     1     0     3     8     2    39    43
    32     2    10     2     0     8     1    38
    33     2    13     8     6     0     1    45
    34     7    13     6     4     8     1    43
    35     9     8    22     3    11     1    39
    36     3     8     3     0     8     1    51
    37     4     8    20    12     7     1    45
    38     8     4    11     9     4     2    45    49
    39     3     3     7    10     1     1    51
    40     5     0     7     1    10     1    44
    41    10     2     0     7     0     1    51
    42     2     4     0     0     2     1    45
    43     2     6     4     0    14     2    49    50
    44     3     7    13     8     0     1    45
    45     2     9     1     1     5     2    49    50
    46     2    10    17     6    10     1    51
    47    10     0     4     1     6     1    51
    48     2     8     9     6     9     2    49    50
    49    10     2     1     0     9     1    51
    50    10     0     9     8     6     1    51
    51     0     0     0     0     0     0
--------------------------------------------------------------------------------
INFORMATION OF PROJECT 6:
#jobs  release  duedate
    52     0   147
#local resources
     2
R_L1   R_L2   
   120    39
jobnr.  dur.  r_G1  r_G2  r_L1  r_L2  #succ.  successors
     0     0     0     0     0     0    11     1    11    14    26    29    32    36    37    39    44    46
     1     3    17    12   120    39     4     2    19    40    41
     2     4    17    12   120    39     2     3    18
     3     5    17    12   120    39     1     4
     4     4    17    12   120    39     1     5
     5     3    11     2    75    19     3     6    33    34
     6     3     5     2    72    19     2     7    31
     7     1    17    12   120    39     2     8    31
     8     3    17    12   120    39     4     9    16    25    34
     9     1    17    12   120    39     3    10    20    47
    10     1     5     0     9     2     2    12    23
    11    10     4     7    30    20     3    23    24    27
    12     2    17    12   120    39     3    13    22    42
    13     4     8     6     3     4     4    15    27    28    30
    14    10     9     0   108    29     1    51
    15     1     5    10    33    24     2    17    38
    16     3     6     0    20     6     3    28    41    45
    17     3    12    11    48    24     3    21    33    48
    18     1    12     7   111    33     5    21    23    33    41    49
    19    10     5     7   111    29     2    31    40
    20     2    12     4    20    18     1    51
    21    10     5     1    33     6     1    51
    22    10     3     0    54     9     1    51
    23     7    12     2     7     6     1    51
    24     5     5     6   111    33     1    45
    25     6     9     9    24    18     1    51
    26     5    12     7    57    24     1    33
    27     1     0    11     3     0     2    33    40
    28     1    17    12   120    39     2    35    40
    29     8    12     1   104    30     1    51
    30     1     8     0     9    10     2    38    49
    31     1     8     0    90    18     1    35
    32     4    12     5    48    20     1    40
    33     9     4     6    20     3     1    51
    34     2     8     4    33    27     1    51
    35    10     5     0    63     9     1    51
    36     4     2     9    21    18     1    45
    37    10     6    10    45    14     1    47
    38     4     9     6    57    12     1    41
    39    10     8     6    29    20     2    42    43
    40     7    10     2    45    12     1    43
    41     1     5     0    97    21     1    51
    42     9    12     7    87    33     3    45    49    50
    43     7     4    10     3    10     1    51
    44    10     5     5    67    24     2    45    50
    45     6     0     1     9     6     1    51
    46    10     4    10    45    14     1    48
    47     7     0     6    21    17     1    48
    48     4     0     5     4     3     1    51
    49     6     0     8    16     9     1    51
    50     4     5     2    87    11     1    51
    51     0     0     0     0     0     0
--------------------------------------------------------------------------------
INFORMATION OF PROJECT 7:
#jobs  release  duedate
    52     0   155
#local resources
     2
R_L1   R_L2   
    10    10
jobnr.  dur.  r_G1  r_G2  r_L1  r_L2  #succ.  successors
     0     0     0     0     0     0     9     1    29    30    31    34    35    37    43    48
     1    10     5     8     3     0     3     2    28    42
     2     4    15     9     0     2     4     3    25    26    27
     3    10     3     8    10     2     3     4    24    49
     4     6     6     5    10     2     4     5    22    23    32
     5     6     5     9     2    10     2     6    21
     6     6     7     5     1     7     3     7    20    47
     7     9    11     2     0     2     3     8    18    19
     8    10     8     4     6     6     2     9    17
     9     5     3     2     1    10     4    10    16    20    44
    10    10     0     5     0     4     1    11
    11     9     7    11     0     4     2    12    19
    12     9     8     8     2     9     1    13
    13     5     0     1    10     4     4    14    32    33    36
    14     9     0     2     6     3     1    15
    15     2     4     0     1     0     1    51
    16     7     0     1     3     2     1    32
    17    10    10     4     0     7     1    40
    18     9     6     0     0     5     1    22
    19     4     0     3     0     7     2    36    50
    20     6     7     0     0     6     1    33
    21     7     0     4     0     4     1    51
    22     9     0     7     4     0     1    51
    23     6     8     5    10     1     1    46
    24     7     0     2     0     7     1    51
    25     9    11     4    10     2     1    51
    26     6     1     0     8     0     1    38
    27    10     7    10     0     0     1    39
    28    10    10     0     5     0     1    40
    29     7     0     3    10     8     1    41
    30     3     5     5     7     0     1    51
    31    10     8    13     0     0     1    41
    32     7     4     8     0     4     1    51
    33     8     0    11     3     0     1    51
    34     7     1     7     9     6     1    47
    35     6     4     0     7     4     1    45
    36     8     3     0     4     1     1    51
    37     9     5     7     0     7     1    51
    38    10    11     1     0     4     1    51
    39     4     7     0     0     6     1    51
    40     5     8     7     7     0     1    51
    41     7     4     0     0     6     1    51
    42     9     2     6     0     0     1    51
    43     8     0     6     9     3     1    46
    44     8     8     6     0     0     1    46
    45     3     5     0     0     1     1    51
    46     3     2     8     6     6     1    49
    47     7     0     0     6     5     1    51
    48     3     8    13     3     0     1    51
    49     6     1     0     3     6     1    51
    50     2     9     1     0     0     1    51
    51     0     0     0     0     0     0
--------------------------------------------------------------------------------
INFORMATION OF PROJECT 8:
#jobs  release  duedate
    52     0   126
#local resources
     2
R_L1   R_L2   
   119   151
jobnr.  dur.  r_G1  r_G2  r_L1  r_L2  #succ.  successors
     0     0     0     0     0     0     6     1     3    12    18    25    49
     1     3    13   110   107   133     4     2     6    43    47
     2     7    13   110   107   133     2     4    40
     3     1     5     5    12    18     3     4     6    48
     4     1     6    16    28    59     1     5
     5     5    18   115   119   151     2     7    16
     6    10    15   103    94   105     1    38
     7     4    18   115   119   151     1     8
     8     1    11    16    28    59     2     9    14
     9     2     6    51    37    12     3    10    35    38
    10     9    11    16    28    59     4    11    34    37    41
    11     1    18    83    65    88     1    13
    12    10     7    99    91    92     7    15    21    22    23    29    31    41
    13     3     8    73    95   124     3    15    28    43
    14    10     0     1     9     6     4    17    26    33    36
    15     2    14    51    45    12     3    17    22    26
    16     2     0    52     5     6     1    37
    17     6    13    85    94   100     1    19
    18     5     7    42    87   124     1    24
    19     8    12    49    11    18     3    20    27    30
    20     5     2    21     8     7     1    48
    21    10     8    89   107   143     1    51
    22     2     0     1     9     6     1    30
    23     5    12    93    91    92     4    26    28    37    38
    24     5    16    84    56   129     5    26    32    33    38    40
    25    10     4    63    65   133     4    32    40    45    50
    26     2    10     4     2    32     3    31    39    41
    27     2     5     5    11    66     2    36    50
    28     7     2    30    54    16     2    30    33
    29    10    12    54    47    22     2    38    46
    30     5    11    43    32    18     1    43
    31     4     9    16    10    41     1    46
    32     1     5    86    21    58     1    51
    33     3     4    14    12     8     1    42
    34     3     8    47    37    53     2    36    45
    35     9     0    32    54    63     2    41    46
    36     3     9    45    10    27     1    51
    37     5    10    42    24    27     1    51
    38     1     6    75    47   112     1    47
    39     3    14    89   107   117     2    45    47
    40     1     0    13    96    49     1    48
    41     4     4    23     1    11     1    43
    42     5     3    11    16    40     4    44    46    47    50
    43     2     9    31    23    85     1    51
    44     7     1     4     1    34     1    47
    45     9    10     9     2     2     1    51
    46     2     2     0    43     7     1    51
    47     4     3    29     0    11     1    51
    48     2     6    18     2    52     1    51
    49     9     3    49    82   110     1    50
    50     6     4    26    12     8     1    51
    51     0     0     0     0     0     0
--------------------------------------------------------------------------------
INFORMATION OF PROJECT 9:
#jobs  release  duedate
    52     0   178
#local resources
     2
R_L1   R_L2   
   113   170
jobnr.  dur.  r_G1  r_G2  r_L1  r_L2  #succ.  successors
     0     0     0     0     0     0     6     1     8    16    18    23    40
     1     9   111   143   113   170     1     2
     2     7   111   143   113   170     1     3
     3     7   111   143   113   170     1     4
     4     3   111   143   113   170     2     5    35
     5     2    61   103    44    85     3     6    35    36
     6     1     3   125     0    19     2     7    33
     7     9   111   143   113   170     1     9
     8     2   108    18   113   151     1     9
     9     2    52   101    33    82    10    10    19    20    22    25    27    28    30    36    41
    10     9   111   143   113   170     4    11    24    25    39
    11     5   111   143   113   170     6    12    25    26    28    32    41
    12     7     5     8     4    15     1    13
    13     1    51    82    44    50     1    14
    14     2   111   143   113   170     3    15    31    48
    15     9    11    87    29    14     1    17
    16    10    50    40    69    85     3    28    38    50
    17     7     3     8     0     9     1    51
    18     4    64    77    73   100     1    50
    19     2    56    74    17    70     2    21    39
    20     9   106   127    86   155     2    29    35
    21     9   106   119    86   155     1    42
    22     9    78   124    67   131     1    50
    23     8    62   108    73   135     1    51
    24     1    48    63    29    37     2    42    46
    25     5   106   119    86   155     1    34
    26     1     2    50     0     4     1    44
    27     4   106   135   109   155     1    29
    28     6    50    56    33    81     3    37    42    45
    29     1    58    14    57   120     1    32
    30     2    47    11    40    70     1    38
    31     9     1    16    27     5     1    49
    32     3   106   135   109   155     1    42
    33     2    58    95    44    76     1    38
    34     4    62    93    73   135     1    51
    35     3   106    77    86   155     4    36    44    49    50
    36     2    28   124    24    27     1    45
    37     7    63    66    46   130     1    47
    38     1    83    19    89   143     1    39
    39     2   106   119    86   155     1    44
    40    10    59    42    80    88     3    43    44    50
    41     2     8    77    29     5     2    42    45
    42     4   108   127    86   161     1    46
    43    10   100    56    84   156     1    45
    44     2    60    56    69   120     1    46
    45     5   108   135   113   161     1    46
    46     5   108   135   113   161     2    47    48
    47     7    33    19    46    39     1    49
    48    10    47    21    40    35     1    51
    49    10    49    35    40    35     1    51
    50     3   111   143   113   170     1    51
    51     0     0     0     0     0     0
--------------------------------------------------------------------------------
INFORMATION OF PROJECT 10:
#jobs  release  duedate
    52     0   134
#local resources
     2
R_L1   R_L2   
   173    12
jobnr.  dur.  r_G1  r_G2  r_L1  r_L2  #succ.  successors
     0     0     0     0     0     0    14     1     8    16    19    20    22    23    26    28    30    34    40    44    45
     1     2   170   143   173    12     1     2
     2     1   170   143   173    12     1     3
     3     2   170   143   173    12     1     4
     4     2   170   143   173    12     1     5
     5     3   170   143   173    12     3     6    32    43
     6     3    66   125    25     1     2     7    33
     7     1   170   143   173    12     1     9
     8     7   100    18   148     9     3     9    31    38
     9     8   170   143   173    12     2    10    29
    10     4    60    42    62     7     2    11    25
    11     2    39    19    50     9     2    12    21
    12     6    16    12    10     3     2    13    50
    13     1    37     7    47     8     3    14    18    50
    14     2    67    18    31     0     1    15
    15    10    11    87    31     4     1    17
    16     7   152    56   142     4     1    46
    17     8     9    19     0     0     1    51
    18    10     0    36     3     3     1    51
    19     2     9    27    12     1     1    25
    20     8    85   101    87     4     2    36    37
    21     7    95    53    65     2     2    24    46
    22     8    74   112   128     9     1    43
    23     7   110    66   111     2     7    27    31    33    36    37    39    43
    24     8     9     4    12     4     2    35    48
    25     6   152    56   142     8     2    37    42
    26     1    47     0    20     2     3    36    37    46
    27     3   170   143   173    12     1    47
    28     2    21    26    10     0     3    37    41    47
    29     5    38    41    16     2     2    31    49
    30    10   161    88   170     9     1    50
    31     4    28    35    27     0     1    50
    32     2    37    37    86     4     2    35    46
    33     5    66    60    96     9     1    36
    34     8   139    98   142     6     1    49
    35     4    53     6    12     4     1    51
    36     1    70   124    25     3     1    41
    37     2    64    48    48     3     1    46
    38     1    74    98   123     9     1    49
    39     7   170   143   173    12     1    42
    40     1   104    18   147    10     1    51
    41     1    68     8    38     4     1    42
    42     5    68   121   114     0     1    46
    43     2    14    99    16     1     1    51
    44    10   102    18    59    11     2    47    48
    45     7   159    56   142     8     1    46
    46    10   108   118   161     8     2    47    48
    47     3    15     9    19     3     2    49    50
    48     8    31    15    31     6     1    50
    49     1    60    13   103     6     1    51
    50     7    87    12    45     3     1    51
    51     0     0     0     0     0     0
--------------------------------------------------------------------------------
INFORMATION OF PROJECT 11:
#jobs  release  duedate
    52     0    95
#local resources
     2
R_L1   R_L2   
    15    18
jobnr.  dur.  r_G1  r_G2  r_L1  r_L2  #succ.  successors
     0     0     0     0     0     0    16     1    22    28    29    30    31    32    34    38    40    41    42    43    45    47    48
     1    10     3     0     3     0     1     2
     2     4     6     2    10     4     4     3    25    26    27
     3     1    12     3    11     5     2     4    24
     4     6     6     0     6     0     2     5    23
     5    10     1    11     6     0     2     6    21
     6     1     0     0     6     2     3     7    20    37
     7     8     0     2    10     8     4     8    18    19    49
     8     2     6     6     0     0     2     9    17
     9     4     7    11     0     0     2    10    16
    10     4     0     4     0     5     1    11
    11     3     0     4     7     0     1    12
    12     4     1     9    14     1     1    13
    13     5    12     4     0     0     1    14
    14     2     5     0     1     2     2    15    33
    15     4     2     0     9     0     1    51
    16     7     3     5     0     0     1    51
    17    10     0     7    10     7     1    51
    18     7     0     5     6     0     1    51
    19     6     5     6     0     3     1    49
    20     6     0     6     7     0     1    51
    21     7     0     4     0     5     1    37
    22     3     4     0     0     8     1    51
    23     6    11     0     8     0     1    51
    24    10     8     7     0     2     1    51
    25     5    10     0     0     4     1    51
    26     2     8     8     1     0     1    51
    27    10     0     0     7    10     1    51
    28    10     5     0    10     7     1    36
    29     9    10     8     2     3     2    35    49
    30     7     7     0     0     7     1    46
    31     7     0     0     8     4     1    51
    32     1     0     3     0     8     1    44
    33     2     3     3     0     8     1    51
    34     4     0     6     0     7     1    51
    35     6     7     4     2     0     1    50
    36     1     4     0     0     0     1    51
    37     8     0     0     5     7     1    39
    38    10     1     4     0     1     1    51
    39     4     0     6     7     0     1    51
    40     7     7     0     8     0     1    51
    41     1     7    10     4     0     1    51
    42     5     0     0     3     6     1    51
    43     8     0     3     0     6     1    51
    44     4     0     0     8     6     1    51
    45     6     0     1     5    11     1    51
    46     6     0     6     0     8     1    51
    47     7     6     5     0     0     1    51
    48     4     7     0     7     0     1    49
    49     1     3     0     1    12     1    51
    50     5     0     0     1     7     1    51
    51     0     0     0     0     0     0
--------------------------------------------------------------------------------
INFORMATION OF PROJECT 12:
#jobs  release  duedate
    52     0   151
#local resources
     2
R_L1   R_L2   
   173   170
jobnr.  dur.  r_G1  r_G2  r_L1  r_L2  #succ.  successors
     0     0     0     0     0     0    10     1     8    16    19    20    22    23    34    43    44
     1     4    12   143   173   170     2     2    36
     2     1    12   143   173   170     1     3
     3     8    12   143   173   170     2     4    41
     4     1    12   143   173   170     1     5
     5     1    12   143   173   170     2     6    41
     6     3     0   125    13    66     1     7
     7     2    12   143   173   170     1     9
     8     1    12    18   160   104     2     9    27
     9     7    12   143   173   170     2    10    29
    10     8     8    42    86    86     3    11    28    30
    11     9    10    19    62    51     4    12    21    25    26
    12     5     3    11     7    16     3    13    35    46
    13     1     7    19    61    32     2    14    18
    14     1     3    10    10    67     2    15    50
    15    10     4    59    24     2     1    17
    16    10     5    79   149   150     1    50
    17    10     0    19     0     9     1    51
    18    10     3    36     5     1     1    51
    19     4     2    81   156    90     5    26    30    36    37    47
    20     9     4   101    87    84     6    26    27    33    36    39    47
    21     6     3    52    66    73     2    24    46
    22    10     4   114   128    52     1    51
    23    10     2   124   111   100     5    35    38    39    40    45
    24     8     4     9    12     1     2    35    48
    25     5     7    64   149   103     3    32    37    42
    26     3     2    48     0     3     1    32
    27     8    12   143   173   170     1    51
    28    10     0    20    10    48     1    47
    29     9     0    21    16    65     1    31
    30     2     0     5     0     6     1    51
    31     3     2     3     6    64     1    50
    32     2     4    42    72    21     2    38    46
    33     5     8    64   101    52     1    36
    34    10     5   105   145    99     1    49
    35     2     5     4     1     0     1    51
    36     3     0   110   111    99     2    38    41
    37     3     3    55    56    85     1    46
    38     1     9    72   107    83     1    51
    39     9    12   143   173   170     1    50
    40     7    10    18   160   104     3    41    42    47
    41     1     9    67   107    35     1    42
    42     6     3   122   108    68     1    46
    43     1     8    21    45    97     1    51
    44    10     9    18    65   102     2    48    49
    45     7     7    79   149   121     1    46
    46     7     5    83   161    97     2    47    48
    47     6     1     9     0    13     1    49
    48     8     6    10    28    32     1    50
    49     2     2    29    45    61     1    51
    50     7     3    24    45    99     1    51
    51     0     0     0     0     0     0
--------------------------------------------------------------------------------
INFORMATION OF PROJECT 13:
#jobs  release  duedate
    52     0   143
#local resources
     2
R_L1   R_L2   
   173    12
jobnr.  dur.  r_G1  r_G2  r_L1  r_L2  #succ.  successors
     0     0     0     0     0     0    10     1     8    19    20    22    23    26    34    44    45
     1     3   170   143   173    12     2     2    40
     2     4   170   143   173    12     1     3
     3     9   170   143   173    12     1     4
     4     6   170   143   173    12     1     5
     5     6   170   143   173    12     3     6    32    35
     6     3    66   125    13     1     3     7    16    33
     7    10   170   143   173    12     4     9    27    38    43
     8     9   100    18   148     9     5     9    30    38    39    41
     9     1   168   140   173    12     2    10    29
    10     4    58    47    64    10     4    11    25    28    38
    11     3    49    19    52     9     2    12    21
    12     1    16    18    48     0     2    13    24
    13     1     3    16    39     8     2    14    18
    14     3    55    18    10     1     1    15
    15     7    11    70    21     4     1    17
    16     1    69     5    25     5     1    46
    17    10     9    19     0     0     1    51
    18     7     0    36     0     3     1    51
    19     4     9    27    12     1     1    36
    20     9   108   101   119     4     1    51
    21     6    72    50    80     4     2    24    46
    22     9    63   112   128     8     1    51
    23    10   110    93   109     1     4    27    32    37    40
    24     7     9     4    12     5     1    51
    25     1   152    61   152     8     3    35    37    42
    26     9     4    52     0     2     1    43
    27     5   168   140   173    12     1    51
    28     4    46    19    10     0     1    32
    29     3    38    29    14     0     3    31    35    42
    30     3     2     3     0     0     1    38
    31     7    51    22     0     0     1    32
    32     3    88    46    53     7     1    46
    33     5    21    57    53     7     1    36
    34     7   139    98    85     6     1    37
    35     4     6    10    40     0     1    50
    36     1    70   124    25     3     1    41
    37     1    50    26    24     5     1    51
    38     1    53    42    52     6     1    51
    39     7   168   140   173    12     1    51
    40     9   104    18   160     5     1    41
    41     2    82     9    45     4     1    42
    42     8    67   121   114     1     1    46
    43     1    16    23    24     3     1    51
    44     9   103    18    59    11     1    47
    45    10   159    73   152     7     2    47    50
    46     4   104   117   149     6     1    47
    47     5    13     1    30     1     2    48    49
    48     8    31    23    40     6     1    50
    49     3    56    12    45     4     1    51
    50     8    98    12    45     3     1    51
    51     0     0     0     0     0     0
--------------------------------------------------------------------------------
INFORMATION OF PROJECT 14:
#jobs  release  duedate
    52     0   135
#local resources
     2
R_L1   R_L2   
    18   151
jobnr.  dur.  r_G1  r_G2  r_L1  r_L2  #succ.  successors
     0     0     0     0     0     0     5     1     3    12    25    49
     1     1   110   110    16   145     5     2    18    21    43    47
     2    10   110   110    16   145     3     4     6    24
     3     1    17    52    10    18     3     6    18    23
     4     1    17    16     8    59     1     5
     5     2   119   115    18   151     4     7    16    41    48
     6     3   101   109    16   139     4     8    16    34    38
     7     4   119   115    18   151     4     8    14    16    38
     8     5    28    16    11    59     1     9
     9     9    90   110     8    99     2    10    35
    10     9    28    16    11    56     2    11    37
    11    10    94    83    13    68     3    13    31    32
    12    10    91    99     7    92     8    16    17    21    22    23    29    32    41
    13     1    89    73     8   124     2    15    28
    14    10     9     1     0     6     2    44    50
    15     3    45    47    14    12     1    17
    16     1    44    37     0    62     1    19
    17     5   110   110    15   145     2    19    33
    18     5    85    60     7   104     1    24
    19     8    16    49    12    16     5    20    27    30    44    45
    20     4    12    21     3     7     2    46    50
    21     2   107    89     5   143     1    51
    22     9     9     5     2     6     1    51
    23     8   107    89    13   143     5    26    27    28    37    46
    24     7    72    85    15   121     2    26    40
    25    10    65    63     1   133     1    51
    26     2    29     2    10     2     2    31    39
    27     4    13    30     5    65     1    36
    28     7    47    20     2    16     1    33
    29    10    41    62    12    10     1    38
    30     3    34    40    11    16     1    43
    31     4    12    32     9    21     1    51
    32     1    29    31     2    55     2    37    44
    33     3    10    29     0     9     1    42
    34     4    37    41     8    54     3    45    47    50
    35     9    25    32     0    83     2    46    50
    36     3    67    53     9    91     1    51
    37     5    30    42    10    27     1    43
    38     2   107    83     9   121     1    47
    39     3   107    86    11   119     1    45
    40     3    93    37     2    78     3    41    46    48
    41     2    47    23     6    13     1    51
    42     7    22    22     3    40     1    44
    43     2    29    35     4    81     1    51
    44     9     2    13     1    24     1    51
    45     9     3    16    10     2     1    51
    46     1    43    48     5    54     1    51
    47     4     0     3     3     2     1    51
    48     2    25     4     6    52     1    50
    49     9    84    49     3   111     1    50
    50     7    12    26     4     8     1    51
    51     0     0     0     0     0     0
--------------------------------------------------------------------------------
TRANSFER TIMES OF GLOBAL RESOURCE G1
 DEPOT    P1    P2    P3    P4    P5    P6    P7    P8    P9   P10   P11   P12   P13   P14
     0    27    28    19    19    21    16    14    18    17    23    27    20    22    17
    27     0    38    10     8    27    15    40    11    19    34    53    46    15    19
    28    38     0    38    34    12    37    28    37    21    50    34    31    25    20
    19    10    38     0     5    27     6    33     2    18    25    46    38    17    18
    19     8    34     5     0    23     9    33     6    14    29    46    39    12    14
    21    27    12    27    23     0    28    27    27    10    43    37    32    14     9
    16    15    37     6     9    28     0    29     4    18    20    42    34    20    19
    14    40    28    33    33    27    29     0    32    27    30    13     6    33    27
    18    11    37     2     6    27     4    32     0    17    24    45    37    17    18
    17    19    21    18    14    10    18    27    17     0    36    39    32     7     1
    23    34    50    25    29    43    20    30    24    36     0    40    33    39    36
    27    53    34    46    46    37    42    13    45    39    40     0     8    45    39
    20    46    31    38    39    32    34     6    37    32    33     8     0    39    33
    22    15    25    17    12    14    20    33    17     7    39    45    39     0     7
    17    19    20    18    14     9    19    27    18     1    36    39    33     7     0
--------------------------------------------------------------------------------
TRANSFER TIMES OF GLOBAL RESOURCE G2
 DEPOT    P1    P2    P3    P4    P5    P6    P7    P8    P9   P10   P11   P12   P13   P14
     0    18    26    10    19    14    20    15    18    10    17    22    30    25     8
    18     0    25    27     8    17     7    10    26    20    13    35    45    41    16
    26    25     0    29    33    36    32    17    43    17    36    22    35    35    31
    10    27    29     0    28    21    30    22    22    12    26    17    21    15    16
    19     8    33    28     0    12     3    17    21    24     7    39    48    43    14
    14    17    36    21    12     0    15    21     9    22     7    35    42    36     6
    20     7    32    30     3    15     0    16    23    24     9    39    49    44    15
    15    10    17    22    17    21    16     0    28    12    20    26    38    34    17
    18    26    43    22    21     9    23    28     0    27    15    38    42    35    12
    10    20    17    12    24    22    24    12    27     0    24    15    26    23    17
    17    13    36    26     7     7     9    20    15    24     0    38    46    40    10
    22    35    22    17    39    35    39    26    38    15    38     0    14    14    30
    30    45    35    21    48    42    49    38    42    26    46    14     0     8    37
    25    41    35    15    43    36    44    34    35    23    40    14     8     0    31
     8    16    31    16    14     6    15    17    12    17    10    30    37    31     0
--------------------------------------------------------------------------------
Additional Information: 
global resource strength = 0.5
transfer time factor = 0.5
adapted from RCPSP instances: 
[sD164, sD138, sD310, sD334, sD226, sD216, sD117, sD234, sD349, sD309, sD94, sD374, sD319, sD283]
