--------------------------------------------------------------------------------
PORTFOLIO INFORMATION:
#projects
    14
#global resources
     2
R_G1   R_G2   
   324   476
--------------------------------------------------------------------------------
INFORMATION OF PROJECT 1:
#jobs  release  duedate
    52     0   112
#local resources
     2
R_L1   R_L2   
    14    32
jobnr.  dur.  r_G1  r_G2  r_L1  r_L2  #succ.  successors
     0     0     0     0     0     0    10     1     4     5    10    12    17    22    25    35    48
     1     2     4    13     4     6     6     2    24    40    42    46    47
     2     2    13    12     2    20     5     3    37    40    46    47
     3     8     8     6    11    21     4     6    16    33    34
     4     2     5    10     0    16     4     9    24    40    41
     5     8     1     4     7     6     8     7    13    20    27    29    33    36    41
     6     5     7    11    11    20     6     9    11    29    30    42    44
     7     2     8     9     8    15     7     8    14    20    30    31    36    38
     8     2     3     0    10    16     6    18    28    31    32    33    43
     9     1     3     1     4     9     3    13    28    31
    10     2     0     0     0     7     4    11    13    19    30
    11     1     5     5     3     0     2    18    27
    12     4     0     0     9    10     4    20    26    32    47
    13     2     1     2     9    16     1    15
    14     7     6     0     0     8     3    32    33    44
    15     9     0     5     2     5     1    18
    16     3     8     0     7     3     1    51
    17     4     0     4     8    18     3    27    33    34
    18     3     0     6     8    10     3    19    21    39
    19     5     8     2     4    23     2    26    41
    20     1     1    10     6     3     1    51
    21     5     2    11     6     5     1    51
    22     9     3     6     1    31     2    23    39
    23     2     6    11     0     0     1    51
    24     1     0     0     3     6     1    51
    25     5     4     0     9    18     2    27    42
    26     9     0     8     6    14     1    51
    27    10     4     6     0     0     1    51
    28     6     9     9     7    18     1    51
    29     1     2     2    11     0     1    32
    30     4     1     7     0    14     1    45
    31     5     3     8     1     0     2    39    43
    32     2     0     8    10    25     2    33    38
    33     2     3     0    12     5     1    45
    34     8     1     8    13     6     1    43
    35     9     3    13     8    22     1    39
    36     4     0     8     9     4     1    51
    37     8    12     7     8     7     1    51
    38     8     9     4     4    11     2    45    49
    39     3    11     3     3     7     1    51
    40     6     1    10     0     4     2    44    45
    41    10     7     0     2     0     1    51
    42     2     0     2     4     0     1    45
    43     2     0    14     6     4     2    49    50
    44     3     8     0     7    12     1    45
    45     2     1     8     9     1     2    49    50
    46     2     6    10    10    24     1    51
    47    10     1     6     0     4     1    51
    48    10     6     9     8     4     2    49    50
    49    10     0     9     2     1     1    51
    50    10     9     7     0    10     1    51
    51     0     0     0     0     0     0
--------------------------------------------------------------------------------
INFORMATION OF PROJECT 2:
#jobs  release  duedate
    52     0    72
#local resources
     2
R_L1   R_L2   
    16    17
jobnr.  dur.  r_G1  r_G2  r_L1  r_L2  #succ.  successors
     0     0     0     0     0     0    11     1     2     3     4     5     6    12    14    15    23    28
     1     6     4     0     3     0     8     7    10    16    18    20    24    25    37
     2     2     0     5     0     1     7    11    13    16    20    22    35    48
     3     6     0    10     2     0     7    11    16    20    24    25    36    37
     4     3     4     0     0     4     3     9    24    25
     5     7     0     5     8     0     6    11    19    20    35    36    48
     6     5     9     0     5     0     6    16    17    22    25    34    36
     7     3     0    10     8     0     2     8    36
     8     1     0     8     4     0     2     9    27
     9     5    10     0     9     0     3    11    22    34
    10     6     8     4     0     0     6    17    33    38    43    48    49
    11     4     6     0     0     4     5    17    31    33    49    50
    12     9     0     0     9     3     3    17    19    36
    13     3     0     7     2     0     7    21    27    32    36    37    39    46
    14    10     1     6     0     0     9    26    32    33    37    38    41    43    45    46
    15     2     7     0     9     0     7    25    31    34    37    41    44    46
    16     9     6     0     0     9     4    19    41    45    46
    17     7     7     0     9     0     5    21    32    41    44    46
    18    10     0     0     6     4     7    31    40    41    42    44    45    48
    19     3     0     0     4     6     3    26    31    42
    20     1     3     0    10     0     5    30    34    43    45    47
    21     9     0     0    10     7     4    29    42    45    47
    22     3     8     0     0     9     4    30    44    47    50
    23     3     0     0     1     2     4    30    33    35    41
    24     1     0     0     1     4     2    27    46
    25     6     0     7     0     8     3    35    48    49
    26     8     8     0     0     8     2    29    44
    27     6     7     0     0     8     3    40    41    42
    28     6     0     6     5     0     2    41    48
    29     5     7     0     0    10     1    30
    30     9     0     0     3     5     1    40
    31     1     6     0     0     4     1    43
    32     8     0     4     0     2     1    40
    33    10     0     2     0     8     1    40
    34     2     3     5     0     0     1    40
    35     8     0     5     0     4     1    40
    36     2     6     0     0     9     1    43
    37    10     0     3     0    10     1    42
    38     1     5     0     9     0     1    40
    39     4     0     7     9     0     1    41
    40     6     0     2     0     8     1    51
    41     6     0     6     0     4     1    51
    42    10     8     3     0     0     1    51
    43     6     0     5     6     0     1    51
    44     3     5     0     6     0     1    51
    45     7     0     5     0     6     1    51
    46     9     0     4     7     0     1    51
    47     7     0     0     6     2     1    51
    48     7     8     3     0     0     1    51
    49     3     9     0     0     3     1    51
    50     1     4     0     0     2     1    51
    51     0     0     0     0     0     0
--------------------------------------------------------------------------------
INFORMATION OF PROJECT 3:
#jobs  release  duedate
    52     0    65
#local resources
     2
R_L1   R_L2   
    17    15
jobnr.  dur.  r_G1  r_G2  r_L1  r_L2  #succ.  successors
     0     0     0     0     0     0    14     1     4     5     8     9    10    12    44    45    46    47    48    49    50
     1     2     0     9    10     0     6     2    18    34    39    40    42
     2     4    10    10     0     0     3     3    22    35
     3     7     5     0     6     0     2     6    37
     4     3     4     0     1     0    13    13    21    24    27    28    29    30    31    32    33    34    35    38
     5     8     2     0     0     7     9    11    14    16    22    28    30    31    34    41
     6     7     8     9     0     0     5     7    15    21    27    31
     7     6     6     0     5     0     6    11    25    28    30    32    33
     8     1     6     0     0     4     9    19    24    25    26    28    29    30    37    40
     9     3     3     0     2     0     6    16    17    27    28    35    39
    10     5     2     0     0     6     7    17    21    24    27    28    36    43
    11     5     0     9     0     2     3    13    24    29
    12     1     0     0     2     2     4    23    24    26    34
    13     6     0     0    10     6     2    19    26
    14     6     5     7     0     0     2    19    27
    15     1     3     0     8     0     2    23    24
    16     9     0     2     1     0     2    24    36
    17     1     0     0     6     3     2    23    25
    18     8     0     8     9     0     2    31    38
    19     7     0     8     0     2     1    20
    20     5     0     7     0     3     1    23
    21     6     8     4     0     0     1    25
    22    10     5     0     8     0     1    27
    23     5     0     3     0     5     1    51
    24    10     8     5     0     0     1    51
    25     7     5     0     0     6     1    51
    26     5     0     6     7     0     1    51
    27     6     0     5     1     0     1    51
    28     8     0     4     0     4     1    51
    29     4     3     0     0     6     1    51
    30     8     9     0     3     0     1    51
    31     7     0     3     0    10     1    51
    32     2     0     0     3     8     1    51
    33     4     0     0     3     2     1    51
    34     7     7     0     0     4     1    51
    35     5     7     9     0     0     1    51
    36    10     3     0     0     5     1    51
    37     3     0     0     9     5     1    51
    38     9     0     4     1     0     1    51
    39     5     2     0     0     7     1    51
    40     3     6     0     6     0     1    51
    41     7    10     0     0     1     1    51
    42     7     0     3     8     0     1    51
    43     9     5     0     9     0     1    51
    44     3     0     4     2     0     1    51
    45     1     5     0     0     8     1    51
    46     8     7     0     1     0     1    51
    47     7     0     0     3     3     1    51
    48     4     0     0     1     9     1    51
    49     9     0     5     6     0     1    51
    50    10     8     0     2     0     1    51
    51     0     0     0     0     0     0
--------------------------------------------------------------------------------
INFORMATION OF PROJECT 4:
#jobs  release  duedate
    52     0   173
#local resources
     2
R_L1   R_L2   
    18    12
jobnr.  dur.  r_G1  r_G2  r_L1  r_L2  #succ.  successors
     0     0     0     0     0     0    10     1    11    18    29    32    36    37    39    44    46
     1     4   120    42    18    12     4     2    14    19    41
     2     2   120    42    18    12     1     3
     3     6   120    42    18    12     1     4
     4     7   120    42    18    12     1     5
     5     3    76    20    11     2     3     6    33    34
     6     2    72    19     6     2     1     7
     7     6   120    42    18    12     1     8
     8    10   120    42    18    12     3     9    16    25
     9     1   120    42    18    12     4    10    20    26    47
    10     1     9     4     5     0     2    12    23
    11    10    30    22     7    10     5    21    22    23    24    27
    12    10   120    42    18    12     3    13    22    42
    13     4     3     7     8     6     4    15    27    28    30
    14    10   108    29    10     0     2    38    50
    15     1    37    29    12    10     2    17    38
    16     3    46    14    11     0     3    28    41    45
    17     3    57    26    12    11     5    21    33    41    43    48
    18     1   111    36    13     7     6    21    23    33    40    41    49
    19    10   111    32     6     7     2    31    40
    20     2    24    18    10     4     1    51
    21    10    33     6     6     1     1    51
    22    10    54    13     0     0     1    51
    23     9     7     9    12     3     1    51
    24     5   111    33     6     6     1    45
    25     7    30    19    10    10     1    51
    26     5    57    26    12     7     2    33    41
    27     1     3     3     1    11     1    40
    28     5   120    42    18    12     2    35    40
    29     8   104    33    13     1     1    51
    30     1     7    10     6     0     1    51
    31     1    90    21     8     0     1    35
    32     3    48    23    12    10     3    40    41    48
    33     9    20     5     4     6     1    51
    34     2    37    27     8     3     1    51
    35    10    63     9     5     1     1    51
    36     4    21    18     1     9     2    45    47
    37    10    44    19     6    10     1    47
    38     4    57    15    10     7     1    41
    39    10    30    21     8     6     4    41    42    43    48
    40    10    46    14    11     2     1    43
    41     1    99    24    13     0     1    51
    42     4    87    32    12     7     3    45    49    50
    43     9     3    13     6     9     1    51
    44    10    67    26     6     5     4    45    48    49    50
    45     7     9     6     0     1     1    51
    46    10    44    19     6    10     2    48    50
    47     8    21    17     5     6     1    48
    48     4     4     3     1     5     1    51
    49     6    16     9     0     8     1    51
    50     4    83    10     0     2     1    51
    51     0     0     0     0     0     0
--------------------------------------------------------------------------------
INFORMATION OF PROJECT 5:
#jobs  release  duedate
    52     0   167
#local resources
     2
R_L1   R_L2   
   170    12
jobnr.  dur.  r_G1  r_G2  r_L1  r_L2  #succ.  successors
     0     0     0     0     0     0    10     1     8    16    19    20    22    23    27    34    44
     1     6   173   143   170    12     2     2    45
     2     4   173   143   170    12     1     3
     3     4   173   143   170    12     2     4    40
     4     4   173   143   170    12     1     5
     5     9   173   143   170    12     1     6
     6     3    25   125    68     1     2     7    33
     7     7   173   143   170    12     1     9
     8     9   148    18   100    11     4     9    30    40    41
     9     3   173   143   170    12     3    10    28    29
    10     4    72    42    82     5     2    11    25
    11     5    72    19    84     9     3    12    21    42
    12     5    12    12    16     1     2    13    50
    13     1    41     7    34     8     2    14    18
    14     4    29    23    67     2     1    15
    15    10    31    87    18     4     1    17
    16     9    91    56   102     8     1    26
    17     5     0    14     9     0     1    51
    18    10     3    36     0     3     1    51
    19     1    25    27    70     1     3    24    35    40
    20     5   101   101    88     3     1    51
    21     6    69    53    98     2     2    24    46
    22    10   142   115    69    10     1    32
    23    10   101    96    86     3     4    28    39    42    43
    24     9    12     4     9     3     2    35    48
    25     5   142    56   152     8     2    37    42
    26     6   161   139   161     9     1    51
    27     1   173   143   170    12     2    38    47
    28     4    12     1    47     2     2    35    48
    29     5    24    39    38     2     3    31    35    42
    30     8   170    93   161     9     1    50
    31     7     0    35    21     1     1    51
    32     1   101    40    63     0     1    51
    33     6    72    58    63     8     2    35    36
    34     8   142    89   135     6     1    49
    35     2    17     6    53     3     1    51
    36     1    25   124    70     1     1    41
    37     3    82    80    64     3     1    46
    38     1   113    98    50     6     1    48
    39     9   173   143   170    12     1    51
    40     7   161   129   154    11     1    42
    41     1    60     9    68     7     1    42
    42     5   110   120    68     1     1    46
    43     6   101    99    50     4     1    46
    44    10    63    18   102    11     2    47    48
    45     6   149    72   123     8     1    46
    46     7   156   125   117     9     2    47    48
    47     4    19     9    15     0     2    49    50
    48     7    31    12    35     6     1    50
    49     6    47    21    11     4     1    51
    50     7    22    14    92     2     1    51
    51     0     0     0     0     0     0
--------------------------------------------------------------------------------
INFORMATION OF PROJECT 6:
#jobs  release  duedate
    52     0   137
#local resources
     2
R_L1   R_L2   
   112    11
jobnr.  dur.  r_G1  r_G2  r_L1  r_L2  #succ.  successors
     0     0     0     0     0     0    12     1    11    16    18    20    26    29    31    36    39    42    49
     1     5    14    14   112    11     7     2    14    19    38    40    41    43
     2     3    11    14   100     6     2     3    22
     3     8    11    11    77     6     1     4
     4     4    11    14   109    11     2     5    35
     5     2     7     4    47     6     4     6    32    33    34
     6     9     2     0     9     0     2     7    30
     7     6     5     5    18     0     1     8
     8     5     0     1    39     8     3     9    25    28
     9     6     4    10    47     1     1    10
    10     3     3     0    12     0     3    12    14    23
    11     6    13    10    99     3     2    27    37
    12     6     5     3    42     7     2    13    35
    13     1     7     0     2     0     2    15    33
    14     4     0    11    13     1     1    51
    15     7     4     0     2     3     2    17    24
    16     9     3     8   103    11     2    17    23
    17    10     3     6     9     0     1    21
    18     9    11     7    50     2     1    48
    19     2     1    14    97    11     1    51
    20    10    12     3    63     5     1    51
    21     3     0     4    22     6     1    51
    22     1     0     6    29     8     1    51
    23     6     6     0     2     0     1    51
    24     6     0     4     9     3     1    51
    25     5     4     3     0     0     1    51
    26     6     0     0     9     5     1    51
    27     3     3     0     3     0     1    35
    28     2     1     0     0     3     1    48
    29     6     8     7    94     8     1    45
    30    10     8     5    25     0     1    51
    31     5     9    10    71     6     1    51
    32     9     9     1    30     4     1    51
    33     9     2     1     0     6     1    51
    34     2     0     3    44     0     2    43    47
    35     3     1    13    48     7     1    46
    36     8     0    10    75     7     1    51
    37     4     0    10    40     5     1    48
    38     6     3     0    62     2     1    51
    39     9    12     6    71     2     1    43
    40     1     7     1    24     4     3    44    47    50
    41     9     9     7    94     8     1    46
    42    10     6    10    38     0     3    43    47    50
    43     3     3     3     0     0     1    48
    44     9     0     9    75    11     1    51
    45     3     0     9    70     4     2    47    50
    46     3    12     4    37     0     1    48
    47     6     0     8    45     3     1    48
    48     4     2     5    49     3     1    51
    49     6     0     3    13     5     1    51
    50     5     0     3    32     5     1    51
    51     0     0     0     0     0     0
--------------------------------------------------------------------------------
INFORMATION OF PROJECT 7:
#jobs  release  duedate
    52     0   163
#local resources
     2
R_L1   R_L2   
   120    21
jobnr.  dur.  r_G1  r_G2  r_L1  r_L2  #succ.  successors
     0     0     0     0     0     0    10     1    11    14    26    27    29    37    39    44    46
     1     7    12    12   120    21     6     2    19    36    40    41    43
     2     7    12    12   120    21     1     3
     3     2    12    12   120    21     1     4
     4     8    12    12   120    21     2     5    35
     5     3     7     2    84    14     6     6    18    32    33    34    50
     6     4     3     2    69    10     2     7    31
     7     1    12    12   120    21     1     8
     8     5     4     9   110    21     3     9    16    25
     9     9    12    12   120    21     3    10    20    47
    10     1     4     2     0     0     2    12    23
    11    10     1    10    30     5     5    21    22    23    24    38
    12     8    12    10   116    21     2    13    22
    13     5     8     0     8     1     3    15    28    30
    14     4     4     1   108    14     1    21
    15     6     1     9    30    11     2    17    38
    16     3     1     3   114    11     1    45
    17     3     9     6    41     1     2    21    33
    18     2     0     6    96    10     5    21    31    41    43    49
    19     4     2    11    30    15     3    28    40    50
    20     1    10     0    12     0     1    51
    21     9     5     1    33     6     1    51
    22     5     0     0    92    20     1    51
    23     7    11     2     6     1     1    51
    24     3     0     3   104    20     1    51
    25     7     4     9    24     1     1    51
    26     6     8    10   110    14     1    51
    27     1     3     5    65     0     1    33
    28     5    12    10   116    21     2    35    40
    29    10     8     3   107    21     1    30
    30     3     0     0     6    10     1    51
    31     2     7     0    90     6     1    51
    32     8     9     4    51     6     1    41
    33    10     2     6    13     0     1    51
    34     6     8     3    10     0     2    48    50
    35     9     3     1     9     7     1    51
    36     1     1     7    51    11     1    45
    37     8     1    10    36     7     2    40    49
    38     1     9    10   110    11     1    43
    39     9     8     6    24    11     3    41    42    48
    40    10     8     2    69     6     2    43    45
    41     1     0     0     6    13     1    51
    42     9     7     9    87     8     3    45    49    50
    43     2     1     9     6     0     1    51
    44     8     0     6    79    20     1    45
    45     3     0     1    10     6     1    51
    46     9     5    10    36     7     1    48
    47     6     0     6    24     5     3    48    49    50
    48     9     0     2     4     0     1    51
    49     8     0     5    16     8     1    51
    50     5     0     2    87     0     1    51
    51     0     0     0     0     0     0
--------------------------------------------------------------------------------
INFORMATION OF PROJECT 8:
#jobs  release  duedate
    52     0   140
#local resources
     2
R_L1   R_L2   
   173   170
jobnr.  dur.  r_G1  r_G2  r_L1  r_L2  #succ.  successors
     0     0     0     0     0     0    10     1     8    19    20    22    23    30    34    40    44
     1     2    12   143   173   170     2     2    16
     2     1    12   143   173   170     1     3
     3     7    12   143   173   170     3     4    26    42
     4     1    12   143   173   170     2     5    45
     5     5    12   143   173   170     3     6    32    43
     6     3     1   125    25    66     2     7    33
     7     1    12   143   173   170     1     9
     8     7     9    18   148   100     3     9    31    38
     9     8    12   143   173   170     2    10    29
    10     4     7    42    62    60     3    11    25    28
    11     2     9    19    50    39     3    12    21    31
    12     6     3    12    10    16     2    13    50
    13     1     8     7    37    37     2    14    18
    14     2     0    18    31    67     1    15
    15    10     4    87    31    11     1    17
    16     7     4    56   142   152     2    31    46
    17     8     0    19     0     9     1    51
    18    10     3    36     3     0     1    51
    19     1     1    27    12     9     1    25
    20     8     4   101    87    85     2    36    37
    21     7     2    52    65    95     2    24    46
    22     8     9   112   128    74     1    51
    23     7     2    65   111   110     6    27    31    36    37    39    43
    24     8     4     4    12     9     2    35    48
    25     6     8    56   142   152     2    37    42
    26     1     2     0    20    47     3    36    37    46
    27     3    12   143   173   170     1    47
    28     2     0     1    10    21     3    37    47    49
    29     5     2    41    16    38     2    31    49
    30     7     9    88   170   161     1    50
    31     4     0    35    27    28     1    50
    32     2     4    40    86    37     1    46
    33     5     9    60    96    66     1    36
    34     8     6    98   142   139     1    49
    35     4     5     6    12    53     1    51
    36     1     3   124    25    70     1    41
    37     2     3    48    48    64     1    46
    38     1     9    98   123    74     1    49
    39    10    12   143   173   170     1    42
    40     1     4    18   147   104     1    51
    41     1     4     7    24    68     1    42
    42     5     0   121   114    68     1    46
    43     2     1    99    16    14     1    51
    44    10    11    18    59   102     2    47    48
    45     6     8    56   142   159     1    46
    46    10     7   118   161   108     2    47    48
    47     3     3     9    19    15     2    49    50
    48     8     6    15    31    31     1    50
    49     1     6    13   103    60     1    51
    50     7     3    12    45    87     1    51
    51     0     0     0     0     0     0
--------------------------------------------------------------------------------
INFORMATION OF PROJECT 9:
#jobs  release  duedate
    52     0    82
#local resources
     2
R_L1   R_L2   
    13    13
jobnr.  dur.  r_G1  r_G2  r_L1  r_L2  #succ.  successors
     0     0     0     0     0     0     7     1     6     9    10    16    48    50
     1     5     8     8    13     2     6     2    14    34    45    46    47
     2     1     8     2    13     0     8     3    13    23    39    40    41    42    43
     3     5    16     9    11     0     6     4    24    35    36    37    38
     4     6     2    11     0     0     9     5    21    25    26    27    30    31    32    33
     5     8    16     2     0     3     5     7    15    22    28    29
     6     2     9    10     0     0     6    11    19    21    22    24    27
     7     8     4     0     9     0     2     8    19
     8     4    10     4     0     0     2    11    20
     9     4     0     5     0     5     3    15    26    34
    10     3     0     4     0     6     3    24    25    34
    11     3     0     9     7     0     2    12    18
    12    10    10     5     4     0     2    17    28
    13     9     9     9     0    11     1    21
    14     6     0     0     4     2     1    23
    15     6    10     0     1     0     2    23    44
    16     1     3     0     7    10     1    44
    17     3     6     0     5     0     1    51
    18     8     0     2     0     8     1    34
    19     1     0     6     6    10     1    51
    20     8     0     0     3     3     1    51
    21     8     0    10    10     0     1    51
    22     1     0     0     1     7     1    51
    23     7     3     2     0     0     1    51
    24     5     0     0     5     9     1    28
    25     2     0     0    10     2     1    51
    26     6     3     1     0     0     1    39
    27     8     1     0     6     0     1    51
    28     2     0     2     8     0     1    51
    29     7     0     9     0     2     1    51
    30     3     0     9     0     5     1    51
    31     3     0     0     8     6     1    51
    32     6     8     0     3     0     1    34
    33    10     0    10     2     0     1    51
    34     6     0     0     5     4     1    51
    35     2     3     0     0     5     2    36    41
    36     6     5     5     0     0     1    42
    37     9     0     0     4     5     1    51
    38     7     5    10     0     0     1    43
    39     1     0     0     3     9     1    46
    40     1     1     3     2     3     1    51
    41    10     0    16     2     8     1    51
    42     7     0     0     6     7     1    46
    43     4     0    10     0     8     1    45
    44     1     6     1     0     0     1    51
    45     5     4     0     9     0     1    51
    46     1     0     0     8     2     1    49
    47     6     0     1     0     8     1    51
    48     9     8     0     0     4     1    51
    49     4     0     1    10    10     1    51
    50     8    13     0     3     3     1    51
    51     0     0     0     0     0     0
--------------------------------------------------------------------------------
INFORMATION OF PROJECT 10:
#jobs  release  duedate
    52     0   111
#local resources
     2
R_L1   R_L2   
    14    22
jobnr.  dur.  r_G1  r_G2  r_L1  r_L2  #succ.  successors
     0     0     0     0     0     0    10     1     4     5    10    12    17    22    25    35    48
     1     2     4     6     4    13     6     2    24    40    42    46    47
     2     2     2    20    13    12     6     3    11    37    40    46    47
     3    10    11    21     8     4     4     6    16    33    34
     4     2     0    16     6    10     3     9    40    41
     5     8     7     6     1     4     8     7    13    20    27    29    33    36    41
     6     5    11    11     7     8     6     9    11    29    30    42    44
     7     1     8    15     8     9     7     8    14    20    30    31    36    38
     8     2    10    16     3     0     6    18    28    31    32    33    43
     9     1     4     9     5     1     3    13    28    31
    10     2     0     7     0     0     4    11    13    19    30
    11     1     3     0     5     5     2    18    27
    12     4     9    10     0     0     4    20    26    32    47
    13     2     9    16     1     2     1    15
    14     6     0     8     6     0     3    32    33    44
    15     9     2     5     0     5     1    18
    16     3     7     0     8     0     1    51
    17     4     8    18     0     4     3    27    33    34
    18     3     8    10     0     6     3    19    21    39
    19     5     4    23     8     2     2    26    41
    20     1     6     3     0    10     1    51
    21     5     6     5     2    11     1    51
    22     9     1    31     3     6     2    23    39
    23     2     0     0     5     8     1    51
    24     1     3     6     0     0     1    51
    25     5     9    18     4     0     1    42
    26     9     6    14     0     8     1    51
    27    10     0     0     4     6     1    51
    28     6     7     7     9     9     1    51
    29     1    11     0     2     2     1    32
    30     4     0    14     1     7     1    45
    31     5     1     0     3     8     2    39    43
    32     2    10    25     0     8     2    33    38
    33     2    12     5     3     0     1    45
    34     8    13     6     1     8     1    43
    35     9     8    22     2    13     1    39
    36     3     9     3     0     8     1    51
    37     4     8     7    12     7     1    45
    38     8     4    11     9     4     2    45    49
    39     3     3     7    10     1     1    51
    40     7     0     4     1    10     2    44    45
    41    10     2     0     7     0     1    51
    42     2     4     0     0     2     1    45
    43     2     6     4     0    14     2    49    50
    44     4     7    12     8     0     1    45
    45     2     9     1     1     8     2    49    50
    46     2    10    24     6    10     1    51
    47    10     0     4     1     6     1    50
    48    10     8     8     6     9     2    49    50
    49    10     2     1     0     9     1    51
    50    10     0    10     9     7     1    51
    51     0     0     0     0     0     0
--------------------------------------------------------------------------------
INFORMATION OF PROJECT 11:
#jobs  release  duedate
    52     0   122
#local resources
     2
R_L1   R_L2   
   119   115
jobnr.  dur.  r_G1  r_G2  r_L1  r_L2  #succ.  successors
     0     0     0     0     0     0     7     1     3     6    12    25    34    49
     1    10    14   133   110   110     4     2    14    18    43
     2     4    14   133   110   110     1     4
     3     1     4    18     9     5     5     4    22    23    42    48
     4     1     6    59    28    16     1     5
     5     2    18   145   110   114     4     7    16    41    48
     6     1    18   145   110   114     1     8
     7     4    18   151   119   115     2     8    39
     8     2    11    12    28    16     2     9    22
     9     1     6    35    59    50     2    10    35
    10     9    11    59    28    16     2    11    37
    11    10    12    68    94    83     3    13    31    32
    12    10     7    92    91    99     8    15    17    21    22    23    31    41    43
    13     1     8   124    89    82     2    15    28
    14     7     0     6     9     1     4    15    17    22    47
    15     3    14    12    45    47     1    17
    16     1     0    64    44    45     2    17    37
    17     1    13   105    94    81     1    19
    18     5     7   105    51    64     3    22    24    26
    19     8    12    18    11    49     5    20    27    30    44    45
    20     4     3    38    12    21     1    50
    21     4     6   143   107    86     1    51
    22     9     2     6     9     5     1    51
    23     9    12    92    91    89     8    26    27    28    29    30    32    37    46
    24     7    14   117    75    84     3    26    38    40
    25    10     2   133    65    63     1    51
    26     2    10     2    30    11     2    31    39
    27     5     5    66    11    31     2    36    46
    28     8     2    16    35    30     1    33
    29    10    12    28    84    55     2    30    38
    30     3    11     8    36    47     1    43
    31     4     9    21    10    32     1    43
    32     1     0    97    40    47     1    51
    33     4     0     8    12    29     2    36    42
    34     4     8    53    51    37     1    51
    35     9     2    83    25    32     1    41
    36     2     8    91    68    65     1    51
    37     4    10    49    36    42     1    51
    38     2     9    93   107    83     2    43    47
    39     3    14   117   107    86     1    45
    40     3     3    77    96    37     2    41    48
    41     4     4    14    26    23     1    51
    42     5     3    40    16    15     4    44    46    47    50
    43     2     1    82    42    42     1    51
    44     9     1    34     1     9     1    51
    45     9    10     2     2    16     1    51
    46     1     0     7    41     9     1    51
    47     3     0     0     0     1     1    51
    48     2     6    52     1    15     1    50
    49     9     4   111    83    49     1    50
    50     6     4     8    12    26     1    51
    51     0     0     0     0     0     0
--------------------------------------------------------------------------------
INFORMATION OF PROJECT 12:
#jobs  release  duedate
    52     0    97
#local resources
     2
R_L1   R_L2   
    15    18
jobnr.  dur.  r_G1  r_G2  r_L1  r_L2  #succ.  successors
     0     0     0     0     0     0     5     1     6    10    13    48
     1     6    15     1     5    18     4     2    14    34    46
     2     2     7     7    15     9     4     3    39    40    43
     3    10    15    11    15    18     5     4    24    35    36    38
     4     1    15     1     5    18     9     5    16    21    25    27    30    31    32    33
     5     9     5     3     0     0     5     7    22    24    28    29
     6     6     9     0     1    14     7    11    19    21    22    24    27    41
     7     3     5     3     9     9     4     8     9    19    28
     8     5    10     4     1     5     5    11    14    20    27    44
     9     2     9     5     0     5     4    14    15    26    34
    10     9    12     6     0     3     5    24    27    31    42    49
    11     6     0     0     7     9     3    12    18    19
    12     8     8     0     5     0     1    17
    13     7     9     0     0     9     1    21
    14     1     0     9     4     0     1    36
    15     2    10     0     2    13     4    23    35    42    47
    16     5     6     0     0     0     1    44
    17     3     6     4     5     0     1    51
    18     6     1     8     0     2     1    51
    19     3     0     0     6    11     1    41
    20     4     4     4    10     0     1    45
    21     9     2     6    10    14     1    40
    22     3     0     5     3     6     1    45
    23     5     3     3     6     2     1    46
    24     2     0     9     4    13     1    50
    25     1     0     3    10     1     1    51
    26     2     3     0     4     1     1    51
    27     8     1     0     6     0     1    51
    28     2     0     0     8     2     1    34
    29     1     0     3     0     9     1    51
    30     4     0     5     0     9     1    47
    31     3    12     6     8     0     1    38
    32     7     8     0     3     0     1    51
    33     5     0     0     2    10     1    51
    34     7     0     4     5     9     2    35    38
    35    10     1     1     3     0     1    51
    36     8     5     0     0     9     1    37
    37     9     0     5     4     0     1    51
    38     1     5     0     3     6     1    51
    39     1     0     4     6     0     2    41    46
    40     1     0     3     2     0     1    42
    41     4     0     0     2     3     1    51
    42     1     0     5     6     0     1    45
    43     3     7    11     0    11     1    44
    44     1     7     0     0     1     1    45
    45    10     4     0     9     0     1    51
    46     9     0     2     8     0     1    51
    47     4     0     7     0    15     1    51
    48     8     8     4     0     9     1    49
    49     2     0    10    10     0     1    51
    50     8     2     2     3     5     1    51
    51     0     0     0     0     0     0
--------------------------------------------------------------------------------
INFORMATION OF PROJECT 13:
#jobs  release  duedate
    52     0   129
#local resources
     2
R_L1   R_L2   
   119   115
jobnr.  dur.  r_G1  r_G2  r_L1  r_L2  #succ.  successors
     0     0     0     0     0     0     8     1     5    12    14    16    24    25    40
     1     2    18   151   119   115     4     2     3    18    47
     2     5    17   133   110   110     2     4    23
     3     1     1    18     9     5     1     4
     4     1    10    59    28    16     2     6    26
     5     1    18   151   119   115     3     7    23    49
     6     6    18   151   119   115     1     7
     7     2    18   151   119   115     1     8
     8     1    11    59    28    16     1     9
     9     2     7    40    23    56     2    10    35
    10     9    11    59    28    16     2    11    18
    11     1    18   151   119   115     2    13    38
    12    10     7    92    91    99     9    13    17    21    22    23    29    34    43    48
    13    10    16   146   112    80     2    15    28
    14     1     1    82    11    14     1    37
    15     2    14   112    58    52     4    17    31    42    47
    16     1     4    87    65    59     2    17    33
    17     3    15   111    98    87     1    19
    18     1    12    61    84    66     1    38
    19     7    14    18    23    52     6    20    27    30    41    45    47
    20    10     3     7    14    21     2    43    50
    21     9     8   143   107    87     1    41
    22     4     2     5     7    35     1    44
    23    10    15   144   105    94     7    26    27    28    30    32    38    46
    24    10    14   117    65    87     1    26
    25    10     1   133    76    63     3    43    44    45
    26     2    14    10    29    24     3    31    38    39
    27     1     1    78    35    31     3    36    37    46
    28     7     2    34    54    28     2    30    33
    29    10    11    32    51    56     2    38    50
    30     1     8    43    54    45     1    51
    31     5     9    38    16    34     1    51
    32     2     8    39    23    69     1    51
    33     2     1     8    12    28     1    42
    34     4     8    61    51    49     1    39
    35     3     5    90    35    38     1    51
    36     3     9    53    65    59     1    51
    37     3    11    40    37    49     1    51
    38     2     9   109    96    80     1    41
    39     5    14   143   107    87     5    43    45    46    47    48
    40     3     4    79    96    46     4    41    45    46    48
    41     2    14   111    58    49     1    48
    42     6     3    40    21    24     5    43    44    46    47    50
    43     2     1    19    48    31     1    51
    44     3     2    34     5     4     1    47
    45    10    10     8    12    18     1    51
    46     7     0    18    23    31     1    51
    47     4     3    13     0     7     1    51
    48     1    13    80    36    35     1    51
    49    10     7   111    82    49     1    50
    50     6     4     8    12    18     1    51
    51     0     0     0     0     0     0
--------------------------------------------------------------------------------
INFORMATION OF PROJECT 14:
#jobs  release  duedate
    52     0   118
#local resources
     2
R_L1   R_L2   
    14    22
jobnr.  dur.  r_G1  r_G2  r_L1  r_L2  #succ.  successors
     0     0     0     0     0     0    10     1     4     5    10    12    22    23    25    35    48
     1     2     1     6     4    13     7     2    24    40    42    45    46    47
     2     2    12    20     1    10     4     3    11    37    47
     3    10     7    21    10     4     4     6    16    33    34
     4     2     6    16     0    10     4     9    17    40    41
     5     8     1     6     7     4     8     7    13    20    27    29    33    36    41
     6     4     1    11    10     8     4     9    29    30    44
     7     9     8    15     8     9     7     8    14    20    30    31    36    38
     8     2     3    16    10     0     6    18    28    31    32    33    43
     9     1     5     9     4     1     3    13    28    31
    10     2     1     7     0     0     5    11    13    19    27    30
    11     2     5     0     3     5     2    18    27
    12     4     0    10     9     0     6    26    27    32    43    44    47
    13     2     1    15     9     2     2    15    43
    14     9     6     8     0     0     5    20    28    32    33    44
    15     9     0     5     2     4     1    18
    16     4     6     0     7     0     1    51
    17     4     1    17     8     4     3    27    33    34
    18     3     0     9     8     6     3    19    21    39
    19     5     8    23     4     2     2    26    41
    20     1     0     3     0    10     1    51
    21     5     1     5     6    11     1    51
    22     9     3    31     1     7     1    39
    23     3     5     0     0     8     1    51
    24     7     0     6     3     0     1    51
    25     5     4    18     9     0     1    42
    26     9     0    13     3     8     1    51
    27     6     4     0     0     6     1    51
    28     6     9     7     7     9     1    51
    29     1     2     0    11     0     1    32
    30     9     1    14     0     0     1    51
    31     9     0     0     1     8     3    32    39    43
    32     2     0    18    10     8     1    38
    33     4     5     3     0     0     1    45
    34    10     3     6    13     8     1    43
    35     9     2    22     8    11     1    39
    36     6     0     3     8     8     1    51
    37     4    12     7     8     5     1    45
    38     8     9    11     4     4     2    45    49
    39     3    10     6     3     1     1    51
    40     6     1     4     0    10     3    43    44    45
    41    10     7     0     4     0     1    51
    42     2     0     0     4     2     1    45
    43     2     0     4     6    14     2    49    50
    44     4     8    11     7     0     2    45    49
    45     2     1     1    10     2     1    50
    46     2     6     2    10    10     1    51
    47     6     1     4     0     6     1    51
    48     9     6     8     8     9     2    49    50
    49    10     0     1     2     9     1    51
    50    10     8     9     0     6     1    51
    51     0     0     0     0     0     0
--------------------------------------------------------------------------------
TRANSFER TIMES OF GLOBAL RESOURCE G1
 DEPOT    P1    P2    P3    P4    P5    P6    P7    P8    P9   P10   P11   P12   P13   P14
     0     6     6     8     8     4    13     4     9     8    12    10     7     8     9
     6     0    10    14     8     9    18     9     7     3    11     5     2    13    13
     6    10     0     6     5     9    16     4     8    13    17    14    10    11    13
     8    14     6     0    10     7    11     5    14    16    18    18    14     8    10
     8     8     5    10     0    11    19     6     5    11    18    12     7    14    15
     4     9     9     7    11     0     9     6    13    11    11    13    10     4     5
    13    18    16    11    19     9     0    13    21    18    15    21    19     5     6
     4     9     4     5     6     6    13     0     9    11    15    13     9     9    10
     9     7     8    14     5    13    21     9     0     9    17     9     5    16    17
     8     3    13    16    11    11    18    11     9     0     8     3     5    14    13
    12    11    17    18    18    11    15    15    17     8     0    10    12    12    10
    10     5    14    18    12    13    21    13     9     3    10     0     5    16    15
     7     2    10    14     7    10    19     9     5     5    12     5     0    14    14
     8    13    11     8    14     4     5     9    16    14    12    16    14     0     3
     9    13    13    10    15     5     6    10    17    13    10    15    14     3     0
--------------------------------------------------------------------------------
TRANSFER TIMES OF GLOBAL RESOURCE G2
 DEPOT    P1    P2    P3    P4    P5    P6    P7    P8    P9   P10   P11   P12   P13   P14
     0    10    11     4     9     9     6     9    11    12     7     8     2    12     6
    10     0     5     6    18     2     8    12    20    18     6     3     9    17     8
    11     5     0     8    19     7     6     9    20    16     9     6    10    14    11
     4     6     8     0    12     5     6    10    15    15     4     4     3    14     4
     9    18    19    12     0    16    14    15     6    15    14    16    10    16    11
     9     2     7     5    16     0     8    12    19    18     4     1     8    17     6
     6     8     6     6    14     8     0     5    15    11     9     7     6    10    10
     9    12     9    10    15    12     5     0    14     7    13    12     9     5    13
    11    20    20    15     6    19    15    14     0    12    18    19    12    13    15
    12    18    16    15    15    18    11     7    12     0    19    18    13     3    18
     7     6     9     4    14     4     9    13    18    19     0     4     7    18     3
     8     3     6     4    16     1     7    12    19    18     4     0     7    16     6
     2     9    10     3    10     8     6     9    12    13     7     7     0    12     6
    12    17    14    14    16    17    10     5    13     3    18    16    12     0    17
     6     8    11     4    11     6    10    13    15    18     3     6     6    17     0
--------------------------------------------------------------------------------
Additional Information: 
global resource strength = 0.5
transfer time factor = 0.2
adapted from RCPSP instances: 
[sD232, sD45, sD30, sD227, sD338, sD177, sD187, sD299, sD68, sD201, sD262, sD115, sD370, sD182]
