--------------------------------------------------------------------------------
PORTFOLIO INFORMATION:
#projects
    14
#global resources
     2
R_G1   R_G2   
   268   266
--------------------------------------------------------------------------------
INFORMATION OF PROJECT 1:
#jobs  release  duedate
    52     0   157
#local resources
     2
R_L1   R_L2   
    15    12
jobnr.  dur.  r_G1  r_G2  r_L1  r_L2  #succ.  successors
     0     0     0     0     0     0     7     1    11    14    29    37    44    46
     1     2   120    40    15    12     2     2    41
     2     8   120    40    15    12     3     3    36    39
     3     2   120    40    15    12     2     4    19
     4     6   120    40    15    12     1     5
     5     3    84    19    10     2     5     6    18    32    33    34
     6     3    72    18     5     2     3     7    30    31
     7    10   120    40    15    12     1     8
     8     5   110    37     7     9     3     9    16    25
     9     2   102    31    15    12     4    10    20    26    47
    10     1     6     4     5     2     2    12    23
    11    10    30    21     2    10     5    21    22    23    24    27
    12     4   102    31    15     7     3    13    22    42
    13     1     3     4     8     0     4    15    27    28    30
    14     9   109    30     7     1     1    51
    15     4    30    18     1     9     3    17    38    43
    16     6    18     9     0     0     1    45
    17     1    41    13     9     6     2    21    33
    18     1   100    31    10     6     6    20    21    31    41    43    49
    19     2   112    30     3     7     2    31    40
    20     1    12    18     4     0     1    38
    21     9    33     6     5     1     1    51
    22    10    54     8     2     0     1    51
    23     7     7     5    12     2     1    51
    24     4   104    32     2     5     1    45
    25     7    33    21     8    10     1    51
    26     7    57    22    10     7     1    33
    27     1     3     0     0    11     1    40
    28     2   120    40    15    12     2    35    40
    29     8   104    32    10     1     1    51
    30     6     8    10     8     0     1    41
    31     2    90    19    10     0     1    35
    32     9    48    22    10     5     1    41
    33     9    20     4     4     6     1    51
    34     6    10     3     8     3     1    48
    35     8    63     9     5     0     1    51
    36     4    23    18    10    10     1    45
    37     9    36    13     2    10     1    51
    38     4    94    21     7     4     1    41
    39    10    26    19     8     5     3    41    42    43
    40    10    45    13     9     2     2    41    43
    41     1    97    22     2     0     1    51
    42     1    87    31    10     7     3    45    49    50
    43     6     3    10     5     9     1    51
    44    10    69    25    10     5     2    45    50
    45     7    13    19     0     1     1    51
    46     9    36     7     5    10     1    50
    47     8    21    17     0     6     2    48    49
    48     6     4     4     0     5     1    51
    49     7    16     8     0     5     1    51
    50     4    87     9     2     2     1    51
    51     0     0     0     0     0     0
--------------------------------------------------------------------------------
INFORMATION OF PROJECT 2:
#jobs  release  duedate
    52     0    98
#local resources
     2
R_L1   R_L2   
    11    13
jobnr.  dur.  r_G1  r_G2  r_L1  r_L2  #succ.  successors
     0     0     0     0     0     0    12     1     2     3     6     8     9    10    11    13    15    19    23
     1     9     9     0     9     0     6     4    20    29    31    39    48
     2     7     0     3     8     0     6     7    20    24    36    49    50
     3     2     0     0     9     8    11    16    18    20    24    25    26    35    36    45    48    50
     4     8     0     0    10     4     3     5    25    50
     5     7     9     8     0     0     7    14    18    24    35    36    38    49
     6     1     0     2     0     8     9    12    24    25    26    27    28    35    38    47
     7     1     0     0     4     3     7    14    18    22    25    35    44    48
     8     3    10     0     0     2    11    21    28    29    34    35    36    42    45    47    48    49
     9     4     1     5     0     0     6    18    21    33    35    36    45
    10     6     3     0     0     8     7    17    33    34    36    38    43    47
    11     4     0     0     1     7     8    20    26    34    37    45    46    49    50
    12     1     7     2     0     0     8    29    30    33    37    42    44    45    46
    13     9     0     4     0     5     7    25    30    33    37    43    47    49
    14     1     0     1     4     0     3    16    42    45
    15     7     3     0     1     0     7    26    32    35    43    44    45    46
    16     5     0     0     4     7     3    21    33    43
    17     9     3     0     3     0     3    22    44    48
    18     2    10     9     0     0     5    28    32    34    43    47
    19     1     7     7     0     0     4    30    31    37    44
    20     3     0     6     1     0     2    22    33
    21     7     0     1     0     9     3    27    41    46
    22     4     0     6    10     0     3    30    41    42
    23    10    10     0     0     5     2    30    44
    24     4     0     3     0     5     3    40    41    42
    25     5     0     9     1     0     2    34    42
    26     9     5     6     0     0     2    33    40
    27     7     0     4     5     0     1    30
    28     8     8     0     0     8     2    40    41
    29     2     6     4     0     0     2    41    43
    30     2     0     5     1     0     1    32
    31     2     8     0     0     4     1    32
    32     6     4     0     0     4     1    40
    33     4     3     3     0     0     1    41
    34     8     5     4     0     0     1    41
    35     9     0     8     0     4     1    40
    36     8     0     8     0     2     1    44
    37     3     0     7     1     0     1    41
    38    10     4     0     5     0     1    45
    39     1     0     9     9     0     1    40
    40     4     0     0     4     9     1    51
    41     2     0     0     4    10     1    51
    42    10     0     0    10     3     1    51
    43    10     3     8     0     0     1    51
    44     7    10     7     0     0     1    51
    45     8     0     5     0     9     1    51
    46    10     0     5     8     0     1    51
    47     6     0     0     8     1     1    51
    48     3     0     2     0     1     1    51
    49    10    10     0     0     4     1    51
    50     8     0     0     5     7     1    51
    51     0     0     0     0     0     0
--------------------------------------------------------------------------------
INFORMATION OF PROJECT 3:
#jobs  release  duedate
    52     0   166
#local resources
     2
R_L1   R_L2   
   173   143
jobnr.  dur.  r_G1  r_G2  r_L1  r_L2  #succ.  successors
     0     0     0     0     0     0    14     1     8    16    19    20    22    23    28    30    34    38    40    44    45
     1     5   170    12   173   143     1     2
     2     2   170    12   173   143     1     3
     3     6   170    12   173   143     1     4
     4    10   170    12   173   143     1     5
     5    10   170    12   173   143     3     6    32    43
     6     3    66     1    25   125     1     7
     7     1   170    12   173   143     1     9
     8    10   100     9   148    18     2     9    31
     9     9   170    12   173   143     2    10    29
    10     4    60     7    62    42     2    11    25
    11     2    56     9    52    19     2    12    21
    12     6    16     3    10    12     1    13
    13     1    38     8    47     7     3    14    18    50
    14     2    67     0    30    18     1    15
    15    10    11     4    31    87     2    17    50
    16     7   152     4   142    56     1    46
    17     8     9     0     0    19     1    51
    18    10     0     3     3    36     1    51
    19     2     9     1    13    27     1    25
    20     8    89     4    87   101     2    36    37
    21     7    94     2    67    53     2    24    46
    22    10    77     9   128   112     1    43
    23     7   110     3   111    66     7    26    27    31    33    36    37    39
    24     8     8     4    12     4     2    35    48
    25     6   153     8   142    56     2    37    42
    26     1   117     2   117   131     1    46
    27     3   170    12   173   143     1    47
    28     4     4     0    10    26     4    37    41    43    47
    29     5    38     2    16    41     1    31
    30     9   161     9   170    88     1    50
    31     4    28     0    27    35     1    50
    32     2    38     4    86    37     2    35    46
    33     5    66     9    99    60     1    36
    34     8   139     6   142    98     1    51
    35     4    53     4    12     6     1    51
    36     1    70     3    25   124     1    41
    37     2    65     3    47    48     1    46
    38     2    86     9   125    96     1    51
    39     7   170    12   173   143     2    41    42
    40     1   104    10   147    18     1    51
    41     1    36     6    44     8     1    42
    42     5    68     0   114   121     1    46
    43     2    14     1    16    88     1    51
    44    10   102    11    59    18     2    47    48
    45     7   159     8   142    56     1    46
    46    10   108     8   161   118     2    47    48
    47     3    15     3    21     9     2    49    50
    48     8    31     6    31    15     1    50
    49     1    63     6   112    15     1    51
    50     7    84     3    45    12     1    51
    51     0     0     0     0     0     0
--------------------------------------------------------------------------------
INFORMATION OF PROJECT 4:
#jobs  release  duedate
    52     0   173
#local resources
     2
R_L1   R_L2   
   113   170
jobnr.  dur.  r_G1  r_G2  r_L1  r_L2  #succ.  successors
     0     0     0     0     0     0    10     1     8    16    20    22    23    29    34    40    43
     1     9   111   143   113   170     2     2    35
     2     1   111   143   113   170     1     3
     3     2   111   143   113   170     2     4    19
     4     6   111   143   113   170     2     5    19
     5     2    61   103    44    85     1     6
     6     1     3   125     2    19     2     7    33
     7     2   111   143   113   170     1     9
     8     4   108    18   111   151     2     9    18
     9     2    52   103    29    82     8    10    19    25    27    28    30    41    50
    10     4   111   143   113   170     4    11    24    32    39
    11     9   111   143   113   170     4    12    24    26    28
    12     7     5     8     4    15     2    13    44
    13     1    62    19    50    51     1    14
    14    10   111   143   113   170     3    15    31    48
    15     9    11    87    27    14     1    17
    16     8    50    40    69    85     2    28    38
    17     8     3     8     0     9     1    51
    18     8    64    70    73   100     1    51
    19     2    53    53    17    70     1    21
    20     1   106   127    86   155     2    21    24
    21     2   104   119    86   155     3    41    42    44
    22     9    71   117    72   131     1    50
    23    10    62   108    73   135     1    51
    24     1    49    64    27    37     1    46
    25     7   104   119    86   155     1    44
    26     3     2    55     0     4     1    41
    27     3   106   135   109   155     1    42
    28     5    49    11    29    78     2    37    42
    29     1    16     4    14    22     2    32    47
    30     2    39    11    17    70     3    31    37    38
    31     9     4    16    27     5     1    49
    32     1   106   135   109   155     2    37    42
    33     2    58    95    44    76     1    38
    34     3    62   108    73   135     1    51
    35     4   104    72    86   155     5    36    41    44    49    50
    36     2    28   124    24    69     3    39    42    45
    37     7    60    67    46   126     1    47
    38     5    83    19    89   101     1    39
    39     1   106   127    86   155     2    42    45
    40    10    59    40    84    88     3    41    44    50
    41     1     8    73    29     5     1    51
    42     3   107   127    86   161     1    46
    43    10   100    56    84   156     1    45
    44     1    49     1    59   119     1    46
    45    10   108   135   113   161     1    46
    46     5   108   135   113   161     2    47    48
    47     7    37    18    34    30     1    49
    48    10    47    21    40    35     1    51
    49    10    49    35    40    35     1    51
    50     8   111   143   113   170     1    51
    51     0     0     0     0     0     0
--------------------------------------------------------------------------------
INFORMATION OF PROJECT 5:
#jobs  release  duedate
    52     0   130
#local resources
     2
R_L1   R_L2   
    18   115
jobnr.  dur.  r_G1  r_G2  r_L1  r_L2  #succ.  successors
     0     0     0     0     0     0     7     1     3     6    12    18    25    49
     1     7   110   133    13   110     1     2
     2     1   110   133    13   110     1     4
     3     1     9    18     5     5     2     4    21
     4     1    28    59    11    16     2     5    24
     5     1   119   151    18   115     1     7
     6     2   119   151    18   115     1     7
     7    10   119   151    18   115     2     8    23
     8     1    28    59    11    16     1     9
     9     1    37    18     7    52     4    10    14    16    35
    10     9    28    59    11    16     4    11    34    38    41
    11    10    76    88    15    94     3    13    22    37
    12    10    91    92     7    99     6    14    16    21    22    23    29
    13     1    89   124     8    93     3    15    28    43
    14     1    30    18     1    21     6    17    19    26    28    31    39
    15     2    15    18    14    52     2    17    26
    16     1    11     7     1     4     2    33    42
    17     8   100   115    15    95     2    19    45
    18     7    88   124     8    83     2    24    36
    19     4    27    18    12    52     5    20    27    30    43    46
    20     6     7     7     1    21     2    43    50
    21    10   100   143     8    89     1    51
    22     4    19     6     0    11     3    30    36    39
    23     4    93   125    14    83     6    26    28    32    36    37    38
    24     2    89   133    16    85     4    26    33    38    40
    25    10    82   133     4    63     1    45
    26     3    57    54    14    83     2    31    39
    27     1    63   110    14    53     2    36    43
    28     7    30    18     2    30     1    33
    29     9    54    47    11    55     1    38
    30     3    33    18    11    36     2    43    48
    31     7    25    35    10    33     1    43
    32     1    83    98     4    71     1    51
    33     2    12     8     1    20     3    42    45    46
    34     4    23    81    10    53     3    43    45    47
    35     9    43    63     0    21     1    46
    36     4    23    47     9    39     1    51
    37     5    30    27    10    22     1    51
    38     1    58    91    12    53     2    39    50
    39     1   107   117    15    94     2    45    46
    40     2    96    70     8    62     1    46
    41     8    12    19     3     9     2    48    50
    42     5    12    36     3    13     5    43    44    47    48    50
    43     1    23    81     2    43     1    51
    44    10     3    34     2     8     1    47
    45     9    12     7    10    10     1    48
    46     4    12     0     1     5     3    47    48    50
    47     5    25    22     1    18     1    51
    48     2    36    36     6    28     1    51
    49    10    82   110     5    63     1    51
    50     6    19     8     4    26     1    51
    51     0     0     0     0     0     0
--------------------------------------------------------------------------------
INFORMATION OF PROJECT 6:
#jobs  release  duedate
    52     0    85
#local resources
     2
R_L1   R_L2   
    13    18
jobnr.  dur.  r_G1  r_G2  r_L1  r_L2  #succ.  successors
     0     0     0     0     0     0     7     1     6    10    16    37    48    49
     1     5     4     1    10    18     6     2    14    34    45    46    47
     2     2    10     0     3     7     8     3    13    23    39    40    41    42    43
     3     5    10     8    13    18     5     4    24    35    36    38
     4     6     0     0     5    12     9     5    21    25    26    27    30    31    32    33
     5     8     0     3     4     0     4     7    22    28    29
     6     1     0     0     9    10     6    11    19    21    22    24    27
     7     8     9     0     5     0     4     8     9    19    39
     8     4     1     0    10     4     3    11    20    27
     9     1     0     5     0     5     3    15    26    34
    10     4     0     6    10     1     4    24    25    31    34
    11     9     7     0     0     9     2    12    18
    12     8     4     0    10     0     1    17
    13     6     0     0     9     9     1    21
    14     6     4     2     0     0     1    23
    15     6     1     0    10     0     1    23
    16     1     0     0     3     0     1    44
    17     3     5     0     6     0     1    51
    18     6     0     8     0     2     1    51
    19     3     6     0     0     6     1    51
    20     4     3     4     0     0     1    51
    21     8    10     7     1    14     1    51
    22     1     1     7     0     9     1    51
    23     7     6     3     3     2     1    51
    24     5     5     9     0    13     1    51
    25     2    10     2     0     0     1    51
    26     2     4     0     3     1     1    41
    27     8     6     0     1     0     1    51
    28     2     8     0     0     2     1    34
    29     7     0     2     0     9     1    46
    30    10     0     5     0     9     1    51
    31     3     8     6     0     0     1    51
    32     6     3     0     8     0     1    51
    33    10     2     0     0    10     1    51
    34     7     5     4     0     0     1    35
    35     2     0     5     3     0     1    51
    36     6     0     0     5     5     1    51
    37     9     4     5     0     0     1    51
    38     7     0     0     5    10     1    51
    39     1     6     4     0     0     1    46
    40     1     2     3     0     0     1    51
    41     9     2     0     0     3     1    51
    42     2     6     5     0     0     1    51
    43     4     0    11     0    10     1    51
    44     2     0     0     6     1     1    51
    45     5     9     0     4     0     1    51
    46     4     8     2     0     0     1    51
    47     6     0     8     0     1     1    51
    48    10     0     4     8     0     1    51
    49     2    10    10     0     0     1    50
    50     8     3     3     0     0     1    51
    51     0     0     0     0     0     0
--------------------------------------------------------------------------------
INFORMATION OF PROJECT 7:
#jobs  release  duedate
    52     0   115
#local resources
     2
R_L1   R_L2   
    32    22
jobnr.  dur.  r_G1  r_G2  r_L1  r_L2  #succ.  successors
     0     0     0     0     0     0    10     1     4     5    10    12    17    22    25    35    48
     1     2     5     4     6    13     7     2    24    40    42    45    46    47
     2     2    12     1    20    10     4     3    11    37    47
     3     7     7    10    21     4     4     6    16    33    34
     4     2     6     0    16    10     3     9    41    43
     5     8     1     7     6     4     7     7    13    27    29    33    36    41
     6     4     5    10    17    10     5     9    29    30    33    44
     7     9     1     8    15     9     8     8    14    15    20    30    31    36    38
     8     2     3    10    16     8     5    18    31    32    33    43
     9     1     5     3     9     6     4    13    28    31    44
    10     6     1     0     1     0     4    11    13    19    27
    11     2     5     3     0     5     3    18    20    27
    12     4     0     9    10     0     6    19    26    27    32    43    44
    13     2     6     9    15     2     3    15    38    43
    14     9     2     0     8     0     5    20    28    32    33    44
    15     7     0     2     5     4     2    18    23
    16     4     6     7     0     0     1    51
    17     4     0     8    17     4     2    27    34
    18     3     0     8     9     0     3    19    21    39
    19     5     8     4    23     2     2    26    41
    20     7     0     0     3    10     1    28
    21     5     1     6     5    11     1    51
    22     9     3     1    31     7     1    51
    23     6     5     0     0     8     1    51
    24     3     0     3     6     0     1    51
    25     7     4     9    18     0     1    42
    26     9     0     3    13     8     1    51
    27     9     6     0     0     6     1    51
    28     6     9     7     8     9     1    51
    29     1     2     0     0     0     1    32
    30     9     1     0    14     0     1    49
    31    10     0     1     0     8     3    32    39    43
    32     2     0    10     3     8     1    38
    33     5     5     0     3     0     1    51
    34    10     3    13    32     8     1    43
    35     7     2     8    22    11     1    39
    36     6     0     8     3     8     1    51
    37     4     9     8     7     2     1    45
    38     8     0     4    14     0     2    45    49
    39     3    10     3     6     1     1    51
    40    10     1     0     4    10     2    43    44
    41    10     7     4     0     0     1    51
    42     2     0     4     0     2     2    45    49
    43     2     0     6     4    14     2    49    50
    44     4     8     7    11     0     2    45    49
    45     2     1    10     1     2     1    50
    46     2     6    10     2     0     1    51
    47     6     1     0     4     6     1    51
    48     6     6     8     3     9     2    49    50
    49    10     0     2     1     9     1    51
    50    10     8     0     9     6     1    51
    51     0     0     0     0     0     0
--------------------------------------------------------------------------------
INFORMATION OF PROJECT 8:
#jobs  release  duedate
    52     0    88
#local resources
     2
R_L1   R_L2   
    11    13
jobnr.  dur.  r_G1  r_G2  r_L1  r_L2  #succ.  successors
     0     0     0     0     0     0    16     1     4     5     7     8    10    11    12    17    21    22    23    24    25    48    50
     1     5     0     5     4    13     6     2    14    40    42    45    47
     2     2     1     0     2     0     4     3    32    37    38
     3     4     8     0     7    11     4     6    16    33    34
     4     2     0     8     3     0     7     9    29    34    40    41    43    46
     5     2     7     2     0     0     6    13    20    29    33    36    41
     6     3     9     0     7     7     4     9    27    29    30
     7     3     8     0     0     8     5    14    20    30    36    38
     8     3     9     0     6     5     5    18    31    32    33    43
     9     6     3     9     0     0     3    13    28    31
    10    10     0     3     1     0     4    19    27    30    36
    11     1     0     0     5     5     3    18    27    30
    12     8     9    10     0     0     3    26    27    32
    13     7     9     0     1     0     1    15
    14     3     0     8     6     0     3    28    32    44
    15     6     2     0     4     4     2    18    47
    16     2     1     0     8     0     3    20    26    35
    17     6     4     0     0     4     2    27    29
    18     6     9     1     0     0     1    19
    19     1     0     0     8    13     1    26
    20     7     0     3     0    10     1    27
    21     4     0     5     0     9     1    51
    22    10     0     0     5     5     1    51
    23     8    10     0     9     0     1    39
    24     7     3     3     0     0     1    37
    25     2     9     6     4     0     1    27
    26     7     3     0     0     4     1    51
    27    10     0     0     2     6     1    51
    28    10     7    11     9     1     1    51
    29     2     6     0     2     0     1    36
    30     3     0     4     1     0     1    51
    31     8     1     0     0     2     1    40
    32     3     0     2     6     3     1    51
    33     4     0     3     4     0     1    51
    34     3     2     7     0     0     1    51
    35     7     0     0     2    10     1    51
    36     4     8     2     0     0     1    51
    37     8     8     0     2     0     1    42
    38     8     4     3     0     0     1    51
    39     6     0     9    10     0     1    51
    40     5     0     0     5     5     1    51
    41    10     4     0     7     0     1    51
    42     1     2     0     0     2     1    51
    43     4     6     4     0     0     1    51
    44     2     7    10     0     0     1    51
    45    10    10     0     5     0     1    51
    46     9    10     1     1     0     1    49
    47     9     0     4     1     0     1    51
    48    10     8     0     0     9     1    51
    49     5     2     7     0     0     1    51
    50     5     0     9     8     0     1    51
    51     0     0     0     0     0     0
--------------------------------------------------------------------------------
INFORMATION OF PROJECT 9:
#jobs  release  duedate
    52     0    95
#local resources
     2
R_L1   R_L2   
    20    14
jobnr.  dur.  r_G1  r_G2  r_L1  r_L2  #succ.  successors
     0     0     0     0     0     0    20     1     2     3     4     5     7     8     9    10    14    15    16    18    22    23    42    44    47    48    49
     1     2     1     0     0    14     6     6    17    31    33    34    43
     2     1     3     1     0     6     8    12    19    24    27    30    31    35    41
     3    10     4     1    17     0     8    13    19    26    30    32    36    40    45
     4     5     9     0     9     0     8    19    24    25    27    30    33    34    38
     5     3     3     0     3     0     5    20    21    27    30    31
     6     2     0     4    11     7     4    11    27    28    32
     7     8     6     0     6     0     5    24    26    27    33    34
     8     6     0     7     8     0     6    17    24    25    27    36    46
     9     3     0     0    15     6     3    17    26    32
    10    10     2     0     8     0     4    26    28    32    36
    11     3     5     0    11     0     3    19    25    26
    12     8     0     0    10     3     3    25    26    38
    13     6     7     2     0     0     3    24    25    39
    14     9     5     0     3     0     1    51
    15    10     3     0     7     2     5    21    24    25    29    37
    16     2     6    15     0     8     4    21    25    27    31
    17     1     1     0    15    11     1    35
    18     8     0     0     7     5     2    20    30
    19     4     9     4     0     7     1    29
    20     5     6     0     4     0     1    37
    21     5    10     0     6     0     1    37
    22     4     6     0     4     0     1    51
    23     3     9     6     0     7     4    24    35    36    40
    24     5     8     0     5     0     1    51
    25     5     0     8     0    13     1    34
    26     7     0    11     2    12     1    34
    27     9     0     5     0    10     1    51
    28     3     4     5     0     0     1    51
    29     4     0     3     1     0     1    51
    30     9     0     9     0     3     1    51
    31     5     0     9    10     0     1    33
    32     9     0     4     5     7     1    51
    33     3     4     0     6    11     1    51
    34     3    13     0     0     5     1    51
    35     9     0     8     2     1     1    51
    36     2     3     9    14     0     1    51
    37    10     3     0     0     7     1    40
    38     3    10    14     7     0     1    41
    39    10     3     8     9     0     3    41    43    46
    40     6     3     9     0     0     1    51
    41     8     5    13     4     0     1    45
    42     6     0     9     7     2     1    51
    43     8     0     1     0     4     1    51
    44     2     0     0     6     1     1    51
    45     4     4     0     7     6     1    51
    46     3     0     2     0    10     1    51
    47     9     0     8     8     0     1    51
    48     1    12    12    10     0     1    50
    49     8     0     7     8     6     1    50
    50     8     6     0     1     0     1    51
    51     0     0     0     0     0     0
--------------------------------------------------------------------------------
INFORMATION OF PROJECT 10:
#jobs  release  duedate
    52     0   124
#local resources
     2
R_L1   R_L2   
    14    10
jobnr.  dur.  r_G1  r_G2  r_L1  r_L2  #succ.  successors
     0     0     0     0     0     0    12     1    11    16    20    22    26    29    31    42    44    45    49
     1     5    14   112    14    10     7     2    14    19    38    40    41    43
     2     1    11   100    14     5     2     3    39
     3     8     6    77     9     1     1     4
     4     7     6   109    13     6     3     5    35    36
     5     2     3    47     4     6     5     6    18    32    33    34
     6     9     2     9     0     0     2     7    30
     7     6     5    18     5     0     2     8    34
     8     5     0    35     1     8     3     9    25    28
     9     5     4    47    10     1     1    10
    10     3     4    12     0     0     3    12    23    24
    11     6    13    71     5     1     4    21    23    27    37
    12     6     5    41     3     7     2    13    35
    13     1     7     2     0     0     2    15    33
    14     2     0     6    11     3     1    51
    15     5     1     0     0     3     2    17    24
    16     9    12   103     7    10     2    17    23
    17     8     3     9     6     0     1    21
    18     9    11    50     7     2     1    48
    19     2     0    97    14     8     1    25
    20     8    12    63     0     5     1    51
    21     3     0    22     1     6     1    51
    22     2     0    16     6     8     1    51
    23     6     4     2     0     0     1    51
    24     6     0     9     4     3     1    47
    25     5     4     0     3     0     1    51
    26     9     0     9     0     5     1    51
    27     3     3     3     0     0     1    35
    28     2     1     0     0     2     1    51
    29     4     8    94     5    10     1    51
    30    10     8    25     5     0     1    51
    31     1    11    71     8     5     1    43
    32     9     9    30     1     4     1    51
    33     9     2     0     4     0     1    51
    34     1     0     6     3     0     2    43    47
    35     3     1    10     1     7     1    46
    36     8     0    75    10     7     1    51
    37     4     0    40    10     5     1    48
    38     7     3    62     0     2     1    51
    39     6    12    67     5     2     1    51
    40     4     8     3     1     4     1    51
    41     9     9    89     6     7     1    46
    42    10     6    38    10     0     1    51
    43     4     3     0     3     0     1    51
    44     9     0    75     9    10     1    51
    45     3     0     9     9     4     2    47    50
    46     3    12    37     4     0     1    51
    47     6     0    20     8     3     1    51
    48     3     0     4     5     3     1    51
    49     9     0    13     5     5     1    50
    50     2     0    32     3     5     1    51
    51     0     0     0     0     0     0
--------------------------------------------------------------------------------
INFORMATION OF PROJECT 11:
#jobs  release  duedate
    52     0   119
#local resources
     2
R_L1   R_L2   
    14    22
jobnr.  dur.  r_G1  r_G2  r_L1  r_L2  #succ.  successors
     0     0     0     0     0     0    11     1     4     5    10    12    17    22    23    25    35    48
     1     2     1     6     4    13     6     2    24    40    42    46    47
     2     2    13    20     1    10     5     3    11    37    40    47
     3     2     7    21    10     4     4     6    16    33    34
     4     2     6    16     0    10     3     9    40    41
     5     8     1     6     7     4     8     7    13    20    27    29    33    36    41
     6    10     6    11    10     9     5     9    11    29    30    44
     7     8     8    15     8     9     7     8    14    20    30    31    36    38
     8     2     6    16    10     0     6    18    28    31    32    33    43
     9     1     5     9     4     1     3    13    28    31
    10     2     1     7     0     0     4    13    19    27    30
    11     2     5     0     3     5     2    18    27
    12     4     0    10     9     0     5    26    27    32    44    47
    13     2     1    15     9     2     2    15    43
    14     7     6     8     0     0     4    20    32    33    44
    15     9     0     5     2     5     1    18
    16     3     6     0     7     0     1    51
    17     4     1    17     8     4     3    27    33    34
    18     3     0     9     8     6     3    19    21    39
    19     5     8    23     4     3     2    26    41
    20     1     0     3     1    10     1    44
    21     5     2     5     6    11     1    27
    22     9     3    31     1     3     1    39
    23     2     5     0     0    11     1    37
    24     7     0     6     3     0     1    51
    25     5     4    18     9     0     1    42
    26     9     0    13     6     8     1    51
    27    10     4     0     0     6     1    51
    28     6     9     7     7     9     1    39
    29     1     2     0    11     2     2    32    43
    30     4     1    14     0     7     1    51
    31     5     3     0     1     8     2    39    43
    32     2     0    18    10     8     2    38    44
    33     2     5     5    13     0     1    45
    34    10     3     6    13     8     1    43
    35     9     2    22     8    11     1    39
    36     5     0     3     8     8     1    51
    37     4    12     7     8     7     1    45
    38     8     9    11     3     4     2    45    49
    39     3    10     7     3     1     1    51
    40     6     1     4     0    10     2    44    45
    41    10     7     0     2     0     1    51
    42     1     0     0     4     2     1    45
    43     2     0    13     6    14     2    49    50
    44     4     8    12     7     0     2    45    49
    45     2     1     1     9     5     2    49    50
    46     2     9    25    10    10     1    51
    47     9     1     4     0     6     1    51
    48     8     6     8     8     9     2    49    50
    49    10     0     1     2     9     1    51
    50    10     8     9     0     6     1    51
    51     0     0     0     0     0     0
--------------------------------------------------------------------------------
INFORMATION OF PROJECT 12:
#jobs  release  duedate
    52     0    88
#local resources
     2
R_L1   R_L2   
    20    18
jobnr.  dur.  r_G1  r_G2  r_L1  r_L2  #succ.  successors
     0     0     0     0     0     0    10     1     2     3     4     5     6    12    14    15    28
     1     6     4    13     7    11     8     7    10    16    18    20    24    25    37
     2     2     0     5    19     1     7    11    13    16    20    22    35    48
     3     6     2    12     5     3     7    11    16    20    24    25    36    37
     4     9     0     0     4     4     3     9    24    25
     5     9     8     5     1     0     6    11    19    20    35    36    48
     6     5     5     0     9     0     6    16    17    22    25    34    36
     7     3     8    13     4     5     2     8    36
     8     1     4     8     1     3     4     9    27    36    37
     9     5     9     1    15     0     4    11    22    23    34
    10     7     0     4     8     0     6    17    33    38    43    48    49
    11     4     0     0     6     4     5    17    31    33    49    50
    12     6     9     0     0     3     3    17    19    36
    13     3     2     7     0     0     6    21    27    36    37    39    46
    14     4     0     6     1     0     9    26    32    33    37    38    41    43    45    46
    15     3     9     0     7     0     7    25    31    34    37    41    44    46
    16     9     0     0    12     9     3    19    45    46
    17     7     9     0     7     0     5    21    32    41    44    46
    18    10     6     0     0     4     7    31    40    41    42    44    45    48
    19     3     4     0     0     6     4    26    31    34    42
    20     1    10     2     3    12     5    30    34    43    45    47
    21     9    11     0     1     7     4    29    42    45    47
    22     3     0     0     8     9     4    30    44    47    50
    23     8     1     0     0     2     4    30    33    35    41
    24     1     1     0     0     7     2    27    46
    25     6     0     7     0     8     2    35    49
    26     9     0     0     8     8     2    29    44
    27     8     0     0     7     8     3    40    41    42
    28     6     5     6     0     0     2    41    48
    29     1     0     0     7    10     1    30
    30     9     3     0     0     5     1    40
    31     8     0     0     6     4     1    43
    32     8     0     4     0     2     1    40
    33    10     0     6     0     8     3    36    40    46
    34     2     0     5     3     0     2    35    40
    35     8     0     5     1     6     1    40
    36     2     0     0     6     9     1    43
    37    10     0     3     0    10     1    42
    38     1     9     0     5     0     2    40    49
    39     4     9     7     5    10     1    41
    40     6     0     2     1     6     1    51
    41     8     0     6     0     4     1    51
    42     9     2     3     8     0     1    51
    43     6     6     5     0     0     1    51
    44     3     6     0     5     0     1    48
    45     7     0     5     0     6     1    51
    46     9     7     4     0     0     1    51
    47     7     6     0     0     2     1    51
    48     7     0     3     8     0     2    49    50
    49    10     0     0     9     3     1    50
    50     1     0     0     4     2     1    51
    51     0     0     0     0     0     0
--------------------------------------------------------------------------------
INFORMATION OF PROJECT 13:
#jobs  release  duedate
    52     0   163
#local resources
     2
R_L1   R_L2   
   173   170
jobnr.  dur.  r_G1  r_G2  r_L1  r_L2  #succ.  successors
     0     0     0     0     0     0    12     1     8    16    20    22    23    26    33    34    43    44    45
     1     7    12   143   173   170     2     2    35
     2     3    12   143   173   170     1     3
     3     8    12   143   173   170     1     4
     4     7    12   143   173   170     1     5
     5     3    12   143   173   170     1     6
     6     3     1   125    13    66     3     7    19    27
     7     2    12   143   173   170     1     9
     8     5    11    18   160   104     2     9    38
     9    10    12   143   173   170     2    10    29
    10     4     8    46    62    60     3    11    25    28
    11     3     9    27    50    60     3    12    21    37
    12     5     4    40    40    19     1    13
    13     2     8     9    30    32     3    14    18    46
    14     1     1     8    10    67     1    15
    15     9     4    87    31    11     1    17
    16    10     9    88   154   152     1    51
    17    10     0    19     0     1     1    51
    18    10     3    36     2     0     1    51
    19     1     1    15    10    37     1    25
    20     9     4    83   111    94     2    27    40
    21     7     4    50    22    99     2    24    46
    22     9     2   112   128    71     1    51
    23     8     0    97   111   110     2    30    39
    24     3     4    16    16     8     1    48
    25     2     8    56   142   159     3    32    37    41
    26     1     0   116    13    28     2    32    36
    27    10    12   143   173   170     1    51
    28     3     3     3    48    24     1    42
    29     4     2    16    10    51     2    31    47
    30     8    12   124   173   169     2    40    46
    31     3     0     0    32    28     1    32
    32     2     0     6    99    46     1    49
    33     5     7    88   115    66     1    36
    34     9     6    98   141   139     1    50
    35     1     5    70   113    38     1    37
    36     1     2    56   123    66     1    41
    37     1     5    12    34    37     1    42
    38     4     8    93    72    71     1    48
    39     9    12   143   173   170     1    47
    40     1     5    27   151    71     2    41    46
    41     1     3    12    44    75     1    42
    42     5     0   102   114    68     1    46
    43     1    11    41    59    75     1    51
    44    10    11    18    59   102     1    48
    45     8     8    56   142   159     1    46
    46     5     8   124   157   103     2    47    48
    47     1     3    26    19    18     2    49    50
    48     8     6    40    32    31     2    49    50
    49     3     1    20    45    61     1    51
    50     7     5    12    45    98     1    51
    51     0     0     0     0     0     0
--------------------------------------------------------------------------------
INFORMATION OF PROJECT 14:
#jobs  release  duedate
    52     0   150
#local resources
     2
R_L1   R_L2   
    11     9
jobnr.  dur.  r_G1  r_G2  r_L1  r_L2  #succ.  successors
     0     0     0     0     0     0    14     1     2     4     7     9    10    11    13    15    17    18    23    38    50
     1     2     7     0     3     3     6     3    20    29    30    45    48
     2     4    12     5     4     1     5     5    20    41    44    45
     3     3    11     4     6     8     6     6    31    40    41    47    49
     4     6     9     2     6     5    14     6    16    20    21    25    31    34    36    39    40    41    42    46    48
     5     3    13     4     0     0     6     8    25    27    30    34    46
     6     4     8     2     0     1     4     8    28    43    44
     7     9     4     5     9     8    10    14    26    27    28    31    33    42    43    44    49
     8     1     8     8     3     3     3    12    35    39
     9     9    15    12     2     8     2    36    37
    10     7     0     0     2     1     6    34    35    39    40    43    45
    11    10     6    10     0     9     6    19    21    25    40    41    43
    12     9    13    12    11     2     2    16    36
    13     9     5    10     3     0     4    24    32    34    35
    14    10     1    10     0     0     3    22    31    34
    15     7    16    12     5     9     4    16    29    31    45
    16    10     5     7     2     1     2    22    32
    17     5     4     0     7     8     2    26    35
    18     2     0     8     1     1     3    20    26    36
    19     3     9    10     2     8     2    26    27
    20     4     9     2     3     0     3    24    32    35
    21     9    12     1     4     9     1    34
    22    10     1     0     7     0     1    24
    23     6     2     0    11     2     1    51
    24     8     9     0     0     1     1    26
    25     1     4     4     0     6     1    41
    26     9    12     2     0     0     1    33
    27     5     9     5     0     6     1    51
    28     2     1     0     6     0     1    44
    29     9     6    10     9     1     1    40
    30     2     0     0     8     3     2    32    41
    31     3     1     4    10     7     1    51
    32     8    11     8     0     2     1    46
    33    10     2     0     9     0     1    51
    34     6     6     8     5     1     1    51
    35     7    11     2    11     0     1    47
    36     7     7     1     1     1     1    47
    37     1     5     4     1     7     1    44
    38     3    13    12     9     4     1    51
    39     9     4     0     0     2     1    51
    40     1     0     7     6     2     1    47
    41     3    16     0     2     3     1    51
    42     8     4     0     2     5     1    51
    43     7    12     2    11     2     1    47
    44     2     1     5     0     4     1    46
    45     1     8    10    11     8     1    51
    46     6     4    11     4     0     1    51
    47     7    10     2     0     2     1    51
    48     6     0    10     9     1     1    51
    49     8     8    10     6     7     1    51
    50    10     2     0     0     7     1    51
    51     0     0     0     0     0     0
--------------------------------------------------------------------------------
TRANSFER TIMES OF GLOBAL RESOURCE G1
 DEPOT    P1    P2    P3    P4    P5    P6    P7    P8    P9   P10   P11   P12   P13   P14
     0    31    23    24    13    34    14    30    21    12    13    12    15    28    14
    31     0    54    19    29     7    39    42    27    39    44    40    22     6    35
    23    54     0    45    29    56    21    40    39    20    10    18    36    50    26
    24    19    45     0    30    25    26    24    10    27    36    28    10    21    21
    13    29    29    30     0    30    26    41    30    24    21    24    22    24    26
    34     7    56    25    30     0    44    48    33    43    47    44    27     7    40
    14    39    21    26    26    44     0    20    19     2    14     4    18    38     6
    30    42    40    24    41    48    20     0    15    22    34    24    22    43    17
    21    27    39    10    30    33    19    15     0    19    30    21     9    29    13
    12    39    20    27    24    43     2    22    19     0    12     2    18    37     6
    13    44    10    36    21    47    14    34    30    12     0    10    26    40    18
    12    40    18    28    24    44     4    24    21     2    10     0    20    38     8
    15    22    36    10    22    27    18    22     9    18    26    20     0    22    14
    28     6    50    21    24     7    38    43    29    37    40    38    22     0    34
    14    35    26    21    26    40     6    17    13     6    18     8    14    34     0
--------------------------------------------------------------------------------
TRANSFER TIMES OF GLOBAL RESOURCE G2
 DEPOT    P1    P2    P3    P4    P5    P6    P7    P8    P9   P10   P11   P12   P13   P14
     0    11    27    24    27    24    25    24    19     4    16    25    10    23    21
    11     0    22    25    17    25    24    14    20    11    14    15     2    16    24
    27    22     0    46    14    15    45    30    13    29    35    31    21    36    45
    24    25    46     0    39    47     4    24    41    21    11    24    25    16     7
    27    17    14    39     0    27    37    18    23    28    28    19    18    26    40
    24    25    15    47    27     0    47    38     6    27    37    39    24    41    44
    25    24    45     4    37    47     0    21    42    22    11    21    25    13    10
    24    14    30    24    18    38    21     0    32    23    15     2    16     9    27
    19    20    13    41    23     6    42    32     0    22    32    34    18    36    39
     4    11    29    21    28    27    22    23    22     0    13    24    10    21    18
    16    14    35    11    28    37    11    15    32    13     0    16    15     9    13
    25    15    31    24    19    39    21     2    34    24    16     0    17     9    27
    10     2    21    25    18    24    25    16    18    10    15    17     0    18    24
    23    16    36    16    26    41    13     9    36    21     9     9    18     0    20
    21    24    45     7    40    44    10    27    39    18    13    27    24    20     0
--------------------------------------------------------------------------------
Additional Information: 
global resource strength = 0.2
transfer time factor = 0.5
adapted from RCPSP instances: 
[sD186, sD40, sD332, sD326, sD369, sD48, sD162, sD61, sD101, sD140, sD195, sD51, sD371, sD124]
