--------------------------------------------------------------------------------
PORTFOLIO INFORMATION:
#projects
    14
#global resources
     2
R_G1   R_G2   
   295   260
--------------------------------------------------------------------------------
INFORMATION OF PROJECT 1:
#jobs  release  duedate
    52     0   128
#local resources
     2
R_L1   R_L2   
   119   115
jobnr.  dur.  r_G1  r_G2  r_L1  r_L2  #succ.  successors
     0     0     0     0     0     0     6     1     3    12    18    25    49
     1     3    13   133   107   110     4     2     6    43    47
     2     4    13   133   107   110     1     4
     3     1     5    18    12     5     4     4     6    42    48
     4     1     6    59    28    16     1     5
     5     1    18   151   119   115     2     7    16
     6    10    15   105    94    99     1    38
     7     6    18   151   119   115     1     8
     8     1    11    59    28    16     2     9    14
     9     2     6    12    37    51     3    10    35    38
    10     9    11    59    28    16     4    11    34    37    41
    11     7    18    88    65    83     2    13    32
    12    10     7    92    91    99     7    15    21    22    23    29    31    41
    13     3     8   124    95    73     3    15    28    43
    14     9     0     6     9     1     4    17    26    33    36
    15     2    14    12    45    51     3    17    22    26
    16     2     0     6     5    52     1    37
    17     3    13    98    94    81     1    19
    18     6     7   124    87    42     1    24
    19     8    12    18    11    49     3    20    27    30
    20     5     2     7     8    21     1    48
    21    10     8   143   107    86     1    51
    22     3     0     6     9     5     1    30
    23     5    12    92    91    89     4    26    28    37    38
    24     5    16   129    56    80     6    26    32    33    38    40    46
    25    10     4   133    65    63     2    40    45
    26     2    10    32     2     2     3    31    39    41
    27     2     5    66    11     5     2    36    50
    28     7     2    16    54    30     2    30    33
    29    10    12     4    47    54     2    38    46
    30     3    11    18    32    43     2    32    43
    31     4     9    41    10    16     1    46
    32     1     5    58    21    86     1    51
    33     3     4     8    12    29     1    42
    34     4     8    53    37    47     2    36    45
    35     9     0    63    54    32     1    41
    36     3     9    23    10    45     1    51
    37     5    10    27    24    42     1    51
    38     1     5    90     5    74     1    47
    39     3    14   117   107    86     2    45    47
    40     2     0    49    96    13     1    48
    41     4     4    13     1    23     1    43
    42     5     3    40    16    11     4    44    46    47    50
    43     2     1    81    21    31     1    51
    44     9     1    34     1     4     1    47
    45     9    10     2     2    16     1    51
    46     2     2     7    43     0     1    51
    47     4     3    10     0    29     1    51
    48     2     6    52     2    18     1    51
    49     9     3   110    82    49     1    50
    50     6     4     8    12    26     1    51
    51     0     0     0     0     0     0
--------------------------------------------------------------------------------
INFORMATION OF PROJECT 2:
#jobs  release  duedate
    52     0   176
#local resources
     2
R_L1   R_L2   
    18    12
jobnr.  dur.  r_G1  r_G2  r_L1  r_L2  #succ.  successors
     0     0     0     0     0     0    10     1    11    18    29    32    36    37    39    44    46
     1     4   120    42    18    12     4     2    14    19    41
     2     2   120    42    18    12     1     3
     3     6   120    42    18    12     1     4
     4     7   120    42    18    12     1     5
     5     3    76    20    11     2     3     6    33    34
     6     2    72    19     6     2     1     7
     7     6   120    42    18    12     1     8
     8    10   120    42    18    12     3     9    16    25
     9     1   120    42    18    12     4    10    20    26    47
    10     1     9     4     5     0     2    12    23
    11    10    30    22     7    10     5    21    22    23    24    27
    12    10   120    42    18    12     3    13    22    42
    13     4     3     7     8     6     4    15    27    28    30
    14    10   108    29    10     0     2    38    50
    15     1    37    29    12    10     2    17    38
    16     3    46    14    11     0     3    28    41    45
    17     3    57    26    12    11     5    21    33    41    43    48
    18     1   111    36    13     7     6    21    23    33    40    41    49
    19    10   111    32     6     7     2    31    40
    20     2    24    18    10     4     1    51
    21    10    33     6     6     1     1    51
    22    10    54    13     0     0     1    51
    23     9     7     9    12     3     1    51
    24     5   111    33     6     6     1    45
    25     7    30    19    10    10     1    51
    26     5    57    26    12     7     2    33    41
    27     1     3     3     1    11     1    40
    28     5   120    42    18    12     2    35    40
    29     8   104    33    13     1     1    51
    30     1     7    10     6     0     1    51
    31     1    90    21     8     0     1    35
    32     3    48    23    12    10     3    40    41    48
    33     9    20     5     4     6     1    51
    34     2    37    27     8     3     1    51
    35    10    63     9     5     1     1    51
    36     4    21    18     1     9     2    45    47
    37    10    44    19     6    10     1    47
    38     4    57    15    10     7     1    41
    39    10    30    21     8     6     4    41    42    43    48
    40    10    46    14    11     2     1    43
    41     1    99    24    13     0     1    51
    42     4    87    32    12     7     3    45    49    50
    43     9     3    13     6     9     1    51
    44    10    67    26     6     5     4    45    48    49    50
    45     7     9     6     0     1     1    51
    46    10    44    19     6    10     2    48    50
    47     8    21    17     5     6     1    48
    48     4     4     3     1     5     1    51
    49     6    16     9     0     8     1    51
    50     4    83    10     0     2     1    51
    51     0     0     0     0     0     0
--------------------------------------------------------------------------------
INFORMATION OF PROJECT 3:
#jobs  release  duedate
    52     0   181
#local resources
     2
R_L1   R_L2   
   120    38
jobnr.  dur.  r_G1  r_G2  r_L1  r_L2  #succ.  successors
     0     0     0     0     0     0    10     1    11    14    18    29    32    36    37    44    46
     1     2    18    12   120    38     4     2    19    40    41
     2     7    18    12   120    38     2     3    39
     3     7    18    12   120    38     1     4
     4     9    18    12   120    38     1     5
     5     3    11     2    76    19     3     6    33    34
     6     3     6     2    72    18     2     7    31
     7     8    18    12   120    38     2     8    31
     8    10    18    12   120    38     3     9    16    25
     9     4    18    12   120    38     4    10    20    26    47
    10     1     5     0     9     2     2    12    23
    11    10     7    10    30    19     5    21    22    23    24    27
    12     8    18    12   120    38     3    13    22    42
    13     4     8     6     3     4     4    15    27    28    30
    14    10    10     0   108    28     1    38
    15     1    12    10    33    28     2    17    38
    16     3    11     0    45    11     3    28    41    45
    17     3    12    11    57    24     5    21    33    41    43    48
    18     1    13     7   111    32     5    21    23    33    41    49
    19    10     6     7   111    28     2    31    40
    20     2    10     4    20    18     1    51
    21    10     6     1    33     6     1    51
    22    10     0     0    54     8     1    51
    23     7    12     3     7     5     1    51
    24     5     6     6   111    33     1    45
    25     7    10     9    24    18     1    51
    26     5    12     7    57    24     2    33    41
    27     1     1    11     3     0     1    40
    28     1    18    12   120    38     2    35    40
    29     8    13     1   104    30     1    51
    30     1     6     0     7    10     1    51
    31     1     8     0    90    17     2    35    43
    32     4    12     5    48    20     2    40    41
    33     9     4     6    20     2     1    51
    34     2     8     3    33    27     1    45
    35    10     5     1    63     9     1    51
    36     4     1     9    21    18     2    45    47
    37    10     6    10    44    14     1    47
    38     4    10     6    57    11     1    41
    39    10     8     6    29    19     3    41    42    43
    40     7    11     2    45    12     1    43
    41     1     6     0    97    19     1    51
    42     4    12     7    87    32     3    45    49    50
    43     7     6     9     3    10     1    51
    44    10     6     5    67    26     3    45    48    50
    45     7     0     1     9     6     1    51
    46    10     6    10    44    14     1    50
    47     8     0     6    21    17     1    48
    48     4     0     5     4     3     1    51
    49     6     0     8    16     8     1    51
    50     4     6     2    87    10     1    51
    51     0     0     0     0     0     0
--------------------------------------------------------------------------------
INFORMATION OF PROJECT 4:
#jobs  release  duedate
    52     0   101
#local resources
     2
R_L1   R_L2   
    12    14
jobnr.  dur.  r_G1  r_G2  r_L1  r_L2  #succ.  successors
     0     0     0     0     0     0    14     1     2     3     4     5     6     7     8     9    11    13    18    19    24
     1     4     2     1     0    10     8    10    12    20    23    27    28    29    31
     2     8     0     0     4    10     9    10    14    20    23    25    26    28    29    50
     3     8     1     0     9     0    10    20    21    27    29    30    31    33    37    47    49
     4     4     3     0    12     1    11    16    27    30    32    33    36    37    46    47    49    50
     5     1     0     4     9     0     7    17    22    26    27    35    46    48
     6     1     0     8     6     9     6    15    20    29    30    36    47
     7     5     9     0     7     0     8    15    26    27    29    32    36    39    47
     8     6     8     1     0     9     8    15    26    30    32    34    35    39    47
     9     3    10     7     0     6     6    22    35    38    46    47    49
    10     5     0     0    10     4    11    30    32    33    35    36    37    38    45    46    48    49
    11     7     7     4     0     2     4    20    30    34    37
    12     4     2     0     3     1     7    30    32    33    35    39    47    49
    13     4     2     0     5    10     7    27    30    32    36    38    46    47
    14     8     0     0    10     6     8    32    33    36    38    44    45    46    47
    15     3     0     9     3     0     7    33    37    38    44    45    46    49
    16     8     0     0     5     2     7    34    38    39    41    44    45    48
    17     9     1     0     0     3     3    30    47    49
    18     4    10     3     0     0     4    31    44    45    47
    19    10    10     1     1     1     3    23    30    36
    20     4     0     0     3     6     7    32    35    39    42    43    46    48
    21     6     4     4     0     0     7    34    36    42    44    45    46    48
    22     7     5     0     0     8     3    32    33    43
    23     8     0    10     4     0     7    37    40    41    42    44    47    48
    24     8     0     2     4     0     6    32    42    44    46    47    48
    25     2     7     7     0     0     5    41    42    43    44    46
    26     3     0     7     0     9     5    37    40    41    42    44
    27     8     0    10     1     3     5    34    35    41    42    45
    28     6     0     1     0     7     4    32    36    38    48
    29     5     0    10     7     0     5    41    42    44    45    46
    30    10     0     9     4     0     4    40    41    42    44
    31     2     9     0     1     0     4    40    41    42    48
    32     1     2     0     4     0     2    40    41
    33     2     0     9     2     0     2    40    41
    34     7     0     0     1     3     2    40    43
    35     2     0     1     4    10     2    40    41
    36     3     0     7     0     6     1    51
    37     3     3     1     0     0     1    43
    38    10     1     0     0     3     2    42    47
    39     2     3     0     7     3     1    40
    40    10     6     7     2    10     1    47
    41     9     0     4     5     2     1    51
    42    10    10     0     1     0     1    51
    43     1     0     7     1     1     1    51
    44     9     0     4    10     0     1    47
    45     3     4     6     1     0     1    51
    46     1     7     4     2     7     1    51
    47     6     0     3     7     8     1    51
    48     4     0    10     5     6     1    51
    49     1     0    10    10     0     1    51
    50     9     0     3     0     4     1    51
    51     0     0     0     0     0     0
--------------------------------------------------------------------------------
INFORMATION OF PROJECT 5:
#jobs  release  duedate
    52     0   121
#local resources
     2
R_L1   R_L2   
    17    15
jobnr.  dur.  r_G1  r_G2  r_L1  r_L2  #succ.  successors
     0     0     0     0     0     0    12     1    16    19    21    27    29    30    32    36    44    46    49
     1     9   129    11    17     7     8     2    33    37    38    39    40    41    42
     2     7   120     0     9     5     1     3
     3     1    51     2     8     0     1     4
     4     2    94     0     8     0     2     5    31
     5     7   130    10    13    13     3     6    26    28
     6     1    99     7     9     5     2     7    25
     7     2   123     1     3     2     3     8    15    24
     8     9    39     3    12    10     3     9    23    33
     9     8    77     3     5     0     3    10    15    22
    10     5    31     4     6     5     3    11    17    20
    11     4     2     0     0     8     1    12
    12     6   119     2     1     4     1    13
    13     4    81    10     5     4     3    14    26    38
    14     7     0     0     4     8     1    18
    15     1     0     0     1     9     1    51
    16     9    10     0     0     2     1    51
    17     2     8     3     2     9     1    28
    18     4    31     0     5     0     1    51
    19     8    48     4     4    10     1    51
    20     9    29     0    10     9     1    45
    21     4     1     0     8    10     1    38
    22     8    93     4     0     0     1    34
    23     9    37     0     7     6     1    51
    24     1    93     5     9     7     1    51
    25     1    60     3     0     0     1    43
    26     3     0     1     1     2     1    39
    27     6    32     8    10     0     1    39
    28     8    10     6     0     0     1    51
    29     7     9     0     4     2     1    51
    30    10    36     0     9    13     3    33    35    42
    31     2     9     0     4    10     1    51
    32     1     6     9    10     4     1    51
    33     1    12     0     4     0     1    43
    34     7     5     6     0     0     1    51
    35     5    42     6     4     0     1    51
    36     8    21     8    16     6     1    47
    37     6    22     4     1     1     1    39
    38     4     2     0    11     0     1    51
    39     6     5     5     6     0     1    51
    40     1     0     1     0     1     2    42    50
    41     3    38     5     1     9     1    43
    42     7     0     0     1     4     1    51
    43     4     7     2     0     1     1    45
    44    10    70     9     0     6     2    45    48
    45     5    68     2     7     0     1    51
    46     4    37     7     2    10     2    47    48
    47     9     1     0     0     6     1    51
    48     4     7    10     4     8     1    51
    49     8    16     7    11     7     1    50
    50     9    56     0    12    10     1    51
    51     0     0     0     0     0     0
--------------------------------------------------------------------------------
INFORMATION OF PROJECT 6:
#jobs  release  duedate
    52     0   132
#local resources
     2
R_L1   R_L2   
   119   115
jobnr.  dur.  r_G1  r_G2  r_L1  r_L2  #succ.  successors
     0     0     0     0     0     0     8     1     5    12    14    16    24    25    40
     1     2    18   151   119   115     4     2     3    18    47
     2     5    17   133   110   110     2     4    23
     3     1     1    18     9     5     1     4
     4     1    10    59    28    16     2     6    26
     5     1    18   151   119   115     3     7    23    49
     6     6    18   151   119   115     1     7
     7     2    18   151   119   115     1     8
     8     1    11    59    28    16     1     9
     9     2     7    40    23    56     2    10    35
    10     9    11    59    28    16     2    11    18
    11     1    18   151   119   115     2    13    38
    12    10     7    92    91    99     9    13    17    21    22    23    29    34    43    48
    13    10    16   146   112    80     2    15    28
    14     1     1    82    11    14     1    37
    15     2    14   112    58    52     4    17    31    42    47
    16     1     4    87    65    59     2    17    33
    17     3    15   111    98    87     1    19
    18     1    12    61    84    66     1    38
    19     7    14    18    23    52     6    20    27    30    41    45    47
    20    10     3     7    14    21     2    43    50
    21     9     8   143   107    87     1    41
    22     4     2     5     7    35     1    44
    23    10    15   144   105    94     7    26    27    28    30    32    38    46
    24    10    14   117    65    87     1    26
    25    10     1   133    76    63     3    43    44    45
    26     2    14    10    29    24     3    31    38    39
    27     1     1    78    35    31     3    36    37    46
    28     7     2    34    54    28     2    30    33
    29    10    11    32    51    56     2    38    50
    30     1     8    43    54    45     1    51
    31     5     9    38    16    34     1    51
    32     2     8    39    23    69     1    51
    33     2     1     8    12    28     1    42
    34     4     8    61    51    49     1    39
    35     3     5    90    35    38     1    51
    36     3     9    53    65    59     1    51
    37     3    11    40    37    49     1    51
    38     2     9   109    96    80     1    41
    39     5    14   143   107    87     5    43    45    46    47    48
    40     3     4    79    96    46     4    41    45    46    48
    41     2    14   111    58    49     1    48
    42     6     3    40    21    24     5    43    44    46    47    50
    43     2     1    19    48    31     1    51
    44     3     2    34     5     4     1    47
    45    10    10     8    12    18     1    51
    46     7     0    18    23    31     1    51
    47     4     3    13     0     7     1    51
    48     1    13    80    36    35     1    51
    49    10     7   111    82    49     1    50
    50     6     4     8    12    18     1    51
    51     0     0     0     0     0     0
--------------------------------------------------------------------------------
INFORMATION OF PROJECT 7:
#jobs  release  duedate
    52     0   144
#local resources
     2
R_L1   R_L2   
   173   143
jobnr.  dur.  r_G1  r_G2  r_L1  r_L2  #succ.  successors
     0     0     0     0     0     0     7     1     8    16    22    23    34    44
     1     9   170    12   173   143     1     2
     2     9   170    12   173   143     4     3    20    30    43
     3     3   170    12   173   143     1     4
     4     5   170    12   173   143     1     5
     5     1    39    11   133   103     5     6    19    32    39    45
     6     4    66     2    13   100     2     7    33
     7     1   170    12   173   143     1     9
     8     9   100     9   148    19     3     9    39    41
     9     1    39    11   133   103     2    10    29
    10     3    39     7    62     7     2    11    26
    11     4    53     9    59    19     3    12    21    31
    12     8    16     0    13    12     2    13    46
    13     1    49     6    46     3     2    14    18
    14     1    67     1    17    12     3    15    47    48
    15     8    14     4    31    66     2    17    49
    16    10   131     1    40    40     2    17    39
    17     9     9     0     1     3     1    51
    18     9     0     3    13    36     1    51
    19     1     9     0     2    73     1    42
    20     8    83     5    59    89     1    42
    21     7    99     1    97    50     2    24    32
    22     9    63     7   128   112     1    51
    23     8   117     3   111    98     6    25    27    35    37    39    40
    24    10     9     5    13    11     1    48
    25     3   152     2   123    67     1    42
    26     5     4     1     0     0     4    28    31    35    37
    27    10   170    12   173   143     1    51
    28     5    40     2    12     1     1    32
    29     8    38     2    11    41     1    51
    30     1    15     8    50    68     1    42
    31    10     1     0     1    22     1    51
    32     1    32     0   114    50     1    46
    33     4    43     7    58    69     2    36    38
    34     2   148     6   155   121     1    46
    35     1     3     5    18     6     1    51
    36     2    70     2    25   124     1    41
    37     2    71     1    76    26     1    42
    38     1   121     5   109     9     1    51
    39     7   157    11   172   140     1    51
    40    10   104    10   160    43     2    41    43
    41     2    70     6    28    16     1    42
    42     6    67     1   114   115     1    46
    43     1    37     3    13    63     1    51
    44    10   103     6    59    28     2    47    48
    45     2   102     7    46    63     1    50
    46     8   103     7   156   121     2    47    48
    47     3    16     0    26     9     1    50
    48    10    38     6    63    30     2    49    50
    49     2    72     2    45    31     1    51
    50     7    98     0    45    31     1    51
    51     0     0     0     0     0     0
--------------------------------------------------------------------------------
INFORMATION OF PROJECT 8:
#jobs  release  duedate
    52     0   117
#local resources
     2
R_L1   R_L2   
    14    14
jobnr.  dur.  r_G1  r_G2  r_L1  r_L2  #succ.  successors
     0     0     0     0     0     0    11     1     4     5    10    12    17    22    23    25    35    48
     1     2     6    13     4     4     6     2    24    40    42    46    47
     2     2    14    14    13     2     7     3    11    37    40    42    46    47
     3    10    22     8     8    10     4     6    16    33    34
     4     1    16    10     6     0     3     9    40    41
     5     7    12     4     1     7     8     7    13    20    27    29    33    36    41
     6     8    14     8     6    10     5     9    11    29    30    44
     7     3    16     8     4     8     5     8    14    30    31    38
     8     3    16     2     3    10     5    18    28    32    33    43
     9     1     6     1     5     4     3    13    28    31
    10     2     8    18     1     0     3    13    19    30
    11     2     0     5     5     3     4    18    27    43    44
    12     4    10     0     0     9     5    20    26    31    32    47
    13     2    10     2     1     9     2    15    43
    14     7     8     0     6     0     3    32    33    44
    15     9     6     5     0     2     1    18
    16     1    12     0     8     7     1    45
    17     4    18     1     1     8     3    27    33    34
    18     3    10     6     0     8     3    19    21    39
    19     5    23     2     6     4     2    26    41
    20     2    26    10     1     1     1    44
    21     7     5    11     2     6     1    51
    22     9    31     3     3     1     1    39
    23     2     0     8     5     1     1    37
    24    10     6     0     0     3     1    51
    25     5    18     0     4     9     2    33    42
    26     9    14     8     0     6     1    51
    27     7     0     6     4     0     1    51
    28     6    16     9     9     7     1    51
    29     1     0     2     2    11     1    32
    30     1    14    14     1     0     1    45
    31     5     0     8     3     1     2    39    43
    32     2    18     8     0    10     1    38
    33     2     6     0     3    12     1    45
    34     8    20    14     3    13     1    43
    35     9    22    12     2     8     1    39
    36     3     4     8     0     9     1    51
    37     4    12     8    12     8     1    45
    38     8    12     4     9     4     2    45    49
    39     3     8     2    10     3     1    51
    40    10     4     6     1     0     2    44    45
    41    10     0     0     7     2     1    51
    42     2     0     2     0     4     1    45
    43     2     5    14     0     6     2    49    50
    44     4    12     0     8     7     2    45    49
    45     2     1     5     1     9     2    49    50
    46     2    24    10     6    10     1    51
    47    10     4     6     1     0     1    50
    48     8     8     5     6     8     2    49    50
    49     8     1     9     0     2     1    51
    50    10    10     7    10     0     1    51
    51     0     0     0     0     0     0
--------------------------------------------------------------------------------
INFORMATION OF PROJECT 9:
#jobs  release  duedate
    52     0   160
#local resources
     2
R_L1   R_L2   
   170   143
jobnr.  dur.  r_G1  r_G2  r_L1  r_L2  #succ.  successors
     0     0     0     0     0     0    11     1     8    19    20    22    23    30    34    40    44    45
     1     4   173    12   170   143     2     2    16
     2    10   173    12   170   143     1     3
     3     3   173    12   170   143     3     4    26    42
     4     4   173    12   170   143     1     5
     5     5   173    12   170   143     4     6    32    37    43
     6     4    25     1    66   125     2     7    33
     7     4   173    12   170   143     1     9
     8     8   148     9   100    18     3     9    31    38
     9     7   173    12   170   143     2    10    29
    10     4    62     7    60    42     4    11    25    28    31
    11     2    52     9    39    19     2    12    21
    12     6    10     3    16    13     1    13
    13     1    47     8    37     7     2    14    18
    14     2    34     0    67    19     1    15
    15    10    31     4    18    87     1    17
    16     7   142     4   114    56     1    46
    17     8     0     0     9    18     1    51
    18    10     3     3     0    36     1    51
    19     2    14     0     3   100     1    25
    20     7    87     4    85   101     1    36
    21     6    65     2    95    53     2    24    46
    22     8   128     6    70   113     1    51
    23     7   111     3   110    66     6    27    31    36    37    39    43
    24     8    12     4     9    19     2    35    48
    25     6   142     8   152    56     2    37    42
    26     1     0     1    47     0     1    46
    27     2   173    12   170   143     1    51
    28     2    10     0    21     3     3    35    37    41
    29     5    16     2    38    41     1    31
    30    10   170     9   161    89     1    33
    31     4    27     0    28    35     1    47
    32     2    86     4    37    40     1    46
    33     5   108     9    65    69     1    36
    34     8   146     6   139   104     1    49
    35     4    12     3    53     6     1    51
    36     1    25     3    70   124     1    41
    37     3    42     5    61    42     1    46
    38     7   126     9    74    98     1    48
    39    10   173    12   170   143     1    42
    40     1   147     6   104    18     1    48
    41     1    94     4    42    21     1    42
    42     5   114     1    68   124     1    46
    43     2    16     1    14    99     1    51
    44    10    59    11   102    18     2    47    48
    45     6   142     8   149    56     1    46
    46    10   161     8   108   119     2    47    48
    47     4    35     0    19     9     2    49    50
    48     8    27     6    31    12     1    50
    49     1    45     6    60    12     1    51
    50     7    45     2    87    12     1    51
    51     0     0     0     0     0     0
--------------------------------------------------------------------------------
INFORMATION OF PROJECT 10:
#jobs  release  duedate
    52     0   126
#local resources
     2
R_L1   R_L2   
    10    12
jobnr.  dur.  r_G1  r_G2  r_L1  r_L2  #succ.  successors
     0     0     0     0     0     0     7     1    12    16    19    39    46    47
     1     4    19     4    10     9     8     2    18    37    38    40    41    42    43
     2     2    19     6     4    10     3     3    41    45
     3     3    12     4     1     3     1     4
     4     2    19    11    10    12     5     5    33    35    36    43
     5     3    17    11     1     4     4     6    29    30    31
     6     7    11     5     4     0     3     7    28    45
     7     2     8     1    10     0     4     8    15    26    27
     8     9    18     7     8     9     4     9    23    32    33
     9     4     2     2     0     0     3    10    24    25
    10     8    12    11     4     6     2    11    21
    11     5    11     7     0     9     2    13    22
    12     2     0     7     0     3     1    51
    13    10     3     0     8     6     3    14    45    50
    14    10     0     0     2     6     2    17    44
    15    10    10     2     0     8     1    17
    16    10     9     8     0     6     2    17    49
    17     6     4     1     0     1     3    20    31    34
    18     5     0     4     1     2     1    51
    19     5     0     5     3     0     1    37
    20     6     6     2     0     8     1    51
    21    10     2     0     0     1     1    51
    22    10     0     2     2     4     1    51
    23     3     6     4     3     0     1    44
    24     5     3     8     6     0     1    34
    25     3    14     7     1     4     1    51
    26     8     0     2     2     3     1    51
    27     1     2     0     6     3     1    51
    28     5     6     3     0     6     1    51
    29     5     1     2     0     0     1    49
    30     4    12     3     9     8     1    33
    31     9    14     8     0     0     1    51
    32     8     0     3     0     8     1    51
    33     7    14     2     0     4     1    51
    34     7     0     2     1     1     1    51
    35     6    18     8     4     2     1    48
    36    10     4     0     9     8     1    48
    37     6     1     0     0     6     1    51
    38     8     0     2     6     0     1    51
    39    10     2     0     9     8     1    45
    40     8     0     0     2     6     1    51
    41     3     5     2     5     9     1    45
    42     9     2     9     5     0     1    45
    43     6     5     0    10     1     1    51
    44     1     2     7     9     0     1    51
    45     2     1     8     2     5     1    51
    46    10     6     0     6     0     1    51
    47     8     1     4     0     4     1    51
    48     2     6    10     0     0     1    49
    49     8     4     3     4     0     1    51
    50     7     3     8     1     1     1    51
    51     0     0     0     0     0     0
--------------------------------------------------------------------------------
INFORMATION OF PROJECT 11:
#jobs  release  duedate
    52     0   144
#local resources
     2
R_L1   R_L2   
   119   151
jobnr.  dur.  r_G1  r_G2  r_L1  r_L2  #succ.  successors
     0     0     0     0     0     0     9     1     6    12    25    29    34    38    40    49
     1     8    18   115   119   151     3     2     3    43
     2     8    18   114   110   145     4     4    18    21    26
     3     1    16    52    54    31     3     4    14    23
     4     1    10    75    60    91     1     5
     5     2    18   114   110   145     4     7    21    39    41
     6     6    18   114   110   145     3     8    18    39
     7     7    18   115   119   151     2     8    16
     8     3    11    16    28    59     1     9
     9     1    10    52    59    41     2    10    35
    10     9    11    16    28    59     2    11    37
    11    10    16    90   108    79     3    13    31    32
    12    10     7    99    91    92     8    16    17    22    23    24    31    41    43
    13     1     9    82    99   124     2    15    28
    14     2     0     1     9     6     3    17    22    33
    15     4    13    47    45    25     1    17
    16     2    13    81    75    73     2    17    32
    17     4    14    81    98   111     1    19
    18     5     7    62    51   104     1    51
    19     8    12    52    36    31     5    20    27    30    44    45
    20     5     3    21    12     7     2    46    50
    21     4     8    90   107    78     1    47
    22     5     3     5     9     6     1    47
    23     6    15    94   107   144     6    26    27    28    30    31    32
    24     7    13    84    75   123     1    26
    25    10     2    63    65   120     1    51
    26     2    12    23    36    19     2    39    43
    27     4     5     4    11    28     2    36    46
    28     8     3    30    35    18     2    30    33
    29     9    12    56    84    39     1    30
    30     3    11    47    36    23     1    43
    31     4     9    32    11    21     1    51
    32     1    12    64    54    89     1    51
    33     3     1    29    12    12     3    36    42    45
    34     3     8    39    50    54     1    47
    35     9     2    25    11    72     4    36    41    46    50
    36     2     8    62    69    83     1    51
    37     2    10    44    50    50     1    51
    38     2     9    83    97   111     1    47
    39     6    15    86   107   139     3    41    45    48
    40     7     3    62    96   117     2    43    48
    41     1     4     4    20    14     2    44    47
    42     5     3    27    18    40     5    43    44    46    47    50
    43     2     3    42    56    55     1    51
    44     9     1    21     1    34     1    51
    45    10    10    23     3     3     1    46
    46     1     0    12    15    88     1    51
    47     3     1    29    11     0     1    51
    48     2     6    20     3    67     1    50
    49    10     3    49    83   110     1    50
    50     6     4    27    13    28     1    51
    51     0     0     0     0     0     0
--------------------------------------------------------------------------------
INFORMATION OF PROJECT 12:
#jobs  release  duedate
    52     0   121
#local resources
     2
R_L1   R_L2   
    14    32
jobnr.  dur.  r_G1  r_G2  r_L1  r_L2  #succ.  successors
     0     0     0     0     0     0    10     1     4     5    10    12    22    23    25    35    48
     1     2     1    13     4     6     7     2    24    40    42    45    46    47
     2     2    12    10     1    20     4     3    11    37    47
     3    10     7     4    10    21     4     6    16    33    34
     4     2     6    10     0    16     4     9    17    40    41
     5     8     1     4     7     6     8     7    13    20    27    29    33    36    41
     6     4     1     8    10    11     4     9    29    30    44
     7     9     8     9     8    15     7     8    14    20    30    31    36    38
     8     2     3     0    10    16     6    18    28    31    32    33    43
     9     1     5     1     4     9     3    13    28    31
    10     2     1     0     0     7     5    11    13    19    27    30
    11     2     5     5     3     0     2    18    27
    12     4     0     0     9    10     6    26    27    32    43    44    47
    13     2     1     2     9    15     2    15    43
    14     9     6     0     0     8     5    20    28    32    33    44
    15     9     0     4     2     5     1    18
    16     4     6     0     7     0     1    51
    17     4     1     4     8    17     3    27    33    34
    18     3     0     6     8     9     3    19    21    39
    19     5     8     2     4    23     2    26    41
    20     1     0    10     0     3     1    51
    21     5     1    11     6     5     1    51
    22     9     3     7     1    31     1    39
    23     3     5     8     0     0     1    51
    24     7     0     0     3     6     1    51
    25     5     4     0     9    18     1    42
    26     9     0     8     3    13     1    51
    27     6     4     6     0     0     1    51
    28     6     9     9     7     7     1    51
    29     1     2     0    11     0     1    32
    30     9     1     0     0    14     1    51
    31     9     0     8     1     0     3    32    39    43
    32     2     0     8    10    18     1    38
    33     4     5     0     0     3     1    45
    34    10     3     8    13     6     1    43
    35     9     2    11     8    22     1    39
    36     6     0     8     8     3     1    51
    37     4    12     5     8     7     1    45
    38     8     9     4     4    11     2    45    49
    39     3    10     1     3     6     1    51
    40     6     1    10     0     4     3    43    44    45
    41    10     7     0     4     0     1    51
    42     2     0     2     4     0     1    45
    43     2     0    14     6     4     2    49    50
    44     4     8     0     7    11     2    45    49
    45     2     1     2    10     1     1    50
    46     2     6    10    10     2     1    51
    47     6     1     6     0     4     1    51
    48     9     6     9     8     8     2    49    50
    49    10     0     9     2     1     1    51
    50    10     8     6     0     9     1    51
    51     0     0     0     0     0     0
--------------------------------------------------------------------------------
INFORMATION OF PROJECT 13:
#jobs  release  duedate
    52     0   130
#local resources
     2
R_L1   R_L2   
   119   151
jobnr.  dur.  r_G1  r_G2  r_L1  r_L2  #succ.  successors
     0     0     0     0     0     0     7     1     3     6    12    18    25    49
     1     7    13   110   110   133     1     2
     2     1    13   110   110   133     1     4
     3     1     5     5     9    18     2     4    21
     4     1    11    16    28    59     2     5    24
     5     1    18   115   119   151     1     7
     6     2    18   115   119   151     1     7
     7    10    18   115   119   151     2     8    23
     8     1    11    16    28    59     1     9
     9     1     7    52    37    18     4    10    14    16    35
    10     9    11    16    28    59     4    11    34    38    41
    11    10    15    94    76    88     3    13    22    37
    12    10     7    99    91    92     6    14    16    21    22    23    29
    13     1     8    93    89   124     3    15    28    43
    14     1     1    21    30    18     6    17    19    26    28    31    39
    15     2    14    52    15    18     2    17    26
    16     1     1     4    11     7     2    33    42
    17     8    15    95   100   115     2    19    45
    18     7     8    83    88   124     2    24    36
    19     4    12    52    27    18     5    20    27    30    43    46
    20     6     1    21     7     7     2    43    50
    21    10     8    89   100   143     1    51
    22     4     0    11    19     6     3    30    36    39
    23     4    14    83    93   125     6    26    28    32    36    37    38
    24     2    16    85    89   133     4    26    33    38    40
    25    10     4    63    82   133     1    45
    26     3    14    83    57    54     2    31    39
    27     1    14    53    63   110     2    36    43
    28     7     2    30    30    18     1    33
    29     9    11    55    54    47     1    38
    30     3    11    36    33    18     2    43    48
    31     7    10    33    25    35     1    43
    32     1     4    71    83    98     1    51
    33     2     1    20    12     8     3    42    45    46
    34     4    10    53    23    81     3    43    45    47
    35     9     0    21    43    63     1    46
    36     4     9    39    23    47     1    51
    37     5    10    22    30    27     1    51
    38     1    12    53    58    91     2    39    50
    39     1    15    94   107   117     2    45    46
    40     2     8    62    96    70     1    46
    41     8     3     9    12    19     2    48    50
    42     5     3    13    12    36     5    43    44    47    48    50
    43     1     2    43    23    81     1    51
    44    10     2     8     3    34     1    47
    45     9    10    10    12     7     1    48
    46     4     1     5    12     0     3    47    48    50
    47     5     1    18    25    22     1    51
    48     2     6    28    36    36     1    51
    49    10     5    63    82   110     1    51
    50     6     4    26    19     8     1    51
    51     0     0     0     0     0     0
--------------------------------------------------------------------------------
INFORMATION OF PROJECT 14:
#jobs  release  duedate
    52     0   134
#local resources
     2
R_L1   R_L2   
   119    15
jobnr.  dur.  r_G1  r_G2  r_L1  r_L2  #succ.  successors
     0     0     0     0     0     0    12     1    11    18    20    25    26    34    36    42    44    45    48
     1     1    14    10   119    15     6     2    14    19    40    41    43
     2     9    11    10   116    15     2     3    39
     3     8    11     2    68    15     1     4
     4     6    11     7    90    15     2     5    35
     5     2     4     6    64     3     3     6    32    33
     6     6    11    10   116    15     2     7    30
     7     7     4     0    16     5     1     8
     8     4     1     8    64     0     4     9    16    22    28
     9     5     4     2    42    12     2    10    39
    10     1     4     0    12     0     3    12    23    24
    11     6    12     1    55     6     5    21    22    27    29    37
    12     6     5     7    48     3     2    13    35
    13     1     7     0    23     0     1    15
    14     8     0     3    26     0     2    22    32
    15     7     1     1    12     0     2    17    24
    16     3    14    10   119    15     2    24    31
    17     5    10     3    33     6     1    21
    18     9     7     2    52     7     1    35
    19     3     5     0    55     0     1    51
    20     5     4     5    28     0     1    47
    21     7     0     4    38     1     1    51
    22     3     0     9     7     6     1    37
    23     1     4     0     2     0     1    51
    24     5     0     6    33     4     1    51
    25     1     4     0    60     9     1    51
    26     8     2     5    25     0     1    51
    27     5     3     0     3     0     1    51
    28     1    13     2    41     5     1    35
    29     6     5     9   103     7     1    51
    30    10     8     0    45     5     1    38
    31     1    11     4    82    10     1    39
    32     9     9     4    59     3     1    35
    33     1     2     0    29     4     1    50
    34     4     6     0     6    12     1    51
    35     8     1     7    41     1     1    51
    36     9     1     7    78     6     1    46
    37     4     0     9    59    10     1    51
    38     6     3     0     0     5     1    39
    39     5     9     2    49     5     1    51
    40     3     8     5    32     0     1    51
    41     9     9     7    77     3     1    51
    42    10    13     1    49    11     1    43
    43     4     5     0     0     3     1    47
    44     6     0    10    62    10     1    49
    45     3     0     4    20     9     1    47
    46     2    12     0    48     2     1    51
    47     2     5     3    22     7     1    51
    48     9    13     3    78    11     1    50
    49     3     6     3    30     5     1    51
    50     8     0     5    32     3     1    51
    51     0     0     0     0     0     0
--------------------------------------------------------------------------------
TRANSFER TIMES OF GLOBAL RESOURCE G1
 DEPOT    P1    P2    P3    P4    P5    P6    P7    P8    P9   P10   P11   P12   P13   P14
     0    26    24    19    26    15    23    19    12    20    22    14    21    20    15
    26     0    43    44    50    15    49    18    37    11    41    40    33    46    16
    24    43     0    16    36    38    26    28    23    41    40    23    44    20    28
    19    44    16     0    21    34    11    32    10    38    26    10    33     5    31
    26    50    36    21     0    36    11    45    16    40    13    14    24    17    41
    15    15    38    34    36     0    36    20    26     5    27    28    19    35    16
    23    49    26    11    11    36     0    40    12    41    20    10    30     7    37
    19    18    28    32    45    20    40     0    29    21    40    32    36    35     5
    12    37    23    10    16    26    12    29     0    30    17     3    23    10    27
    20    11    41    38    40     5    41    21    30     0    31    32    22    39    17
    22    41    40    26    13    27    20    40    17    31     0    17    12    23    36
    14    40    23    10    14    28    10    32     3    32    17     0    24     8    29
    21    33    44    33    24    19    30    36    23    22    12    24     0    31    32
    20    46    20     5    17    35     7    35    10    39    23     8    31     0    33
    15    16    28    31    41    16    37     5    27    17    36    29    32    33     0
--------------------------------------------------------------------------------
TRANSFER TIMES OF GLOBAL RESOURCE G2
 DEPOT    P1    P2    P3    P4    P5    P6    P7    P8    P9   P10   P11   P12   P13   P14
     0    29     2    22    16    18    17    28    32    25     9    19    24    33    25
    29     0    30    11    28    23    45    45     5    23    37    48    41    62    42
     2    30     0    23    15    18    15    29    33    25     8    19    25    32    23
    22    11    23     0    17    12    37    44    12    13    28    41    39    54    32
    16    28    15    17     0     6    26    44    29    11    17    31    39    43    15
    18    23    18    12     6     0    30    45    23     7    21    35    40    48    20
    17    45    15    37    26    30     0    30    48    37    10     6    27    18    25
    28    45    29    44    44    45    30     0    50    51    32    26     5    33    51
    32     5    33    12    29    23    48    50     0    22    40    51    45    65    43
    25    23    25    13    11     7    37    51    22     0    28    41    46    54    23
     9    37     8    28    17    21    10    32    40    28     0    14    28    27    20
    19    48    19    41    31    35     6    26    51    41    14     0    24    14    31
    24    41    25    39    39    40    27     5    45    46    28    24     0    33    47
    33    62    32    54    43    48    18    33    65    54    27    14    33     0    40
    25    42    23    32    15    20    25    51    43    23    20    31    47    40     0
--------------------------------------------------------------------------------
Additional Information: 
global resource strength = 0.2
transfer time factor = 0.5
adapted from RCPSP instances: 
[sD217, sD227, sD205, sD53, sD159, sD370, sD344, sD215, sD316, sD141, sD312, sD182, sD369, sD153]
