--------------------------------------------------------------------------------
PORTFOLIO INFORMATION:
#projects
    14
#global resources
     2
R_G1   R_G2   
   282   284
--------------------------------------------------------------------------------
INFORMATION OF PROJECT 1:
#jobs  release  duedate
    52     0    61
#local resources
     2
R_L1   R_L2   
    22    23
jobnr.  dur.  r_G1  r_G2  r_L1  r_L2  #succ.  successors
     0     0     0     0     0     0    20     1     2     3     5     6     8     9    11    12    14    15    16    18    19    20    28    29    30    48    50
     1     6     0     1     9     0     6     4    22    23    31    39    44
     2     9     0     2     0    10     5     7    13    23    41    46
     3     2     0     0     1     1     6    17    22    24    32    33    36
     4     5     9     0     9     7     5    10    34    37    42    47
     5     9     0     5     0     9     6    21    27    34    39    40    41
     6     3     0     0    19     3     6    21    31    33    37    38    45
     7     1    10     7     0    13     5    22    32    34    36    37
     8     7     1     0     0     4     5    23    33    34    35    45
     9     3     2     0     5     0     4    21    26    34    38
    10     3    10     0    18     0     4    21    33    40    43
    11     5     0     0     9     6     3    17    31    32
    12     6     0     0     9     5     3    22    33    34
    13     5     0     0     1     6     3    32    33    38
    14     5     4     0     7     0     3    31    36    44
    15     3     1     0     0     5     2    25    31
    16     7     2     0     0     4     2    24    41
    17     8     0     6    10     0     2    34    39
    18     9     0     0     7     7     2    36    40
    19     5     0     6     0    14     1    38
    20     8     0     9     1     0     1    31
    21     8     9     0     0     5     1    32
    22     9     2     9     0     0     1    35
    23     3     0     1     2     0     1    36
    24     7     0     1     0     7     1    31
    25     8     0     0     5     1     2    35    49
    26     6     8     0     1     9     1    33
    27    10     1     2     0     0     1    31
    28    10     1     1     0     0     1    42
    29    10     0     0     6     8     1    37
    30     8     1     0     0     2     2    31    34
    31     9     3     7     0     0     1    51
    32     2     8     3     0     4     1    51
    33    10     7     0     3     0     1    51
    34     3     4     0     1     0     1    51
    35     8     0     3     7     0     1    51
    36     1     0     8     0     4     1    51
    37     8     1     0     0     8     1    51
    38     6     0     0    10     8     1    51
    39    10     7     0     0     4     1    51
    40     7     5     0     6     0     1    51
    41    10     2     0     0     2     1    51
    42     4    10     0    10     0     1    51
    43     8     0     3     1     0     1    51
    44     7     7     0     0     2     1    46
    45     3    16     0     8     3     1    51
    46     3     0     9     0     2     1    51
    47     5     0     2     0     4     1    51
    48     5     0     0     2     8     1    51
    49     7     9     3     0     0     1    51
    50     9     0     0     7     1     1    51
    51     0     0     0     0     0     0
--------------------------------------------------------------------------------
INFORMATION OF PROJECT 2:
#jobs  release  duedate
    52     0   129
#local resources
     2
R_L1   R_L2   
    11    16
jobnr.  dur.  r_G1  r_G2  r_L1  r_L2  #succ.  successors
     0     0     0     0     0     0     9     1    23    29    30    33    35    36    40    44
     1    10     5     3     4     8     2     2    28
     2     5     4     3     0     9     5     3    25    26    27    50
     3     6    14    11    11    16     3     4    24    43
     4     5     8     4     7    11     2     5    46
     5     8     8     9     0     9     2     6    21
     6     6     5     0     1     8     4     7    20    26    32
     7     3     2     2     2    10     3     8    18    19
     8     2     8     1     3     2     2     9    17
     9     1    12     1     1     1     3    10    16    20
    10     9     4     5     0     0     2    11    39
    11     4     4     3     0     7     2    12    49
    12    10    12     7     0    15     2    13    41
    13     1     4     7    11     5     1    14
    14     2     6     2     5     0     1    15
    15    10    10     3     3     9     1    51
    16     4     0     0     3     0     1    51
    17     8     7     0     0    10     1    51
    18     1     5     0     3     6     1    47
    19     8     6     3     2     2     1    51
    20     8     6     0     0     7     1    22
    21     3     4     3     7     5     3    31    32    41
    22     1     2     8     4     2     1    37
    23     2     2     3    10    15     1    51
    24    10     7     9     3     0     1    51
    25     3     2     4    11     1     1    42
    26     9     8     3     8     1     1    51
    27     4     0    10     5     7     1    32
    28     7     0     7     5    10     1    32
    29     9     8     6    11     7     2    34    38
    30     4     0     4     7     0     2    32    47
    31     8     0     4     0     8     2    32    49
    32     6     6     8     0     0     1    51
    33     7     5     8     3     7     1    38
    34     6     5     7     0     1     1    51
    35    10     3     0     7     0     2    38    45
    36     8     1     0     4     0     1    50
    37     4     1     3     8     5     1    51
    38     6     4     1     2     0     1    39
    39     5     6     0     0     7     1    50
    40     8     0     0     7     8     2    41    47
    41     1    10     0     0     3     1    47
    42     4     5     8     0    14     2    47    49
    43    10     0     2     7     0     1    45
    44     8     4     6     9     8     3    45    46    48
    45     5     1     0     0     5     2    47    49
    46     5     9     8     0     2     1    51
    47     8     5     0     5     1     1    50
    48    10     0     0     0     7     1    49
    49     6     0     0     3     0     1    50
    50     1     0     8     0     1     1    51
    51     0     0     0     0     0     0
--------------------------------------------------------------------------------
INFORMATION OF PROJECT 3:
#jobs  release  duedate
    52     0   105
#local resources
     2
R_L1   R_L2   
    15    10
jobnr.  dur.  r_G1  r_G2  r_L1  r_L2  #succ.  successors
     0     0     0     0     0     0    12     1     2     4     7     9    10    11    15    18    21    23    49
     1     4     6     3     1     1     7     3    20    30    31    45    46    48
     2     3     1     0     7     2     6     5    20    40    41    42    45
     3     3     7     0     0     4     8     5     6    27    34    40    41    42    47
     4     2     0     4     5     0    10    16    20    25    34    36    39    40    41    42    46
     5     1     5     0     0     1     4     8    30    34    46
     6     8     8     1     0     2     5     8    28    43    44    48
     7     8     9     9     9     9     9    14    27    28    31    33    38    42    43    44
     8     4     0     6     0     3     5    12    17    35    37    39
     9     9    10     5     0     0     5    13    17    28    36    40
    10     9     0     1     2     0     6    16    34    38    40    43    45
    11    10     0     9     2     9     6    19    37    40    41    42    43
    12     3     4     1    10    10     2    16    36
    13     9     5     0     0     9     5    24    25    32    34    35
    14     8     1     0     0     9     4    29    34    36    37
    15     3     0     8    10     8     4    29    30    35    41
    16     8     5    10     0     0     3    22    32    35
    17     7     7     0     6     0     4    29    35    36    47
    18     2     0     1     6     9     4    19    26    32    48
    19     1     9     3    13     6     1    45
    20     1     7     1     3     0     2    32    35
    21     9     0     9     9     0     1    34
    22    10     1     0     7     0     1    24
    23     5     0     6    10     4     2    33    34
    24     6     9     1     0     0     1    26
    25     6     4     0     0     4     1    26
    26     4     6     0     0     2     1    33
    27     4     2     6     0     0     1    32
    28     9     0     0     6     0     1    37
    29     3     0     0     9    10     1    32
    30     7     0     1     8     0     1    51
    31     9     0     0     2     3     1    51
    32     6    10     0     0     3     1    41
    33     1     2     0     8     0     1    51
    34     3     6     0     0     1     1    51
    35     8    10     1    11     0     1    51
    36     3     7     1     0     0     1    41
    37     3     5     0     0     3     1    41
    38     9     0     8     6     0     1    51
    39     7     4     3     0     0     1    42
    40     4     0     3     6     7     1    43
    41    10     6     0     2     0     1    51
    42     2    13     5     0     0     1    51
    43     4     8     0     9     0     1    51
    44     4     2     7     0     0     1    47
    45     3     0     5    10     0     1    51
    46     6     4     0     4     0     1    48
    47     7    10     0     0     2     1    51
    48    10     0     1     0    10     1    51
    49     7     0     6     5     0     1    50
    50     6     3     6     0     0     1    51
    51     0     0     0     0     0     0
--------------------------------------------------------------------------------
INFORMATION OF PROJECT 4:
#jobs  release  duedate
    52     0   100
#local resources
     2
R_L1   R_L2   
    13    13
jobnr.  dur.  r_G1  r_G2  r_L1  r_L2  #succ.  successors
     0     0     0     0     0     0    16     1     2     3     4     5     6     7     8     9    10    11    12    13    14    17    18
     1     2     0     7     5     0     7    19    20    21    22    23    28    32
     2     3     3     0     3     0     7    15    19    20    21    22    35    49
     3     2     0     8     4     0     7    15    19    20    22    35    49    50
     4     8    10     2     0     0     7    15    23    27    28    32    35    50
     5     2     0     8     0     3     8    19    22    26    31    32    36    49    50
     6     4     8     4     0     0     7    16    22    26    28    32    35    48
     7     5     6     8     0     0     6    21    22    23    24    27    29
     8     4     4     0     2     0    10    22    23    25    26    27    29    33    36    49    50
     9     2     0     4     0    10     6    21    22    29    31    32    35
    10     6     7    10     0     0     8    22    25    33    35    36    48    49    50
    11    10     0     0     5     8     4    19    22    36    49
    12     5     0     9     9     0    12    30    33    34    35    41    42    45    46    47    48    49    50
    13     6     9     4     0     0     8    25    30    31    33    34    36    46    50
    14     7     6     0     0     9     6    22    29    33    35    48    49
    15     8     0     4     0     3     7    26    31    33    34    36    41    46
    16     8     0     3     0     6     6    25    29    33    34    46    47
    17     9     0     0     7     5    10    29    36    41    42    43    44    45    46    47    49
    18     5     4     1     0     0     7    27    30    32    34    44    46    49
    19     8     7     0    10     0     6    25    29    33    46    47    48
    20     7     0     0     6     1     6    26    31    33    36    41    46
    21    10    10     0     0     8     9    33    36    39    40    41    42    45    47    50
    22     4     8     0     0     6     8    30    34    38    41    42    44    46    47
    23     6     1     0     3     0     8    30    38    41    42    44    46    47    48
    24    10     0     0     9    10     6    28    37    39    41    42    48
    25     3    10     4     0     0     6    37    38    40    41    42    45
    26     7     6     0     4     0     6    37    39    40    43    45    47
    27    10     6     5     0     0     4    38    40    41    42
    28     8     4     3     0     0     3    36    43    49
    29     1     0     7     7     0     1    30
    30     9     0     7     2     0     3    37    39    40
    31    10     0     7    10     0     3    37    39    48
    32     3     0     1     6     0     3    42    43    45
    33    10     8     6     0     0     2    37    44
    34     5     9     0     4     0     2    37    43
    35     2     0     0     5     7     2    38    39
    36     9     0     0     5     7     1    38
    37     4     0     1     0     3     1    51
    38     5     0     9    10     0     1    51
    39     5     0     6     6     0     1    51
    40     7     9     0     6     0     1    51
    41    10     8     9     0     0     1    51
    42     2     2     0     1     0     1    51
    43     4     0     2     0     4     1    51
    44    10     0     9    10     0     1    51
    45     3     2     0     5     0     1    51
    46     7     3     0     0     5     1    51
    47    10     0     5     0     4     1    51
    48     9     5     0     0     8     1    51
    49     3     6     5     0     0     1    51
    50     4     3     0     8     0     1    51
    51     0     0     0     0     0     0
--------------------------------------------------------------------------------
INFORMATION OF PROJECT 5:
#jobs  release  duedate
    52     0   175
#local resources
     2
R_L1   R_L2   
   111   143
jobnr.  dur.  r_G1  r_G2  r_L1  r_L2  #succ.  successors
     0     0     0     0     0     0     8     1    16    18    19    21    23    34    40
     1     5   113   170   111   143     2     2     8
     2     5   113   170   111   143     1     3
     3     5   113   170   111   143     1     4
     4     1   113   170   111   143     1     5
     5     1    44    85    61   103     2     6    20
     6     1    38    69    60   122     3     7    22    33
     7    10   113   170   111   143     2     9    36
     8     6   113   170   111   143     4     9    26    32    35
     9     4    44    85    61   103     1    10
    10     4   113   170   111   143     1    11
    11     3   113   170   111   143     4    12    24    28    30
    12     9     4     6     5     4     2    13    45
    13     2    95    79    61    29     1    14
    14     7   113   170   111   143     3    15    31    48
    15    10     3     9     9    87     1    17
    16     9    69    85    50    40     4    22    25    26    38
    17     6     0     5     3     0     1    51
    18    10    63   133    64   129     1    51
    19    10    18    91    50    48     1    27
    20     5   109   164   106   139     1    51
    21     2    84   148   104   121     1    51
    22     3    80   148    99    56     1    46
    23     9    73   139    62   112     1    51
    24     2    85    73    53    25     1    51
    25     4    84   148   104   121     2    42    43
    26     1     7    39    12     4     1    51
    27     2   113   165   108   143     1    32
    28     4    18    75    49    16     6    29    37    42    43    44    45
    29     2    28     9    12    11     1    51
    30     1    50    37    46    14     1    42
    31    10    27    22     7    22     1    49
    32     3   109   161   102    56     1    45
    33     4    44    80    58   103     2    35    50
    34    10    29   124    61   102     1    51
    35     2    85   161    99    56     2    36    44
    36     2    18    69    48   114     1    39
    37     4    81   143    94   121     1    46
    38     3    75   101    51    21     1    39
    39     9   109   164   106   139     1    41
    40    10    58    95    58    56     1    41
    41     2    29    15     7     8     3    42    43    45
    42     3    58   139    92   110     1    46
    43     6    85   156    96    56     1    46
    44     1    27    56    38     9     1    49
    45     5   110   161   102    56     1    46
    46     2   113   165   108   143     1    47
    47     7    18    31    38    14     2    48    49
    48    10    40    31    47    14     1    51
    49    10    40    31    49    31     1    51
    50     8   113   170   111   143     1    51
    51     0     0     0     0     0     0
--------------------------------------------------------------------------------
INFORMATION OF PROJECT 6:
#jobs  release  duedate
    52     0    85
#local resources
     2
R_L1   R_L2   
    14    18
jobnr.  dur.  r_G1  r_G2  r_L1  r_L2  #succ.  successors
     0     0     0     0     0     0     7     1     6    10    16    37    48    49
     1     5    10     1     4    18     6     2    14    34    45    46    47
     2     2     3     0    10     7     8     3    13    23    39    40    41    42    43
     3     5    13     8    10    18     5     4    24    35    36    38
     4     6     5     0     0    12     9     5    21    25    26    27    30    31    32    33
     5     8     4     3     0     0     4     7    22    28    29
     6     1     9     0     0    10     6    11    19    21    22    24    27
     7     8     5     0     9     0     4     8     9    19    39
     8     4    10     0     1     4     3    11    20    27
     9     1     0     5     0     5     3    15    26    34
    10     4    10     6     0     1     4    24    25    31    34
    11     9     0     0     7     9     2    12    18
    12     8    10     0     4     0     1    17
    13     6     9     0     0     9     1    21
    14     6     0     2     4     0     1    23
    15     6    10     0     1     0     1    23
    16     1     3     0     0     0     1    44
    17     3     6     0     5     0     1    51
    18     6     0     8     0     2     1    51
    19     3     0     0     6     6     1    51
    20     4     0     4     3     0     1    51
    21     8     1     7    10    14     1    51
    22     1     0     7     1     9     1    51
    23     7     3     3     6     2     1    51
    24     5     0     9     5    13     1    51
    25     2     0     2    10     0     1    51
    26     2     3     0     4     1     1    41
    27     8     1     0     6     0     1    51
    28     2     0     0     8     2     1    34
    29     7     0     2     0     9     1    46
    30    10     0     5     0     9     1    51
    31     3     0     6     8     0     1    51
    32     6     8     0     3     0     1    51
    33    10     0     0     2    10     1    51
    34     7     0     4     5     0     1    35
    35     2     3     5     0     0     1    51
    36     6     5     0     0     5     1    51
    37     9     0     5     4     0     1    51
    38     7     5     0     0    10     1    51
    39     1     0     4     6     0     1    46
    40     1     0     3     2     0     1    51
    41     9     0     0     2     3     1    51
    42     2     0     5     6     0     1    51
    43     4     0    11     0    10     1    51
    44     2     6     0     0     1     1    51
    45     5     4     0     9     0     1    51
    46     4     0     2     8     0     1    51
    47     6     0     8     0     1     1    51
    48    10     8     4     0     0     1    51
    49     2     0    10    10     0     1    50
    50     8     0     3     3     0     1    51
    51     0     0     0     0     0     0
--------------------------------------------------------------------------------
INFORMATION OF PROJECT 7:
#jobs  release  duedate
    52     0    80
#local resources
     2
R_L1   R_L2   
    14    14
jobnr.  dur.  r_G1  r_G2  r_L1  r_L2  #succ.  successors
     0     0     0     0     0     0    14     1     2     3     4     5     6     7     8     9    11    12    17    23    32
     1     9     2     0     0     5     9    10    13    15    16    18    21    27    47    49
     2     4     9     0     4     0     9    14    15    16    19    26    27    37    44    47
     3     7     1     0     4     0    16    19    20    24    26    27    29    30    31    38    41    42    43    44    46    47    50
     4     7     1     0     0     5     9    15    18    19    22    26    28    44    45    46
     5     4     0     7     0     5    13    18    24    25    26    27    28    29    30    35    40    44    46    48
     6     7     0     0     4     2    10    16    19    24    27    31    39    42    43    47    49
     7     9     0     0     3     2     8    15    18    26    29    31    36    44    45
     8     8     8     8     0     0     8    14    20    21    26    29    38    41    45
     9     5     3     0     0     4     8    20    22    38    40    41    42    44    50
    10    10     0     0     3     6     7    19    30    38    42    44    46    48
    11     9     2     0     0     7    10    24    34    35    36    37    38    39    42    44    47
    12     4     0    10     6     0     5    19    20    34    39    44
    13     7     0     5     5     0     7    24    35    37    38    39    42    45
    14    10     2     0     4     0     6    24    25    34    35    40    46
    15     6     0     3     0     9     6    24    39    40    41    42    43
    16    10     0    10     0     2     6    28    33    34    40    41    45
    17     9    10     6     0     0     6    24    27    34    37    40    45
    18     6     0    10     9     0     5    37    38    39    41    43
    19     3     0     0     8     7     3    25    33    35
    20     9     0     0     2    10     3    33    35    36
    21    10     0     0     7     2     3    34    37    43
    22     3     5     8     0     0     2    34    35
    23     3     3     0     0     2     2    40    47
    24     1     0     9     0     9     1    33
    25     5     6    10     0     0     1    36
    26     5     0     4     6     0     1    33
    27    10     0     0     9     5     1    33
    28     6     0     4     5     0     1    38
    29     3     7     0     0     4     1    34
    30     8     0     2    10     0     1    39
    31    10     8     2     0     0     1    37
    32     4     0    10     0     2     1    37
    33     9     0     0     2     6     1    51
    34     8     1     0     4     0     1    51
    35     9     0     2     4     0     1    51
    36     7     0     8     0    10     1    51
    37     6     4     0     1     0     1    51
    38     3    10     0     0     3     1    51
    39     2     7     0     0     2     1    51
    40     5     5    10     0     0     1    51
    41     3     0     0     2     9     1    51
    42     8     7     1     0     0     1    51
    43     2     0     0     4     4     1    51
    44     4     0     0     4     6     1    51
    45     1     0     4     6     0     1    51
    46     2    10     0     0     1     1    51
    47     1     0     8     0     3     1    51
    48     4    10     7     0     0     1    51
    49     9     0     0     7     9     1    51
    50    10     0     5     0     3     1    51
    51     0     0     0     0     0     0
--------------------------------------------------------------------------------
INFORMATION OF PROJECT 8:
#jobs  release  duedate
    52     0   119
#local resources
     2
R_L1   R_L2   
    14    22
jobnr.  dur.  r_G1  r_G2  r_L1  r_L2  #succ.  successors
     0     0     0     0     0     0    11     1     4     5    10    12    17    22    23    25    35    48
     1     2     1     6     4    13     7     2    20    24    40    42    46    47
     2     2    13    22     5    14     4     3    11    37    40
     3     6     7    13    11     4     4     6    16    33    34
     4     2     6    12     0    10     4     9    14    40    41
     5     8     1     8     7     4     7     7    13    20    27    29    33    41
     6     6     6    12    10     8     5     9    20    29    30    44
     7     5     8    16     8     9     6     8    14    20    31    36    38
     8     2     3    16    10     0     6    18    28    31    32    33    43
     9     1     5     9     4     1     3    13    28    31
    10     2     1     7     0     0     5    11    13    19    27    32
    11     2     5     0     3     5     3    13    18    27
    12     4     0    10     9     0     4    26    27    32    44
    13     2     0    16     9     2     2    15    43
    14     7     6     8     0     0     3    32    33    44
    15     9     0     6     2     5     1    18
    16     3     6    10     7     0     2    24    38
    17     4     1    14    10     4     3    27    33    34
    18     3     0    12     8     6     4    19    21    30    39
    19     5     8    23     3     2     2    26    41
    20     3     0     3     1     3     1    51
    21     5     2     5     6    14     1    51
    22     9     4    31     1     3     1    39
    23     2     5     0     0     8     1    51
    24     5     0     8     3     0     1    42
    25     5     4    18     9     0     1    42
    26     9     0    14     6     8     1    51
    27    10     4     0     0     6     1    51
    28     6     9    15     7     9     1    51
    29     1     1     1    11     2     2    30    32
    30     4     1    14     0    16     1    51
    31     5     3     0     1     8     1    43
    32     2     0    19    10     8     1    38
    33     2     5    14    13     0     1    45
    34     7     3    10    13     8     1    43
    35     9     3    22     8    11     1    39
    36     4     0     3     8     8     1    51
    37     7    12    15     8     7     1    45
    38     8     9    11     4     4     2    45    49
    39     4    10     8     3     1     1    51
    40     4     1     4     0    13     1    44
    41    10    10     0     2     0     1    51
    42     2     0     0     4     2     1    45
    43     1     0     5     6    14     2    49    50
    44     5     8    13     8     0     2    45    49
    45     2     1     1     9     5     2    49    50
    46     3     6    24    10    10     1    51
    47     5     3     4     0     6     1    51
    48     8     6     9     8     9     2    49    50
    49     9     0     1     2     9     1    51
    50    10     9    10     0     6     1    51
    51     0     0     0     0     0     0
--------------------------------------------------------------------------------
INFORMATION OF PROJECT 9:
#jobs  release  duedate
    52     0   120
#local resources
     2
R_L1   R_L2   
    14    10
jobnr.  dur.  r_G1  r_G2  r_L1  r_L2  #succ.  successors
     0     0     0     0     0     0     7     1    11    36    42    45    48    49
     1     3    14   162    14    10     7     2    19    37    38    40    41    43
     2     3    10   159    14     6     2     3    39
     3    10     6   148     9     1     1     4
     4     3    14   162    14    10     2     5    35
     5     1     6    38     4     6     5     6    18    32    33    34
     6     4     2    28     1     0     5     7    20    29    30    31
     7    10    10   145     9     4     3     8    14    38
     8     4     6    38     4    10     5     9    16    25    28    44
     9     5     4    29     6     2     3    10    16    26
    10     3     4     0     2     0     1    12
    11     8     4    20    10     0     5    21    22    23    27    38
    12     5     6    38     1     7     1    13
    13     4    10    82    11     8     3    15    19    30
    14     3    11    32     2     3     1    51
    15     3     2     6     9     3     2    17    27
    16     2     0    24     0    10     3    24    28    47
    17     4     3    14     6     7     2    21    39
    18     5    11   148     7     3     2    20    21
    19     5     0    10    12     0     1    43
    20     4     4    11     0     0     1    51
    21     9     0    19     0     6     1    51
    22     8     4     3     0     4     1    51
    23     6     4    80     0     2     1    51
    24     1     0     9     5     3     1    51
    25    10     4    23     3     0     1    51
    26     2     5     9     0     2     1    46
    27     4     3     3     0     0     1    50
    28     7     8    19     0     2     2    39    50
    29     2     8    61     2     4     1    51
    30     8     8    14     1     0     1    33
    31     1     4   133     1     4     1    51
    32     4     8   128     6     4     1    51
    33     9     2     0     4     0     1    51
    34     4     0     6     3     6     1    38
    35     6    11   141     2     7     3    37    39    46
    36     9     0   130    10     7     2    43    46
    37     4     0    18    10     5     1    51
    38     3     3     0     0     4     1    51
    39     5    10   151    12     6     1    51
    40     6    14   143     4     1     2    43    50
    41     3    10    82     6     7     1    51
    42    10     6   124    10     0     1    51
    43     3     3     0     2     2     1    51
    44     7     1   137     9    10     1    51
    45     3     0    11     0     0     1    46
    46     6     8    22     0     0     1    51
    47     7     0    18     9     5     1    51
    48     6     8    14     5     3     1    50
    49     6     2     3     5     5     1    50
    50     1    10   139     9     6     1    51
    51     0     0     0     0     0     0
--------------------------------------------------------------------------------
INFORMATION OF PROJECT 10:
#jobs  release  duedate
    52     0   167
#local resources
     2
R_L1   R_L2   
   170   143
jobnr.  dur.  r_G1  r_G2  r_L1  r_L2  #succ.  successors
     0     0     0     0     0     0     8     1     8    16    18    21    23    34    40
     1     4   113   111   170   143     2     2    27
     2     6   113   111   170   143     2     3    43
     3     1   113   111   170   143     1     4
     4     2   113   111   170   143     3     5    19    20
     5     2    44    61    85   103     1     6
     6     1     2     3    19    28     3     7    20    27
     7     1   113   111   170   143     1     9
     8    10   111   108   151   115     2     9    22
     9     1    38    52    82   103     6    10    19    29    30    33    41
    10     8   113   111   170   143     2    11    44
    11     9   113   111   170   143     4    12    24    26    28
    12     2     4     5    10     8     2    13    42
    13     2    44    47    53    80     1    14
    14     2   113   111   170   143     3    15    31    48
    15     9    29    11    14    87     1    17
    16    10    69    50    85    40     1    28
    17     7     0     0     9     8     1    51
    18    10    73    67   119   129     1    51
    19     2    17    43    72    40     1    35
    20     6   109   106   160   135     1    25
    21     2   109   106   160   135     1    41
    22     9    73    71   131   119     1    50
    23    10    73    62   105   108     1    51
    24     1    38    41    73    63     1    46
    25     1   109   106   160   135     4    26    32    39    50
    26     1     0    12    32     0     1    45
    27     1   109   106   160   135     2    42    50
    28     5    38    52    78    35     3    37    42    45
    29     2    34    25    32    84     1    47
    30     2    40    43    51    14     1    35
    31     9    27    15     0    16     1    49
    32     5   109   106   160   135     2    42    45
    33     2    44    59    76    95     2    38    39
    34     2    86    84   128   115     1    46
    35     3   109   106   160   135     3    36    39    41
    36     2    24    28    51    52     3    37    42    45
    37     5    73    67   126   119     1    47
    38    10    89    83   119    91     2    39    41
    39     6   109   106   160   135     1    45
    40     5    75    59    88    40     1    42
    41     1    29    11     5    56     1    44
    42     4   113   111   161   135     1    46
    43    10    84   100   156    56     1    45
    44     1    79    86   138    56     1    46
    45     4   113   111   161   135     1    46
    46     2   113   111   161   135     2    47    48
    47     7    40    40    30    14     1    49
    48    10    40    44    35    14     1    51
    49    10    40    49    65    35     1    51
    50     6   113   111   170   143     1    51
    51     0     0     0     0     0     0
--------------------------------------------------------------------------------
INFORMATION OF PROJECT 11:
#jobs  release  duedate
    52     0    47
#local resources
     2
R_L1   R_L2   
    22    27
jobnr.  dur.  r_G1  r_G2  r_L1  r_L2  #succ.  successors
     0     0     0     0     0     0    14     1     2     4     6     7     8     9    10    14    16    23    34    35    36
     1     7     6     9     0     0     9     3    11    13    15    21    22    24    27    50
     2    10     4     0     0     2     3     5    12    17
     3    10     0     2     1     0    12    17    20    25    26    29    30    32    42    44    46    48    49
     4     2     2     5     0     0    10    18    26    29    32    33    40    42    44    48    49
     5     4     2     0     0     7    13    21    28    30    33    41    42    43    44    46    47    48    49    50
     6    10     0     0     6     3    12    20    29    30    33    42    43    44    45    46    47    48    50
     7     9     0     2     0     6     9    17    26    29    32    42    44    46    48    49
     8     6     4     3     0     0     7    17    28    30    42    44    47    48
     9     1     0     6     7     0     6    19    20    24    30    32    43
    10     2     0     3     0     7     8    25    28    32    37    40    42    43    44
    11     1     0     4     9     0     9    29    30    39    40    41    42    43    44    47
    12    10     7     0     8     0     6    20    25    31    38    43    45
    13     3     4     0     0     2     7    28    37    39    41    42    44    46
    14     1     8     6     0     0     5    25    29    30    40    43
    15     5     5     0     8     0     7    31    37    38    41    42    43    49
    16     2     0     3     3     0     5    21    42    43    44    46
    17     8     9     0     0     2     6    31    37    40    41    43    45
    18     5    10     0     0     7     6    30    38    41    43    46    47
    19     4     0     6     1     0     4    33    40    41    47
    20     3     0     7     0     2     3    37    40    41
    21     5     3     0     0     8     3    37    38    40
    22     7     0     8     7     0     3    37    40    49
    23     5     0     0    10     6     3    38    42    43
    24     1     3     0     0     5     2    29    42
    25    10     5     0     2     0     2    39    41
    26     9     4     0     0    10     2    37    39
    27     5     4     0     4     0     2    38    42
    28     3     0     1     2     0     1    29
    29     1     1     0     5     0     1    38
    30     8     0     0     2     4     1    37
    31     6     4     6     0     0     1    39
    32     6    10     4     0     0     1    45
    33     7     0     0    10     1     1    39
    34     6     0     4     0     5     1    42
    35     5     0    10     8     0     1    42
    36     7     2     0     6     0     1    40
    37     9     0    10     0     4     1    51
    38     8     0     9     0     4     1    51
    39     2     0     0     6    10     1    51
    40     4     8     0     2     0     1    51
    41     5     0     0     2     1     1    51
    42     5     0     7     4     0     1    51
    43     6     7     9     0     0     1    51
    44     7     0     8     0     8     1    51
    45     1     5     2     0     0     1    51
    46     7     4     0     0    10     1    51
    47     4     8     0     0     3     1    51
    48     9     2     0     0     8     1    51
    49    10     9     6     0     0     1    51
    50     6     0    10     3     0     1    51
    51     0     0     0     0     0     0
--------------------------------------------------------------------------------
INFORMATION OF PROJECT 12:
#jobs  release  duedate
    52     0   138
#local resources
     2
R_L1   R_L2   
   170    12
jobnr.  dur.  r_G1  r_G2  r_L1  r_L2  #succ.  successors
     0     0     0     0     0     0     6     1     8    16    20    22    23
     1     9   173   143   170    12     2     2    44
     2     1   173   143   170    12     1     3
     3     1   173   143   170    12     1     4
     4     3   173   143   170    12     1     5
     5     1   106   103    39    11     6     6    19    32    34    35    45
     6     4    13   100    66     0     2     7    33
     7     2   173   143   170    12     3     9    41    43
     8     8   152    19   100     7     5     9    27    30    39    45
     9     1   106   103    39    11     2    10    29
    10     3    62    45    39     7     5    11    25    26    29    30
    11     4    59    19    53     9     3    12    21    31
    12     8    13    12    16     0     2    13    46
    13     1     8     7    30     1     2    14    18
    14     2    11    18    67     3     1    15
    15     8    31    73    14     4     1    17
    16    10    67    40   131     1     1    39
    17    10     0     3     9     0     1    51
    18    10     8    36     0     3     1    51
    19     2    12    73     9     1     1    43
    20     8    59    89    83     5     2    35    42
    21     6    97    50    97     2     3    24    32    46
    22     9   128   112    63     7     1    51
    23     9   111    98   117     2     3    27    37    40
    24    10    12     4     9     5     1    48
    25     7   142    67   152     6     2    37    42
    26     8     0     0     4     1     2    28    31
    27    10   173   143   170    12     1    51
    28     6    12     1    40     1     1    32
    29     8     6    41    38     2     1    51
    30     1     0    68    45     3     3    35    38    42
    31     7     1    22     1     0     2    49    50
    32     1   114    29    38     2     1    46
    33     5    58    58    43     9     1    36
    34     6   142   121   139     6     1    48
    35     1   108     6     0     5     1    51
    36     1    21   124    70     2     1    41
    37     1    76    47    71     0     1    42
    38     1   140    42    25     5     1    51
    39    10   154   134   157    11     1    51
    40    10   160    43   104    12     2    41    42
    41     1    20    41   122     0     1    42
    42     7   114   121    67     2     1    46
    43     1    13    19    43     5     1    46
    44     9    59    22   103     8     3    45    47    48
    45     2    45    70   150     7     1    51
    46     5   153   121   103     6     2    47    48
    47     9    19     9    13     0     2    49    50
    48     8    32    20    38     6     2    49    50
    49     2    45    28    72     4     1    51
    50     7    45    28    98     4     1    51
    51     0     0     0     0     0     0
--------------------------------------------------------------------------------
INFORMATION OF PROJECT 13:
#jobs  release  duedate
    52     0   101
#local resources
     2
R_L1   R_L2   
    12    14
jobnr.  dur.  r_G1  r_G2  r_L1  r_L2  #succ.  successors
     0     0     0     0     0     0    14     1     2     3     4     5     6     7     8     9    11    13    18    19    24
     1     4     2     1     0    10     8    10    12    20    23    27    28    29    31
     2     8     0     0     4    10     9    10    14    20    23    25    26    28    29    50
     3     8     1     0     9     0    10    20    21    27    29    30    31    33    37    47    49
     4     4     3     0    12     1    11    16    27    30    32    33    36    37    46    47    49    50
     5     1     0     4     9     0     7    17    22    26    27    35    46    48
     6     1     0     8     6     9     6    15    20    29    30    36    47
     7     5     9     0     7     0     8    15    26    27    29    32    36    39    47
     8     6     8     1     0     9     8    15    26    30    32    34    35    39    47
     9     3    10     7     0     6     6    22    35    38    46    47    49
    10     5     0     0    10     4    11    30    32    33    35    36    37    38    45    46    48    49
    11     7     7     4     0     2     4    20    30    34    37
    12     4     2     0     3     1     7    30    32    33    35    39    47    49
    13     4     2     0     5    10     7    27    30    32    36    38    46    47
    14     8     0     0    10     6     8    32    33    36    38    44    45    46    47
    15     3     0     9     3     0     7    33    37    38    44    45    46    49
    16     8     0     0     5     2     7    34    38    39    41    44    45    48
    17     9     1     0     0     3     3    30    47    49
    18     4    10     3     0     0     4    31    44    45    47
    19    10    10     1     1     1     3    23    30    36
    20     4     0     0     3     6     7    32    35    39    42    43    46    48
    21     6     4     4     0     0     7    34    36    42    44    45    46    48
    22     7     5     0     0     8     3    32    33    43
    23     8     0    10     4     0     7    37    40    41    42    44    47    48
    24     8     0     2     4     0     6    32    42    44    46    47    48
    25     2     7     7     0     0     5    41    42    43    44    46
    26     3     0     7     0     9     5    37    40    41    42    44
    27     8     0    10     1     3     5    34    35    41    42    45
    28     6     0     1     0     7     4    32    36    38    48
    29     5     0    10     7     0     5    41    42    44    45    46
    30    10     0     9     4     0     4    40    41    42    44
    31     2     9     0     1     0     4    40    41    42    48
    32     1     2     0     4     0     2    40    41
    33     2     0     9     2     0     2    40    41
    34     7     0     0     1     3     2    40    43
    35     2     0     1     4    10     2    40    41
    36     3     0     7     0     6     1    51
    37     3     3     1     0     0     1    43
    38    10     1     0     0     3     2    42    47
    39     2     3     0     7     3     1    40
    40    10     6     7     2    10     1    47
    41     9     0     4     5     2     1    51
    42    10    10     0     1     0     1    51
    43     1     0     7     1     1     1    51
    44     9     0     4    10     0     1    47
    45     3     4     6     1     0     1    51
    46     1     7     4     2     7     1    51
    47     6     0     3     7     8     1    51
    48     4     0    10     5     6     1    51
    49     1     0    10    10     0     1    51
    50     9     0     3     0     4     1    51
    51     0     0     0     0     0     0
--------------------------------------------------------------------------------
INFORMATION OF PROJECT 14:
#jobs  release  duedate
    52     0   135
#local resources
     2
R_L1   R_L2   
   173   143
jobnr.  dur.  r_G1  r_G2  r_L1  r_L2  #succ.  successors
     0     0     0     0     0     0     6     1     8    20    22    23    44
     1     5   170    12   173   143     2     2    16
     2     2   170    12   173   143     1     3
     3     1   170    12   173   143     2     4    27
     4    10   170    12   173   143     1     5
     5     2    39    11   106   103     6     6    19    32    34    35    45
     6     4    66     0    13   100     2     7    33
     7     6   170    12   173   143     3     9    30    43
     8     9   100     4   148    19     4     9    38    41    45
     9     1    39    11   106   103     3    10    28    29
    10     3    39     7    62    45     5    11    25    26    27    30
    11     4    53     9    59    19     3    12    21    31
    12     9    16     0    13    12     2    13    46
    13     1    30     1     8     7     3    14    18    50
    14     2    67     1    10    12     2    15    35
    15     8    14     4    31    73     1    17
    16     9   131     1    67    40     1    39
    17    10     9     0     0     7     1    51
    18    10     0     3     6    36     1    51
    19     2     9     3    12    73     1    42
    20    10    83     5    59    90     1    42
    21     6    97     2   107    50     2    24    32
    22     9    63     7   128   112     1    51
    23     9   117     2   111    98     3    27    37    40
    24     6     9     5    12     4     2    31    48
    25     7   152     6   142    63     2    37    42
    26     6     4     1     0     0     2    28    37
    27     1   170    12   173   143     1    51
    28     6    40     3    12     1     1    32
    29     8    38     2     6    41     1    31
    30     1    48     4     0    68     2    38    42
    31     3     1     0    10    22     1    49
    32     1    38     2   114    29     1    46
    33     5    43     7    53    57     2    34    36
    34     6   139     6   142   121     1    51
    35     1     0     5   118     6     1    51
    36     1    70     1    25   124     1    41
    37     2    71     3    97    26     1    42
    38     1    25     5   141     5     3    42    47    48
    39     2   157    11   173   136     1    42
    40    10   104    12   160    43     2    41    42
    41     1    67     6     3    43     1    42
    42     8    67     3   114   121     1    46
    43     1    43     5    13    19     1    46
    44     9   103     8    59    22     2    45    48
    45     2   122     7    26    70     1    49
    46     7    94     6   151   121     2    47    48
    47     5    13     0    19     9     1    50
    48     8    31     6    31    20     2    49    50
    49     1    72     4    45    24     1    51
    50     7    98     4    45    24     1    51
    51     0     0     0     0     0     0
--------------------------------------------------------------------------------
TRANSFER TIMES OF GLOBAL RESOURCE G1
 DEPOT    P1    P2    P3    P4    P5    P6    P7    P8    P9   P10   P11   P12   P13   P14
     0    11    10    12    11     8     5     9    14     8    10     7    13     4     6
    11     0     4    17     1    19    15    16    17    18     5    15    18     8    10
    10     4     0    14     4    17    15    17    20    17     2    13    15     8    11
    12    17    14     0    17    11    15    20    26    12    12     7     2    14    17
    11     1     4    17     0    18    15    15    17    18     6    15    19     8     9
     8    19    17    11    18     0     7    13    19     2    16     6    11    12    13
     5    15    15    15    15     7     0     6    12     6    14     9    16     8     8
     9    16    17    20    15    13     6     0     7    12    16    14    21    10     7
    14    17    20    26    17    19    12     7     0    18    20    20    27    13    10
     8    18    17    12    18     2     6    12    18     0    16     6    12    11    12
    10     5     2    12     6    16    14    16    20    16     0    11    14     8    11
     7    15    13     7    15     6     9    14    20     6    11     0     7     9    12
    13    18    15     2    19    11    16    21    27    12    14     7     0    15    18
     4     8     8    14     8    12     8    10    13    11     8     9    15     0     4
     6    10    11    17     9    13     8     7    10    12    11    12    18     4     0
--------------------------------------------------------------------------------
TRANSFER TIMES OF GLOBAL RESOURCE G2
 DEPOT    P1    P2    P3    P4    P5    P6    P7    P8    P9   P10   P11   P12   P13   P14
     0    11    11     1    11     5    13     9    10    13    10     5    10    13    10
    11     0    13    11    10     7    12    18    18    14    20    15    17    19    20
    11    13     0    11    19    10     4    10    21     3    18    11     8    23    18
     1    11    11     0    11     5    13     9    10    13    10     5     9    13    10
    11    10    19    11     0    10    20    20    11    21    17    15    20    12    17
     5     7    10     5    10     0    11    12    13    12    14     8    12    15    14
    13    12     4    13    20    11     0    14    23     3    21    13    11    25    21
     9    18    10     9    20    12    14     0    16    12    10     5     3    18    10
    10    18    21    10    11    13    23    16     0    23     9    12    17     3     9
    13    14     3    13    21    12     3    12    23     0    20    13    10    25    20
    10    20    18    10    17    14    21    10     9    20     0     8    12    11     0
     5    15    11     5    15     8    13     5    12    13     8     0     6    14     8
    10    17     8     9    20    12    11     3    17    10    12     6     0    20    12
    13    19    23    13    12    15    25    18     3    25    11    14    20     0    11
    10    20    18    10    17    14    21    10     9    20     0     8    12    11     0
--------------------------------------------------------------------------------
Additional Information: 
global resource strength = 0.2
transfer time factor = 0.2
adapted from RCPSP instances: 
[sD58, sD108, sD76, sD24, sD373, sD48, sD31, sD202, sD178, sD358, sD3, sD303, sD53, sD277]
