--------------------------------------------------------------------------------
PORTFOLIO INFORMATION:
#projects
    14
#global resources
     2
R_G1   R_G2   
   563   574
--------------------------------------------------------------------------------
INFORMATION OF PROJECT 1:
#jobs  release  duedate
    52     0   115
#local resources
     2
R_L1   R_L2   
    14    22
jobnr.  dur.  r_G1  r_G2  r_L1  r_L2  #succ.  successors
     0     0     0     0     0     0    10     1     4     5    12    17    22    23    25    35    48
     1     2     5     7     2    13     6     2    24    40    42    46    47
     2     2     3    20    13    14     5     3    11    37    40    47
     3     4    11    26    13    12     4     6    10    16    34
     4     2     0    16     4    10     1    51
     5     8     7     6     1     4     7     7    13    27    29    33    36    41
     6     9    11    11     6     8     6     9    11    29    30    34    44
     7    10     9    15     8     9     6     8    14    20    30    31    36
     8     2    10    16     3    14     6    18    28    31    32    33    43
     9     1     4     9     5     1     3    13    28    31
    10     5     0     7     1     7     5    11    13    19    27    32
    11     1     5     0     5     5     2    18    27
    12     3     9    10     0     0     7    20    26    27    29    32    44    47
    13     2     9    16     1     2     2    15    20
    14     7     0     8     6     0     4    20    32    33    44
    15     9     2     5     0     7     1    18
    16     1     7    19     6     0     1    20
    17     4     8    17     1     4     3    27    33    34
    18     3     9     2     0     6     3    19    21    39
    19     5     4    23     8     2     2    26    41
    20     1     1    13     6    10     1    44
    21     5     6     5     2    11     1    51
    22     9     1    31     3     8     1    39
    23     2     0     0     5     8     1    32
    24    10     3     6     0     0     1    51
    25     5     9    21     4     0     1    42
    26     9     6    13     0     8     1    51
    27     1     0     0     4     6     1    43
    28     6     7    10     9     9     1    51
    29     1    11     1     4     2     1    32
    30     3     0    12     1     7     1    43
    31     4     1     0     3     1     2    38    43
    32     2    10    19     0     8     2    38    42
    33     1    13     9     2     2     1    51
    34     7    13     8     3     8     1    43
    35     9     8    22     2    11     1    39
    36     5     8     3     0     8     1    51
    37     5     8     7    12     8     1    45
    38     8     4    11     9     3     1    45
    39     3     3     7    10     1     1    51
    40     7     0     5     1    10     2    44    47
    41    10     2     0     7     0     1    51
    42     2     5    13     1    18     1    45
    43     2     2     4     0    14     2    49    50
    44     4     7    14     8     0     1    45
    45     2     9     1     2    14     2    49    50
    46     2    11    25    13    13     1    51
    47     9     0     4     1     6     1    51
    48     9     8     8     6     9     2    49    50
    49    10     2     1     1     9     1    51
    50     9     0     9    11     6     1    51
    51     0     0     0     0     0     0
--------------------------------------------------------------------------------
INFORMATION OF PROJECT 2:
#jobs  release  duedate
    52     0    78
#local resources
     2
R_L1   R_L2   
    14    16
jobnr.  dur.  r_G1  r_G2  r_L1  r_L2  #succ.  successors
     0     0     0     0     0     0     9     1     2     3     4     5    11    13    15    21
     1     1     8     0     0    10     8     7    10    14    16    17    20    22    24
     2     4     9     0     0     5     5     6    14    16    25    29
     3     5     0     7     0     1     7    12    16    20    22    24    30    39
     4     6     9     0     0     2     3     9    22    24
     5     7     0     0     7    10     6    16    18    22    25    32    37
     6     5     0     0    10     2     5    12    19    20    38    50
     7     9     0     0     3    10     2     8    37
     8     3    10     0     2     0     2     9    28
     9     1     0     8     0     5     3    12    25    32
    10     1    10     0     4     0     3    12    34    50
    11     1     0     0     3     5     7    22    27    30    32    35    37    48
    12     9     3     1     0     0     5    18    27    36    48    49
    13     8     0     0     3     6     3    18    19    37
    14     6     0     0     9     1     7    23    28    30    37    39    42    45
    15     1     1     0     4     0     9    26    30    34    36    41    44    45    46    47
    16     7    10     0     2     0     4    19    41    46    47
    17     9     5     2     0     0     6    27    28    33    46    47    50
    18     7     0     4     0     4     5    23    31    41    42    45
    19     6     0     3     0     8     4    26    27    43    45
    20    10     0     3     3     0     5    32    35    37    46    47
    21    10     0     3     0     3     5    35    36    38    39    44
    22     6     6     0     3     0     5    38    41    45    49    50
    23     3     3     0     0     4     4    33    43    46    47
    24     3     1     0     0     9     3    28    35    45
    25     3     4     5     0     0     4    35    42    46    48
    26     3     8     0     3     0     2    33    42
    27     9    10     0    10     0     3    40    42    44
    28     6     7     0     5     0     3    40    41    43
    29     3     9     4     0     0     3    40    41    50
    30     8     4     3     0     0     1    31
    31     2     1     0     0    10     2    40    43
    32     7     0     0     9     8     2    40    42
    33     8     6     0     0     5     1    35
    34     1     8     0     7     0     1    35
    35     9     0     4     4     0     1    40
    36     8     0     0     3     3     1    40
    37    10     7     9     0     0     1    44
    38     7     4     0     6     0     1    40
    39     3     0     5     0    10     1    41
    40     4     0     0    10     5     1    51
    41     9     0     8     2     0     1    51
    42     5     0     0     6     5     1    51
    43     5     0     2     7     0     1    51
    44     4     2     0     5     0     1    51
    45     3     9     8     0     0     1    51
    46     9     3     0     0     6     1    51
    47     5    10     0     0     1     1    51
    48     3     4     0     6     0     1    51
    49     7     9     0     0     2     1    51
    50     3     9     0     7     0     1    51
    51     0     0     0     0     0     0
--------------------------------------------------------------------------------
INFORMATION OF PROJECT 3:
#jobs  release  duedate
    52     0    65
#local resources
     2
R_L1   R_L2   
    16    16
jobnr.  dur.  r_G1  r_G2  r_L1  r_L2  #succ.  successors
     0     0     0     0     0     0    26     1     2     4     5     6     8     9    10    11    12    13    14    15    19    20    21    41    42    43    44    45    46    47    48    49    50
     1     9     8     0     3     0     4     3    17    23    40
     2     3     7     6     0     0     7    16    22    23    24    29    32    37
     3     5     0     3     2     0     3     7    24    27
     4     9     3     0     0     4     6    22    23    24    28    31    39
     5     9     4     0     0     4     5    22    23    30    34    38
     6     6     0     6     4     0     4    22    23    33    36
     7     3     3     0    10     0     3    16    22    26
     8    10     0     5     7     0     2    18    30
     9     2     8     0     5     0     2    29    32
    10     4     3     2     0     0     2    22    23
    11     2     5     1     0     0     2    24    29
    12     1     0     8     4     0     2    22    34
    13     9     7     0     0    10     2    26    33
    14     5     0     0     2     6     2    24    31
    15     8     8     0     0     3     1    17
    16     1     0     0     2     6     1    25
    17     5     0     7     1     0     1    28
    18     1     2     0     2     0     1    27
    19     9     0     0     4     6     1    35
    20     8     0     0     1     3     1    23
    21     3     0     8     7     0     1    23
    22     3     2     2     0     0     1    51
    23     7     5     0     0     9     1    51
    24     7     0     0     9     8     1    51
    25     2     0     6     0     8     1    51
    26     9     0     0     3     1     1    51
    27     5     3     0     0    10     1    51
    28     6     2     2     0     0     1    51
    29     5    10     6     0     0     1    51
    30     8     8     0     0     1     1    51
    31     5     0     0     8     9     1    51
    32     1     0     7     0     5     1    51
    33    10     0     0     2     3     1    51
    34     8     6     0    10     0     1    51
    35     9     9     0     0     2     1    51
    36     2    10     0     0     7     1    51
    37     9     0     0    10     3     1    51
    38    10     3     0     0     2     1    51
    39     6     2     0     8     0     1    51
    40     5     3     0     0     1     1    51
    41     9     0     0     5     9     1    51
    42     6     4     0     0     3     1    51
    43     3     0    10     0     2     1    51
    44     8     5     0     5     0     1    51
    45    10     0     0     8     1     1    51
    46     4     0     0     3     4     1    51
    47     9     0     0     7     7     1    51
    48     9     0     3     0     6     1    51
    49     4     0     0     9     4     1    51
    50     7     6     7     0     0     1    51
    51     0     0     0     0     0     0
--------------------------------------------------------------------------------
INFORMATION OF PROJECT 4:
#jobs  release  duedate
    52     0   128
#local resources
     2
R_L1   R_L2   
    18   151
jobnr.  dur.  r_G1  r_G2  r_L1  r_L2  #succ.  successors
     0     0     0     0     0     0     7     1     3     6    12    18    25    49
     1     4   107   110    13   133     3     2    43    47
     2     4   107   110    13   133     1     4
     3     4    12     5     5    18     1     4
     4     1    28    16     6    58     3     5    38    40
     5     4   119   115    18   151     1     7
     6     1   119   115    18   151     3     9    36    48
     7     7   119   115    18   151     1     8
     8     1    28    16    11    59     1     9
     9     1    32    52     6    18     4    10    14    16    35
    10     9    28    16    11    59     4    11    34    37    41
    11    10    76    83    15    88     3    13    30    37
    12    10    91    99     7    92     6    17    21    22    23    29    41
    13     1    89    73     8   124     3    15    28    43
    14     1    19     5     0    10     1    22
    15     2    45    52    14    18     4    17    22    26    42
    16     1     9    52     0     7     2    22    37
    17     7    99    87    14   111     3    19    44    45
    18     7    87    63     7   124     1    24
    19     8    22    50    12     7     3    20    27    30
    20     5    19    21     2     7     1    50
    21    10    99    63     8   143     1    51
    22     2     9    55     1     7     4    30    39    47    50
    23     7    91    63    12    93     4    26    28    36    37
    24     5    65    85    16   133     5    26    32    33    38    40
    25    10    65    63     4   133     2    45    50
    26     2    17    40    10    34     2    31    39
    27     1    44    33     5   110     1    36
    28     7    54    30     2    18     2    30    33
    29    10    55    55    12    36     3    38    46    48
    30     3    32    43    11    18     1    43
    31     5    22    49    11    41     1    43
    32     1    78    71     5    92     1    51
    33     2    12    22     4     8     1    42
    34     3     4    49    10    70     2    36    45
    35     9    43    32     0    63     1    51
    36     3    14    37     9    70     1    51
    37     5    30    42    10    27     1    51
    38     1    26    39    12    92     2    39    50
    39     3   107    89    14   117     1    45
    40     2    96    23     8    70     1    46
    41     4     1    23     3    18     1    51
    42     5    13    13     3    40     2    44    47
    43     2    23    59     1    81     1    51
    44    10     2     5     1    34     1    47
    45     9    12    18    10     7     1    48
    46     1    20     1     2     0     1    51
    47     4    25    30     3    10     1    51
    48     2    35    21     6    31     1    51
    49     9    82    49     3   110     1    50
    50     6    12    26     4     8     1    51
    51     0     0     0     0     0     0
--------------------------------------------------------------------------------
INFORMATION OF PROJECT 5:
#jobs  release  duedate
    52     0    68
#local resources
     2
R_L1   R_L2   
    14    12
jobnr.  dur.  r_G1  r_G2  r_L1  r_L2  #succ.  successors
     0     0     0     0     0     0    18     1     4     6     7     8    10    11    13    17    21    22    23    24    25    47    48    49    50
     1     5     2     0     9     0     5     2    39    40    42    44
     2     7     0     3     7     0     3     3    30    36
     3     1     0     0     1     1     4     5    15    33    37
     4    10     0     3     4     0     7     9    28    29    40    41    43    46
     5     6     9    10     0     0     5     9    27    28    29    31
     6     7     6     0     0     7     6    14    20    28    33    35    41
     7    10     0     2     0     9     5    18    29    30    33    43
     8     6     0     2     8     0     5    16    27    35    36    45
     9    10     5     2     0     0     2    12    32
    10     5     0     1     7     0     4    19    27    31    35
    11     4     5     0     1     0     3    19    27    31
    12     3     9     0     0     8     1    14
    13     3     1     0     6     0     3    27    30    38
    14     1     0     0    10    10     1    18
    15     3     1     0     7     0     2    26    34
    16     3     0     3     0     2     2    29    30
    17     6     0     5     5     0     2    27    28
    18     9     4     0     4     0     1    19
    19     2     0     0     6     5     1    26
    20     5     4     0     3     0     1    27
    21    10     7     0     0     5     1    28
    22     8     0     3     2     0     1    27
    23     4    10     0     6     0     1    42
    24     5     6     3     0     0     1    39
    25    10     8     0     1     0     1    38
    26     9     0     4     4     0     1    51
    27     1     0     7    10     0     1    51
    28     3     5     0     0     7     1    51
    29    10     0     7     0     4     1    51
    30     5     5     0     0     6     1    51
    31     8     0     2     0     7     1    51
    32    10    10     0     0     3     1    51
    33     1     9     9     0     0     1    51
    34     1     5     0     0    10     1    51
    35     2     0     6     0     4     1    51
    36     7     0     7     3     0     1    51
    37     4     1     0     0     7     1    51
    38     8     0     0     1     5     1    51
    39     7     4     0     9     0     1    51
    40    10     0    10     5     0     1    51
    41     6     7     1     0     0     1    51
    42     3     1     0     9     0     1    51
    43    10     3     9     0     0     1    51
    44     8     0     0     9     8     1    51
    45     5     0     1     0     4     1    51
    46     1     5     0     5     0     1    51
    47    10     0     4     0     3     1    51
    48     3     0     4     0    10     1    51
    49     6     1     2     0     0     1    51
    50     4     5     0     0     2     1    51
    51     0     0     0     0     0     0
--------------------------------------------------------------------------------
INFORMATION OF PROJECT 6:
#jobs  release  duedate
    52     0   146
#local resources
     2
R_L1   R_L2   
    12   143
jobnr.  dur.  r_G1  r_G2  r_L1  r_L2  #succ.  successors
     0     0     0     0     0     0     7     1     8    16    22    23    26    44
     1     4   173   170    12   143     3     2    20    45
     2     1   173   170    12   143     1     3
     3     5   173   170    12   143     1     4
     4     1   114    68     4   125     1     5
     5     6   106    39     8   103     5     6    32    34    37    45
     6     4    13    66     0   100     3     7    19    33
     7     4   173   170    12   143     4     9    30    38    43
     8     9   148   100     9    19     7     9    30    31    38    39    40    41
     9     2   106    39     8   103     3    10    28    29
    10     6    62    60    10    48     3    11    25    39
    11     2    59    59     8    19     2    12    21
    12     9    12    16     2    12     1    13
    13     1    59    39     8   101     3    14    18    38
    14     3    20    67     1    18     2    15    35
    15     9    31    11     4    87     1    17
    16    10    67   131     4    40     1    50
    17    10     0     9     0    19     1    51
    18    10     6     0     3    36     1    51
    19     1    12     8     1    54     2    36    48
    20     8    59    83     5   101     1    42
    21     6    95    96     2    50     4    24    30    35    46
    22     9   128    63     6   112     1    51
    23     8   111   110     2    95     1    27
    24     5    20    13     5     4     3    46    47    48
    25     9   142   153     7    53     3    37    39    42
    26     9    62    47     3   127     1    51
    27     6   173   170    12   143     2    32    38
    28     7    13    40     0     1     2    32    42
    29    10     6    38     2    41     1    31
    30     1     0    25     0    84     1    38
    31     2    13    28     0    59     2    49    50
    32     1   114    40     2    42     2    35    46
    33     5    53    18     7    57     2    35    36
    34     8   142   139     6   120     1    51
    35     6    12     1     5     6     1    51
    36     3    25    70     3   124     2    41    42
    37     2    48    71     3    26     1    48
    38     1    10     5     5    14     1    48
    39     4   154   157    12   134     1    51
    40     8   160   104    12    43     2    41    42
    41     1    78    67     2     0     1    42
    42     5   114    68     2   121     1    46
    43     1    13    50     3    19     1    46
    44    10    59   102     8    18     2    46    48
    45     5   142   159     6    56     3    46    47    48
    46     9   153   103     7   118     3    47    48    49
    47     9    19    13     0     9     1    51
    48     8    26    31     6    12     1    50
    49     2    45    26     4    12     1    51
    50     7    45    98     3    12     1    51
    51     0     0     0     0     0     0
--------------------------------------------------------------------------------
INFORMATION OF PROJECT 7:
#jobs  release  duedate
    52     0   168
#local resources
     2
R_L1   R_L2   
   173   170
jobnr.  dur.  r_G1  r_G2  r_L1  r_L2  #succ.  successors
     0     0     0     0     0     0     6     1     8    20    22    23    34
     1     4    12   143   173   170     2     2    44
     2     8    12   143   173   170     1     3
     3     7    12   143   173   170     3     4    26    27
     4     7    12   143   173   170     3     5    26    39
     5     4    12   143   173   170     2     6    32
     6     5     2   125    25    70     2     7    33
     7     2    12   143   173   170     2     9    30
     8     8    10    18   148   100     6     9    16    26    38    40    41
     9     8    12   143   173   170     4    10    19    29    43
    10     9     7    42    66    86     4    11    26    28    30
    11    10     9    19    62    44     3    12    21    25
    12     5     2    16    12    20     2    13    46
    13     1     8    10    58    32     2    14    18
    14     1     1     6    10    67     1    15
    15    10     4    87    31    16     1    17
    16    10     3    56   142   101     1    51
    17     8     0    19     0     9     1    51
    18    10     4    47     1     0     1    51
    19     2     0    57    85    58     1    42
    20    10     4   101    87    84     3    33    38    39
    21     6     3    27    65    96     2    24    46
    22    10     7   112   128    63     1    51
    23    10     2   119   111    17     4    27    30    39    45
    24     8     4     4    12     9     2    35    48
    25     6     6    55   142    67     3    32    37    42
    26     4     2     0     0     4     1    49
    27     1    10   143   173   166     1    51
    28    10     0     5    10    61     1    47
    29     6     2    41     6    38     1    31
    30     2     2    55   139    81     1    42
    31     5     0     3     4    64     1    50
    32     2     4    40    86    41     1    46
    33     5     8    63    76    39     2    36    37
    34     9     4    99    61   139     1    49
    35     2     4     6     1     0     1    51
    36     3     1   124    25    70     1    41
    37     2     3    50    81    10     1    48
    38     1     9    74    88   144     1    48
    39    10    10   143   173   166     1    51
    40     8     8    77   163   106     4    41    42    43    47
    41     1     5    40   107    22     1    42
    42     5     3   117   114    68     1    46
    43     2    10    19    76    26     1    46
    44    10     9    26    59   102     1    48
    45     7     6    68   160   144     1    46
    46    10     7   118   151    94     1    48
    47     6     0     9     4    13     2    48    49
    48     8     4    44   112    31     2    49    50
    49     3     0    12    45    56     1    51
    50     7     4    12    45    98     1    51
    51     0     0     0     0     0     0
--------------------------------------------------------------------------------
INFORMATION OF PROJECT 8:
#jobs  release  duedate
    52     0   133
#local resources
     2
R_L1   R_L2   
   119   151
jobnr.  dur.  r_G1  r_G2  r_L1  r_L2  #succ.  successors
     0     0     0     0     0     0     7     1     3    12    18    25    29    49
     1     3    17   110   115   133     2     2     6
     2     5    17   110   115   133     1     4
     3     5     1     5     4    18     4     4     6    42    48
     4     1     6    16    28    59     1     5
     5     1    18   115   119   151     1     7
     6    10    15   104    95   111     1    38
     7     5    18   115   119   151     2     8    40
     8     1    11    16    28    59     2     9    14
     9     2     6    51    37    12     3    10    35    38
    10     9    11    16    28    59     4    11    16    34    37
    11    10    18    83    65    88     3    13    16    32
    12    10     7    99    91    92     8    15    16    21    22    23    24    31    41
    13     1     8    73    95   124     3    15    28    43
    14     9     0     1     9     6     4    17    26    36    42
    15     1    13    51    45    12     4    17    22    26    34
    16     1     0    52     2     7     1    17
    17     3    13    83   102    98     1    19
    18     6     7    57    87   124     1    24
    19     8    12    52    11    18     3    20    27    30
    20     5     1    21     8     7     2    46    48
    21    10     8    89   107   143     1    51
    22     6     0     5    15     6     1    30
    23     9    12    89    91    92     3    26    28    37
    24     8    16    84    56   129     7    26    27    32    33    38    40    46
    25    10     5    63    65   133     1    45
    26     2    10     6     3    33     4    31    32    39    41
    27     2     0     5    11    66     2    36    50
    28     7     2    30    54    16     2    30    33
    29    10    12    54    48    22     3    38    43    46
    30     3    11    43    32    18     2    32    43
    31     4     9    18    11    41     1    46
    32     1     3    86    21    59     1    51
    33     3     4    31    12     8     1    42
    34     4    13    47    38    54     4    36    38    45    46
    35     9     0    32    54    63     2    38    41
    36     3     9    53    46    46     1    51
    37     5    10    42    24    27     1    38
    38     1     5    74     8    91     1    47
    39     3    14    89   107   117     2    45    47
    40     2     5    13    96    51     1    48
    41     4     4    23     1    13     1    43
    42     5     3    11    17    40     3    44    46    50
    43     2    17   110   108    85     1    51
    44     9     1     4     1    34     2    46    47
    45     9    10    16     2     2     1    51
    46     2     2     0     7     8     1    51
    47     4     3     3     0    10     1    51
    48     3     6    18     2    52     1    51
    49     9     3    49    82   110     1    50
    50     6     4    26    12     8     1    51
    51     0     0     0     0     0     0
--------------------------------------------------------------------------------
INFORMATION OF PROJECT 9:
#jobs  release  duedate
    52     0   129
#local resources
     2
R_L1   R_L2   
   119   115
jobnr.  dur.  r_G1  r_G2  r_L1  r_L2  #succ.  successors
     0     0     0     0     0     0     8     1     5    12    14    16    24    25    40
     1     2    18   151   119   115     4     2     3    18    47
     2     5    17   133   110   110     2     4    23
     3     1     1    18     9     5     1     4
     4     1    10    59    28    16     2     6    26
     5     1    18   151   119   115     3     7    23    49
     6     6    18   151   119   115     1     7
     7     2    18   151   119   115     1     8
     8     1    11    59    28    16     1     9
     9     2     7    40    23    56     2    10    35
    10     9    11    59    28    16     2    11    18
    11     1    18   151   119   115     2    13    38
    12    10     7    92    91    99     9    13    17    21    22    23    29    34    43    48
    13    10    16   146   112    80     2    15    28
    14     1     1    82    11    14     1    37
    15     2    14   112    58    52     4    17    31    42    47
    16     1     4    87    65    59     2    17    33
    17     3    15   111    98    87     1    19
    18     1    12    61    84    66     1    38
    19     7    14    18    23    52     6    20    27    30    41    45    47
    20    10     3     7    14    21     2    43    50
    21     9     8   143   107    87     1    41
    22     4     2     5     7    35     1    44
    23    10    15   144   105    94     7    26    27    28    30    32    38    46
    24    10    14   117    65    87     1    26
    25    10     1   133    76    63     3    43    44    45
    26     2    14    10    29    24     3    31    38    39
    27     1     1    78    35    31     3    36    37    46
    28     7     2    34    54    28     2    30    33
    29    10    11    32    51    56     2    38    50
    30     1     8    43    54    45     1    51
    31     5     9    38    16    34     1    51
    32     2     8    39    23    69     1    51
    33     2     1     8    12    28     1    42
    34     4     8    61    51    49     1    39
    35     3     5    90    35    38     1    51
    36     3     9    53    65    59     1    51
    37     3    11    40    37    49     1    51
    38     2     9   109    96    80     1    41
    39     5    14   143   107    87     5    43    45    46    47    48
    40     3     4    79    96    46     4    41    45    46    48
    41     2    14   111    58    49     1    48
    42     6     3    40    21    24     5    43    44    46    47    50
    43     2     1    19    48    31     1    51
    44     3     2    34     5     4     1    47
    45    10    10     8    12    18     1    51
    46     7     0    18    23    31     1    51
    47     4     3    13     0     7     1    51
    48     1    13    80    36    35     1    51
    49    10     7   111    82    49     1    50
    50     6     4     8    12    18     1    51
    51     0     0     0     0     0     0
--------------------------------------------------------------------------------
INFORMATION OF PROJECT 10:
#jobs  release  duedate
    52     0   137
#local resources
     2
R_L1   R_L2   
   173   143
jobnr.  dur.  r_G1  r_G2  r_L1  r_L2  #succ.  successors
     0     0     0     0     0     0     8     1    16    19    22    26    29    34    44
     1     6   170    12   173   143     3     2     8    23
     2     1   170    12   173   143     1     3
     3     6   170    12   173   143     3     4    20    32
     4     4   166    10   173   143     1     5
     5     4   166    10   173   143     5     6    32    35    37    45
     6     3    66     0    13   125     2     7    33
     7     3   170    12   173   143     3     9    30    38
     8     7   100     9   148    18     6     9    30    38    39    40    41
     9     7   166    10   173   143     2    10    28
    10     4    56     9    62    48     2    11    25
    11     2    51    11    50    19     5    12    21    30    35    37
    12     2    16     2    12    12     1    13
    13     1    56     8    59    16     2    14    18
    14     2    67     1    10    18     1    15
    15     9    11     4    31    87     1    17
    16     1   150     1   120    53     1    27
    17     9     9     0     0     5     1    51
    18    10     0     3     4    36     1    51
    19     3     9     1    12    27     1    51
    20     3    82     5   116   101     1    51
    21     6    72     0    73    50     2    24    46
    22     7    63     5   128   112     1    51
    23    10   110     0   111    95     5    27    32    33    37    40
    24     2     9     5    12     4     1    51
    25     4   152     7   142    56     3    35    37    42
    26     9     4     2     0     0     1    51
    27     4   166    10   173   143     1    51
    28     7    40     0    10    19     1    32
    29     1    38     0     6    41     3    31    38    42
    30    10     7     3     0     3     1    51
    31    10    51     0     0    22     1    50
    32     2    41     4    76    44     1    46
    33     5    18     7    53    57     1    36
    34    10   117     6   142   104     1    49
    35     2     0     5    20     6     1    51
    36     3    70     0    25   124     1    41
    37     1    71     5     4    26     1    51
    38     1     6     6    12    14     2    47    48
    39     8   166    10   173   143     2    42    43
    40     9   104    12   160    18     1    41
    41     1    82     4    24    39     1    42
    42     8    64     0   114   121     1    46
    43     1    34     9    50    19     1    51
    44    10   102    10    59    18     2    47    48
    45     6   159     2   142    56     1    48
    46     9    90     4   149   117     1    47
    47     3    39     8   142    34     2    48    49
    48     9    32     6    31     9     1    50
    49     3    30     4    45    12     1    51
    50     7    98     3    45    17     1    51
    51     0     0     0     0     0     0
--------------------------------------------------------------------------------
INFORMATION OF PROJECT 11:
#jobs  release  duedate
    52     0    58
#local resources
     2
R_L1   R_L2   
    14    16
jobnr.  dur.  r_G1  r_G2  r_L1  r_L2  #succ.  successors
     0     0     0     0     0     0    19     1     2     3     4     6     7     8     9    10    11    17    18    22    23    30    31    48    49    50
     1     7     6    10     0     0     5     5    16    19    25    38
     2    10     0     0     7     5     7    14    21    24    25    38    39    43
     3     4     0     0     3     9     8    20    24    26    28    34    35    38    39
     4     5     0    10     1     0     6    13    24    26    34    35    39
     5     3     0     8     8     0     6    12    33    35    36    40    41
     6     1     5     0     4     0     6    15    34    39    42    44    45
     7     3     0     1     0     2     6    25    33    34    35    37    41
     8     2     0     0     9     3     6    27    29    32    35    42    44
     9     4    10     0     0     4     4    28    34    42    44
    10     6     0     0     9     7     4    26    35    38    45
    11     7     0     5     0     3     3    19    34    42
    12     4     4     0     0    10     3    24    32    34
    13     8     8     7     0     0     3    25    33    41
    14     4     0     8     0     9     3    26    34    35
    15     3     0     8     0     4     3    27    32    36
    16     8     0     2     5     0     3    32    36    37
    17     3     8     0     0     8     3    32    33    40
    18     5    10     6     0     0     2    27    32
    19     5     3     0     5     0     2    33    43
    20     7     0     0     1     4     2    36    40
    21     1     0     0     8     2     2    33    46
    22     8     0     0    10     1     2    39    47
    23     2     9     0     0     9     2    35    38
    24     8     5     9     0     0     1    37
    25     9     0     8     0     5     1    32
    26     9     3     0     2     0     1    32
    27     1     0     0     6     8     1    33
    28     5     0     3     2     0     1    36
    29     1     0     0    10     1     1    33
    30     4     0     3     1     0     1    34
    31     4     6     6     0     0     1    32
    32     3     3     0     9     0     1    51
    33     7     1     1     0     0     1    51
    34     4     8     0     8     0     1    51
    35     9     2     5     0     0     1    51
    36     6     7     0     0     7     1    51
    37     1     0     2     8     0     1    51
    38     3     7     0    10     0     1    51
    39     6     0     3     0     7     1    51
    40     2     0     4     0     2     1    51
    41     4     2     0     0     5     1    51
    42     1     9     0    10     0     1    51
    43     2     9     0     0    10     1    51
    44     6    10     0     3     0     1    51
    45     2     1     2     0     0     1    51
    46     4     6     0     5     0     1    51
    47     3     8     0     6     0     1    51
    48     3     0     5     0     7     1    51
    49     1     0     4     2     0     1    51
    50     3     0     0     4     8     1    51
    51     0     0     0     0     0     0
--------------------------------------------------------------------------------
INFORMATION OF PROJECT 12:
#jobs  release  duedate
    52     0   145
#local resources
     2
R_L1   R_L2   
   173   143
jobnr.  dur.  r_G1  r_G2  r_L1  r_L2  #succ.  successors
     0     0     0     0     0     0     9     1     8    16    20    22    23    34    43    44
     1     1   170    13   173   143     3     2    19    27
     2     9   170    13   173   143     2     3    19
     3     1   170    13   173   143     1     4
     4     4   170    13   173   143     3     5    26    45
     5     2   170    13   173   143     1     6
     6     4    66     1    13   125     3     7    26    33
     7     7   170    13   173   143     3     9    30    38
     8     9   100    10   148    18     6     9    30    38    39    40    41
     9     8   166    11   173   143     5    10    28    29    30    41
    10     3    56     5    62    42     3    11    25    28
    11     2    28     9    49    20     3    12    21    42
    12     9    17     4    25    12     1    13
    13     1    32     9    37    12     3    14    18    46
    14     1    67     3    10    43     2    15    35
    15     8    18     4    31    87     1    17
    16    10   132     8    59    53     1    51
    17    10     9     0     0    19     1    51
    18    10     0     3    35    36     1    51
    19     1     7     1    12    68     2    32    48
    20    10    85     5    59   101     1    42
    21     5    65     0    59    50     3    24    35    46
    22     9    82     7   128   107     1    51
    23     6   110     2   111   101     1    27
    24     1    95     5   113     4     1    48
    25     6   152     8   142    53     2    37    42
    26     9     4     2     0     0     1    46
    27     6   170    13   173   143     1    32
    28     7    47     2    20     1     2    32    37
    29     8    38     2     6    41     2    31    49
    30     1     3     1     0    90     2    42    49
    31     4    28     0    10    22     1    50
    32     2    28     2   114    33     2    35    46
    33     6    30     7    53    57     1    36
    34     7    91     6   142   110     3    39    40    49
    35     7     1     5    15     6     1    51
    36     3    70     3    25   103     1    41
    37     1    71     2    22    26     1    51
    38     2     5     5    10    14     1    42
    39     1   166    11   173   143     1    51
    40     9   104    12   160    18     1    49
    41     1    67     8    14    10     1    42
    42     7    68     4   114   121     1    46
    43     1   149     3   123    42     1    51
    44    10   102     9    59    18     2    47    48
    45     4   159    10   161    75     2    47    48
    46    10    99     8   151   117     2    47    48
    47    10    28     2    35     9     1    49
    48     7    32     6    31    14     2    49    50
    49     1    61     4    45    17     1    51
    50     8    88     3    45    36     1    51
    51     0     0     0     0     0     0
--------------------------------------------------------------------------------
INFORMATION OF PROJECT 13:
#jobs  release  duedate
    52     0   186
#local resources
     2
R_L1   R_L2   
   113   111
jobnr.  dur.  r_G1  r_G2  r_L1  r_L2  #succ.  successors
     0     0     0     0     0     0     8     1     8    16    18    23    27    29    40
     1     3   170   143   113   111     1     2
     2     3   170   143   113   111     1     3
     3     7   170   143   113   111     1     4
     4     2   170   143   113   111     1     5
     5     2    85   103    44    61     1     6
     6     2    19   125     2     3     2     7    33
     7     7   170   143   113   111     3     9    34    36
     8     4   151    18   111   108     1     9
     9     2    82   101    29    52     8    10    19    20    22    25    28    30    41
    10     5   170   143   113   111     2    11    32
    11     6   170   143   113   111     4    12    24    26    28
    12     3    15     8    15     5     1    13
    13     1    51    19    44    13     1    14
    14    10   170   143   113   111     3    15    31    48
    15     9    14    84    29    11     1    17
    16     8    85    40    69    50     3    26    28    38
    17     8     9     8     0     3     1    51
    18     9   100    97    73    64     1    51
    19     2    70    78    17    54     5    21    22    24    32    37
    20     3   155   127    86   106     2    35    50
    21     4   155   119    86   106     1    39
    22     8   155   124    67    78     1    50
    23     9   135   108    73    62     1    51
    24     2    37    63    28    48     1    46
    25     2   155   119    86   106     1    44
    26     1     6    38    18     2     1    44
    27     4   161   135   113   108     1    41
    28     3    79    11    29    50     2    37    42
    29     1   124    18    85    60     3    35    38    41
    30     2    70    11    40    47     2    32    38
    31     9     5    16    27     0     1    49
    32     2   161   135   113   108     2    41    45
    33     2    76    95    44    58     1    38
    34     3   135   108    73    62     1    51
    35     5   155    97    86   106     4    39    44    49    50
    36     1    61   124    24    28     2    42    44
    37     7   130    79    46    63     1    47
    38     7   109    19    89    83     2    39    44
    39    10   155   127    86   106     2    45    50
    40    10    88    42    84    59     3    43    44    50
    41     1    15    18    34     8     2    42    44
    42     8   161   127    86   108     1    46
    43    10   156    59    84   100     1    45
    44     2   119    56    58    60     1    46
    45     2   161   135   113   108     1    46
    46     8   161   135   113   108     2    47    48
    47     7    15    19    46    33     1    49
    48    10    35    24    40    47     1    51
    49    10    35    35    40    49     1    51
    50    10   170   143   113   111     1    51
    51     0     0     0     0     0     0
--------------------------------------------------------------------------------
INFORMATION OF PROJECT 14:
#jobs  release  duedate
    52     0   122
#local resources
     2
R_L1   R_L2   
    14    14
jobnr.  dur.  r_G1  r_G2  r_L1  r_L2  #succ.  successors
     0     0     0     0     0     0    12     1     4     5    10    12    17    22    23    25    30    35    48
     1     3     5    14     7     1     7     2    24    40    42    45    46    47
     2     1    21    19    13     5     3     3    11    37
     3     9    23    11     7    10     4     6    16    33    34
     4     1    29    14     3     3     3     8    41    43
     5    10     2     3     0     7     6     7    13    29    33    36    41
     6     6    18    11     0    10     2     9    29
     7     8    17    11     3     8     4    14    29    36    38
     8     4    20    33     6    11     7    15    18    28    31    32    33    43
     9     1     9    14     3     1     2    13    31
    10     2     9     5     1     9     2    13    29
    11     1     0    22     3     0     3    18    27    47
    12     7    10    14     0     9     5    18    26    27    43    44
    13     5    18     4     0    11     2    15    28
    14    10     8     0     6     0     4    20    28    32    33
    15     1     0     4     4     2     1    18
    16     2     0     0     3     7     1    51
    17     3    18     7     0     8     3    24    29    46
    18     2     1     4     4     9     3    19    21    39
    19     5    23     2     8     1     2    26    41
    20     2     0    10     2     0     1    43
    21     6     5     9     0     6     1    51
    22     7    30     6     3     0     2    34    37
    23     2     0     8     5     4     2    39    42
    24     3     3     0     2     3     1    51
    25     6    18     1     4     9     2    34    45
    26     9    17     8     0     3     1    51
    27     3     0     6     6     0     1    38
    28    10    13     9     9     7     1    51
    29     2     1     1     2    11     1    32
    30     9    30     0     3     0     1    39
    31     3     0    10     3     1     3    32    33    41
    32     2    20     9     0    10     2    38    43
    33    10     3     0     5     0     1    45
    34     3    29    11    10    12     1    44
    35     6    22    11     0     8     2    39    44
    36     6     3     8     0     8     1    51
    37     4    11    14    12     8     1    45
    38     6    11     2     0     4     2    45    49
    39     3     9     5    10     3     1    51
    40     9     0    10     5     0     1    50
    41    10     0     2     7     4     1    51
    42     3     0     2     1     4     2    45    47
    43     4     4    14     0     6     1    45
    44     2    11     7     8     6     1    51
    45     2     1    10     1    10     1    50
    46     3    11    14     0    10     1    51
    47     7     2     0     1     0     2    49    50
    48     6     8     9     4    10     1    49
    49    10     1     9     0     2     1    51
    50    10     9    12     9     0     1    51
    51     0     0     0     0     0     0
--------------------------------------------------------------------------------
TRANSFER TIMES OF GLOBAL RESOURCE G1
 DEPOT    P1    P2    P3    P4    P5    P6    P7    P8    P9   P10   P11   P12   P13   P14
     0    12    29    21    21    20    26    10    20     8    20    13    32    19    18
    12     0    18    20    22    23    17    18     9     7    28    13    22    15    30
    29    18     0    28    33    36    12    35    12    24    44    27     8    21    47
    21    20    28     0    40    39    17    30    26    23    39    30    26     8    33
    21    22    33    40     0     4    37    15    22    17    17    10    40    35    29
    20    23    36    39     4     0    39    13    24    17    13    11    42    36    26
    26    17    12    17    37    39     0    33    17    23    43    29     9    11    43
    10    18    35    30    15    13    33     0    23    11    11    10    39    28    16
    20     9    12    26    22    24    17    23     0    13    32    16    18    20    37
     8     7    24    23    17    17    23    11    13     0    21     7    28    19    24
    20    28    44    39    17    13    43    11    32    21     0    18    49    38    16
    13    13    27    30    10    11    29    10    16     7    18     0    32    26    25
    32    22     8    26    40    42     9    39    18    28    49    32     0    19    50
    19    15    21     8    35    36    11    28    20    19    38    26    19     0    34
    18    30    47    33    29    26    43    16    37    24    16    25    50    34     0
--------------------------------------------------------------------------------
TRANSFER TIMES OF GLOBAL RESOURCE G2
 DEPOT    P1    P2    P3    P4    P5    P6    P7    P8    P9   P10   P11   P12   P13   P14
     0     7    27     7    21    14    24    16    16    17    19    19    27    24    26
     7     0    33    13    21    16    28    15    21    14    23    15    21    21    31
    27    33     0    21    34    32    29    33    24    40    29    41    54    42    25
     7    13    21     0    22    16    22    18    14    21    18    24    34    27    23
    21    21    34    22     0    35    44     7    36    35    39    13    36     9    45
    14    16    32    16    35     0    14    29    10     9     9    30    27    36    19
    24    28    29    22    44    14     0    39     9    22     6    42    41    47     7
    16    15    33    18     7    29    39     0    31    29    34    10    30     9    41
    16    21    24    14    36    10     9    31     0    19     5    34    36    39    11
    17    14    40    21    35     9    22    29    19     0    18    27    19    34    27
    19    23    29    18    39     9     6    34     5    18     0    37    36    42    10
    19    15    41    24    13    30    42    10    34    27    37     0    23     8    45
    27    21    54    34    36    27    41    30    36    19    36    23     0    30    46
    24    21    42    27     9    36    47     9    39    34    42     8    30     0    49
    26    31    25    23    45    19     7    41    11    27    10    45    46    49     0
--------------------------------------------------------------------------------
Additional Information: 
global resource strength = 0.5
transfer time factor = 0.5
adapted from RCPSP instances: 
[sD221, sD8, sD44, sD305, sD37, sD238, sD383, sD248, sD370, sD264, sD19, sD290, sD353, sD183]
