--------------------------------------------------------------------------------
PORTFOLIO INFORMATION:
#projects
    14
#global resources
     2
R_G1   R_G2   
   508   553
--------------------------------------------------------------------------------
INFORMATION OF PROJECT 1:
#jobs  release  duedate
    52     0   137
#local resources
     2
R_L1   R_L2   
   151   115
jobnr.  dur.  r_G1  r_G2  r_L1  r_L2  #succ.  successors
     0     0     0     0     0     0     7     1     3    12    18    21    25    49
     1     1   107    13   144   110     1     2
     2    10   107    13   144   110     1     4
     3    10    12     5     7     5     3     4    24    40
     4     1    28     6    58    16     3     5     6    40
     5     5   119    18   151   115     1     7
     6     5   119    18   151   115     2     8     9
     7     3   119    18   151   115     1     8
     8     1    28    11    59    16     1     9
     9     2    32     6    18    52     4    10    14    16    35
    10     9    28    11    59    16     2    11    34
    11    10    76    17    88    86     2    13    37
    12    10    91     7    92    99     6    13    15    17    23    24    29
    13     1    89     8   124    90     4    15    16    28    41
    14     1    22     1    18     9     2    19    39
    15     2    54    14    18    52     4    17    22    26    38
    16     2     0     3     7    52     1    41
    17     7   107    15   111    95     1    19
    18     7    87     7   124    63     1    24
    19     7    22    12    18    50     3    20    27    30
    20     4    39     2     8    14     2    48    50
    21    10   107     8   143    89     1    32
    22     2    20     1    16     8     3    30    41    50
    23     9    91    12    93    63     5    26    28    36    37    50
    24     5    65    16   133   101     5    26    32    33    38    40
    25    10    65     4   133    63     2    45    47
    26     2    22    10    30    54     3    31    32    39
    27     1    53     5    81    37     2    36    47
    28     7    54     2    18     9     1    33
    29    10    58    12    70    43     3    31    38    47
    30     3    32    11    18    44     1    51
    31     5    22    11    36    50     1    48
    32     1    87     7   105    71     1    51
    33     1    12     2     8    20     1    42
    34     3    22    10    54    63     1    45
    35     9    43     1    63    29     2    43    46
    36     7    21     9    46    39     1    51
    37     5    30    10    27    25     1    51
    38     1    60    12    99    43     1    39
    39     2   107    14   117    89     2    43    45
    40     2    96     8    71    43     1    48
    41     1    37     5    34    23     2    45    50
    42     4    12     3    40     9     3    43    44    50
    43     2    23     3    36    59     1    51
    44    10     2     1    34     5     2    47    48
    45     9    12    10     7    19     1    48
    46     1    91     2    71     8     1    48
    47     4     4     1    11     2     1    51
    48     1    37     6    41    28     1    51
    49    10    82     6   110    56     1    51
    50     6    12     4     8    26     1    51
    51     0     0     0     0     0     0
--------------------------------------------------------------------------------
INFORMATION OF PROJECT 2:
#jobs  release  duedate
    52     0   133
#local resources
     2
R_L1   R_L2   
   119   115
jobnr.  dur.  r_G1  r_G2  r_L1  r_L2  #succ.  successors
     0     0     0     0     0     0     6     1     2    12    24    25    40
     1     2    18   151   119   115     4     3     6    18    47
     2     1    17   137   110   110     1     4
     3     1     1    14     9     5     2     4     5
     4     1     7    59    28    16     1     6
     5     4    18   151   119   115     1     7
     6     3    18   151   119   115     1     7
     7     4    18   151   119   115     3     8    16    22
     8     1    11    59    28    16     1     9
     9     2     7    40    23    51     2    10    35
    10     9    11    59    28    16     2    11    14
    11     9    18    93    94    87     2    13    38
    12    10     7    92    91    99    11    13    17    21    22    23    29    31    34    43    48    49
    13     9    16   146   110    80     2    15    28
    14     3    16    59    40    52     1    19
    15     2    16    85    65    52     4    17    31    42    47
    16     1     4    83    65    46     1    42
    17     5    15   111    98    80     2    19    32
    18     1     4   111    84    64     2    38    44
    19     7    14    18    23    52     5    20    27    30    41    45
    20    10     3     7    14    15     2    43    50
    21     9     8   143   107    87     1    51
    22     3     2     5     9    35     3    36    38    44
    23    10    15   144   105   100     6    26    27    28    32    38    46
    24    10    15   117    65    87     2    26    33
    25    10     1   133    76    63     4    41    43    44    45
    26     3    14    10    29    24     3    31    39    44
    27     1     5   101    42    31     3    36    37    46
    28     7     2    34    54    28     3    30    33    36
    29    10    11    42    40    56     2    38    50
    30     1     8    43    52    44     1    43
    31     5     9    38    14    34     1    32
    32     1    10    42    23    63     1    36
    33     2     1     8    12    28     2    42    43
    34     3     8    55    40    49     1    51
    35     9     0    58    25    28     1    44
    36     3     9    50    65    59     1    51
    37     3    11    20    37    44     1    51
    38     2    12   109    94    80     1    41
    39     5    14   137   107    87     5    43    45    46    47    48
    40     3     4    79    96    46     4    41    45    46    48
    41     2     4   101    51    32     1    48
    42     6     3    40    21    24     5    43    44    46    47    50
    43     2     1    65    82    31     1    51
    44     3     1    34     2     4     1    47
    45    10    10     8     2    18     1    51
    46     3     0     8    23    31     1    51
    47     4     3    22     0     4     1    51
    48     1    14    78    14    41     1    51
    49     6     7   111    82    49     1    51
    50     6     4     8    12    20     1    51
    51     0     0     0     0     0     0
--------------------------------------------------------------------------------
INFORMATION OF PROJECT 3:
#jobs  release  duedate
    52     0   177
#local resources
     2
R_L1   R_L2   
   111   143
jobnr.  dur.  r_G1  r_G2  r_L1  r_L2  #succ.  successors
     0     0     0     0     0     0     7     1     8    16    19    32    34    40
     1     7   113   170   111   143     1     2
     2     3   113   170   111   143     1     3
     3     9   113   170   111   143     1     4
     4     6   113   170   111   143     2     5    26
     5     7    45    39    61   103     5     6    18    33    35    50
     6     1   113   170   111   143     1     7
     7     9   113   170   111   143     1     9
     8     4   113   170   111   143     1    51
     9     1    27    39    57   103     3    10    21    29
    10     3    26    39    45    49     4    11    24    28    44
    11     4   113   166   102   139     3    12    38    44
    12     2    60    52    55    28     5    13    20    22    23    42
    13     1    87    39    63    28     1    14
    14     3   113   170   111   143     2    15    31
    15     7     0    17     5    87     1    17
    16    10    68   131    50    40     1    39
    17     1     0    39     5    71     1    51
    18    10    98    60    70    42     1    27
    19     6     2    21     0     6     4    20    22    23    35
    20     2   103   138   101   117     3    27    37    46
    21     1   103   142   106    56     2    23    25
    22     2   103   138   101   117     1    51
    23     7    75   135    60   101     1    51
    24     1    45    39    61    38     2    42    44
    25    10   111   145   102   133     3    37    38    44
    26     8     0     4     9     4     1    45
    27    10   113   170   111   143     1    51
    28     6   113   166   102   139     5    30    39    42    43    44
    29     4    39    82    11    12     1    51
    30     1    85    14    54    18     1    46
    31    10    10    28     1    22     1    49
    32     6    26   131    48    52     4    33    39    41    44
    33     1    86   103   101    28     1    36
    34    10    87   117    66    94     1    48
    35     1   113   166   102   139     1    39
    36     4    26   118    48   115     1    38
    37     2    26    48    36    24     1    47
    38     4    26    56    39    79     3    43    45    50
    39     5   113   170   111   143     2    44    45
    40     8    86    78    54    40     2    43    50
    41     8    26   106    39    90     2    42    46
    42     4    74    88   100   111     1    46
    43     2   103   142   110   121     2    47    48
    44     1    27    51     8    22     1    46
    45     6   113   170   111   143     1    46
    46     2   103   142   110   121     2    47    48
    47     9    15    71    36    14     1    49
    48     7    38    35    51    42     1    51
    49    10    26    49    45    49     1    51
    50    10   113   170   111   143     1    51
    51     0     0     0     0     0     0
--------------------------------------------------------------------------------
INFORMATION OF PROJECT 4:
#jobs  release  duedate
    52     0   118
#local resources
     2
R_L1   R_L2   
    18    18
jobnr.  dur.  r_G1  r_G2  r_L1  r_L2  #succ.  successors
     0     0     0     0     0     0     7     1     3    12    18    37    46    49
     1     4    11    10     9    18     2     2    47
     2     4    11    10     9    18     3     4    24    44
     3     1     5     2     9     0     7     4     6    16    23    24    43    47
     4     1     6     0     2     8     3     5    43    45
     5     7    16     5    12    18     6     7    16    39    40    41    44
     6     8    16    12     2    13     3     7    39    42
     7     8     6    12     2    13     2     8    38
     8     4    10     0     2     8     3     9    14    41
     9     3     6     5     0     7     2    10    35
    10     5     9     0     1    10     4    11    22    33    34
    11     5    11     8     9     9     6    13    30    31    32    41    50
    12     8     6    10     0     5     9    17    21    22    23    28    29    41    43    47
    13     3     0     8    11     8     2    15    28
    14     4     0     0     9     4     6    17    26    30    35    36    47
    15     3     2     6     2     0     3    17    26    29
    16     4     3     3     0     2     3    19    30    48
    17     5     2     8     0    10     2    19    27
    18     6     7    12     7     6     2    20    26
    19     5     8     0     8    10     3    20    21    27
    20     9     2     0     4     7     1    25
    21     3     1     4     0     4     1    51
    22    10     0     0     9     5     1    51
    23     9    15     3    10     2     1    26
    24     2     0     0    16     5     1    40
    25    10     0     0     8     3     1    51
    26     9     6     0    10     2     1    51
    27     9     0     0     9     7     1    51
    28     3     1     3    10     7     1    51
    29     3     8     0     4    11     3    34    43    50
    30     7     0     7     0     2     1    51
    31     9     9     0     2     4     1    47
    32     5     0     0     7     8     2    33    36
    33     1    14     0     1     4     1    51
    34     2     8     0     0     9     1    51
    35     9     0     4     2     8     1    50
    36     9     9     0     0     8     1    51
    37     7    10     3     1     0     2    42    47
    38     9     0    12     6     1     1    51
    39     1     0     7     3     0     1    45
    40     4     0     3     8     0     1    51
    41     7     0     4     0     6     1    51
    42     4     6     9     8     1     2    43    50
    43     2     0     0    14     1     1    51
    44     6     5     2     0     4     1    51
    45     9    10     0     2     0     1    51
    46     7     0     7     6     0     1    51
    47     3     3     0     0     1     1    48
    48     2     0     6     0     8     1    51
    49    10    11     7     8     7     1    51
    50     2     1     3     0     7     1    51
    51     0     0     0     0     0     0
--------------------------------------------------------------------------------
INFORMATION OF PROJECT 5:
#jobs  release  duedate
    52     0    79
#local resources
     2
R_L1   R_L2   
    14    14
jobnr.  dur.  r_G1  r_G2  r_L1  r_L2  #succ.  successors
     0     0     0     0     0     0    14     1     2     3     4     5     6     7     8     9    10    11    17    23    32
     1     5     9     0     0    10    10    12    13    15    16    18    19    27    46    48    49
     2     7     0     0     6     7    10    15    18    20    22    25    26    28    44    45    47
     3    10     8     0     2     0    14    20    21    26    27    29    30    31    39    40    42    43    44    46    50
     4    10     0     1     6     0    13    18    24    25    26    27    28    29    30    35    41    44    47    49
     5     8     0     0     3     4     8    15    16    20    25    26    27    37    46
     6    10     4     4     0     0    10    16    20    27    31    38    41    42    43    46    48
     7     3     5     0     6     0     8    14    19    21    25    26    29    39    40
     8     9     0     9     0    10     7    18    26    29    31    36    41    43
     9     5     0     6     0     5     8    22    33    36    39    40    41    43    50
    10     8     0     0    10     8     8    25    35    36    37    38    43    44    46
    11     9     0     1     8     0     6    20    21    33    34    38    44
    12     9     1     0     3     0     5    20    30    33    44    47
    13     4     0     2     2     0     6    25    35    37    39    43    45
    14     2     7     0     0     5     6    24    33    34    35    41    47
    15     2     0     0     9     6     6    33    38    40    41    42    43
    16     9     0     3     1     0     5    28    33    34    40    45
    17     6     6     5     0     0     5    25    27    34    37    45
    18     3    10     0     4     0     5    37    38    39    40    42
    19     7     7     0     0     8     3    34    37    42
    20     7     0     0     3     1     2    24    35
    21     5    10     5     0     0     2    35    36
    22     9     4     5     0     0     2    34    35
    23     4     0     0     4     6     2    41    46
    24     2     1     9     0     0     1    36
    25    10     2     0     0     1     1    33
    26     5     2     0     3     0     1    33
    27     5    10     0     0     3     1    33
    28     7     0     6    10     0     1    39
    29     7     2     0     0     8     1    34
    30     2     0     7     4     0     1    38
    31     8     0     0     5     6     1    37
    32     6     3     0     9     0     1    37
    33     6     6     1     0     0     1    51
    34     2     0     0     4     3     1    51
    35     3     4     0     7     0     1    51
    36     1     7     1     0     0     1    51
    37    10     0     5     0     5     1    51
    38    10     4     0    10     0     1    51
    39    10     8     0     9     0     1    51
    40     2     0    10     0     3     1    51
    41     9     0     0     4     3     1    51
    42     9     0     7     6     0     1    51
    43     8     0     6     7     0     1    51
    44     3     0     1     0     5     1    51
    45     8     0     1     0     2     1    51
    46     8     3     0     0     6     1    51
    47     9     0     7     0     5     1    51
    48     9     0     0     2     9     1    51
    49     2     0     7     3     0     1    51
    50     2     0     2     2     0     1    51
    51     0     0     0     0     0     0
--------------------------------------------------------------------------------
INFORMATION OF PROJECT 6:
#jobs  release  duedate
    52     0    67
#local resources
     2
R_L1   R_L2   
    14    14
jobnr.  dur.  r_G1  r_G2  r_L1  r_L2  #succ.  successors
     0     0     0     0     0     0    17     1     2     3     4     5     6     8     9    10    11    12    14    16    20    21    32    50
     1     5     7     0     1     0     8     7    15    18    22    24    40    42    44
     2     5     7     6     0     0     9    15    18    25    27    31    34    38    40    42
     3     5     6     0     0     9     7    15    22    24    26    29    38    40
     4     8     5     3     0     0     7    13    35    37    40    42    47    48
     5     7     5     0     3     0     6    17    19    23    37    38    42
     6     2     9     0     0     9    10    22    28    30    35    37    38    40    43    44    47
     7     2     0     0     3     9     6    17    34    37    39    43    45
     8     7     4     3     0     0     7    29    31    34    35    38    40    47
     9     3     0     5     2     0     5    19    35    36    37    41
    10     2     0     0     6     7     3    15    22    44
    11     3     0     0     7     4     7    30    33    36    38    39    40    46
    12     2     3     0     6     0     5    24    33    35    38    40
    13     1     0     6     0     3     5    30    33    38    39    44
    14    10    10    10     0     0     2    17    34
    15     7     0     0     8     3     3    23    37    41
    16     5    10     0     0     8     3    22    35    45
    17     1     2     8     0     0     3    29    33    35
    18     2    10     0    10     0     3    29    33    39
    19     8     8     0     1     0     2    22    43
    20     6     9     0     0     1     2    22    35
    21     2     5     0     5     0     3    33    38    49
    22     4     6     0     0    10     2    33    34
    23    10     0     0     3     4     2    33    35
    24     4     0     4     8     0     2    34    46
    25     7     0     3     0     6     2    39    45
    26     5     0     5    10     0     2    34    42
    27    10     0     2     0     7     2    37    41
    28     4     8     0    10     0     2    33    34
    29     3     0     9     0     3     1    36
    30     8     0     0     1     2     1    34
    31     5     4     0     0     3     1    39
    32     6     0     0     5    10     1    35
    33     6     5     4     0     0     1    51
    34     1     0    10     0     4     1    51
    35     5    10     6     0     0     1    51
    36     5     0     1     9     0     1    51
    37     8     0     0     8     9     1    51
    38     4     7     0     0     7     1    51
    39     6     8     0     0     1     1    51
    40     6     0     8     0     8     1    51
    41     9     0    10     0     3     1    51
    42     9     4     0     9     0     1    51
    43     2     0     0     3     2     1    51
    44     1     7     9     0     0     1    51
    45     8     0     7     6     0     1    51
    46     8     0     6     4     0     1    51
    47     9     0     8     0     7     1    51
    48     6     5     9     0     0     1    51
    49     2     0     1     8     0     1    51
    50     2     0     8     0     8     1    51
    51     0     0     0     0     0     0
--------------------------------------------------------------------------------
INFORMATION OF PROJECT 7:
#jobs  release  duedate
    52     0   105
#local resources
     2
R_L1   R_L2   
    14    10
jobnr.  dur.  r_G1  r_G2  r_L1  r_L2  #succ.  successors
     0     0     0     0     0     0     9     1    11    20    31    42    44    45    48    49
     1     4    14    59    14    10     6     2    14    19    38    40    41
     2     7     5    39    14     2     2     3    39
     3     8     5    35     9     0     2     4    39
     4     5     6    55     9     6     3     5    35    36
     5     7     3    41     1     6     5     6    18    32    33    34
     6     6     2     9     0     0     3     7    29    30
     7     6     4    16     5     0     1     8
     8     6     0    21     0     8     4     9    16    25    28
     9     5     4    20    10     0     3    10    26    39
    10     3     4     0     0     0     3    12    23    24
    11     6     4    41    10     0     5    21    22    23    27    37
    12     3     5    26     0     7     2    13    35
    13     1     7     2     0     0     1    15
    14     3     0     3     0     3     1    51
    15     5     1     0     0     3     2    17    24
    16     8    12    53     7    10     1    17
    17     3     3     5     6     0     1    21
    18     7    11    29     7     2     1    51
    19     2     0    50    13     0     1    25
    20     5     4    11     0     5     1    51
    21     9     0    21     1     6     1    51
    22     8     0     3     0     4     1    51
    23     6     4     2     0     0     1    51
    24     7     0     9     4     3     1    51
    25     1     4     0     9     0     1    51
    26     9     0     9     0     6     1    51
    27     6     3     3     0     0     1    51
    28     2     9     0     0     2     1    51
    29     2     8    37     5    10     1    51
    30    10     8     6     0     0     1    51
    31     1    11    36     1     4     1    51
    32     9     9    24     1     4     1    51
    33     9     2     0     4     0     1    51
    34     8     0     6     3     0     1    51
    35     3     0     0     1     7     1    51
    36     4     0    41    10     7     2    38    46
    37     3     0    20    10     5     1    51
    38     4     3     0     0     3     1    43
    39     5     9    27     5     2     1    51
    40     4     8     0     0     4     1    51
    41     2     9    20     0     7     1    51
    42    10     6    18    10     0     1    51
    43     4     3     0     3     0     1    51
    44     4     0    43     9    10     1    51
    45     3     0     9     0     4     2    47    50
    46     3     8     7     4     0     1    51
    47     9     0    20     8     5     1    51
    48     6     0     4     5     3     1    51
    49     9     0     0     5     5     1    51
    50     1     0     3     5     5     1    51
    51     0     0     0     0     0     0
--------------------------------------------------------------------------------
INFORMATION OF PROJECT 8:
#jobs  release  duedate
    52     0   138
#local resources
     2
R_L1   R_L2   
   151   115
jobnr.  dur.  r_G1  r_G2  r_L1  r_L2  #succ.  successors
     0     0     0     0     0     0     7     1     3    12    14    25    34    49
     1     7   110    16   145   110     7     2     6    18    21    23    43    47
     2     2   110    16   145   110     3     4     6    26
     3     1    14     5    18    30     3     4     6    23
     4     1    28     8    59    16     1     5
     5     8   110    18   145   114     4     7    16    41    48
     6     6   101    16   139   109     3     8    38    41
     7     3   119    18   151   115     2     8    38
     8     4    28    11    59    16     1     9
     9     1    57     6    37    62     2    10    35
    10     9    28    11    56    16     2    11    37
    11     8    94    12    68    83     4    13    30    31    32
    12    10    91     7    92    99     9    16    17    21    22    23    29    31    41    43
    13     1    89     8   124    73     3    15    28    31
    14     8     9     0     6     1     1    37
    15     3    45    14    12    47     1    17
    16     1    44     0    59    38     1    17
    17     9   110    16   145   110     2    19    33
    18     5    85     7   104    60     1    24
    19     8    11    12    16    49     4    20    27    30    45
    20     4    12     3     7    21     1    50
    21     4   107     6   143    86     1    51
    22     9     9     2     6     5     1    30
    23     8    93    12    96    89     5    26    27    28    37    46
    24     7    56    13   117    84     3    26    38    40
    25    10    65     1   133    63     1    51
    26     2    30    10     2     2     3    31    39    46
    27     5    11     5    66    30     2    36    46
    28     7    54     2    16    30     1    33
    29    10    74    12     7    54     2    30    38
    30     3    34    11    18    47     3    32    41    43
    31     4    10     9    21    32     1    43
    32     1    21     5    55    59     1    51
    33     3    12     4     8    29     1    42
    34     4    27     8    54    34     1    51
    35     9    25     0    83    32     1    51
    36     3    65     9    92    53     1    51
    37     5    30    10    27    42     2    43    47
    38     2   107     9    96    83     1    47
    39     3   107    11   117    86     1    45
    40     3    96     2    78    37     3    41    46    48
    41     3    26     4    13    23     1    51
    42     5    19     3    40    15     3    44    47    50
    43     2    39     1    81    45     1    51
    44     9     1     1    34     4     1    51
    45     9     2    12     2    19     1    51
    46     2    20     5     7    31     1    51
    47     4     0     3     0     3     1    51
    48     2     1     6    55    15     1    50
    49     9    83     3   110    49     1    50
    50     6    12     4     8    26     1    51
    51     0     0     0     0     0     0
--------------------------------------------------------------------------------
INFORMATION OF PROJECT 9:
#jobs  release  duedate
    52     0   135
#local resources
     2
R_L1   R_L2   
   119   115
jobnr.  dur.  r_G1  r_G2  r_L1  r_L2  #succ.  successors
     0     0     0     0     0     0     9     1     3     5    12    14    21    25    40    49
     1     6    18   133   107   111     2     2    18
     2     2    18   133   107   111     1     4
     3     1     0    18    12     4     2     4    23
     4     1     6    59    28    16     1     6
     5     8    18   151   119   115     1     7
     6     1    18   151   119   115     1     7
     7     1    18   151   119   115     1     8
     8     1    11    59    28    16     2     9    48
     9     2     6    18    23    48     2    10    35
    10     9    11    59    28    16     3    11    26    37
    11     9    18    99    94    87     1    13
    12    10     7    92    91    99     5    13    23    29    34    43
    13     6    18   151   119   115     2    15    28
    14     4    17   143   108    87     1    16
    15     2    16    18    54    52     2    17    31
    16     1     9    99    94    87     1    17
    17     5    17   143   108    87     3    19    22    42
    18     2     9   111    89    67     1    24
    19     2    12    18    12    48     4    20    27    30    45
    20     7     3     7    25    21     2    43    50
    21     7     8   143   107    87     1    51
    22     3     3     0    12    35     1    30
    23     8    15   144    94    94     5    26    27    28    30    31
    24    10    16   131    65    87     3    26    41    48
    25     7     1   133    65    63     3    43    45    48
    26     3    14    10    29    17     1    39
    27     3     5    11    25    23     1    36
    28     6     2    20    54    19     2    33    50
    29    10    12    59    40    29     3    38    41    46
    30     3    11    18    35    43     3    32    36    41
    31     4     9    23    15    28     2    32    43
    32     3     0    36    23    42     1    51
    33     3     1     8    11    28     2    42    50
    34     9    14    99    65    52     1    36
    35     9     0    52    25    28     1    51
    36     3     9    66    64    65     1    51
    37     2    11    63    28    29     1    51
    38     2     9    95    94    73     3    41    46    47
    39     3    17   143   108    87     4    44    45    46    50
    40     5     5   115    96    39     3    41    48    50
    41     3     4    27    14    16     1    51
    42     6     3    40    30    23     2    43    44
    43     2     5    62    82    42     1    51
    44     1     3    58     2     4     1    47
    45    10    10     5    10    16     1    51
    46     1     0    12    25    46     1    51
    47     4     0    14     0     2     1    51
    48     1     7    56    12    38     1    51
    49     7     3   110    84    64     1    50
    50     6     4     4    12    16     1    51
    51     0     0     0     0     0     0
--------------------------------------------------------------------------------
INFORMATION OF PROJECT 10:
#jobs  release  duedate
    52     0   112
#local resources
     2
R_L1   R_L2   
    32    22
jobnr.  dur.  r_G1  r_G2  r_L1  r_L2  #succ.  successors
     0     0     0     0     0     0     9     1     5    12    17    22    23    25    35    48
     1     2     2     4     6    13     5     2    24    40    42    46
     2     2    13     2    21    12     5     3     4    11    37    47
     3     7     8    11    23    22     3     6    10    16
     4     2     6     0    10    10     5     6     9    32    40    41
     5    10     8     7    15     4     8     7    13    20    27    29    33    36    41
     6     4    13    10    24    12     5     9    11    29    30    44
     7     3     8     8    16     9     6     8    14    20    30    36    38
     8     2     3    10    15     0     4    18    32    33    43
     9     1     5     4     9     5     4    13    28    31    34
    10     2     1     0     7     4     5    11    13    19    27    30
    11     1     5     3     0     5     3    18    27    38
    12     4     0     9    10     0     6    18    26    27    32    44    47
    13     1     1     9     2     2     3    15    38    43
    14     3     6     0     8     0     4    20    32    33    44
    15     9     0     2     7     5     2    18    47
    16     3     3     7     0    17     1    51
    17     7     1     8    17     4     4    27    33    34    41
    18     3     1     8    21     6     3    19    21    39
    19     6     8     4    23     2     2    26    41
    20     4     1     1     3    10     1    50
    21     5     2     6     5    11     1    51
    22     9     3     1    31     3     1    39
    23     2     5     0     0    13     1    40
    24    10     0     3     1     0     1    51
    25     5     4     9    18     1     2    39    42
    26     9     0     6    13     8     1    51
    27    10     4     0     0     6     1    49
    28     5     9     7    15    10     1    51
    29     1     3    11     1    13     1    32
    30     1     1     0    14    10     1    42
    31     6     3     1     0     8     2    39    43
    32     4     0    10    18     8     1    38
    33     2     5    13    11     1     1    45
    34     7     3    13    10     8     2    42    43
    35     9     3     8    22    11     1    39
    36     5     0     8     4     8     1    51
    37     5    12     8    10     7     1    45
    38     8     9     4    11     4     2    45    49
    39     3    10     3     7     1     1    51
    40     5     1     0     7    10     2    44    45
    41    10     7     2     0     0     1    51
    42     2     0     4    16     2     1    45
    43     1     4     6     8    14     2    49    50
    44     4     8     7    13     1     1    45
    45     2     6     9     1     6     2    49    50
    46     2     6    10    17     4     1    51
    47     9     1     0     4     5     1    51
    48     8     6     8     7     9     1    50
    49     9     1     2     1     9     1    51
    50    10     8     0     9     6     1    51
    51     0     0     0     0     0     0
--------------------------------------------------------------------------------
INFORMATION OF PROJECT 11:
#jobs  release  duedate
    52     0    71
#local resources
     2
R_L1   R_L2   
    16    16
jobnr.  dur.  r_G1  r_G2  r_L1  r_L2  #succ.  successors
     0     0     0     0     0     0    24     1     2     4     6     7     8     9    10    11    14    15    16    35    37    38    39    40    41    42    43    44    45    46    50
     1     3     0    10     0     4     7     3    17    22    31    32    34    49
     2     9     4     0     0     6     6    17    19    21    23    26    29
     3     2     5     4     0     0     1     5
     4     8     0     0     2     9     3    18    25    33
     5     3     0     0     7     9     3    12    18    20
     6     6     0     0    10     4     3    17    27    28
     7     7     0     0     4     0     2    13    24
     8     7     2     8     9     0     2    21    26
     9     1     6     0     8     0     2    21    23
    10     5     4     0     0     1     3    20    27    29
    11     8     4     7     0     0     2    18    24
    12     2     0     1     0     4     1    19
    13     1     5     0     0    10     1    22
    14     2    10     0     0     8     1    17
    15     9     0    10     4     0     1    30
    16     9     0     1     0     2     1    51
    17     5     4     8     0     0     1    51
    18     9     0     0     9     9     1    51
    19     4     0    10     9     0     1    51
    20    10     1     9     0     0     1    51
    21     4     1     8     3     0     1    51
    22     2     0    10     7     0     1    51
    23    10     9     0     7     9     1    51
    24     2     3     0    13     7     1    36
    25     2     0     2     0     4     1    51
    26     7     0     9     0     9     1    51
    27     8     4     0     1     0     1    51
    28     8     0     9     0     3     1    51
    29     7     0     0     1     5     1    51
    30     6    10     9     0     0     1    51
    31    10     0     0     4    10     1    51
    32     1     0     7    10     0     1    48
    33     3     7     2     9     0     1    51
    34     1     0     5     1    11     1    51
    35     8     5     0     0     7     1    51
    36     6     3     0     0     8     1    51
    37     5     0    10     0    10     1    47
    38     7     0     0    10     8     1    51
    39     6     0     8    10     0     1    51
    40     9     0     6    10     0     1    51
    41     8     1     3     0     0     1    51
    42     6     0     3    10     0     1    51
    43     2     1     0    10     0     1    51
    44     3    10     3     0     0     1    51
    45     9    16    10     0     0     1    51
    46     9     0     8     0     3     1    51
    47     6     0     1     0     2     1    51
    48     8     0     0     6     5     1    51
    49     6     6     0     7     0     1    51
    50     9     1     0     5     0     1    51
    51     0     0     0     0     0     0
--------------------------------------------------------------------------------
INFORMATION OF PROJECT 12:
#jobs  release  duedate
    52     0   176
#local resources
     2
R_L1   R_L2   
   113   111
jobnr.  dur.  r_G1  r_G2  r_L1  r_L2  #succ.  successors
     0     0     0     0     0     0     8     1     8    16    18    19    32    34    40
     1    10   170   143   113   111     1     2
     2     3   170   143   113   111     1     3
     3     1   170   143   113   111     1     4
     4     2   170   143   113   111     2     5    26
     5     7    39   103    45    61     4     6    35    36    50
     6    10   170   143   113   111     1     7
     7     6   170   143   113   111     2     9    25
     8     2   170   143   113   111     2     9    41
     9     1    39   103    27    57     3    10    21    29
    10     3    39    49    26    45     4    11    24    28    44
    11     4   153   120    86    94     3    12    38    39
    12     2    52    28    13    10     6    13    20    22    23    42    47
    13     1    39    28    87    63     1    14
    14     3   170   143   113   111     2    15    31
    15     7     2    87     0     5     1    17
    16    10   131    40    68    50     1    39
    17     1    39    19     0     3     1    51
    18    10    60    42    98    70     1    27
    19     6    21     6     2     0     3    23    27    35
    20     2   131   117   103   101     3    27    37    46
    21     1   142    50   103   106     1    39
    22     4   138   117    86   101     1    51
    23     9   135   101    75    60     1    51
    24     1    36   101    15    10     1    42
    25     9   103   102    76   100     3    37    38    41
    26     8     4     4     0     9     1    45
    27    10   170   143   113   111     1    51
    28     3   166   139   113   102     4    30    39    42    43
    29     4    82    11    39    11     1    51
    30     1    14    13    85    54     1    46
    31    10    28    22    10     1     1    49
    32     4   131    52    26    48     3    33    39    41
    33     3    97    28    74   101     1    36
    34    10   117    94    87    66     1    48
    35     1   157    52    86    97     1    45
    36     8   118   115    26    48     1    38
    37     2    47    22    26    36     1    47
    38     4    54    79    26    39     3    43    45    50
    39     8   170   143   113   111     1    45
    40     9    77    40    86    54     2    43    50
    41     8   106    90    26    39     3    43    45    46
    42     4    88   105    74   100     1    46
    43     4   142   121    86   103     2    47    48
    44     6    13    19    27     8     1    46
    45     3   168    56   113   106     1    46
    46     2   142   121   103   110     2    47    48
    47     9    71    14    15    36     1    49
    48    10    35    42    38    51     1    51
    49    10    49    49    26    45     1    51
    50     6   170   143   113   111     1    51
    51     0     0     0     0     0     0
--------------------------------------------------------------------------------
INFORMATION OF PROJECT 13:
#jobs  release  duedate
    52     0    97
#local resources
     2
R_L1   R_L2   
    15    18
jobnr.  dur.  r_G1  r_G2  r_L1  r_L2  #succ.  successors
     0     0     0     0     0     0     5     1     6    10    13    48
     1     6     5     1    15    18     4     2    14    34    46
     2     2    15     7     7     9     4     3    39    40    43
     3    10    15    11    15    18     5     4    24    35    36    38
     4     1     5     1    15    18     9     5    16    21    25    27    30    31    32    33
     5     9     0     3     5     0     5     7    22    24    28    29
     6     6     1     0     9    14     7    11    19    21    22    24    27    41
     7     3     9     3     5     9     4     8     9    19    28
     8     5     1     4    10     5     5    11    14    20    27    44
     9     2     0     5     9     5     4    14    15    26    34
    10     9     0     6    12     3     5    24    27    31    42    49
    11     6     7     0     0     9     3    12    18    19
    12     8     5     0     8     0     1    17
    13     7     0     0     9     9     1    21
    14     1     4     9     0     0     1    36
    15     2     2     0    10    13     4    23    35    42    47
    16     5     0     0     6     0     1    44
    17     3     5     4     6     0     1    51
    18     6     0     8     1     2     1    51
    19     3     6     0     0    11     1    41
    20     4    10     4     4     0     1    45
    21     9    10     6     2    14     1    40
    22     3     3     5     0     6     1    45
    23     5     6     3     3     2     1    46
    24     2     4     9     0    13     1    50
    25     1    10     3     0     1     1    51
    26     2     4     0     3     1     1    51
    27     8     6     0     1     0     1    51
    28     2     8     0     0     2     1    34
    29     1     0     3     0     9     1    51
    30     4     0     5     0     9     1    47
    31     3     8     6    12     0     1    38
    32     7     3     0     8     0     1    51
    33     5     2     0     0    10     1    51
    34     7     5     4     0     9     2    35    38
    35    10     3     1     1     0     1    51
    36     8     0     0     5     9     1    37
    37     9     4     5     0     0     1    51
    38     1     3     0     5     6     1    51
    39     1     6     4     0     0     2    41    46
    40     1     2     3     0     0     1    42
    41     4     2     0     0     3     1    51
    42     1     6     5     0     0     1    45
    43     3     0    11     7    11     1    44
    44     1     0     0     7     1     1    45
    45    10     9     0     4     0     1    51
    46     9     8     2     0     0     1    51
    47     4     0     7     0    15     1    51
    48     8     0     4     8     9     1    49
    49     2    10    10     0     0     1    51
    50     8     3     2     2     5     1    51
    51     0     0     0     0     0     0
--------------------------------------------------------------------------------
INFORMATION OF PROJECT 14:
#jobs  release  duedate
    52     0   141
#local resources
     2
R_L1   R_L2   
   173    12
jobnr.  dur.  r_G1  r_G2  r_L1  r_L2  #succ.  successors
     0     0     0     0     0     0     7     1     8    16    20    22    23    44
     1     3   170   143   173    12     1     2
     2     1   170   143   173    12     1     3
     3     7   170   143   173    12     1     4
     4    10   170   143   173    12     2     5    25
     5     1    39   103   106    11     5     6    19    32    39    45
     6     4    66   100    13     0     2     7    33
     7     9   170   143   173    12     3     9    30    43
     8     9   100    19   148     7     5     9    27    30    41    45
     9     1    39   103   106    11     3    10    28    29
    10     3    39    45    62     7     2    11    26
    11     4    53    19    59     9     3    12    21    31
    12     8    16    12    13     0     2    13    46
    13     1    47     3    46     6     3    14    18    31
    14     1    67    18    17     1     3    15    47    48
    15     8    14    73    31     4     2    17    49
    16    10   131    40    67     1     1    39
    17    10     9     3     0     0     1    51
    18     9     0    36     6     3     1    51
    19     2     9    73     2     0     2    42    43
    20     8    83    89    59     5     1    42
    21     6    99    50    97     1     2    24    32
    22     9    63   112   128     7     1    51
    23    10   117    98   111     3     4    27    37    39    40
    24    10     9     4    12     5     1    48
    25     4   152    67   142     6     2    34    42
    26     6     4     0     0     1     4    28    31    35    37
    27     6   170   143   173    12     1    51
    28     5    40     1    13     1     1    32
    29     7    38    41     6     2     1    51
    30     1    49    68    41     8     1    42
    31    10     1    22     1     0     2    49    50
    32     1    29    29   114     2     1    46
    33     4    43    57    53     7     2    36    38
    34     2   141   121   148     6     1    51
    35     1     3     6    18     5     1    42
    36     2    70   124    25     2     1    41
    37     2    71    26    76     1     1    42
    38     1     9     9   109     5     1    47
    39     9   157   134   154    11     1    51
    40     8   104    43   160    12     3    41    42    43
    41     2    66    41    28     6     1    42
    42     6    67   115   114     1     1    46
    43     1    37    63    13     5     1    51
    44     9   103    28    59     6     2    45    48
    45     2   102    70    46     7     1    51
    46     8   103   121   156     7     2    47    48
    47     3    13     9    19     0     1    50
    48    10    38    20    63     6     2    49    50
    49     2    72    28    45     4     1    51
    50     7    98    28    45     4     1    51
    51     0     0     0     0     0     0
--------------------------------------------------------------------------------
TRANSFER TIMES OF GLOBAL RESOURCE G1
 DEPOT    P1    P2    P3    P4    P5    P6    P7    P8    P9   P10   P11   P12   P13   P14
     0     9    11     8    10     5     6     2     9     7    11     9    11    10     9
     9     0    15     6    14    12     9    10    13     5    17    17    14     5    11
    11    15     0    18     2     6    16     9     3    16    19     8     3    13    19
     8     6    18     0    17    12     5    10    15     2    12    16    17    10     5
    10    14     2    17     0     6    15     8     2    15    19     9     2    12    19
     5    12     6    12     6     0    10     3     5    11    14     6     7    11    14
     6     9    16     5    15    10     0     7    14     5     8    13    16    12     4
     2    10     9    10     8     3     7     0     7     9    12     8     9    10    11
     9    13     3    15     2     5    14     7     0    14    18     9     2    10    17
     7     5    16     2    15    11     5     9    14     0    13    16    16     9     7
    11    17    19    12    19    14     8    12    18    13     0    13    20    19     8
     9    17     8    16     9     6    13     8     9    16    13     0    10    17    16
    11    14     3    17     2     7    16     9     2    16    20    10     0    11    19
    10     5    13    10    12    11    12    10    10     9    19    17    11     0    15
     9    11    19     5    19    14     4    11    17     7     8    16    19    15     0
--------------------------------------------------------------------------------
TRANSFER TIMES OF GLOBAL RESOURCE G2
 DEPOT    P1    P2    P3    P4    P5    P6    P7    P8    P9   P10   P11   P12   P13   P14
     0     9     9    10     8     6    12    11    10    12    10    10    12     7    12
     9     0     5    12    11     9    20    14    14    13    18    17    15     7    13
     9     5     0    16     7     6    20    17    17    17    18    18    18     4    17
    10    12    16     0    17    15    13     2     3     3    14    10     3    15     3
     8    11     7    17     0     3    16    18    17    19    14    16    19     5    19
     6     9     6    15     3     0    15    16    15    17    13    14    17     3    17
    12    20    20    13    16    15     0    13    11    16     4     4    13    18    16
    11    14    17     2    18    16    13     0     3     3    14     9     1    16     4
    10    14    17     3    17    15    11     3     0     6    12     7     3    15     6
    12    13    17     3    19    17    16     3     6     0    17    12     3    17     1
    10    18    18    14    14    13     4    14    12    17     0     6    15    15    17
    10    17    18    10    16    14     4     9     7    12     6     0    10    16    12
    12    15    18     3    19    17    13     1     3     3    15    10     0    17     3
     7     7     4    15     5     3    18    16    15    17    15    16    17     0    16
    12    13    17     3    19    17    16     4     6     1    17    12     3    16     0
--------------------------------------------------------------------------------
Additional Information: 
global resource strength = 0.5
transfer time factor = 0.2
adapted from RCPSP instances: 
[sD337, sD381, sD339, sD137, sD22, sD18, sD100, sD247, sD352, sD224, sD63, sD307, sD115, sD345]
