--------------------------------------------------------------------------------
PORTFOLIO INFORMATION:
#projects
    14
#global resources
     2
R_G1   R_G2   
   309   211
--------------------------------------------------------------------------------
INFORMATION OF PROJECT 1:
#jobs  release  duedate
    52     0   120
#local resources
     2
R_L1   R_L2   
    14    32
jobnr.  dur.  r_G1  r_G2  r_L1  r_L2  #succ.  successors
     0     0     0     0     0     0    11     1     4     5     8    10    12    22    24    25    35    48
     1     2     1    13     1     5     6     2    40    42    45    46    47
     2     2    12    12     2    22     4     3    11    32    37
     3    10     7    10    10    21     4     6    16    33    34
     4     1     5    13     0    28     7     6    14    17    40    41    43    46
     5     8     2     4     7     4     7     7    13    20    29    33    36    41
     6     1     1    15    10    12     3     9    29    30
     7    10     8     9     8    13     6    14    20    30    31    36    38
     8     3     3     2    10     4     5    18    28    31    33    43
     9     1     5     1     1     9     3    13    28    31
    10     6     1     0     0     3     4    13    19    30    31
    11     9     5     5     0     0     2    18    27
    12     8     1     1     9    10     7    15    26    27    32    39    43    44
    13     2     8     2     9    15     2    15    28
    14     7     6     0     0     8     5    20    28    32    33    44
    15     8     0     4     2     0     3    18    20    23
    16     4     3     0     7     0     1    43
    17     4     0     4     8    17     3    27    33    34
    18     3     0     6     8     9     3    19    21    39
    19     5     8     2     4    23     2    26    41
    20     4     7    10     0     3     1    43
    21     5     1    10     6     5     1    51
    22     8     4     5     9    31     1    51
    23     1     5     8     2     0     1    39
    24     5     0     0     3    14     1    39
    25     5     2     0     9    18     1    42
    26    10     0     4     3    17     1    51
    27     4     6     6     0     0     1    51
    28     6     9     4     7     7     1    44
    29     1     2    10    11    26     1    32
    30     9     1     0     0    14     2    41    49
    31    10     0     8     1     0     3    32    39    43
    32     1     0     8    10    18     1    38
    33     4     5     0     0     3     1    51
    34     6     3     6    12    32     2    43    44
    35     7     2    11     8    22     1    39
    36     6     0     8     8     3     1    51
    37     4    12     5     8     7     1    45
    38     8     0     0     4    11     2    45    49
    39     3    10     3     3     7     1    51
    40     5     5    10     0     0     2    44    45
    41    10     7     0     4     0     1    51
    42     2     0     2     4     3     2    45    49
    43     4     0    14     6     4     2    49    50
    44     7     8     0     7    11     2    45    49
    45     2     1     2    10     1     1    50
    46     4     6     0    10     3     1    51
    47     6     1     8     0     4     1    51
    48     6     6     9     8     6     1    49
    49    10     0     9     2     1     1    51
    50    10     8     6     1     9     1    51
    51     0     0     0     0     0     0
--------------------------------------------------------------------------------
INFORMATION OF PROJECT 2:
#jobs  release  duedate
    52     0   136
#local resources
     2
R_L1   R_L2   
   151   115
jobnr.  dur.  r_G1  r_G2  r_L1  r_L2  #succ.  successors
     0     0     0     0     0     0     6     1     2    12    24    25    40
     1     2   119    18   151   115     4     3     6    18    47
     2     1   110    17   137   110     1     4
     3     1     9     1    14     5     2     4     5
     4     1    28     7    59    16     1     6
     5     4   119    18   151   115     1     7
     6     3   119    18   151   115     1     7
     7     4   119    18   151   115     3     8    16    22
     8     1    28    11    59    16     1     9
     9     2    23     7    40    51     2    10    35
    10     9    28    11    59    16     2    11    14
    11     9    94    18    93    87     2    13    38
    12    10    91     7    92    99    11    13    17    21    22    23    29    31    34    43    48    49
    13     9   110    16   146    80     2    15    28
    14     3    40    16    59    52     1    19
    15     2    65    16    85    52     4    17    31    42    47
    16     1    65     4    83    46     1    42
    17     5    98    15   111    80     2    19    32
    18     1    84     4   111    64     2    38    44
    19     7    23    14    18    52     5    20    27    30    41    45
    20    10    14     3     7    15     2    43    50
    21     9   107     8   143    87     1    51
    22     3     9     2     5    35     3    36    38    44
    23    10   105    15   144   100     6    26    27    28    32    38    46
    24    10    65    15   117    87     2    26    33
    25    10    76     1   133    63     4    41    43    44    45
    26     3    29    14    10    24     3    31    39    44
    27     1    42     5   101    31     3    36    37    46
    28     7    54     2    34    28     3    30    33    36
    29    10    40    11    42    56     2    38    50
    30     1    52     8    43    44     1    43
    31     5    14     9    38    34     1    32
    32     1    23    10    42    63     1    36
    33     2    12     1     8    28     2    42    43
    34     3    40     8    55    49     1    51
    35     9    25     0    58    28     1    44
    36     3    65     9    50    59     1    51
    37     3    37    11    20    44     1    51
    38     2    94    12   109    80     1    41
    39     5   107    14   137    87     5    43    45    46    47    48
    40     3    96     4    79    46     4    41    45    46    48
    41     2    51     4   101    32     1    48
    42     6    21     3    40    24     5    43    44    46    47    50
    43     2    82     1    65    31     1    51
    44     3     2     1    34     4     1    47
    45    10     2    10     8    18     1    51
    46     3    23     0     8    31     1    51
    47     4     0     3    22     4     1    51
    48     1    14    14    78    41     1    51
    49     6    82     7   111    49     1    51
    50     6    12     4     8    20     1    51
    51     0     0     0     0     0     0
--------------------------------------------------------------------------------
INFORMATION OF PROJECT 3:
#jobs  release  duedate
    52     0   125
#local resources
     2
R_L1   R_L2   
    14    22
jobnr.  dur.  r_G1  r_G2  r_L1  r_L2  #succ.  successors
     0     0     0     0     0     0    11     1     4     5    10    12    17    22    23    25    35    48
     1     2     4    14     3    13     6     2    24    40    42    46    47
     2     2     1    20    13    10     5     3    11    37    40    47
     3    10    10    21     8     4     4     6    16    33    34
     4     2     0     2     6    10     3     9    40    41
     5     8     7     6     1     4     8     7    13    20    27    29    33    36    41
     6     4    10    17     7     9     5     9    11    29    30    44
     7     8     8    17     8     9     7     8    14    20    30    31    36    38
     8     2    10    16     3     0     6    18    28    31    32    33    43
     9     1     4     7     5     1     3    13    28    31
    10     2     0     7     1    11     4    13    19    27    30
    11     3     3     0     5     5     2    18    27
    12     4     9    10     0     0     5    26    27    32    44    47
    13     2     9    15     1     2     2    15    43
    14     7     3     8     6     0     5    20    26    32    33    44
    15     9     2     5     0     5     1    18
    16     3     7     0     6     0     1    51
    17     4     8    17     1     4     3    27    33    34
    18     3     8     9     0     6     3    19    21    39
    19     5     4    23     8     2     2    26    41
    20     1     1     3     0    10     1    51
    21     6     6     5     2    11     1    51
    22     9     1    30     3     3     1    39
    23     2     0     0     8     8     1    37
    24    10     3     6     0     0     1    51
    25     5     9    18     3     0     1    42
    26     8     6    13     0     8     1    51
    27    10     0     0     4     6     1    51
    28     6     7     7     9     9     1    51
    29     1    11     2     2     2     1    32
    30     4     0    14     1     7     1    51
    31     5     1     0     3     8     2    39    43
    32     2    10    18     0     8     1    38
    33    10    13    14     5     0     1    45
    34     7    13    18     6    11     1    43
    35     9     8    22     2    11     1    39
    36     5     8     3     0     8     1    51
    37     4     8     7    12     7     1    45
    38     8     4    11     9     4     2    45    49
    39     3     3     7    10     1     1    51
    40     6     0     4     1    10     2    44    45
    41    10     2     0     7     0     1    51
    42     2     4     0     0     2     1    45
    43     1     6     4     0    14     2    49    50
    44     4     7    12     8     0     2    45    49
    45     2     9     2     1     5     2    49    50
    46     2    10    24     6    10     1    51
    47     9     0     4     1     6     1    51
    48     8     8     8     6     9     2    49    50
    49    10     2     2     0     9     1    51
    50    10     0     9     8     6     1    51
    51     0     0     0     0     0     0
--------------------------------------------------------------------------------
INFORMATION OF PROJECT 4:
#jobs  release  duedate
    52     0   110
#local resources
     2
R_L1   R_L2   
    14    22
jobnr.  dur.  r_G1  r_G2  r_L1  r_L2  #succ.  successors
     0     0     0     0     0     0     9     1     4     5    10    12    22    25    35    48
     1     2     1    12     4    13     7     2    24    40    42    45    46    47
     2     2    12    20     3    10     4     3    11    37    47
     3     3     7    21    10     4     4     6    16    33    34
     4     2     6    16     0    11     4     9    17    40    41
     5     8     1     6     7     5     7     7    13    20    27    29    33    36
     6     7     1    13    10    10     5     9    29    30    33    44
     7     9     8    15     8     4     8     8    14    20    30    31    36    38    46
     8     2     3    16    10     1     7    17    18    28    31    32    33    43
     9     1     2     9     3     1     3    13    28    31
    10    10     1     3     0     0     5    11    13    19    27    30
    11     2     5     0     2     5     3    18    27    30
    12     4     0    10     9     0     6    26    27    32    43    44    47
    13     1     2    15     9     2     1    15
    14     8     6     8     0     0     6    20    28    30    32    33    44
    15     8     0     5     2     4     2    18    23
    16     4     6     0     7     0     1    51
    17     4     2    17     8     4     4    18    27    29    34
    18     3     0     9     8     0     3    19    21    39
    19     5     8    23     4     4     2    26    41
    20     5     0     3     0    10     1    51
    21     5     1     5     6    11     1    51
    22    10     3    31     1     7     1    51
    23     3     5     0     0     8     1    51
    24     2     0     6     6     0     1    32
    25     5     4    18     9     0     1    42
    26     9     0    13     3     8     1    51
    27     6     6     0     0     6     1    51
    28     6     9    26     7     9     1    51
    29     1     2     0    11     0     2    32    43
    30     4     1    14     0     0     1    49
    31    10     0     0     1     8     3    32    39    43
    32     1     0    18    10    16     1    38
    33     5     5     3     0     0     1    51
    34     8     3    32    13     8     1    43
    35     7     2    22     8    11     1    39
    36     6     0     3     8     8     1    51
    37     4    12     7     8     2     1    45
    38     8     0    11     4     1     2    45    49
    39     3    10     7     3     1     1    51
    40     6     1     4     0    10     4    42    43    44    45
    41    10     7     0     4     0     1    51
    42     2     0     0     4     2     2    45    49
    43     2     0     4     6    14     3    45    49    50
    44     4     8    11     7     4     2    45    49
    45     2     5     1    10     2     1    50
    46     2     6     2    10     0     1    51
    47     6     1     4     0     6     1    51
    48     6     6     3     8     9     2    49    50
    49    10     0     1     2     9     1    51
    50    10     8     9     0     6     1    51
    51     0     0     0     0     0     0
--------------------------------------------------------------------------------
INFORMATION OF PROJECT 5:
#jobs  release  duedate
    52     0   135
#local resources
     2
R_L1   R_L2   
   170   143
jobnr.  dur.  r_G1  r_G2  r_L1  r_L2  #succ.  successors
     0     0     0     0     0     0     5     1    16    20    22    23
     1     4   173    12   170   143     2     2    44
     2    10   173    12   170   143     3     3     8    25
     3     5   173    12   170   143     1     4
     4     3   173    12   170   143     2     5    25
     5     1   106    11    39   103     6     6    19    32    34    39    45
     6     4    13     0    66   100     2     7    33
     7     6   173    12   170   143     3     9    30    43
     8     9   152     7   100    19     4     9    27    30    45
     9     1   106    11    39   103     2    10    29
    10     4    62     7    53    45     2    11    26
    11     4    62     9    53    19     3    12    21    31
    12     8    13     0    16    12     2    13    46
    13     1     8     1    47     0     3    14    18    31
    14     1    17     3    67    18     2    15    35
    15     7    31     4    14    73     1    17
    16    10    67     1   131    40     1    39
    17    10     0     0     9     3     1    51
    18    10    38     3     0    36     1    51
    19     2    12     3     9    73     2    42    43
    20     8    59     4    83    89     1    42
    21     6    97     1    98    57     2    24    32
    22    10   128     7    63   112     1    51
    23    10   111     3   117    98     4    27    32    37    40
    24     8    12     5     9     4     1    48
    25     4   142     6   152    67     2    34    42
    26     5     0     1     4     0     2    28    37
    27     5   173    12   170   143     1    35
    28     6    12     1    40     1     1    32
    29     8     6     0    38    41     1    51
    30     1   137     4    45    86     2    38    42
    31     7     1     0     1    22     1    49
    32     1   114     7    64    29     1    46
    33     5    63     7    43    57     1    36
    34     1   148     6   141   121     1    48
    35     1    18     5    36     6     1    51
    36     1    21     2    70   124     1    41
    37     2    76     0    71    26     1    42
    38     1   140     5    25     9     1    51
    39     3   154     6   157   134     1    51
    40     9   160    12   104    43     2    41    42
    41     1    63    10    19    42     1    42
    42     6   114     1    67   121     1    46
    43     1    13     5    43     3     1    46
    44     8    59     8   103    22     1    45
    45     2    32     7   122    70     2    48    49
    46     8   153     6   103   121     2    47    48
    47     5    19     0    13     9     1    50
    48     9    32     6    38    20     2    49    50
    49     2    45     4    72    28     1    51
    50     7    45     4    98    28     1    51
    51     0     0     0     0     0     0
--------------------------------------------------------------------------------
INFORMATION OF PROJECT 6:
#jobs  release  duedate
    52     0   112
#local resources
     2
R_L1   R_L2   
    14    10
jobnr.  dur.  r_G1  r_G2  r_L1  r_L2  #succ.  successors
     0     0     0     0     0     0    12     1     2     4     6     7     9    10    11    18    21    23    49
     1     3     1     1     6     3     7     3    20    30    31    45    46    48
     2     3     7     2     1     0     6     5    20    40    41    42    45
     3     4     0     4     7     0     7     5    27    34    40    41    42    47
     4     1     5     0     0     4    10    16    20    25    34    36    39    40    41    42    46
     5     1     0     1     5     0     4     8    30    34    46
     6     7     0     2     8     1     6     8    28    30    43    44    48
     7     8    10     9     9     9     9    14    19    27    28    31    33    42    43    44
     8     4     0     3     0     6     5    12    17    35    37    39
     9     9     0     0    10     5     6    13    15    17    28    36    40
    10     7     2     0     0     1     6    16    34    38    40    43    45
    11    10     2     9     0     9     8    19    24    31    37    40    41    42    43
    12     7    10    10     4     1     2    16    36
    13     9     0     9     5     0     5    24    25    32    34    35
    14     8     0     9     1     0     3    29    36    37
    15     3    10     8     0     8     4    29    30    35    41
    16     8     0     0     5    10     3    22    32    35
    17    10     6     0     7     0     4    29    35    36    47
    18     2     6     9     7     1     4    19    26    32    48
    19     1    14     6     9     3     1    45
    20     1     3     0    11     1     2    32    35
    21     9     9     0     0     9     1    34
    22    10     8     0     1     0     1    24
    23     5    10     4     0     6     2    33    34
    24     6     0     0     9     1     1    26
    25     6     0     4     4     0     1    26
    26     4     0     2     6     0     1    33
    27     4     0     0     2     6     1    32
    28     9     6     0     0     0     1    37
    29     3     9    10     1     0     1    32
    30     7     8     0     0     1     1    51
    31     9     2     3     0     0     1    47
    32     7     0     3    10     0     1    41
    33     1     8     1     2     0     1    51
    34     7     0     1     6     0     1    51
    35     8    12     0    10     1     1    51
    36     3     0     0     7     1     1    41
    37     1     0     3     5     0     1    41
    38     9     6     0     0     8     1    51
    39     2     0     0     4     3     1    51
    40     4     6     7     2     3     1    43
    41    10     2     0     6     0     1    51
    42     2     0     0    13     5     1    51
    43     3    10     0     8     0     1    47
    44     5     0     0     2     7     1    47
    45     3    10     0     0     5     1    51
    46     5     4     0     4     0     1    48
    47     7     0     2    10     1     1    51
    48    10     0    10     0     1     1    51
    49     7     9     0     0     6     1    50
    50     6     0     2     3     6     1    51
    51     0     0     0     0     0     0
--------------------------------------------------------------------------------
INFORMATION OF PROJECT 7:
#jobs  release  duedate
    52     0   162
#local resources
     2
R_L1   R_L2   
   173   170
jobnr.  dur.  r_G1  r_G2  r_L1  r_L2  #succ.  successors
     0     0     0     0     0     0     7     1     8    20    22    23    34    44
     1     4    12   143   173   170     1     2
     2     6    12   143   173   170     1     3
     3     3    12   143   173   170     2     4    16
     4    10    12   143   173   170     2     5    26
     5     6    12   143   173   170     1     6
     6     5     2   124    25    36     1     7
     7     2    12   143   173   170     1     9
     8     8    10    19   148   134     5     9    16    31    38    40
     9    10    12   143   173   170     4    10    19    29    43
    10     9     7    42    66    86     4    11    26    28    30
    11     8    10    19    62    42     3    12    21    25
    12     5     2    16    12    20     2    13    46
    13     1     9    10    58    33     2    14    18
    14     2     1     6    17    67     2    15    48
    15    10     4    87    31    16     1    17
    16     5     2    56   142   103     1    49
    17    10     0    19     0     9     1    51
    18    10     4    47     1     0     1    51
    19     2     0    18    85    58     2    37    42
    20    10     4   101   107    84     3    33    38    39
    21     6     3    29    65    96     3    24    37    46
    22    10     7   112   128    63     1    51
    23    10     2   119   111    86     5    27    32    39    42    45
    24     8     4     4    12     9     2    35    48
    25     4     6    55   142    71     3    32    37    42
    26     2     4     0     0    18     1    51
    27     1    12   143   173   170     1    51
    28    10     0     5    10     2     1    47
    29     6     2    41     7    38     1    31
    30     2     7    56   142    33     1    51
    31     8     0     3     4    64     1    50
    32     2     3    62    87    22     1    46
    33     5     8    65    76    65     2    36    37
    34     9     7    99    61   139     1    49
    35     2     4     6     1    37     1    51
    36     3     2   124    88    71     1    41
    37     2     3    50    81    10     1    48
    38     1     4    74    92   150     1    48
    39     6    12   143   173   170     1    51
    40    10     8    77   163   106     3    41    42    43
    41     1     5    40   107    24     1    42
    42     5     3   117   114    71     1    46
    43     2    10    19    76    33     1    46
    44    10     9    26    59    26     1    48
    45     7     6    56   142   110     1    46
    46    10     8   118   151    97     1    48
    47     7     0     9     4    32     1    48
    48     8     4    44   112    31     2    49    50
    49     2     2    12    45    56     1    51
    50     7     4    12    45    98     1    51
    51     0     0     0     0     0     0
--------------------------------------------------------------------------------
INFORMATION OF PROJECT 8:
#jobs  release  duedate
    52     0    61
#local resources
     2
R_L1   R_L2   
    19    17
jobnr.  dur.  r_G1  r_G2  r_L1  r_L2  #succ.  successors
     0     0     0     0     0     0    18     1     2     3     4     5     6     7     8     9    12    13    14    15    16    17    21    24    37
     1     7     7     3     0     0     9    22    25    26    27    33    35    36    38    50
     2     5     6     7     0     0     9    18    19    23    25    27    29    33    34    35
     3    10     0     0     9     2     4    10    19    26    50
     4     9     6     0     4     0     8    22    25    28    32    33    34    35    38
     5     1     2     0     0     1    10    27    28    29    31    32    33    34    38    39    49
     6     3     3     0     9     0     6    20    22    23    26    32    33
     7     3     0     1     0     5     3    11    30    33
     8     3     3     6     0     0     8    29    31    32    33    34    35    38    49
     9     1     2     0     1     0     7    23    26    31    32    33    39    49
    10     2     8     0     0     8     6    18    29    32    34    39    49
    11    10     8     0     0     7     6    23    29    31    32    44    50
    12     7     0     5     0     5     5    23    28    31    32    33
    13     6     0     0    10     6     5    19    31    38    41    48
    14    10     8     6     0     0     4    22    31    38    50
    15    10    10     0     0     6     3    23    31    32
    16     1     0     0    10     7     8    34    40    41    43    45    46    48    50
    17     6     8     9     0     0     7    36    38    40    43    46    48    49
    18     7     3     0     0     3     6    31    38    41    44    45    46
    19     5     0     9     8     0     6    32    40    42    43    44    47
    20    10     0     6     8     0     5    31    38    41    44    48
    21     1     6     0     5     0     6    38    40    41    43    44    48
    22    10     0    10     0     1     4    29    42    44    49
    23     7     1     4     0     0     5    38    40    41    46    47
    24    10     7     0     0     6     5    38    39    40    41    43
    25     8     0     6     0     5     4    31    41    45    48
    26     2     1     0     8     0     5    40    41    42    44    48
    27     4     0     4     0     3     5    40    42    43    44    48
    28     3     3     0     0     9     4    40    43    45    46
    29     1     1     0     0     8     3    40    41    47
    30     7     0     8     0    10     3    40    41    42
    31     2     3     0     7     0     2    40    43
    32     4     8     0     0     4     2    45    46
    33     2     5    10     0     0     2    41    48
    34     6     4     0     0     8     2    44    47
    35     8     4     8     0     0     2    45    46
    36     6     3     0     7     0     2    41    42
    37     6     1     0     7     0     2    45    48
    38     3    10     0     0     9     1    42
    39     8     2     0     0     6     1    42
    40     8     3     0     5     0     1    51
    41     9     0     4     0     4     1    51
    42     3     0     0     9     1     1    51
    43     5     8     0     2     0     1    51
    44     5     0     0     3     5     1    51
    45     8     0     0    10     4     1    51
    46     9     0     7     0     1     1    51
    47     2     0    10     3     0     1    51
    48     9     0     1     5     0     1    51
    49    10     1     0     1     0     1    51
    50     6     0     0     4     7     1    51
    51     0     0     0     0     0     0
--------------------------------------------------------------------------------
INFORMATION OF PROJECT 9:
#jobs  release  duedate
    52     0    47
#local resources
     2
R_L1   R_L2   
    21    24
jobnr.  dur.  r_G1  r_G2  r_L1  r_L2  #succ.  successors
     0     0     0     0     0     0    19     1     2     3     4     5     7     8     9    11    12    13    14    17    19    21    24    25    27    50
     1     2     0     0     7     4    11    10    15    18    26    29    40    43    44    45    47    49
     2     4     0     6     0    10     7     6    16    18    29    30    40    46
     3     3     7     1     0     0     5     6    18    40    47    49
     4     9     0     4     1     0    11    18    20    26    34    39    40    41    43    44    47    48
     5     6     0     4     0     3    11    18    20    34    37    39    40    41    43    44    45    46
     6     9     0     0     9    10     8    15    33    34    35    37    38    44    45
     7    10     0     9     0     1     9    18    22    34    36    37    40    43    45    48
     8    10     0     3     0     1     9    23    30    33    34    36    37    41    45    49
     9     1     0     0    10     7     8    20    29    37    41    43    44    46    47
    10     8     0     1     2     0     6    22    32    34    35    37    48
    11     6     3     0     0     3     9    31    32    33    35    36    38    39    40    46
    12     3     0     1    10     0     4    18    36    42    43
    13     5     0     0     9     9     6    28    29    33    35    39    41
    14     3     8     9     0     0     6    28    30    33    39    40    43
    15     2     0     3    10     0     4    20    28    39    41
    16     9     0     7     4     0     3    22    34    43
    17     9     0     9     0     2     6    32    34    37    40    44    45
    18     1     3     0     2     0     4    28    32    33    35
    19     5     0     1     0     6     1    22
    20    10     0     0     9     1     4    31    32    36    42
    21     5     1     0     3     0     4    31    33    34    38
    22     3    10     0     8     0     3    28    33    38
    23    10     0     0     6     5     3    28    35    40
    24     8     6     0     3     0     3    29    36    39
    25    10     0    10     0     4     3    35    37    39
    26     5     0     8     5     0     2    37    38
    27     6     1     0     2     0     2    31    32
    28     4     0     2     1     0     1    31
    29     8     2     1     0     0     1    34
    30     3     0     6     0     3     1    32
    31     6     0     1     0     8     1    51
    32     7     8     1     0     0     1    51
    33     3    10     0     0     8     1    51
    34     4     0     5     0     5     1    51
    35     2     0     5     1     0     1    51
    36     6     0     1     0     9     1    51
    37     1     0     8     0     9     1    51
    38     2     8     0     0     3     1    51
    39     2     0     0     9     9     1    51
    40     8     0     8     0     2     1    51
    41     3     3     0     0     4     1    51
    42     4     0     4     2     0     1    51
    43     8     6     8     0     0     1    51
    44    10     3     0    10     0     1    51
    45     6     0     9     0     7     1    51
    46     3     0     0     7     9     1    51
    47    10     0     8     6     0     1    51
    48    10     7     0     0     5     1    51
    49     1     0     0     3     5     1    51
    50     3     0     4     0     7     1    51
    51     0     0     0     0     0     0
--------------------------------------------------------------------------------
INFORMATION OF PROJECT 10:
#jobs  release  duedate
    52     0   139
#local resources
     2
R_L1   R_L2   
    18   151
jobnr.  dur.  r_G1  r_G2  r_L1  r_L2  #succ.  successors
     0     0     0     0     0     0     8     1     3     6    12    18    25    34    49
     1     6   107   110    13   133     1     2
     2     1   107   110    13   133     3     4    14    23
     3     1    12     5     5    18     5     4    14    23    42    48
     4     1   119   115    18   151     1     5
     5     6   119   115    18   151     2     7    16
     6     1   119   115    18   151     1     8
     7     9   119   115    18   151     1     8
     8     2    28    16    10    59     1     9
     9     1    37    52     6    18     2    10    35
    10     9    28    16    11    59     3    11    37    38
    11     9    93    84    12    68     4    13    30    31    41
    12    10    91    99     7    92     9    17    21    22    23    29    31    41    43    48
    13     1    89    73     8   124     2    15    28
    14     8   116    84     2    65     1    17
    15     3    45    49    14    18     4    17    21    26    40
    16     1    48    52     0    58     2    17    35
    17     6    96    86    12    99     1    19
    18     9    82    63     7   124     3    24    36    42
    19     8    11    51    12    18     3    20    27    30
    20     3    12    21     2    19     1    50
    21     3   107    86     8   143     1    51
    22     1    52    27     0     6     2    30    43
    23     7   118   100    12    99     5    26    27    28    32    37
    24     7    58    88    16   117     1    40
    25    10    74    63     1   133     1    51
    26     2    17     3    10     1     2    31    39
    27     8    11    27     5    66     2    36    46
    28     6    61    11     2    16     1    33
    29    10    46    57    12    28     2    38    46
    30     3    23    49    11    18     1    51
    31     4    10    22     9    21     1    51
    32     1     0    35     5    53     1    51
    33     4    12    29     6     8     1    42
    34     4    46    60     8    58     3    36    45    50
    35     9    26    30     3    83     1    50
    36     3    11    48     9    58     1    51
    37     7    30    42    10    27     1    51
    38     2    73    52     9    92     1    47
    39     3   107    86    12   117     3    41    45    50
    40     3    96    35     0    51     2    45    48
    41     1     1    17     9    15     1    51
    42     4    23    14     3    40     3    44    46    50
    43     2    23    62    14    93     3    45    46    50
    44     9     1     4     1    34     1    51
    45    10     2    16    10     2     1    51
    46     1     0    31     0     7     1    51
    47     4     0     1     3     0     1    51
    48     2     1    15     6    52     1    50
    49     9    82    62     3   122     1    50
    50     7    12    28     4     8     1    51
    51     0     0     0     0     0     0
--------------------------------------------------------------------------------
INFORMATION OF PROJECT 11:
#jobs  release  duedate
    52     0   141
#local resources
     2
R_L1   R_L2   
   173   143
jobnr.  dur.  r_G1  r_G2  r_L1  r_L2  #succ.  successors
     0     0     0     0     0     0     8     1     8    16    20    22    23    25    44
     1     1   170    12   173   143     1     2
     2     7   170    12   173   143     1     3
     3     8   170    12   173   143     1     4
     4     4   170    12   173   143     1     5
     5     1    39    11   106   103     5     6    19    32    39    45
     6     4    66     0    13   100     2     7    33
     7    10   170    12   173   143     1     9
     8     8   100     9   148    19     4     9    30    41    45
     9     1    39    11   106   103     3    10    28    29
    10     3    39     7    62    45     2    11    26
    11     5    53     9    61    19     4    12    21    31    42
    12     8    17     0    18    12     2    13    46
    13     1    49     6    46     3     3    14    18    31
    14     1    67     1    17    18     2    15    48
    15     8    14     4    31    52     2    17    49
    16    10   131     1    67    40     2    17    39
    17    10     9     0     0     3     1    51
    18     9     0     3     6    36     1    51
    19     2     9     0     2    73     1    42
    20     8    83     5    59    89     1    42
    21     6    99     1    63    63     2    24    32
    22     9    63     7   128   112     1    51
    23    10   117     3   111    98     4    27    37    39    40
    24     7     9     5    13    11     1    48
    25     4   152     3   142    67     2    34    42
    26     6     4     1     0     0     4    28    31    35    37
    27     2   170    12   173   143     1    51
    28     5    40     2    13     1     1    32
    29     8    38     2     6    41     1    51
    30     1    49     9    41    68     1    42
    31     8     1     0     1    22     1    51
    32     1    20     2   114    29     1    46
    33     4    49     7    53    57     2    36    38
    34     2   148     6   154   121     1    51
    35     1     3     5    21     6     1    51
    36     2    70     2    25   124     1    41
    37     2    71     1   106    26     1    42
    38     1     9     5   109     9     1    51
    39     9   157    11   154   134     1    51
    40     9   104    12   160    43     3    41    42    43
    41     2    66     6    28    41     1    42
    42     6    67     1   114   115     1    46
    43     1    37     3    13    63     1    51
    44    10   103     8    59    28     3    45    47    48
    45     2   102     7    46    70     1    50
    46     8   103     7   156   121     2    47    48
    47     5    13     0    19     9     1    50
    48    10    38     6    63    28     2    49    50
    49     2    72     4    45    28     1    51
    50     7    98     4    45    28     1    51
    51     0     0     0     0     0     0
--------------------------------------------------------------------------------
INFORMATION OF PROJECT 12:
#jobs  release  duedate
    52     0   166
#local resources
     2
R_L1   R_L2   
    12   120
jobnr.  dur.  r_G1  r_G2  r_L1  r_L2  #succ.  successors
     0     0     0     0     0     0    10     1    11    14    26    27    29    37    39    44    46
     1     7    12    21    12   120     6     2    19    36    40    41    43
     2     7    12    21    12   120     1     3
     3     2    12    21    12   120     1     4
     4     8    12    21    12   120     2     5    35
     5     3     2    14     7    84     6     6    18    32    33    34    50
     6     4     2    10     3    69     2     7    31
     7     1    12    21    12   120     1     8
     8     5     9    21     4   110     3     9    16    25
     9     9    12    21    12   120     3    10    20    47
    10     1     2     0     4     0     2    12    23
    11    10    10     5     1    30     5    21    22    23    24    38
    12     8    10    21    12   116     2    13    22
    13     5     0     1     8     8     3    15    28    30
    14     4     1    14     4   108     1    21
    15     6     9    11     1    30     2    17    38
    16     3     3    11     1   114     1    45
    17     3     6     1     9    41     2    21    33
    18     2     6    10     0    96     5    21    31    41    43    49
    19     4    11    15     2    30     3    28    40    50
    20     1     0     0    10    12     1    51
    21     9     1     6     5    33     1    51
    22     5     0    20     0    92     1    51
    23     7     2     1    11     6     1    51
    24     3     3    20     0   104     1    51
    25     7     9     1     4    24     1    51
    26     6    10    14     8   110     1    51
    27     1     5     0     3    65     1    33
    28     5    10    21    12   116     2    35    40
    29    10     3    21     8   107     1    30
    30     3     0    10     0     6     1    51
    31     2     0     6     7    90     1    51
    32     8     4     6     9    51     1    41
    33    10     6     0     2    13     1    51
    34     6     3     0     8    10     2    48    50
    35     9     1     7     3     9     1    51
    36     1     7    11     1    51     1    45
    37     8    10     7     1    36     2    40    49
    38     1    10    11     9   110     1    43
    39     9     6    11     8    24     3    41    42    48
    40    10     2     6     8    69     2    43    45
    41     1     0    13     0     6     1    51
    42     9     9     8     7    87     3    45    49    50
    43     2     9     0     1     6     1    51
    44     8     6    20     0    79     1    45
    45     3     1     6     0    10     1    51
    46     9    10     7     5    36     1    48
    47     6     6     5     0    24     3    48    49    50
    48     9     2     0     0     4     1    51
    49     8     5     8     0    16     1    51
    50     5     2     0     0    87     1    51
    51     0     0     0     0     0     0
--------------------------------------------------------------------------------
INFORMATION OF PROJECT 13:
#jobs  release  duedate
    52     0   111
#local resources
     2
R_L1   R_L2   
    17    11
jobnr.  dur.  r_G1  r_G2  r_L1  r_L2  #succ.  successors
     0     0     0     0     0     0    13     1     2     4     7     9    10    11    13    15    17    18    23    50
     1     4     0     3     9     0     6     3    20    30    45    46    48
     2     9     3     0     1     3     7     5    20    40    41    42    44    45
     3     6     4     0     7     0     6     6    34    40    41    42    47
     4     6     0     4     2     5    12     5    16    20    25    31    34    36    39    40    41    42    46
     5     8     1     0     5     0     6     8    25    27    30    34    46
     6     8     2     1     8     0     5     8    19    28    43    44
     7     1     0     6     0     9    10    14    27    28    31    33    38    42    43    44    49
     8     1     3     8     0     0     4    12    35    37    39
     9     9     2     5    12     2     2    28    36
    10     8     0     1     0     2     6    16    34    35    40    43    45
    11    10     8     9     0     0     7    19    21    25    37    40    41    43
    12     6    12     1     9    11     2    16    36
    13     9     9     0     5     0     5    24    25    32    34    35
    14    10     9     0     1     0     4    34    36    37    39
    15     7    11     9    10     3     5    16    29    30    41    45
    16     8     7    10     5     1     3    22    32    38
    17     7     0     8     7     7     4    29    35    36    47
    18     2     9     1     0     0     3    26    32    48
    19     3     8     0     9     0     2    26    27
    20     4     0     0     7     3     3    32    33    35
    21    10     0     9     0     4     3    26    31    34
    22    10     0     0     1     7     1    24
    23     7     0     6     0    11     2    33    34
    24     4     0     1     9     0     1    26
    25     1     4     0     4     0     1    26
    26     4     2     0    12     0     1    33
    27     5     0     6     2     0     1    32
    28     6     0     0     1     6     2    37    44
    29     3    10     0     0     9     1    51
    30     7     0     1     0     8     1    32
    31     3     3     0     0     2     1    51
    32     4     8     2    10     0     1    51
    33     2     0     0     2     8     1    51
    34     6     1     0     6     5     1    51
    35     8     2     0    10    11     1    51
    36     3     0     1     7     0     1    51
    37     3     4     0     5     1     1    51
    38     7    11     9     8     6     1    51
    39    10     0     1     4     0     1    51
    40    10     7     0     0     6     1    51
    41     8     2     0    12     2     1    51
    42    10     0     5     4     0     1    51
    43     4     0     0     8     9     1    51
    44     7     5     7     2     0     1    51
    45     3     1     5     5    11     1    48
    46     6     0     0     4     4     1    51
    47     7     2     0    10     0     1    51
    48     1    10     1     0     0     1    51
    49     5     6     6     0     6     1    51
    50     4     0     8     3     0     1    51
    51     0     0     0     0     0     0
--------------------------------------------------------------------------------
INFORMATION OF PROJECT 14:
#jobs  release  duedate
    52     0   141
#local resources
     2
R_L1   R_L2   
    11    18
jobnr.  dur.  r_G1  r_G2  r_L1  r_L2  #succ.  successors
     0     0     0     0     0     0    12     1    16    24    26    27    29    30    36    44    46    47    49
     1     9   130     9    11    18     8     2    33    37    38    39    40    41    42
     2     8   118     5     7    14     1     3
     3     1   121     5    10    12     2     4    34
     4     2    94     0     0     8     2     5    31
     5     4   130    11    11    14     3     6    28    50
     6     7    53     5     0     2     2     7    25
     7     2   123     3     1     8     2     8    15
     8     8    50    11     4    14     4     9    23    33    43
     9     8     1     0     3     5     3    10    15    22
    10     5    33     5     5     2     5    11    17    20    32    34
    11     4    96     8     0     0     2    12    19
    12     9   112     7     2     2     1    13
    13     5    81     0    11     5     2    14    38
    14     7    15     8     0     5     1    18
    15     3     0     9     0     5     1    51
    16    10    10     3     0     0     1    51
    17     7   103     9     9     8     2    28    42
    18     4    37     2     3     5     1    51
    19     3    48    10     4     4     1    21
    20     9    43     9     0    17     2    35    45
    21     4    50     7     2    17     1    42
    22     8     7     0     4     3     1    34
    23     8    37     6     0     8     1    51
    24    10    96     7    10     9     1    51
    25     2    58     0     2     0     1    42
    26     9     0     0     1     1     1    39
    27     6    20     0     8    10     1    39
    28     6    10     0     8     0     1    51
    29     6     9     4     0     4     3    37    39    50
    30    10    46    13     0     9     1    33
    31     3   125    10     0    13     1    51
    32     1     6     0     9    10     1    33
    33     8    12     3     0     4     1    51
    34     7     5     0     6     0     1    51
    35     4     0     0     6     4     1    51
    36     3    18     5     5    16     1    51
    37     9    22     1     4     0     1    38
    38     3     2     0     0    11     1    51
    39     2     5     0     0     6     1    51
    40     1     0     1     8     0     3    42    45    50
    41     7    38     9     5     4     1    43
    42     2     0     4     0     1     1    51
    43     3     7     1     0     0     1    51
    44    10    77     6     9     0     2    48    50
    45     4    10     3     2     8     1    51
    46     9   129    11     7     3     2    48    50
    47     9     8     6     0     0     1    51
    48    10     7     8    10     4     1    51
    49     5    14     7     7     0     1    51
    50     7    38    10     0    12     1    51
    51     0     0     0     0     0     0
--------------------------------------------------------------------------------
TRANSFER TIMES OF GLOBAL RESOURCE G1
 DEPOT    P1    P2    P3    P4    P5    P6    P7    P8    P9   P10   P11   P12   P13   P14
     0    18    20    20     3    21    19    19    27    32    28    18    12    12    18
    18     0    37    18    17    37     8     3    20    48    31    16    14    27    33
    20    37     0    30    22     4    39    38    39    12    29    30    31    12    20
    20    18    30     0    21    29    26    21     9    40    13     3    25    19    36
     3    17    22    21     0    23    18    18    28    33    29    19    10    14    17
    21    37     4    29    23     0    40    39    37    12    27    29    32    11    23
    19     8    39    26    18    40     0     6    28    50    38    23    10    30    31
    19     3    38    21    18    39     6     0    23    50    33    18    13    29    33
    27    20    39     9    28    37    28    23     0    48    16    10    31    28    44
    32    48    12    40    33    12    50    50    48     0    37    40    42    22    28
    28    31    29    13    29    27    38    33    16    37     0    15    36    21    42
    18    16    30     3    19    29    23    18    10    40    15     0    23    19    35
    12    14    31    25    10    32    10    13    31    42    36    23     0    24    21
    12    27    12    19    14    11    30    29    28    22    21    19    24     0    22
    18    33    20    36    17    23    31    33    44    28    42    35    21    22     0
--------------------------------------------------------------------------------
TRANSFER TIMES OF GLOBAL RESOURCE G2
 DEPOT    P1    P2    P3    P4    P5    P6    P7    P8    P9   P10   P11   P12   P13   P14
     0    26     9    20    24     9    13    13    21    16    23    17     6    22    28
    26     0    29    14    34    32    27    36    17    41    33    13    28    46     9
     9    29     0    19    32     3     7    19    19    13    31    23     3    17    33
    20    14    19     0    37    22    15    32     4    32    36    18    19    35    22
    24    34    32    37     0    32    36    18    40    34     2    21    29    41    29
     9    32     3    22    32     0     9    17    22    10    31    25     4    15    35
    13    27     7    15    36     9     0    24    14    18    35    24     9    21    32
    13    36    19    32    18    17    24     0    33    16    18    24    16    24    35
    21    17    19     4    40    22    14    33     0    31    38    21    20    34    25
    16    41    13    32    34    10    18    16    31     0    34    32    13     8    43
    23    33    31    36     2    31    35    18    38    34     0    20    28    41    28
    17    13    23    18    21    25    24    24    21    32    20     0    21    39    12
     6    28     3    19    29     4     9    16    20    13    28    21     0    18    32
    22    46    17    35    41    15    21    24    34     8    41    39    18     0    49
    28     9    33    22    29    35    32    35    25    43    28    12    32    49     0
--------------------------------------------------------------------------------
Additional Information: 
global resource strength = 0.2
transfer time factor = 0.5
adapted from RCPSP instances: 
[sD131, sD381, sD197, sD168, sD314, sD85, sD389, sD29, sD4, sD255, sD347, sD187, sD70, sD150]
