--------------------------------------------------------------------------------
PORTFOLIO INFORMATION:
#projects
    16
#global resources
     2
R_G1   R_G2   
   676   612
--------------------------------------------------------------------------------
INFORMATION OF PROJECT 1:
#jobs  release  duedate
    52     0   138
#local resources
     2
R_L1   R_L2   
   119   151
jobnr.  dur.  r_G1  r_G2  r_L1  r_L2  #succ.  successors
     0     0     0     0     0     0     7     1     3    12    14    25    34    49
     1     7    16   110   110   145     7     2     6    18    21    23    43    47
     2     2    16   110   110   145     3     4     6    26
     3     1     5    30    14    18     3     4     6    23
     4     1     8    16    28    59     1     5
     5     8    18   114   110   145     4     7    16    41    48
     6     6    16   109   101   139     3     8    38    41
     7     3    18   115   119   151     2     8    38
     8     4    11    16    28    59     1     9
     9     1     6    62    57    37     2    10    35
    10     9    11    16    28    56     2    11    37
    11     8    12    83    94    68     4    13    30    31    32
    12    10     7    99    91    92     9    16    17    21    22    23    29    31    41    43
    13     1     8    73    89   124     3    15    28    31
    14     8     0     1     9     6     1    37
    15     3    14    47    45    12     1    17
    16     1     0    38    44    59     1    17
    17     9    16   110   110   145     2    19    33
    18     5     7    60    85   104     1    24
    19     8    12    49    11    16     4    20    27    30    45
    20     4     3    21    12     7     1    50
    21     4     6    86   107   143     1    51
    22     9     2     5     9     6     1    30
    23     8    12    89    93    96     5    26    27    28    37    46
    24     7    13    84    56   117     3    26    38    40
    25    10     1    63    65   133     1    51
    26     2    10     2    30     2     3    31    39    46
    27     5     5    30    11    66     2    36    46
    28     7     2    30    54    16     1    33
    29    10    12    54    74     7     2    30    38
    30     3    11    47    34    18     3    32    41    43
    31     4     9    32    10    21     1    43
    32     1     5    59    21    55     1    51
    33     3     4    29    12     8     1    42
    34     4     8    34    27    54     1    51
    35     9     0    32    25    83     1    51
    36     3     9    53    65    92     1    51
    37     5    10    42    30    27     2    43    47
    38     2     9    83   107    96     1    47
    39     3    11    86   107   117     1    45
    40     3     2    37    96    78     3    41    46    48
    41     3     4    23    26    13     1    51
    42     5     3    15    19    40     3    44    47    50
    43     2     1    45    39    81     1    51
    44     9     1     4     1    34     1    51
    45     9    12    19     2     2     1    51
    46     2     5    31    20     7     1    51
    47     4     3     3     0     0     1    51
    48     2     6    15     1    55     1    50
    49     9     3    49    83   110     1    50
    50     6     4    26    12     8     1    51
    51     0     0     0     0     0     0
--------------------------------------------------------------------------------
INFORMATION OF PROJECT 2:
#jobs  release  duedate
    52     0   154
#local resources
     2
R_L1   R_L2   
   170   143
jobnr.  dur.  r_G1  r_G2  r_L1  r_L2  #succ.  successors
     0     0     0     0     0     0     8     1     8    20    22    23    43    44    45
     1     1   173    12   170   143     1     2
     2     9   173    12   170   143     2     3    16
     3     5   173    12   170   143     2     4    38
     4     3   173    12   170   143     1     5
     5     3   173    12   170   143     2     6    32
     6     3    13     2    67    92     4     7    19    26    33
     7     5   173    12   170   143     1     9
     8     8   148    10   100    19     5     9    34    39    40    41
     9     4   173    12   159   140     3    10    28    29
    10     7    62    10    53    48     4    11    25    28    41
    11     2   120     3    55    19     2    12    21
    12     1    12     1    15    55     1    13
    13     1    50     0    40    70     2    14    18
    14     3    10     0    44    22     1    15
    15     9    21     4    12    61     1    17
    16     1   161    11   152    88     2    32    36
    17     8     0     0     7    19     1    51
    18    10     3     3     0    36     1    51
    19     1    53     9   111   121     3    28    30    42
    20    10   119     6    84   101     1    51
    21     6    73     1    72    55     2    24    46
    22     8   128     8    70   131     1    51
    23    10   111     2   117    95     6    24    26    27    30    32    33
    24     9    12     3     9     4     1    51
    25     2   161     9   152   104     4    32    35    37    42
    26    10     0     0     4     0     1    35
    27     7   173    12   163   140     1    51
    28    10    10     2    40    15     1    32
    29     1    14     2    52     0     1    31
    30     4     0     0     7     3     2    37    46
    31     7     1     0    46    22     1    32
    32     3    88     8    76    30     1    46
    33     5    53     9    29    58     1    36
    34     7   142     6   139    98     2    37    50
    35     1     0     5    58    15     1    46
    36     2    25     2    70   124     1    41
    37     1   123     7    78    73     1    51
    38     9   161     9   130   107     2    39    41
    39     1   173    12   159   140     1    42
    40     7   160     7   101    51     1    41
    41     2    54     5    82    21     1    42
    42     8   114     2    67   121     1    46
    43     5   154    10   113   115     1    51
    44     9    59    10   103    22     1    47
    45    10   152     8   110    82     3    47    48    50
    46    10   161     9   126   120     1    47
    47     4    19     1    15     9     2    48    49
    48     9    31     6    31    23     1    50
    49     4    45     4    54    12     1    51
    50     8    45     4   100    12     1    51
    51     0     0     0     0     0     0
--------------------------------------------------------------------------------
INFORMATION OF PROJECT 3:
#jobs  release  duedate
    52     0    69
#local resources
     2
R_L1   R_L2   
    14    13
jobnr.  dur.  r_G1  r_G2  r_L1  r_L2  #succ.  successors
     0     0     0     0     0     0    17     1     2     3     4     5     7     8     9    10    12    13    18    19    25    26    32    50
     1     4     0    10     0     9     7     6    16    20    28    29    40    47
     2     1     0     9     0     9     9    21    23    27    28    31    34    35    39    45
     3     4     0     6     8     0     7    11    22    27    29    39    41    43
     4     6     4     0     0     2     6    14    15    28    37    39    45
     5     8     0     0    10     9     7    17    35    39    41    46    47    49
     6     7    10     0     3     0     6    14    34    37    38    42    44
     7     6     0     6     5     0     4    15    35    36    37
     8     7     1     0     5     0     6    28    34    35    37    40    47
     9     9     9    10     0     0     5    24    30    37    41    46
    10     1     2     0     0     6     5    31    35    39    41    46
    11     6     4     5     0     0     4    28    35    37    40
    12     8     0     1     3     0     4    30    33    36    43
    13     3     9    10     0     0     3    20    35    41
    14     6     0     2     0     8     3    27    33    35
    15     8     6     5     0     0     3    29    34    44
    16     9     7     0     2     0     3    27    33    38
    17    10     0     0     4     4     3    30    33    38
    18     4     0     4     3     0     3    29    34    42
    19     4     3     3     0     0     3    33    35    36
    20     7     0     0    10     2     2    34    43
    21     4    10     0    10     0     2    38    42
    22     5     0     7     0     3     2    34    45
    23     3    10     0     0     3     2    37    40
    24     7     0     0     5     3     2    33    34
    25     8     0    10     0     5     2    39    48
    26     2     0     9     0     6     2    34    35
    27     8     2     0     4     0     1    36
    28     7    10     9     0     0     1    33
    29     7    10     0     5     0     1    33
    30     1     0     1     7     0     1    34
    31     9     2     4     0     0     1    38
    32     3     1     0     0     5     1    35
    33     7     0     3     0     9     1    51
    34     1     7     0     4     0     1    51
    35     4     2     0    10     0     1    51
    36     5     0     4     1     0     1    51
    37     8    10     0     1     0     1    51
    38     5     0     5     7     0     1    51
    39     9     0     3     0     1     1    51
    40     2     0     0     6     9     1    51
    41     6     6     0     0     8     1    51
    42    10     0    10     3     0     1    51
    43     3     0    10     0     1     1    51
    44     4     1     8     0     0     1    51
    45     8     0     5     0     1     1    51
    46    10     3     4     0     0     1    51
    47     4     7     0     1     0     1    51
    48     7     0     2     0     3     1    51
    49     3     0     6     0     4     1    51
    50     9     0     4     3     0     1    51
    51     0     0     0     0     0     0
--------------------------------------------------------------------------------
INFORMATION OF PROJECT 4:
#jobs  release  duedate
    52     0   141
#local resources
     2
R_L1   R_L2   
   173    12
jobnr.  dur.  r_G1  r_G2  r_L1  r_L2  #succ.  successors
     0     0     0     0     0     0    10     1     8    16    22    23    27    34    38    44    45
     1    10   170   143   173    12     1     2
     2     4   170   143   173    12     1     3
     3     1   170   143   173    12     6     4    20    26    32    40    42
     4     2   170   143   173    12     1     5
     5     1   170   143   173    12     1     6
     6     3    39   125    13     1     3     7    19    33
     7     5   170   143   173    12     1     9
     8     8   131    18   160    10     4     9    30    31    41
     9     7   170   143   173    12     3    10    28    29
    10     4    85    42    62     8     2    11    25
    11     2    69    36    52     9     2    12    21
    12     5    16     5    12     2     2    13    31
    13     1    33    18    32     8     2    14    18
    14     1    67    18    10     1     3    15    35    47
    15    10    11    87    31     4     1    17
    16     7   152    56   142     8     1    51
    17     9     9    19     0     0     1    51
    18    10     0    36     3     3     1    51
    19     2     9    20    12     1     1    25
    20     8    85   101   111     4     2    26    40
    21     6    99    55    57     3     2    24    46
    22     8    63   112   128     8     1    26
    23     7    78    97   111     3     4    31    39    40    43
    24     8     7     4    12     4     1    51
    25     5   154    56   142     8     2    37    41
    26     1    16   106     3     2     1    51
    27     1   170   143   173    12     1    51
    28     4    23     1    10     0     1    51
    29     5    38    41    13     2     1    31
    30     6   161    88   170     9     2    35    41
    31     1     8    67    57     0     1    50
    32     1    66    40    84     0     1    50
    33     5    60    67    55     7     1    36
    34     8   139   100   147     5     1    49
    35     1    27    71    92     0     1    51
    36     1    80   124   131     4     1    41
    37     2    71    40    44     3     1    46
    38     2    71    76   116     8     2    47    48
    39    10   170   143   173    12     1    42
    40     1   123    18   160     8     1    42
    41     1    65    36   107     4     1    42
    42     5    68   121   114     1     1    46
    43     1    36    92    13     1     1    46
    44    10   102    18    59    11     1    48
    45     8   159    56   142     8     2    46    48
    46     8    96   119   149     6     2    47    48
    47     1    86     9    33     2     1    51
    48     7    31    12    26     6     2    49    50
    49     3    56    12    45     3     1    51
    50     7    98    12    45     4     1    51
    51     0     0     0     0     0     0
--------------------------------------------------------------------------------
INFORMATION OF PROJECT 5:
#jobs  release  duedate
    52     0    60
#local resources
     2
R_L1   R_L2   
    24    25
jobnr.  dur.  r_G1  r_G2  r_L1  r_L2  #succ.  successors
     0     0     0     0     0     0    17     1     2     3     4     5     6     8     9    10    11    14    15    16    18    21    24    28
     1     7     0     0     4     4    12    12    13    20    22    23    26    29    34    46    47    48    49
     2     8     1     1    10     7     8     7    17    22    29    33    34    35    49
     3     3     0    11     0     3    11    19    20    23    25    26    27    46    47    48    49    50
     4     9     0    10     0    10     4     7    22    29    49
     5     9     0     1     0    10     8    12    20    31    34    41    46    48    50
     6    10     1     9     0     0     9    20    27    31    33    34    35    46    47    50
     7     9     0     0    10    10     6    12    20    31    40    41    48
     8     6     0     0     8     1    10    22    29    33    35    38    39    40    44    45    47
     9     9     0     0     9     3     9    25    32    33    34    40    44    46    48    49
    10     6     0     1     0     4     8    27    31    32    33    34    42    43    44
    11     1     0     2     0     1     5    20    25    31    34    46
    12     8     8     0     7     0     6    25    30    32    39    43    44
    13     2     0     6     6     0     6    27    36    39    41    43    50
    14    10     0     6     0    10     6    30    32    33    40    43    44
    15     5     9     0     7    13     6    30    31    32    35    40    46
    16     9     3     0     6     0     6    30    36    40    45    46    47
    17     1     1     0     0     3     4    27    41    46    47
    18     6     9     0     1    16     6    33    37    38    39    40    46
    19     7     3     0    10     0     5    31    32    39    43    44
    20     4     0     8     0     7     6    30    31    36    38    42    43
    21     7     0     0     4     3     5    31    39    41    47    48
    22     6     0     1     0     6     5    30    31    42    43    49
    23     7     0     0     9     2     4    32    33    36    42
    24     7    15     1     0     5     2    27    36
    25     4     0     0     4     1     3    37    42    45
    26     3     0     0    10     9     4    36    38    39    40
    27     2     0     0     2     1     3    30    38    40
    28     5     0     2     0     4     2    39    42
    29    10    10     0     0     5     1    30
    30     1     0     2     1     2     2    37    43
    31     5     0     0     1     8     1    51
    32     1     0     2     2     0     1    38
    33     2     4     0    10     0     1    41
    34     8     8     5     0     7     2    39    46
    35     1     0     9     0    10     1    36
    36     3     0    10     7     0     1    51
    37     3     0     0     9    10     1    51
    38     7     0     6     5     0     1    51
    39     6     1    11    17     0     1    51
    40     3     5     4    10     0     1    51
    41     4     0     8     0     3     1    51
    42    10     0     1     2     0     1    51
    43     5     0     0     8     8     1    51
    44    10     0     8     5     0     1    51
    45     7     0     5     1     0     1    51
    46     8     0     7     0     2     1    49
    47     1     0     1     0     8     1    51
    48     5     0     6     1     0     1    51
    49     2     0     5     0     5     1    50
    50     2     0     1     0     2     1    51
    51     0     0     0     0     0     0
--------------------------------------------------------------------------------
INFORMATION OF PROJECT 6:
#jobs  release  duedate
    52     0   130
#local resources
     2
R_L1   R_L2   
    18   151
jobnr.  dur.  r_G1  r_G2  r_L1  r_L2  #succ.  successors
     0     0     0     0     0     0    11     1     3     6    12    14    24    25    34    38    40    49
     1     6   119   115    18   151     2     2    18
     2     1   110   110    16   145     3     4    21    26
     3     1    54    52    16    18     3     4    22    23
     4     1    60    73     8    91     1     5
     5     3   110   114    18   145     2     7    41
     6     1   110   110    16   145     3     8    18    29
     7     2   119   115    18   151     1     8
     8     3    28    16    11    59     1     9
     9     1    59    52    10    41     2    10    35
    10     9    28    16    11    59     2    11    37
    11    10   108    90    12    78     3    13    31    32
    12    10    91    99     7    92     9    13    16    17    22    23    29    31    41    43
    13     1    99    82     9   124     2    15    28
    14     1     9     1     0     6     3    17    22    33
    15     4    45    47    14    12     1    17
    16     1    75    80    13    73     2    17    32
    17     4    94    81    13   105     1    19
    18     5    51    62     7   104     1    51
    19     8    11    49    12    18     5    20    27    30    44    45
    20     5    12    21     3     7     1    50
    21     8   107    90     6    78     1    47
    22     8     9     5     2     6     1    47
    23     7    98    89    13   137     5    26    27    28    30    31
    24     8    75    84    13   117     1    26
    25    10    65    63     2   133     1    51
    26     2    35    24    13     7     1    39
    27     4    11    31     5    28     1    36
    28     8    35    30     2    18     2    30    33
    29     9    84    55    12    39     1    51
    30     2    36    52    11    18     1    43
    31     4    11    32     9    21     1    51
    32     1    54    48     4    88     1    51
    33     3    12    29     1    12     2    42    45
    34     3    50    37     8    54     1    51
    35     9    11    25     2    72     3    36    41    46
    36     2    69    61     8    83     1    51
    37     4    50    42    10    50     1    51
    38     8    97    83     9   111     1    47
    39     6   107    86    15   117     2    45    48
    40     2    96    37     3   107     2    43    48
    41     2    20    23     4    14     1    51
    42     5    16    15     3    40     4    44    46    47    50
    43     2    53    42     1    54     1    51
    44     9     1    20     1    34     1    51
    45    10     2    20    10     3     1    46
    46     1    53    23    13    89     1    51
    47     2     1    29     1     0     1    51
    48     2     2    18     6    67     1    50
    49    10    83    49     3   110     1    50
    50     8    13    26     4    28     1    51
    51     0     0     0     0     0     0
--------------------------------------------------------------------------------
INFORMATION OF PROJECT 7:
#jobs  release  duedate
    52     0    97
#local resources
     2
R_L1   R_L2   
    15    17
jobnr.  dur.  r_G1  r_G2  r_L1  r_L2  #succ.  successors
     0     0     0     0     0     0    15     1     2     3     4     6     7     9    10    11    13    14    17    18    22    29
     1    10     0    10     9     8     8     8    16    19    21    25    32    44    47
     2    10     0     0     6     6     9    16    19    23    27    34    36    39    41    44
     3     7    11     1     0     9     9     5    16    21    25    28    31    32    39    41
     4     1     4     0     9     0     9    12    15    30    41    42    44    46    47    48
     5     8     3     7     3     0     7    15    19    26    28    30    39    44
     6     6    10     0     0     6     8    24    25    30    32    39    41    42    47
     7     9     0     0     7     9     9    31    34    35    36    37    39    41    43    47
     8     2     2     0     0     4     6    15    30    33    40    42    45
     9    10     0     0     2     4     3    16    19    25
    10     5     0     4     0     6     4    20    30    38    43
    11     3     0     3     3     3     6    33    35    38    40    41    46
    12    10     0     0     7     2     5    32    33    38    39    40
    13     7     0     3     6     0     4    21    39    41    47
    14     2     4     8     0     9     1    15
    15     3     0     0     6    10     4    31    35    36    37
    16    10     8     0     0     9     3    26    30    43
    17     7     1     7    12     6     3    25    37    45
    18     6     7     0     0     0     3    25    26    27
    19     2     0     0     4     6     3    31    35    40
    20     3     7     5     7     0     2    25    42
    21     4     0     0     5    11     3    35    36    46
    22     6     0     8     0     4     3    35    45    49
    23     8     8     0     0     7     1    51
    24    10     0     0     8    10     3    33    35    47
    25     3     0     7     6    10     2    35    36
    26    10     0     0     5     5     3    35    37    41
    27     5     6     8    11     0     2    40    45
    28     4     0     0     6     1     1    51
    29     2     6     0     3     0     3    33    37    45
    30     6     0     2     0     5     1    37
    31     6    19    10     8     3     1    38
    32     5     6     1     0     0     1    51
    33     2     7     0     7     6     2    36    37
    34     6     0     0     5     9     1    43
    35    10     0     6     0     6     1    51
    36     8     2     9     5     0     1    43
    37     1     0     0     4    16     1    51
    38     8    19    11     1     0     1    51
    39     2     7     4     0     0     1    51
    40    10     8     0     0     1     1    45
    41     5     8     0     0     6     1    43
    42     8     0    10     3     0     1    51
    43     3     5     6     7     0     1    51
    44     6     6     0     0    13     1    51
    45     6     3     5     0     0     1    51
    46     7    17    10    10     3     1    50
    47    10     6     4     0     0     1    51
    48     6     8     0     3     0     1    49
    49     7     5     0     0     9     1    51
    50     8     4     6     8     0     1    51
    51     0     0     0     0     0     0
--------------------------------------------------------------------------------
INFORMATION OF PROJECT 8:
#jobs  release  duedate
    52     0   139
#local resources
     2
R_L1   R_L2   
   119   151
jobnr.  dur.  r_G1  r_G2  r_L1  r_L2  #succ.  successors
     0     0     0     0     0     0     4     1    12    25    49
     1     7    18   115   119   151     5     2     3    18    40    47
     2     4    18   115   119   151     2     4    40
     3     1    18    64    36    41     4     4    23    29    34
     4     2    18   115   119   151     3     5     6    40
     5     1    18   115   119   151     5     7    16    24    26    38
     6     2    18   115   119   151     1     8
     7     6    18   115   119   151     4     8    26    41    47
     8     3    11    16    28    59     2     9    32
     9     2    18   115   119   151     3    10    16    35
    10     9    11    16    28    59     3    11    22    37
    11     8    14   100    98    85     2    13    14
    12    10     7    99    91    92     8    15    16    21    23    29    31    41    48
    13     1     9    88    89   133     3    15    28    31
    14     6     2     1     9     6     1    20
    15     4    14    71    56    26     1    17
    16     1     0    29     5    59     3    17    22    43
    17     7    18   115   119   151     2    19    33
    18    10     8    62    85   104     3    24    36    43
    19     8    12    49    11    18     5    20    27    30    44    45
    20     6     3    21    12     7     1    50
    21     7     5    86   107   143     1    51
    22     3     2     3     2    12     1    51
    23     8    13    91   105   132     5    26    28    35    37    46
    24     8    13    84    56   117     2    26    47
    25    10     6    59    65   133     1    51
    26     2     9    27    30     4     3    31    39    46
    27     2     5    33    11    66     3    30    36    46
    28     6     2    30    54    16     4    30    33    36    45
    29     9    12    64    75    19     3    36    38    45
    30     3    10    53    34    18     1    51
    31     3    10    32    11    23     1    51
    32     1    10    82    91    85     1    51
    33     5     2    29    12    11     1    42
    34     4     8    49    49    55     1    46
    35     8     0    11    21    66     1    50
    36     3    10    61    70    92     1    51
    37     6    10    50    30    38     1    51
    38     2     8    83   107    99     2    43    47
    39     2    15    86   107   117     3    45    46    48
    40     5     2    37    96    78     1    41
    41     1    14    55    27    20     2    45    48
    42     4     3    30    19    40     3    44    46    50
    43     1    15    81    78    83     1    51
    44     9     1     4     1    34     1    51
    45     8    10    26    12     6     1    51
    46     1     3    23    20     2     1    51
    47     3     3     3     0     0     1    51
    48     3     4    15     4    42     1    50
    49     9     0    51    83   110     1    50
    50     6     4    26    12     8     1    51
    51     0     0     0     0     0     0
--------------------------------------------------------------------------------
INFORMATION OF PROJECT 9:
#jobs  release  duedate
    52     0   113
#local resources
     2
R_L1   R_L2   
    14    22
jobnr.  dur.  r_G1  r_G2  r_L1  r_L2  #succ.  successors
     0     0     0     0     0     0    10     1     4     5    10    12    17    22    25    35    48
     1     2     4     6     4    13     6     2    24    40    42    46    47
     2     2    13    21     3    14     6     3    20    37    40    46    47
     3     8     8    21    14    11     4     6    16    33    34
     4     2     5     9     0    10     4     9    24    40    46
     5     8     1    11     7     4     7     7    13    20    27    29    33    36
     6     5     8    26    14    11     6     9    11    29    30    42    44
     7     2     8    16     8     9     7     8    14    20    30    31    36    38
     8     2     3    16    10     3     6    18    28    31    32    33    43
     9     1     3     9     4     1     4    13    28    31    38
    10     2     0     7     0     0     4    11    13    19    30
    11     1     5     0     3     5     2    18    27
    12     4     0    10     9     0     4    20    26    32    47
    13     2     1    16     9     2     1    15
    14     7     6     6     0     0     3    32    33    44
    15     5     0     5     2     5     1    18
    16     3     8     5     7     0     1    51
    17     2     5    18     8     4     3    27    33    34
    18     3     0    13     8     6     3    19    21    39
    19     6     8    23     4     2     2    26    41
    20     1     1     3     6    10     1    30
    21     7     2     5     6    11     1    51
    22     9     3    31     1     6     2    23    39
    23     2     4     0     0    11     1    51
    24     1     0     8    11     0     1    47
    25     5     4    19     9     3     3    27    42    44
    26     9     0    14     6     8     1    51
    27    10     4     0     0     6     1    51
    28     6     9    14     7     9     1    51
    29     1     2     1    11     2     2    32    39
    30     4     1    13     0     7     1    45
    31     5     3     0     1     8     2    39    43
    32     2     2    25    10     8     1    38
    33     2     3    19    12    14     1    45
    34    10     1     9    13     8     2    42    43
    35     9     3    22     8    13     1    39
    36     4     0     4     9     8     1    51
    37     8    12    14     8     3     1    51
    38     8     9    12     4     4     2    45    49
    39     3    11     7     3     3     1    51
    40     6     1     4     0    10     4    43    44    45    47
    41    10     7     0     2     0     1    51
    42     2     0     0     4     6     1    51
    43     2     0     5     6    14     2    49    50
    44     3     8    12     7     0     1    45
    45     2     1     1     9     1     2    49    50
    46     2     6    25    10    10     1    51
    47     8     1     4     0     6     1    51
    48    10     6     8     8     9     2    49    50
    49    10     0     1     2     9     1    51
    50    10     9    10     0     7     1    51
    51     0     0     0     0     0     0
--------------------------------------------------------------------------------
INFORMATION OF PROJECT 10:
#jobs  release  duedate
    52     0   157
#local resources
     2
R_L1   R_L2   
   170    12
jobnr.  dur.  r_G1  r_G2  r_L1  r_L2  #succ.  successors
     0     0     0     0     0     0    11     1     8    19    20    22    23    30    34    40    44    45
     1     4   173   143   170    12     2     2    16
     2    10   173   143   170    12     1     3
     3     3   173   143   170    12     3     4    26    42
     4     4   173   143   170    12     1     5
     5     5   173   143   170    12     4     6    32    37    43
     6     4    25   125    66     1     2     7    33
     7     4   173   143   170    12     1     9
     8     8   148    18   100     9     3     9    31    38
     9     7   173   143   170    12     2    10    29
    10     4    62    42    60     7     4    11    25    28    31
    11     2    52    19    39     9     2    12    21
    12     6    10    13    16     3     1    13
    13     1    47     7    37     8     2    14    18
    14     2    34    19    67     0     1    15
    15    10    31    87    18     4     1    17
    16     7   142    56   114     4     1    46
    17     8     0    18     9     0     1    51
    18    10     3    36     0     3     1    51
    19     2    14   100     3     0     1    25
    20     7    87   101    85     4     1    36
    21     6    65    53    95     2     2    24    46
    22     8   128   113    70     6     1    51
    23     7   111    66   110     3     6    27    31    36    37    39    43
    24     8    12    19     9     4     2    35    48
    25     6   142    56   152     8     2    37    42
    26     1     0     0    47     1     1    46
    27     2   173   143   170    12     1    51
    28     2    10     3    21     0     3    35    37    41
    29     5    16    41    38     2     1    31
    30    10   170    89   161     9     1    33
    31     4    27    35    28     0     1    47
    32     2    86    40    37     4     1    46
    33     5   108    69    65     9     1    36
    34     8   146   104   139     6     1    49
    35     4    12     6    53     3     1    51
    36     1    25   124    70     3     1    41
    37     3    42    42    61     5     1    46
    38     7   126    98    74     9     1    48
    39    10   173   143   170    12     1    42
    40     1   147    18   104     6     1    48
    41     1    94    21    42     4     1    42
    42     5   114   124    68     1     1    46
    43     2    16    99    14     1     1    51
    44    10    59    18   102    11     2    47    48
    45     6   142    56   149     8     1    46
    46    10   161   119   108     8     2    47    48
    47     4    35     9    19     0     2    49    50
    48     8    27    12    31     6     1    50
    49     1    45    12    60     6     1    51
    50     7    45    12    87     2     1    51
    51     0     0     0     0     0     0
--------------------------------------------------------------------------------
INFORMATION OF PROJECT 11:
#jobs  release  duedate
    52     0   109
#local resources
     2
R_L1   R_L2   
    14    22
jobnr.  dur.  r_G1  r_G2  r_L1  r_L2  #succ.  successors
     0     0     0     0     0     0    11     1     4     5    10    12    17    22    23    25    35    48
     1     2     4     6     4    13     6     2    24    40    42    46    47
     2     2    13    20     1    10     6     3    11    37    40    46    47
     3    10     7    21    10     4     4     6    16    33    34
     4     2     6    16     0    10     3     9    40    41
     5     8     1     6     7     4     8     7    13    20    27    29    33    36    41
     6     5     6    11    10     8     5     9    11    29    30    44
     7     1     8    15     8     9     7     8    14    20    30    31    36    38
     8     2     3    16    10     0     6    18    28    31    32    33    43
     9     1     5     9     4     1     3    13    28    31
    10     2     1     7     0     0     4    11    13    19    30
    11     2     5     0     3     5     2    18    27
    12     4     0    10     9     0     4    20    26    32    47
    13     2     1    15     9     2     2    15    43
    14     7     6     8     0     0     3    32    33    44
    15     9     0     5     2     5     1    18
    16     3     8     0     7     0     1    45
    17     4     1    18     8     4     3    27    33    34
    18     3     0    10     8     6     3    19    21    39
    19     5     8    23     4     2     2    26    41
    20     1     0     3     1    10     1    44
    21     5     2     5     6    11     1    51
    22     9     3    31     1     3     1    39
    23     2     5     0     0     8     1    37
    24    10     0     6     3     0     1    51
    25     5     4    18     9     0     1    42
    26     9     0    14     6     8     1    51
    27    10     4     0     0     6     1    51
    28     6     9     7     7     9     1    51
    29     1     2     0    11     2     1    32
    30     6     1    14     0     7     1    45
    31     5     3     0     1     8     2    39    43
    32     2     0    18    10     8     1    38
    33     2     3     5    12     0     1    45
    34     8     1     6    13     8     1    43
    35     9     2    22     8    11     1    39
    36     3     0     3     9     8     1    51
    37     4    12     7     8     7     1    45
    38     8     9    11     4     4     2    45    49
    39     3    10     7     3     1     1    51
    40     7     1     4     0    10     2    44    45
    41    10     7     0     2     0     1    51
    42     2     0     0     4     2     1    45
    43     2     0     4     6    14     2    49    50
    44     4     8    12     7     0     2    45    49
    45     2     1     1     9     5     2    49    50
    46     2     6    24    10    10     1    51
    47    10     1     4     0     6     1    50
    48     8     6     8     8     9     2    49    50
    49    10     0     1     2     9     1    51
    50    10     9    10     0     7     1    51
    51     0     0     0     0     0     0
--------------------------------------------------------------------------------
INFORMATION OF PROJECT 12:
#jobs  release  duedate
    52     0   162
#local resources
     2
R_L1   R_L2   
   173    12
jobnr.  dur.  r_G1  r_G2  r_L1  r_L2  #succ.  successors
     0     0     0     0     0     0     9     1     8    16    19    20    22    23    44    45
     1     2   170   143   173    12     1     2
     2     8   170   143   173    12     1     3
     3     1   170   143   173    12     1     4
     4     6   170   143   173    12     2     5    40
     5     5   170   143   173    12     1     6
     6     3    68   125    25     1     3     7    33    34
     7     4   170   143   173    12     1     9
     8     8   100    18   148    11     3     9    30    40
     9     9   170   143   173    12     3    10    28    29
    10     4    82    42    72     8     2    11    25
    11     4    66    19    60     9     3    12    21    42
    12     6    16    12    12     1     2    13    24
    13     1    34     7    40     8     3    14    18    24
    14     2    67    23    27     2     1    15
    15    10    18    87    31     4     1    17
    16     9   152    56   142     8     1    26
    17     5     9    19     0     0     1    51
    18    10     0    36     3     3     1    51
    19     1     9    27    12     1     3    25    35    39
    20     5    88   101   101     4     1    51
    21     7    98    53    91     2     2    24    46
    22    10    63   112   128    10     1    32
    23     9    80    96   101     2     3    27    39    43
    24     9     9     4    12     4     2    35    48
    25     5   152    56   142     8     3    32    37    42
    26     3   161   139   161     8     1    51
    27     5   170   143   173    12     2    38    47
    28     5    47     1    10     1     1    51
    29     5    38    48    19     2     2    31    47
    30     8   161    88   170     9     1    50
    31     6    29    35    30     0     1    50
    32     1   104    40    86     0     1    51
    33     6    63    58    70     8     1    36
    34     8   135    98   142     6     1    49
    35     2    53     6    17     3     1    51
    36     1    70   124    25     1     1    41
    37     2    64    80    82     3     1    46
    38     1    70    98   114     8     1    48
    39     4   170   143   173    12     1    51
    40     7   154   124   161    11     1    41
    41     1    68     9    60     7     1    42
    42     5    68   119   110     1     1    46
    43     6    50    99    75     4     1    46
    44    10   102    18    63    11     2    47    48
    45     6   123    61   142     7     1    46
    46     8   117   120   156     8     2    47    48
    47     4    13     9    19     0     2    49    50
    48     7    35    12    31     6     1    50
    49     6     7    13    45     4     1    51
    50     7    98    12    45     2     1    51
    51     0     0     0     0     0     0
--------------------------------------------------------------------------------
INFORMATION OF PROJECT 13:
#jobs  release  duedate
    52     0    97
#local resources
     2
R_L1   R_L2   
    13    13
jobnr.  dur.  r_G1  r_G2  r_L1  r_L2  #succ.  successors
     0     0     0     0     0     0    16     1     2     3     4     5     6     7     8     9    10    11    12    13    14    17    18
     1     2     0     7     5     0     7    19    20    21    22    23    28    32
     2     3     3     0     3     0     7    15    19    20    21    22    35    49
     3     2     0     8     4     0     7    15    19    20    22    35    49    50
     4     8    10     2     0     0     7    15    23    27    28    32    35    50
     5     2     0     8     0     3     8    19    22    26    31    32    36    49    50
     6     4     8     4     0     0     7    16    22    26    28    32    35    48
     7     5     6     8     0     0     6    21    22    23    24    27    29
     8     4     4     0     2     0    10    22    23    25    26    27    29    33    36    49    50
     9     2     0     4     0    10     6    21    22    29    31    32    35
    10     6     7    10     0     0     8    22    25    33    35    36    48    49    50
    11    10     0     0     5     8     4    19    22    36    49
    12     5     0     9     9     0    12    30    33    34    35    41    42    45    46    47    48    49    50
    13     6     9     4     0     0     8    25    30    31    33    34    36    46    50
    14     7     6     0     0     9     6    22    29    33    35    48    49
    15     8     0     4     0     3     7    26    31    33    34    36    41    46
    16     8     0     3     0     6     6    25    29    33    34    46    47
    17     9     0     0     7     5    10    29    36    41    42    43    44    45    46    47    49
    18     5     4     1     0     0     7    27    30    32    34    44    46    49
    19     8     7     0    10     0     6    25    29    33    46    47    48
    20     7     0     0     6     1     6    26    31    33    36    41    46
    21    10    10     0     0     8     9    33    36    39    40    41    42    45    47    50
    22     4     8     0     0     6     8    30    34    38    41    42    44    46    47
    23     6     1     0     3     0     8    30    38    41    42    44    46    47    48
    24    10     0     0     9    10     6    28    37    39    41    42    48
    25     3    10     4     0     0     6    37    38    40    41    42    45
    26     7     6     0     4     0     6    37    39    40    43    45    47
    27    10     6     5     0     0     4    38    40    41    42
    28     8     4     3     0     0     3    36    43    49
    29     1     0     7     7     0     1    30
    30     9     0     7     2     0     3    37    39    40
    31    10     0     7    10     0     3    37    39    48
    32     3     0     1     6     0     3    42    43    45
    33    10     8     6     0     0     2    37    44
    34     5     9     0     4     0     2    37    43
    35     2     0     0     5     7     2    38    39
    36     9     0     0     5     7     1    38
    37     4     0     1     0     3     1    51
    38     5     0     9    10     0     1    51
    39     5     0     6     6     0     1    51
    40     7     9     0     6     0     1    51
    41    10     8     9     0     0     1    51
    42     2     2     0     1     0     1    51
    43     4     0     2     0     4     1    51
    44    10     0     9    10     0     1    51
    45     3     2     0     5     0     1    51
    46     7     3     0     0     5     1    51
    47    10     0     5     0     4     1    51
    48     9     5     0     0     8     1    51
    49     3     6     5     0     0     1    51
    50     4     3     0     8     0     1    51
    51     0     0     0     0     0     0
--------------------------------------------------------------------------------
INFORMATION OF PROJECT 14:
#jobs  release  duedate
    52     0   121
#local resources
     2
R_L1   R_L2   
    18    15
jobnr.  dur.  r_G1  r_G2  r_L1  r_L2  #succ.  successors
     0     0     0     0     0     0     8     1    16    25    27    36    44    46    49
     1     5   107    11    18     9     8     2    33    37    38    39    40    41    42
     2     1   107    11    16     5     1     3
     3     1    52     0     6     0     2     4    35
     4     2    52     0     8     0     5     5    29    30    31    32
     5     2   106    11    14    15     3     6    26    28
     6     9    85     7    12     4     1     7
     7     2    71     2    18     9     4     8    15    21    24
     8     9    51     4     4    13     3     9    23    42
     9     8     7     3     5     0     2    10    22
    10     8     0     5     0     5     4    11    17    20    29
    11     4     2     0     0     8     2    12    19
    12     7    17     4     2     7     1    13
    13     6    47    11     2     5     3    14    26    38
    14     7     0     0    10     8     1    18
    15     2    13     0    10     8     1    51
    16     9    84     3     0    14     1    35
    17     2     8     3     2     9     1    33
    18     4    21     1    15     0     1    51
    19     8    16     4     1    10     1    48
    20     9    15     0    10     9     1    51
    21     1    12     0    14     0     1    45
    22    10    69     4     0     0     1    34
    23     6    52     0     6     6     1    43
    24     1    57    10     9     7     1    41
    25     3    11     3     0    14     1    51
    26     1     0     1     1     0     1    51
    27    10    49     8    10     0     2    39    48
    28     5    10     6     0     1     1    34
    29     8     9     0     4     0     1    51
    30    10    21     0     9    13     1    51
    31     6     9     0     4     0     1    51
    32     8     6     7     6     0     2    43    45
    33     7    12     0     4     1     1    51
    34     9    24     6     0     0     1    39
    35     5    74     6     0     0     1    51
    36     7    17     8     8     5     1    51
    37     3    22     4     4     1     1    43
    38     3     2     0    11     0     1    41
    39     5     5     0     6     0     1    48
    40     7    55     5     0     2     2    42    50
    41     8    38     0     4     8     1    51
    42     5    46     0     4     4     1    51
    43     5     7     5     0     1     1    45
    44    10    44     9     0     6     2    45    48
    45     9     7     0     7     0     1    48
    46     1    16     7     0    10     2    47    48
    47     7     8     0     0     6     1    51
    48     3    20     0     4     8     1    51
    49    10     0     7     0     7     1    50
    50     8     0     0     2    10     1    51
    51     0     0     0     0     0     0
--------------------------------------------------------------------------------
INFORMATION OF PROJECT 15:
#jobs  release  duedate
    52     0   173
#local resources
     2
R_L1   R_L2   
   120    42
jobnr.  dur.  r_G1  r_G2  r_L1  r_L2  #succ.  successors
     0     0     0     0     0     0    10     1    11    18    29    32    36    37    39    44    46
     1     4    18    12   120    42     4     2    14    19    41
     2     2    18    12   120    42     1     3
     3     6    18    12   120    42     1     4
     4     7    18    12   120    42     1     5
     5     3    11     2    76    20     3     6    33    34
     6     2     6     2    72    19     1     7
     7     6    18    12   120    42     1     8
     8    10    18    12   120    42     3     9    16    25
     9     1    18    12   120    42     4    10    20    26    47
    10     1     5     0     9     4     2    12    23
    11    10     7    10    30    22     5    21    22    23    24    27
    12    10    18    12   120    42     3    13    22    42
    13     4     8     6     3     7     4    15    27    28    30
    14    10    10     0   108    29     2    38    50
    15     1    12    10    37    29     2    17    38
    16     3    11     0    46    14     3    28    41    45
    17     3    12    11    57    26     5    21    33    41    43    48
    18     1    13     7   111    36     6    21    23    33    40    41    49
    19    10     6     7   111    32     2    31    40
    20     2    10     4    24    18     1    51
    21    10     6     1    33     6     1    51
    22    10     0     0    54    13     1    51
    23     9    12     3     7     9     1    51
    24     5     6     6   111    33     1    45
    25     7    10    10    30    19     1    51
    26     5    12     7    57    26     2    33    41
    27     1     1    11     3     3     1    40
    28     5    18    12   120    42     2    35    40
    29     8    13     1   104    33     1    51
    30     1     6     0     7    10     1    51
    31     1     8     0    90    21     1    35
    32     3    12    10    48    23     3    40    41    48
    33     9     4     6    20     5     1    51
    34     2     8     3    37    27     1    51
    35    10     5     1    63     9     1    51
    36     4     1     9    21    18     2    45    47
    37    10     6    10    44    19     1    47
    38     4    10     7    57    15     1    41
    39    10     8     6    30    21     4    41    42    43    48
    40    10    11     2    46    14     1    43
    41     1    13     0    99    24     1    51
    42     4    12     7    87    32     3    45    49    50
    43     9     6     9     3    13     1    51
    44    10     6     5    67    26     4    45    48    49    50
    45     7     0     1     9     6     1    51
    46    10     6    10    44    19     2    48    50
    47     8     5     6    21    17     1    48
    48     4     1     5     4     3     1    51
    49     6     0     8    16     9     1    51
    50     4     0     2    83    10     1    51
    51     0     0     0     0     0     0
--------------------------------------------------------------------------------
INFORMATION OF PROJECT 16:
#jobs  release  duedate
    52     0   174
#local resources
     2
R_L1   R_L2   
   170   111
jobnr.  dur.  r_G1  r_G2  r_L1  r_L2  #succ.  successors
     0     0     0     0     0     0     6     1     8    16    20    35    37
     1     1   113   143   170   111     2     2    23
     2     6   113   143   170   111     2     3    34
     3     3   113   143   170   111     5     4    18    25    41    43
     4     5   113   143   170   111     1     5
     5     1    94   103    85    61     1     6
     6     2     8   105    69     1     3     7    19    33
     7     6   113   143   170   111     1     9
     8     8   105    38   101   110     3     9    21    30
     9     2    27   103    82    56     2    10    27
    10     5   113   143   170   111     3    11    38    50
    11     3   113   143   170   111     6    12    24    26    28    29    39
    12     8   113   133   163   109     1    13
    13     2    94    32    69    61     1    14
    14     9   113   143   170   111     3    15    31    48
    15     9    24    91    13     9     1    17
    16    10    19    40    85    50     3    26    38    50
    17     7     0    18     9     3     1    51
    18    10    73   132   135    65     1    51
    19     7   113   125   161   108     1    27
    20     1   113   125   161   108     3    22    40    50
    21     2    81   117   157   104     1    51
    22     5   113   125   161   108     1    51
    23    10    73   112   135    62     1    51
    24     2    88    12    47    32     2    32    45
    25     2   113   125   161   108     2    29    38
    26     5     0    10     7     2     1    46
    27     1   113   125   161   108     1    36
    28     3    19   103    82    50     3    32    42    45
    29     4     6    10    15    26     3    32    42    45
    30     1   113   125   161   108     1    51
    31     9    32    26    13     7     1    49
    32     7   113   125   161   108     1    46
    33     2    75    62    85    61     1    39
    34     4    62   107   126    62     1    50
    35     4    81    52   157   102     2    44    49
    36     1    19    75    33    34     1    41
    37     6    19   111   101    50     1    45
    38     3    89    42   137    77     2    39    41
    39     6   113   125   161   108     1    42
    40     6    86    40    88    55     1    45
    41     1    27    81     6     7     1    42
    42     3    81    99   148   101     1    46
    43     3    81    52   157   102     1    45
    44     1    75    99   142    78     1    46
    45     9   113   125   161   108     1    46
    46     6   113   125   161   108     2    47    48
    47     6    19    10    31    42     1    49
    48     8    40    11    35    46     1    51
    49    10    40    31    35    49     1    51
    50     7   113   143   170   111     1    51
    51     0     0     0     0     0     0
--------------------------------------------------------------------------------
TRANSFER TIMES OF GLOBAL RESOURCE G1
 DEPOT    P1    P2    P3    P4    P5    P6    P7    P8    P9   P10   P11   P12   P13   P14   P15   P16
     0     8    10     8    10     5     5    10     7     1     4     9     8    11     4     7    11
     8     0    17     3    16    12    12     4     9     9    10    16     5     4     7    14    11
    10    17     0    18    13    11    10    19    16    10    11    11    15    19    14    10    13
     8     3    18     0    15    11    11     2     7     8     9    15     6     6     6    13    13
    10    16    13    15     0     6     6    16     9    10     7     3    17    20    10     4    20
     5    12    11    11     6     0     2    11     6     5     2     5    12    15     5     3    15
     5    12    10    11     6     2     0    12     7     4     2     4    12    15     6     2    15
    10     4    19     2    16    11    12     0     7    10    10    16     8     7     7    14    15
     7     9    16     7     9     6     7     7     0     7     5    10    11    12     3     8    16
     1     9    10     8    10     5     4    10     7     0     3     8     9    12     4     6    11
     4    10    11     9     7     2     2    10     5     3     0     6    11    14     4     4    14
     9    16    11    15     3     5     4    16    10     8     6     0    16    19     9     3    18
     8     5    15     6    17    12    12     8    11     9    11    16     0     4     9    14     7
    11     4    19     6    20    15    15     7    12    12    14    19     4     0    11    17    11
     4     7    14     6    10     5     6     7     3     4     4     9     9    11     0     7    13
     7    14    10    13     4     3     2    14     8     6     4     3    14    17     7     0    16
    11    11    13    13    20    15    15    15    16    11    14    18     7    11    13    16     0
--------------------------------------------------------------------------------
TRANSFER TIMES OF GLOBAL RESOURCE G2
 DEPOT    P1    P2    P3    P4    P5    P6    P7    P8    P9   P10   P11   P12   P13   P14   P15   P16
     0     8    10     8     2    11     8    10    10     7    13     6     9     5     2     9     4
     8     0    16     5     8     8    13    17    15     6     8    14    15     7     7    11    12
    10    16     0    18    11    13    16    12     1    11    22     6    15    10    11     8     8
     8     5    18     0     7    13    10    16    17     9     5    14    13     9     7    14    12
     2     8    11     7     0    12     7    10    11     8    12     7     8     6     3    11     5
    11     8    13    13    12     0    18    19    12     4    15    14    20     7    10     6    14
     8    13    16    10     7    18     0     9    16    14    14    11     3    13     9    17     9
    10    17    12    16    10    19     9     0    12    16    21     7     6    14    12    16     6
    10    15     1    17    11    12    16    12     0    11    22     6    15     9    11     7     8
     7     6    11     9     8     4    14    16    11     0    13    11    16     3     6     6    10
    13     8    22     5    12    15    14    21    22    13     0    19    17    14    12    18    17
     6    14     6    14     7    14    11     7     6    11    19     0    10     8     8     9     3
     9    15    15    13     8    20     3     6    15    16    17    10     0    13    10    17     8
     5     7    10     9     6     7    13    14     9     3    14     8    13     0     4     6     8
     2     7    11     7     3    10     9    12    11     6    12     8    10     4     0     9     6
     9    11     8    14    11     6    17    16     7     6    18     9    17     6     9     0    10
     4    12     8    12     5    14     9     6     8    10    17     3     8     8     6    10     0
--------------------------------------------------------------------------------
Additional Information: 
global resource strength = 0.5
transfer time factor = 0.2
adapted from RCPSP instances: 
[sD247, sD318, sD42, sD296, sD54, sD313, sD80, sD335, sD243, sD316, sD188, sD315, sD24, sD123, sD227, sD380]
