--------------------------------------------------------------------------------
PORTFOLIO INFORMATION:
#projects
    16
#global resources
     2
R_G1   R_G2   
   243   349
--------------------------------------------------------------------------------
INFORMATION OF PROJECT 1:
#jobs  release  duedate
    52     0   135
#local resources
     2
R_L1   R_L2   
    18   151
jobnr.  dur.  r_G1  r_G2  r_L1  r_L2  #succ.  successors
     0     0     0     0     0     0     6     1     3    12    18    25    49
     1     8   110   110    16   145     5     2    21    23    43    47
     2     1   110   110    16   145     2     4    44
     3     1    23    52     6    18     6     6    14    16    21    22    23
     4     1    28    16     8    59     1     5
     5     4   110   114    18   145     3     7    16    41
     6     4   101   109    16   139     3     7     8    38
     7     1   119   115    18   151     2     8    38
     8     2    28    16    11    59     2     9    38
     9     1    59    60     6    80     2    10    35
    10     9    28    16    11    56     1    11
    11    10    94    92    12    75     4    13    30    31    32
    12    10    91    99     7    92     8    17    21    22    23    29    31    34    41
    13     1    89    73     8   124     3    15    28    31
    14     3     9     1     0     6     1    51
    15     3    45    47    14    12     1    17
    16     2    22    37     0   108     1    33
    17     7   110   107    13   145     2    19    33
    18     6    85    63     7   104     3    24    26    44
    19     8    11    49    12    17     5    20    27    30    44    45
    20     5    12    10     3     7     2    43    50
    21     4   117    99     8   149     1    51
    22     9     9     5     2     6     1    30
    23     9    93    92    12    99     4    26    27    28    37
    24     7    56    85    14   117     4    26    36    38    40
    25    10    65    63     1   133     1    51
    26     2    30     2    10     2     3    31    39    46
    27     4    11    17     5    66     2    36    46
    28     7    54    20     2    16     1    33
    29    10    40    54    12     4     1    38
    30     3    34    47    11    17     1    43
    31     4    12    24     9    21     1    43
    32     1    38    59     2    55     1    37
    33     3    12    29     0     8     1    42
    34     4    39    41     8    54     2    45    46
    35     9    25    20     0    76     1    50
    36     3    65    53     9    92     1    51
    37     5    30    42    10    27     1    43
    38     5   107    86    14   111     1    47
    39     3   107    86    11   117     1    45
    40     3    96    37     2    78     2    41    48
    41     3    26    23     6    13     1    51
    42     7    21    15     3    40     2    44    46
    43     2    25    31     1    81     1    51
    44     9     2     5     1    34     1    51
    45     9     2    16    10     2     1    51
    46     3    23    31     1     7     1    51
    47     4     0     3     3     0     1    51
    48     2    25    15     6    52     1    50
    49     9    84    54     3   110     1    50
    50     7    12     8     4    10     1    51
    51     0     0     0     0     0     0
--------------------------------------------------------------------------------
INFORMATION OF PROJECT 2:
#jobs  release  duedate
    52     0   117
#local resources
     2
R_L1   R_L2   
    14    32
jobnr.  dur.  r_G1  r_G2  r_L1  r_L2  #succ.  successors
     0     0     0     0     0     0    11     1     4     5    10    12    17    22    23    25    35    48
     1     2     1    13     4     6     6     2    24    40    42    46    47
     2     2    13    10     1    20     5     3    11    37    40    47
     3    10     7     4    10    21     4     6    16    33    34
     4     2     6    10     0    16     3     9    40    41
     5     8     1     4     7     6     8     7    13    20    27    29    33    36    41
     6     4     6     8    10    11     5     9    11    29    30    44
     7     8     8     9     8    15     7     8    14    20    30    31    36    38
     8     2     3     0    10    16     6    18    28    31    32    33    43
     9     1     5     1     4     9     3    13    28    31
    10     2     1     0     0     7     5    11    13    19    27    30
    11     2     5     5     3     0     2    18    27
    12     4     0     0     9    10     5    26    27    32    44    47
    13     2     1     2     9    15     2    15    43
    14     7     6     0     0     8     4    20    32    33    44
    15     9     0     5     2     5     1    18
    16     3     6     0     7     0     1    51
    17     4     1     4     8    17     3    27    33    34
    18     3     0     6     8     9     3    19    21    39
    19     5     8     2     4    23     2    26    41
    20     1     0    10     1     3     1    44
    21     5     2    11     6     5     1    51
    22     9     3     3     1    31     1    39
    23     2     5     8     0     0     1    37
    24    10     0     0     3     6     1    51
    25     5     4     0     9    18     1    42
    26     9     0     8     6    13     1    51
    27    10     4     6     0     0     1    51
    28     6     9     9     7     7     1    51
    29     1     2     2    11     0     1    32
    30     4     1     7     0    14     1    51
    31     5     3     8     1     0     2    39    43
    32     2     0     8    10    18     1    38
    33     2     5     0    13     5     1    45
    34     7     3     8    13     6     1    43
    35     9     2    11     8    22     1    39
    36     5     0     8     8     3     1    51
    37     4    12     7     8     7     1    45
    38     8     9     4     4    11     2    45    49
    39     3    10     1     3     7     1    51
    40     6     1    10     0     4     2    44    45
    41    10     7     0     2     0     1    51
    42     2     0     2     4     0     1    45
    43     2     0    14     6     4     2    49    50
    44     4     8     0     7    12     2    45    49
    45     2     1     5     9     1     2    49    50
    46     2     6    10    10    24     1    51
    47     9     1     6     0     4     1    51
    48     8     6     9     8     8     2    49    50
    49    10     0     9     2     1     1    51
    50    10     8     6     0     9     1    51
    51     0     0     0     0     0     0
--------------------------------------------------------------------------------
INFORMATION OF PROJECT 3:
#jobs  release  duedate
    52     0    47
#local resources
     2
R_L1   R_L2   
    26    27
jobnr.  dur.  r_G1  r_G2  r_L1  r_L2  #succ.  successors
     0     0     0     0     0     0    14     1     2     4     6     7     8     9    10    14    16    23    34    35    36
     1     7     0     6     9     0     9     3    11    13    15    21    22    24    27    50
     2    10     0     4     0     2     3     5    12    17
     3    10     1     0     2     0    12    17    20    25    26    29    30    32    42    44    46    48    49
     4     2     0     2     5     0    10    18    26    29    32    33    40    42    44    48    49
     5     4     0     2     0     7    13    21    28    30    33    41    42    43    44    46    47    48    49    50
     6    10     6     0     0     3    12    20    29    30    33    42    43    44    45    46    47    48    50
     7     9     0     0     2     6     9    17    26    29    32    42    44    46    48    49
     8     6     0     4     3     0     7    17    28    30    42    44    47    48
     9     1     7     0     6     0     6    19    20    24    30    32    43
    10     2     0     0     3     7     8    25    28    32    37    40    42    43    44
    11     1     9     0     4     0     9    29    30    39    40    41    42    43    44    47
    12    10     8     7     0     0     6    20    25    31    38    43    45
    13     3     0     4     0     2     7    28    37    39    41    42    44    46
    14     1     0     8     6     0     5    25    29    30    40    43
    15     5     8     5     0     0     7    31    37    38    41    42    43    49
    16     2     3     0     3     0     5    21    42    43    44    46
    17     8     0     9     0     2     6    31    37    40    41    43    45
    18     5     0    10     0     7     6    30    38    41    43    46    47
    19     4     1     0     6     0     4    33    40    41    47
    20     3     0     0     7     2     3    37    40    41
    21     5     0     3     0     8     3    37    38    40
    22     7     7     0     8     0     3    37    40    49
    23     5    10     0     0     6     3    38    42    43
    24     1     0     3     0     5     2    29    42
    25    10     2     5     0     0     2    39    41
    26     9     0     4     0    10     2    37    39
    27     5     4     4     0     0     2    38    42
    28     3     2     0     1     0     1    29
    29     1     5     1     0     0     1    38
    30     8     2     0     0     4     1    37
    31     6     0     4     6     0     1    39
    32     6     0    10     4     0     1    45
    33     7    10     0     0     1     1    39
    34     6     0     0     4     5     1    42
    35     5     8     0    10     0     1    42
    36     7     6     2     0     0     1    40
    37     9     0     0    10     4     1    51
    38     8     0     0     9     4     1    51
    39     2     6     0     0    10     1    51
    40     4     2     8     0     0     1    51
    41     5     2     0     0     1     1    51
    42     5     4     0     7     0     1    51
    43     6     0     7     9     0     1    51
    44     7     0     0     8     8     1    51
    45     1     0     5     2     0     1    51
    46     7     0     4     0    10     1    51
    47     4     0     8     0     3     1    51
    48     9     0     2     0     8     1    51
    49    10     0     9     6     0     1    51
    50     6     3     0    10     0     1    51
    51     0     0     0     0     0     0
--------------------------------------------------------------------------------
INFORMATION OF PROJECT 4:
#jobs  release  duedate
    52     0   160
#local resources
     2
R_L1   R_L2   
   173   170
jobnr.  dur.  r_G1  r_G2  r_L1  r_L2  #succ.  successors
     0     0     0     0     0     0     8     1     8    16    20    22    23    34    44
     1     4    12   143   173   170     2     2    27
     2     6    12   143   173   170     1     3
     3     3    12   143   173   170     3     4    26    32
     4     1    10   143   173   166     1     5
     5     4    10   143   173   166     3     6    32    37
     6     5     2   125    25    70     2     7    33
     7     2    12   143   173   170     2     9    30
     8     8    10    18   148   100     6     9    26    31    38    40    41
     9    10    10   143   173   166     4    10    19    29    43
    10     9     7    42    66    86     3    11    28    30
    11    10     9    19    62    44     3    12    21    25
    12     5     2    16    12    16     1    13
    13     1     8    10    58    32     2    14    18
    14     1     1     6    10    67     1    15
    15    10     4    87    31    16     1    17
    16    10     3    56   142    54     1    51
    17     8     0    19     0     9     1    51
    18    10     3    47     1     0     1    51
    19     2     0    55    85    58     1    42
    20    10     4   101    87    84     4    33    38    39    47
    21     6     3    27    65    96     2    24    46
    22    10     7   112   128    63     1    51
    23    10     2   119   111    84     4    27    30    39    45
    24     8     4     4    12     9     2    35    48
    25     6     6    55   142    66     3    32    37    42
    26     4     2     0     0     4     1    42
    27     9    10   143   173   166     1    51
    28    10     0     5    10    48     1    47
    29     6     2    41     6    38     1    31
    30     2     2    55   133     8     1    42
    31     6     0     3     4    64     1    50
    32     2     4    40    86    41     1    46
    33     5     8    63    76    65     2    36    37
    34    10     4    99    61   139     1    49
    35     2     4     6     1     0     1    51
    36     3     1   124    25    70     1    41
    37     2     3    50    81    10     1    48
    38     1     9    68    88   144     1    48
    39     3    10   143   173   166     1    51
    40     5     3    77   163   106     4    41    42    43    47
    41     1     5    40   107    17     1    42
    42     5     0   117   114    68     1    46
    43     2    10    19    76    26     1    46
    44    10     9    22    59   102     1    48
    45     7     6    56   142   139     2    46    50
    46    10     7   118   151    94     1    48
    47     6     0     9     4    13     3    48    49    50
    48     7     8    44   112    31     2    49    50
    49     3     0    12    45    56     1    51
    50     7     4    12    45    98     1    51
    51     0     0     0     0     0     0
--------------------------------------------------------------------------------
INFORMATION OF PROJECT 5:
#jobs  release  duedate
    52     0   116
#local resources
     2
R_L1   R_L2   
    14    33
jobnr.  dur.  r_G1  r_G2  r_L1  r_L2  #succ.  successors
     0     0     0     0     0     0     9     1     4     5    10    12    22    25    35    48
     1     2     4    13     1     7     7     2    24    40    42    45    46    47
     2     2     1    10    12    20     4     3    11    37    47
     3    10    10     4     7    21     4     6    16    33    34
     4     2     0    10     8    29     5     9    17    40    41    43
     5    10     7     4     1     4     7     7    13    20    29    33    36    41
     6     1    10    10     6    12     4     9    29    30    44
     7     9     8     9     8    14     7     8    14    20    30    31    36    38
     8     2    10     0     3    11     7    18    28    29    31    32    33    43
     9     1     3     1     5     9     3    13    28    31
    10     2     0     0     1     3     5    11    19    27    30    31
    11     2     3     0     5     0     3    18    27    34
    12     4     9     0     0    10     6    26    27    32    43    44    47
    13     2     9     2     1    15     2    15    43
    14     9     0     0     6     8     5    20    28    32    33    44
    15     7     2     4     0     0     2    18    23
    16     4     7    19     6     2     1    51
    17     4     8     4     0    17     4    21    27    33    34
    18     3     8     0     0     9     3    19    21    39
    19     5     4     2     8    20     2    26    41
    20     5     0    10     0     3     1    51
    21     5     6    11     1     5     1    51
    22     8     1     7     3    32     1    51
    23     1     2     8     5     0     1    39
    24     2     3     0     0     6     1    51
    25     5     9     0     4    18     1    42
    26    10     3     8     0    20     1    51
    27     6     0     6     6     0     1    51
    28     6     7     9     9     7     1    51
    29     1    11     0     9     1     1    32
    30     9     0     0     1    14     1    49
    31    10     1     8     0     0     3    32    39    43
    32     2    10     2     0    19     1    38
    33     7     0     0     5     3     1    45
    34     9    12     8     3    33     1    44
    35     7     8    11     2    22     1    39
    36     6     8     8     0     3     1    51
    37     4     8     0    12     7     1    45
    38     8     4     0     0    11     2    45    49
    39     3     3     1    10     6     1    51
    40     2     0    10     5     4     3    43    44    45
    41    10     4     0     7     0     1    51
    42     2     4     2     0     0     1    45
    43     2     6    14     0     8     3    44    49    50
    44     4     7     0     8    11     2    45    49
    45     2    10     2     1     1     2    49    50
    46     2    10     0     6    19     1    51
    47     6     0     6     1     4     1    50
    48     6     8     9     6     4     1    49
    49    10     2     9     0     1     1    51
    50    10     0     6     8    10     1    51
    51     0     0     0     0     0     0
--------------------------------------------------------------------------------
INFORMATION OF PROJECT 6:
#jobs  release  duedate
    52     0   115
#local resources
     2
R_L1   R_L2   
    14    22
jobnr.  dur.  r_G1  r_G2  r_L1  r_L2  #succ.  successors
     0     0     0     0     0     0    11     1     4     5    10    12    17    22    25    35    40    48
     1     2     5     6     4    13     6     2    24    42    45    46    47
     2     2    12    20     1    10     4     3    11    37    47
     3     7     7    21    10     4     4     6    16    33    34
     4     2     6    16     0    10     4     9    29    41    43
     5     8     1     6     7     4     7     7    13    27    29    33    36    41
     6     4     5    17    10    10     5     9    29    30    33    44
     7     9     3    15     8     9     7     8    14    15    20    30    36    38
     8     2     3    16    10     8     5    18    31    32    33    43
     9     1     5     9     3     6     4    13    28    31    44
    10     6     1     1     0     0     5    11    13    19    27    31
    11     2     5     0     3     5     3    18    20    27
    12     4     0    10     9     0     6    19    26    27    32    43    44
    13     2     6    15     9     2     3    15    38    43
    14     7     2     8     0     0     5    20    28    32    33    44
    15     7     0     5     2     4     2    18    23
    16     4     6     0     7     0     1    51
    17     4     0    17     8     4     2    27    34
    18     3     0     9     8     0     3    19    21    39
    19     5     8    23     4     2     2    26    41
    20     4     0     3     0    10     1    28
    21     5     1     5     6    11     1    51
    22     9     3    31     1     7     1    51
    23     5     5     0     0     8     1    51
    24     3     0     6     3     0     1    51
    25     7     4    18     9     0     1    42
    26     9     0    13     3     8     1    51
    27     9     6     0     0     6     1    51
    28     6    10     8     7     9     1    51
    29     1     2     0     0     0     1    32
    30     9     2    14     0     0     1    49
    31    10     0     0     1     8     3    32    39    43
    32     2     0     3    10     8     1    38
    33     5     5     3     0     0     1    51
    34    10     3    32    13     8     1    43
    35     7     2    22     8    11     1    39
    36     6     0     3     8     8     1    51
    37     4     9     7     8     2     1    45
    38     8     0    14     4     0     2    45    49
    39     3    10     6     3     1     1    51
    40    10     1     4     0    10     2    43    44
    41    10     7     0     4     0     1    51
    42     2     0     0     4     2     2    45    49
    43     2     0     4     6    14     2    49    50
    44     4     8    11     7     0     2    45    49
    45     2     3     1    10    10     1    50
    46     3     6     2    10     0     1    51
    47     6     1     4     0     6     1    51
    48     6     6     3     8     9     2    49    50
    49    10     0     1     2     9     1    51
    50    10     8     9     0     6     1    51
    51     0     0     0     0     0     0
--------------------------------------------------------------------------------
INFORMATION OF PROJECT 7:
#jobs  release  duedate
    52     0   189
#local resources
     2
R_L1   R_L2   
   111   143
jobnr.  dur.  r_G1  r_G2  r_L1  r_L2  #succ.  successors
     0     0     0     0     0     0     8     1     8    16    18    23    27    29    40
     1     3   113   170   111   143     1     2
     2     3   113   170   111   143     1     3
     3     7   113   170   111   143     1     4
     4     2   113   170   111   143     1     5
     5     2    44    85    61   103     1     6
     6     2     2    19     3   125     2     7    33
     7     7   113   170   111   143     3     9    34    36
     8     4   111   151   108    18     1     9
     9     2    29    82    52   101     8    10    19    20    22    25    28    30    41
    10     5   113   170   111   143     2    11    32
    11     6   113   170   111   143     4    12    24    26    28
    12     3    15    15     5     8     1    13
    13     1    44    51    13    19     1    14
    14    10   113   170   111   143     3    15    31    48
    15     9    29    14    11    84     1    17
    16     8    69    85    50    40     3    26    28    38
    17     8     0     9     3     8     1    51
    18     9    73   100    64    97     1    51
    19     2    17    70    54    78     5    21    22    24    32    37
    20     3    86   155   106   127     2    35    50
    21     4    86   155   106   119     1    39
    22     8    67   155    78   124     1    50
    23     9    73   135    62   108     1    51
    24     2    28    37    48    63     1    46
    25     2    86   155   106   119     1    44
    26     1    18     6     2    38     1    44
    27     4   113   161   108   135     1    41
    28     3    29    79    50    11     2    37    42
    29     1    85   124    60    18     3    35    38    41
    30     2    40    70    47    11     2    32    38
    31     9    27     5     0    16     1    49
    32     2   113   161   108   135     2    41    45
    33     2    44    76    58    95     1    38
    34     3    73   135    62   108     1    51
    35     5    86   155   106    97     4    39    44    49    50
    36     1    24    61    28   124     2    42    44
    37     7    46   130    63    79     1    47
    38     7    89   109    83    19     2    39    44
    39    10    86   155   106   127     2    45    50
    40    10    84    88    59    42     3    43    44    50
    41     1    34    15     8    18     2    42    44
    42     8    86   161   108   127     1    46
    43    10    84   156   100    59     1    45
    44     2    58   119    60    56     1    46
    45     2   113   161   108   135     1    46
    46     8   113   161   108   135     2    47    48
    47     7    46    15    33    19     1    49
    48    10    40    35    47    24     1    51
    49    10    40    35    49    35     1    51
    50    10   113   170   111   143     1    51
    51     0     0     0     0     0     0
--------------------------------------------------------------------------------
INFORMATION OF PROJECT 8:
#jobs  release  duedate
    52     0   140
#local resources
     2
R_L1   R_L2   
    18   151
jobnr.  dur.  r_G1  r_G2  r_L1  r_L2  #succ.  successors
     0     0     0     0     0     0     8     1     3    12    16    24    25    40    49
     1     8   119   110    17   141     7     2     6    18    23    29    43    47
     2     4   119   110    17   141     1     4
     3     1     0     5     1    10     2     4     5
     4     1    28    16     6    59     2     6    48
     5     2   119   115    18   151     2     7    26
     6     5   119   115    18   151     1     7
     7     5   119   115    18   151     2     8    22
     8     1    28    16     8    59     1     9
     9     2    23    48     6    18     2    10    35
    10     9    28    16    11    59     2    11    14
    11     5    94    87    17   107     1    13
    12    10    91    99     7    92    11    13    17    21    22    23    29    31    34    41    43    48
    13     5   110    80    16   146     2    15    28
    14     5    11    21     1    31     1    51
    15     2    54    50    14    18     4    17    31    42    47
    16     1    65    56     4    48     3    17    33    37
    17     4    98    87    12   107     1    19
    18     7    94    67    12   107     1    51
    19     7    21    48    14    18     5    20    27    30    41    45
    20     9     7    21     3     7     2    43    50
    21     8   107    87     8   143     1    36
    22     5     9    35     2     5     2    36    47
    23     6   112    94    15   144     6    26    28    30    32    37    46
    24     9    65    85    15   117     3    26    41    50
    25    10    65    63     1   133     3    41    44    45
    26     2    29    24    14    10     2    31    39
    27     2    52    31     5    78     2    36    37
    28     7    54    30     2    34     2    30    33
    29    10    40    54    12    29     2    38    50
    30     2    37    44     8    16     1    36
    31     4    14    34     9    38     1    51
    32     2    25    65    11    63     1    51
    33     5    12    28     1     8     1    42
    34     3    52    48     8    58     1    51
    35     9    25    28     0    44     1    47
    36     3    65    59     9    50     1    51
    37     6    37    43    10    27     1    51
    38     2    94    80     7   107     1    51
    39     9   107    87    14   143     6    43    44    45    46    47    48
    40     3    96    52     3    79     2    45    48
    41     2    47    23     4   101     1    51
    42     6    21    22     3    40     5    43    44    46    47    50
    43     2    82    31     1    54     1    51
    44     2     2     4     1    34     1    47
    45    10     2    18    10     8     1    51
    46     3    23    31     0     8     1    51
    47     6     0     4     3    13     1    51
    48     1    14    15     6    41     1    51
    49     9    82    49     4   111     1    50
    50     6    12    18     4     8     1    51
    51     0     0     0     0     0     0
--------------------------------------------------------------------------------
INFORMATION OF PROJECT 9:
#jobs  release  duedate
    52     0   143
#local resources
     2
R_L1   R_L2   
    14    14
jobnr.  dur.  r_G1  r_G2  r_L1  r_L2  #succ.  successors
     0     0     0     0     0     0    11     1    11    16    18    20    26    29    31    36    39    42
     1     5   112    11    14    14     7     2    14    19    38    40    41    43
     2     7   100     6    11    14     2     3    22
     3     8    77     6    11    11     1     4
     4     2   109    11    11    14     2     5    35
     5     2    47     3     7     4     4     6    32    33    34
     6     9     9     0     2     0     2     7    30
     7     6    18     0     5     5     1     8
     8     5    39     8     0     1     3     9    25    28
     9     5    47     1     4    10     1    10
    10     3    18     0     3     0     3    12    14    23
    11     6   103     3    13    10     2    27    37
    12     6    42     7     5     3     2    13    35
    13     1     2     0     7     0     2    15    33
    14     4    13     1     0    11     1    51
    15     7     2     3     4     0     2    17    24
    16     9   103    11     3     8     1    17
    17    10     9     0     3     6     1    21
    18     9    50     2    11     7     1    48
    19     2   100    11     3    14     1    51
    20    10    63     5    12     3     1    51
    21     3    22     6     0     1     1    51
    22     1    29     8     0     6     1    51
    23     5     2     0     4     0     1    51
    24     6     9     3     0     4     1    51
    25     7     0     0     4     3     1    51
    26     6     9     5     0     0     1    51
    27     3     3     0     3     0     1    35
    28    10     0     3     1     0     1    48
    29     6    94     8     8     7     1    45
    30    10    25     0     8     5     1    51
    31     5    71     6     9    10     1    51
    32     9    30     4     9     1     1    51
    33     9     0     6     2     1     1    51
    34     2    44     3     1     3     2    43    47
    35     3    48     7     1    13     1    46
    36     8    79     7     0    10     1    51
    37     4    40     5     0    10     1    51
    38     6    62     2     3     0     1    46
    39     9    71     2    12     7     1    43
    40     1    32     4     7    10     3    44    47    50
    41     9    94     8     9     7     1    46
    42    10    38     0     6    10     2    43    47
    43     3     0     0     3     3     1    48
    44     9    84    11     0     9     1    51
    45     3    70     4     0     9     3    47    49    50
    46     3    27     0    12     4     2    48    49
    47     6    45     3     0     8     1    48
    48     4    49     3     2     5     1    51
    49     3    18     5     0     3     1    51
    50     5    32     5     0     3     1    51
    51     0     0     0     0     0     0
--------------------------------------------------------------------------------
INFORMATION OF PROJECT 10:
#jobs  release  duedate
    52     0   115
#local resources
     2
R_L1   R_L2   
    14    32
jobnr.  dur.  r_G1  r_G2  r_L1  r_L2  #succ.  successors
     0     0     0     0     0     0    10     1     4     5    10    12    17    22    25    35    48
     1     2     4    13     5     6     7     2    24    40    42    45    46    47
     2     2     1    10    12    20     4     3    11    37    47
     3     7    10     4     7    21     4     6    16    33    34
     4     2     0    10     6    16     3     9    41    43
     5     8     7     4     1     6     7     7    13    27    29    33    36    41
     6     4    10    10     5    17     5     9    29    30    33    44
     7     9     8     9     1    15     8     8    14    15    20    30    31    36    38
     8     2    10     8     3    16     5    18    31    32    33    43
     9     1     3     6     5     9     4    13    28    31    44
    10     6     0     0     1     1     4    11    13    19    27
    11     2     3     5     5     0     3    18    20    27
    12     4     9     0     0    10     6    19    26    27    32    43    44
    13     2     9     2     6    15     3    15    38    43
    14     9     0     0     2     8     5    20    28    32    33    44
    15     7     2     4     0     5     2    18    23
    16     4     7     0     6     0     1    51
    17     4     8     4     0    17     2    27    34
    18     3     8     0     0     9     3    19    21    39
    19     5     4     2     8    23     2    26    41
    20     7     0    10     0     3     1    28
    21     5     6    11     1     5     1    51
    22     9     1     7     3    31     1    51
    23     6     0     8     5     0     1    51
    24     3     3     0     0     6     1    51
    25     7     9     0     4    18     1    42
    26     9     3     8     0    13     1    51
    27     9     0     6     6     0     1    51
    28     6     7     9     9     8     1    51
    29     1     0     0     2     0     1    32
    30     9     0     0     1    14     1    49
    31    10     1     8     0     0     3    32    39    43
    32     2    10     8     0     3     1    38
    33     5     0     0     5     3     1    51
    34    10    13     8     3    32     1    43
    35     7     8    11     2    22     1    39
    36     6     8     8     0     3     1    51
    37     4     8     2     9     7     1    45
    38     8     4     0     0    14     2    45    49
    39     3     3     1    10     6     1    51
    40    10     0    10     1     4     2    43    44
    41    10     4     0     7     0     1    51
    42     2     4     2     0     0     2    45    49
    43     2     6    14     0     4     2    49    50
    44     4     7     0     8    11     2    45    49
    45     2    10     2     1     1     1    50
    46     2    10     0     6     2     1    51
    47     6     0     6     1     4     1    51
    48     6     8     9     6     3     2    49    50
    49    10     2     9     0     1     1    51
    50    10     0     6     8     9     1    51
    51     0     0     0     0     0     0
--------------------------------------------------------------------------------
INFORMATION OF PROJECT 11:
#jobs  release  duedate
    52     0    72
#local resources
     2
R_L1   R_L2   
    18    17
jobnr.  dur.  r_G1  r_G2  r_L1  r_L2  #succ.  successors
     0     0     0     0     0     0    28     1     2     4     6     7     8     9    10    11    14    15    16    35    36    37    38    39    40    41    42    43    44    45    46    47    48    49    50
     1     4     0    10     0     4     6     3    17    22    31    32    34
     2     9     4     0     0     6     6    17    19    21    23    26    29
     3     2     5     4     0     0     1     5
     4     8     0     0     2     9     4    17    18    25    33
     5     3     0     0     7     9     3    12    18    20
     6     6     0     0    10     4     3    17    27    28
     7     7     4     0     4     0     2    13    24
     8     7     2     8     0     0     2    21    26
     9     1     6     0     8     0     2    21    23
    10     5     4     0     0     1     2    20    27
    11     8     4     7     0     0     2    18    24
    12     2     0     1     0     5     1    19
    13     1     5     0     0    10     1    22
    14     7    10     0     0     8     1    17
    15     9     0    10     4     0     1    30
    16     9     0     1     0     2     1    25
    17     5     4     8     0     0     1    51
    18     9     0     0     9     9     1    51
    19     4     0    10     9     0     1    51
    20     9     1     9     0     0     1    51
    21     4     0     8     3     0     1    51
    22     2     0    10     7     0     1    51
    23    10     0     0     7     9     1    51
    24     2     3     0     0     6     1    51
    25     2     0     2     0     4     1    51
    26     9     0     9     0     9     1    51
    27     3     4     0     1     0     1    51
    28     8     0     9     0     3     1    51
    29     7     0     0     1     5     1    51
    30     6    10     9     0     0     1    51
    31    10     0     0     4    10     1    51
    32     1     0     7    10     0     1    51
    33     3     0     2     9     0     1    51
    34     1     0     5     1     0     1    51
    35     8     5     0     0     7     1    51
    36     6     3     0     0     8     1    51
    37     5     0    10     0    10     1    51
    38     7     0     0    10     8     1    51
    39     9     0     8    10     0     1    51
    40     9     0     6    10     0     1    51
    41     8     1     3     0     0     1    51
    42     6     0     3    10     0     1    51
    43     2     1     0    10     0     1    51
    44     3    10     3     0     0     1    51
    45     9     8     7     0     0     1    51
    46    10     0     8     0     3     1    51
    47     6     0     1     0     2     1    51
    48     8     0     0     6     5     1    51
    49     5     6     0     7     0     1    51
    50     9     1     0     5     0     1    51
    51     0     0     0     0     0     0
--------------------------------------------------------------------------------
INFORMATION OF PROJECT 12:
#jobs  release  duedate
    52     0   134
#local resources
     2
R_L1   R_L2   
    36    19
jobnr.  dur.  r_G1  r_G2  r_L1  r_L2  #succ.  successors
     0     0     0     0     0     0     8     1     3    12    25    37    46    48    49
     1     7    17    12    36    19     5     2     6    18    43    47
     2     1    17    12    36    19     4     4    24    42    44
     3     7     7     2    12     4     7     4     6    23    42    43    44    47
     4     1     4     0     6     0     3     5    22    45
     5     6    13     9    26    14     5     7    16    39    40    41
     6    10    12    12    16    11     1    28
     7     8     7    12    26    19     2     8    38
     8     8    11     0    19     6     2     9    14
     9     4     3     5     1     2     2    10    35
    10     3    10     1    27    10     4    11    33    34    41
    11     5    12     8     7     8     4    13    30    31    32
    12    10     6    10    17     6     9    17    21    22    23    29    31    40    41    43
    13     4     2     8     1    11     3    15    21    28
    14     2     0     7     9     4     5    17    26    30    35    36
    15     3     7    12    16    11     4    17    26    29    33
    16     4     0     3     0     2     2    19    28
    17     2     7    12    18    10     2    19    27
    18     6     7    10     5     6     1    26
    19     9    13     4    26    10     2    20    27
    20    10     2     0    16     7     1    29
    21     7     0     6     0    12     1    51
    22    10     0     3     9     5     1    51
    23     8    17     9    17     5     2    26    42
    24     3     0     3    10     4     1    51
    25     5     0     0    24    15     1    51
    26     6     2     0    12     2     1    51
    27     4     5     0     4     5     1    36
    28     4     5     4    10    17     1    51
    29     9     8     0     0     8     1    51
    30     7     3     1     0     6     1    51
    31     8     9     3     2     4     1    51
    32     4     0     0    10     8     1    51
    33     5     6     0     2     4     1    51
    34     4     6     6     0     9     1    36
    35    10     0     4    21     8     1    51
    36    10     9     0     0     5     1    51
    37     6    10     7    15     5     1    51
    38     1     2    12     8     9     1    51
    39     3     0     3     8     6     1    51
    40    10     0     0     8     0     1    51
    41    10     1     1     4     5     1    51
    42    10     7     1    15     0     1    51
    43     6     0     0    18     1     1    50
    44    10     6     1     0     4     2    45    50
    45     9    10     0     2     0     1    51
    46     8     0     7     6     0     1    51
    47     1     3     0     0     1     1    51
    48     6     6     6    28     4     1    50
    49     9     0     7    22     7     1    51
    50     2     4     3     7     0     1    51
    51     0     0     0     0     0     0
--------------------------------------------------------------------------------
INFORMATION OF PROJECT 13:
#jobs  release  duedate
    52     0    93
#local resources
     2
R_L1   R_L2   
    14    14
jobnr.  dur.  r_G1  r_G2  r_L1  r_L2  #succ.  successors
     0     0     0     0     0     0     9     1    43    44    45    46    47    48    49    50
     1     8     0     4     0    10     4     2    40    41    42
     2     4     5     0     0     4     6     3    35    36    37    38    39
     3     3     6     0     0     5     3     4    33    34
     4     8     2     0     0     6     3     5    31    32
     5     6     9     0     0     4     5     6    27    28    29    30
     6     9     3     0     9     0     4     7    24    25    26
     7     4    10     0     0     2     3     8    22    23
     8     5     0     8     4     0     5     9    18    19    20    21
     9     5     0     0     5     3     1    10
    10     2     3     3     0     0     3    11    16    17
    11     4     0     5     0     5     1    12
    12     2     1     6     0     0     1    13
    13     4     4     0     0     9     1    14
    14     7     4     0     9     0     1    15
    15     5     3     0     0     1     1    51
    16     2     7     0     7     0     1    51
    17     1     1     0    10     0     1    51
    18     9     0    10     3     0     1    51
    19    10     0     9     2     0     1    51
    20    10    10     0     0     3     1    51
    21     8     4     0     1     0     1    51
    22    10    10     7     0     0     1    51
    23     9     0     0     6     8     1    51
    24     5     0     0     7     8     1    51
    25     3     1     5     0     0     1    51
    26     6     2     9     0     0     1    51
    27     1     0     0     6     1     1    51
    28     7     4     0     1     0     1    51
    29     8     1     0     0    10     1    51
    30     8     7     0     0     4     1    51
    31     9     0     6     0     5     1    51
    32     9    10     0     0     3     1    51
    33    10     4     0     0     5     1    51
    34     9     0     4     2     0     1    51
    35     2     0     0     6     1     1    51
    36     5     0     3     4     0     1    51
    37     6     0     5     0     9     1    51
    38    10     3     0     0     9     1    51
    39    10     4     0     0     4     1    51
    40     2     0     6     9     0     1    51
    41     3     4    10     0     0     1    51
    42     6     0     3     0     1     1    51
    43     8     6     0     6     0     1    51
    44    10     0     3     0     9     1    51
    45     8     0     6     2     0     1    51
    46     9     0     7     6     0     1    51
    47     7     0     0     8     9     1    51
    48     5     0     6     2     0     1    51
    49     5     2     0     5     0     1    51
    50     1     0     7     5     0     1    51
    51     0     0     0     0     0     0
--------------------------------------------------------------------------------
INFORMATION OF PROJECT 14:
#jobs  release  duedate
    52     0   100
#local resources
     2
R_L1   R_L2   
    12    15
jobnr.  dur.  r_G1  r_G2  r_L1  r_L2  #succ.  successors
     0     0     0     0     0     0    13     1     2     4     6     8     9    10    11    14    15    18    24    50
     1     7     9     0     0     7     6     3    20    23    26    31    48
     2     6     8     0     0     6     6     7    20    28    45    46    47
     3     5     0     0     6    10     3     5    41    49
     4     3     9     2     0     0    13    16    20    22    26    34    39    41    42    44    45    46    48    49
     5     8     0     0     3     6     8    12    21    28    35    44    45    46    47
     6     3     0     0     6     9    10    13    22    27    28    30    34    35    40    44    45
     7     2     0     5     0     7     7    12    23    26    27    41    44    48
     8     1     2     0     8     0    11    19    27    29    34    39    41    44    45    46    47    48
     9    10     0     0     3     1     8    21    25    33    39    43    44    45    46
    10     1     0     5     2     0     5    17    33    35    46    48
    11     9     0     9     0     4     7    22    26    36    39    40    47    49
    12     5     0     3     5     0     4    16    39    40    42
    13     5     6     7     0     0     7    29    32    33    36    39    41    43
    14    10     1     0     0     9     5    22    32    39    41    42
    15     7     0     0     3     8     5    23    36    42    44    47
    16     5     9     0     7     0     2    19    33
    17     7     8     0     0     7     4    26    37    40    41
    18     5     0     0     1     8     4    30    31    37    41
    19     2     8     0     2     0     3    25    37    43
    20     4     0     7     0     4     3    30    33    40
    21     3     0     7     5     0     3    27    32    34
    22     2    10     8     0     0     2    33    38
    23     7     1     0     3     0     2    34    40
    24     1    10     4     0     0     2    32    41
    25     8     0     8     0    10     1    30
    26     4     0     9     0     7     1    30
    27     1     7     0     2     0     2    37    38
    28    10     0     2     0    10     2    37    38
    29     3    10     2     0     0     2    37    42
    30    10     6     1     0     0     1    32
    31     1     0     8     0    10     1    32
    32    10     0     3    10     0     1    38
    33     9     0    10     6     0     1    37
    34     8     9     0     0     5     1    37
    35     2     0     0     5     1     1    39
    36     5     2     0     0     2     1    37
    37     8     8     3     0     0     1    51
    38     2     5     9     0     0     1    51
    39     5     5     0     7     0     1    51
    40     4     0     0     6     8     1    51
    41    10     9     7     0     0     1    51
    42     7     9     3     0     0     1    51
    43     1     0     0     9     4     1    51
    44    10     4     8     0     0     1    51
    45     7     0     0     2     2     1    51
    46     6     0     0    10     4     1    51
    47     6     6     9     0     0     1    51
    48     9     0     4     0    10     1    51
    49    10     0     0     7     6     1    51
    50     3     0     9     0     5     1    51
    51     0     0     0     0     0     0
--------------------------------------------------------------------------------
INFORMATION OF PROJECT 15:
#jobs  release  duedate
    52     0   124
#local resources
     2
R_L1   R_L2   
    14    10
jobnr.  dur.  r_G1  r_G2  r_L1  r_L2  #succ.  successors
     0     0     0     0     0     0     7     1    11    36    42    44    48    49
     1     1    14   162    14    10     7     2    19    37    38    40    41    43
     2     2    10   159    14     6     1     3
     3    10     6   148     9     1     1     4
     4     6    14   162    14    10     2     5    35
     5     1     6    38     4     6     5     6    18    32    33    34
     6     4     2    28     3     0     5     7    20    29    30    31
     7    10    10   145     9     4     3     8    14    38
     8     4     6    38     4    10     4     9    16    25    28
     9     5     4    29     6     2     3    10    16    26
    10     3     4     0     2     0     1    12
    11     8     4    29    10     0     7    21    22    23    24    27    28    38
    12     5     6    38     1     6     1    13
    13     8    10    82    11     8     3    15    19    30
    14     3    11    32     2     3     1    51
    15     3     2     7     9     3     3    17    27    45
    16     2     0    24     0    10     3    24    28    47
    17     5     3    14     5     7     2    21    39
    18     5    11   148     9     3     1    21
    19     4     0    10    12     3     1    51
    20     5     4    11     0     0     1    51
    21     9     0    19     0     6     1    51
    22     8     4     3     0     4     1    51
    23     6     4    80     0     2     1    51
    24     1     0     9     5     3     1    43
    25     7     4    23     3     0     1    51
    26     2     5     9     5     2     1    46
    27     4     3     3     0     0     1    50
    28     7     8    19     0     2     1    39
    29     2     8    62     6     4     1    51
    30     8     8    14     1     0     1    33
    31     1     3   133     3     3     1    51
    32     4     7   128     6     4     1    51
    33     7     2     0     4     0     1    51
    34     7     0     6     5     6     1    38
    35     6    11   141     2     7     2    37    46
    36     9     0   130    10     7     2    43    46
    37     4     0    19     5     8     1    51
    38     1     3     3     2     7     1    43
    39     5    10   151     9     6     1    51
    40     9    14   143     4     1     1    51
    41     3    10    82     6     7     1    45
    42    10     6   124    10     0     1    51
    43     2     5     0     2     2     1    51
    44     8     1   137     9    10     1    51
    45     3     0    11     0     0     1    50
    46     6     8    22     0     0     1    51
    47     7     0    18     9     5     1    51
    48     6     8    14     5     3     1    50
    49     6     2     3     5     5     1    51
    50     1    10   139     5     5     1    51
    51     0     0     0     0     0     0
--------------------------------------------------------------------------------
INFORMATION OF PROJECT 16:
#jobs  release  duedate
    52     0   161
#local resources
     2
R_L1   R_L2   
   111   143
jobnr.  dur.  r_G1  r_G2  r_L1  r_L2  #succ.  successors
     0     0     0     0     0     0     7     1     8    16    25    34    35    40
     1     6   113   170   111   143     1     2
     2     5   113   170   111   143     1     3
     3    10   113   170   111   143     1     4
     4     6   113   170   111   143     1     5
     5     2    44    85    61   103     2     6    36
     6     1     2    19     3   125     3     7    23    33
     7     3   113   170   111   143     1     9
     8     5   111   151   108    18     2     9    18
     9     2    29    82    52   101     8    10    19    20    22    27    28    30    41
    10     8   113   170   111   143     1    11
    11     2   113   170   111   143     4    12    24    26    28
    12     5     4    15     5     8     1    13
    13     1    44    50    11    19     1    14
    14     1   113   170   111   143     3    15    31    48
    15     9    29    14    11    87     1    17
    16    10    69    85    50    40     2    28    38
    17     8     0     9     3     8     1    51
    18     6    73   100    64    77     1    50
    19     2    17    70    56    79     2    21    39
    20     3    86   155   106   127     1    50
    21     1    86   155   106   119     2    26    41
    22     8    67   131    86   124     1    51
    23     9    73   135    62   108     1    51
    24     2    28    37    48    63     1    46
    25     1    86   155   106   119     1    44
    26     1     0     4     2    50     1    44
    27     3   109   155   106   135     2    29    41
    28     5    29    78    50    11     3    37    42    45
    29     1    57   120    58    14     1    32
    30     2    40    70    47    11     1    38
    31     9    27     5     0    16     1    49
    32     1   109   155   106   135     2    42    45
    33     2    44    76    58    95     1    38
    34     3    73   135    62   108     1    51
    35     4    86   155   106    77     5    36    37    39    41    50
    36     1    24    27    28   124     2    42    44
    37     7    46   130    63    66     1    47
    38     8    89   143    83    19     2    39    50
    39     3    86   155   106   127     1    45
    40     9    84    88    59    42     3    43    44    50
    41     1    29     5     8    77     3    42    44    45
    42     7    86   161   108   127     1    46
    43    10    84   156   100    56     1    45
    44     2    58   119    60    56     1    46
    45     4   113   161   108   135     1    46
    46     3   113   161   108   135     2    47    48
    47     7    46    39    25    19     1    49
    48    10    40    35    47    21     1    51
    49    10    40    35    49    35     1    51
    50     2   113   170   111   143     1    51
    51     0     0     0     0     0     0
--------------------------------------------------------------------------------
TRANSFER TIMES OF GLOBAL RESOURCE G1
 DEPOT    P1    P2    P3    P4    P5    P6    P7    P8    P9   P10   P11   P12   P13   P14   P15   P16
     0     2    10    10     5    11     5     7    11     9     2    11     8     7     9    10    10
     2     0     8     8     4    12     4     9    11    10     2    10     9     9     8    11     8
    10     8     0     6     5    18     7    16    14    17     9     7    15    16     9    18     3
    10     8     6     0     8    14     5    14    10    14     8     2    17    13    13    15     8
     5     4     5     8     0    15     5    12    13    13     6     9    10    12     6    14     5
    11    12    18    14    15     0    11     5     6     4    10    15    16     5    19     4    19
     5     4     7     5     5    11     0    10     9    11     4     6    13    10    10    12     8
     7     9    16    14    12     5    10     0     9     2     7    15    11     2    15     3    17
    11    11    14    10    13     6     9     9     0     8     9    11    17     8    18     8    16
     9    10    17    14    13     4    11     2     8     0     8    16    12     2    17     1    18
     2     2     9     8     6    10     4     7     9     8     0    10    10     7    10     9    10
    11    10     7     2     9    15     6    15    11    16    10     0    18    15    14    16     9
     8     9    15    17    10    16    13    11    17    12    10    18     0    12     9    13    14
     7     9    16    13    12     5    10     2     8     2     7    15    12     0    15     3    16
     9     8     9    13     6    19    10    15    18    17    10    14     9    15     0    17     7
    10    11    18    15    14     4    12     3     8     1     9    16    13     3    17     0    19
    10     8     3     8     5    19     8    17    16    18    10     9    14    16     7    19     0
--------------------------------------------------------------------------------
TRANSFER TIMES OF GLOBAL RESOURCE G2
 DEPOT    P1    P2    P3    P4    P5    P6    P7    P8    P9   P10   P11   P12   P13   P14   P15   P16
     0    12     5    12    10    14    10     4     5     4     7    11     3     8     6    10     5
    12     0     9    15    20    19    13    10    14    11    18     2    10    10    17     4    17
     5     9     0     9    15    11    13     7     6     8    10     8     6     4    10     7     9
    12    15     9     0    20     4    21    15     9    15    12    15    14     6    15    12    13
    10    20    15    20     0    21    10    11    12    10    10    19    10    18     6    20     8
    14    19    11     4    21     0    23    17    10    17    12    19    16     9    16    16    14
    10    13    13    21    10    23     0     7    14     6    15    12     8    16    10    14    12
     4    10     7    15    11    17     7     0     8     2    10     8     2    10     8    10     8
     5    14     6     9    12    10    14     8     0     9     5    13     7     7     7    12     5
     4    11     8    15    10    17     6     2     9     0    10     9     2    11     7    11     8
     7    18    10    12    10    12    15    10     5    10     0    17     9    11     5    16     3
    11     2     8    15    19    19    12     8    13     9    17     0     9    10    15     4    15
     3    10     6    14    10    16     8     2     7     2     9     9     0     9     7    10     7
     8    10     4     6    18     9    16    10     7    11    11    10     9     0    13     7    11
     6    17    10    15     6    16    10     8     7     7     5    15     7    13     0    16     3
    10     4     7    12    20    16    14    10    12    11    16     4    10     7    16     0    15
     5    17     9    13     8    14    12     8     5     8     3    15     7    11     3    15     0
--------------------------------------------------------------------------------
Additional Information: 
global resource strength = 0.2
transfer time factor = 0.2
adapted from RCPSP instances: 
[sD269, sD200, sD3, sD384, sD155, sD169, sD353, sD362, sD171, sD162, sD46, sD146, sD35, sD16, sD191, sD361]
