--------------------------------------------------------------------------------
PORTFOLIO INFORMATION:
#projects
    16
#global resources
     2
R_G1   R_G2   
   348   264
--------------------------------------------------------------------------------
INFORMATION OF PROJECT 1:
#jobs  release  duedate
    52     0   144
#local resources
     2
R_L1   R_L2   
   170    12
jobnr.  dur.  r_G1  r_G2  r_L1  r_L2  #succ.  successors
     0     0     0     0     0     0     7     1     8    16    22    23    34    44
     1     9   173   143   170    12     1     2
     2     9   173   143   170    12     4     3    20    30    43
     3     3   173   143   170    12     1     4
     4     5   173   143   170    12     1     5
     5     1   133   103    39    11     5     6    19    32    39    45
     6     4    13   100    66     2     2     7    33
     7     1   173   143   170    12     1     9
     8     9   148    19   100     9     3     9    39    41
     9     1   133   103    39    11     2    10    29
    10     3    62     7    39     7     2    11    26
    11     4    59    19    53     9     3    12    21    31
    12     8    13    12    16     0     2    13    46
    13     1    46     3    49     6     2    14    18
    14     1    17    12    67     1     3    15    47    48
    15     8    31    66    14     4     2    17    49
    16    10    40    40   131     1     2    17    39
    17     9     1     3     9     0     1    51
    18     9    13    36     0     3     1    51
    19     1     2    73     9     0     1    42
    20     8    59    89    83     5     1    42
    21     7    97    50    99     1     2    24    32
    22     9   128   112    63     7     1    51
    23     8   111    98   117     3     6    25    27    35    37    39    40
    24    10    13    11     9     5     1    48
    25     3   123    67   152     2     1    42
    26     5     0     0     4     1     4    28    31    35    37
    27    10   173   143   170    12     1    51
    28     5    12     1    40     2     1    32
    29     8    11    41    38     2     1    51
    30     1    50    68    15     8     1    42
    31    10     1    22     1     0     1    51
    32     1   114    50    32     0     1    46
    33     4    58    69    43     7     2    36    38
    34     2   155   121   148     6     1    46
    35     1    18     6     3     5     1    51
    36     2    25   124    70     2     1    41
    37     2    76    26    71     1     1    42
    38     1   109     9   121     5     1    51
    39     7   172   140   157    11     1    51
    40    10   160    43   104    10     2    41    43
    41     2    28    16    70     6     1    42
    42     6   114   115    67     1     1    46
    43     1    13    63    37     3     1    51
    44    10    59    28   103     6     2    47    48
    45     2    46    63   102     7     1    50
    46     8   156   121   103     7     2    47    48
    47     3    26     9    16     0     1    50
    48    10    63    30    38     6     2    49    50
    49     2    45    31    72     2     1    51
    50     7    45    31    98     0     1    51
    51     0     0     0     0     0     0
--------------------------------------------------------------------------------
INFORMATION OF PROJECT 2:
#jobs  release  duedate
    52     0   116
#local resources
     2
R_L1   R_L2   
    14    22
jobnr.  dur.  r_G1  r_G2  r_L1  r_L2  #succ.  successors
     0     0     0     0     0     0    11     1     4     5    10    12    17    22    23    25    35    48
     1     2     4     6     1    13     7     2    20    24    40    42    46    47
     2     2     1    20    13    12     4     3    11    37    40
     3     9    10     3     7     4     4     6    16    33    34
     4     2     0    16     6    10     4     9    14    40    41
     5     8     7     6     1     4     8     7    13    20    27    29    33    34    41
     6     6    10    11     6     8     6     9    11    20    29    30    44
     7     3     8    15     8     9     6     8    14    20    31    36    38
     8     2    10    16     3     0     6    18    28    31    32    33    43
     9     1     4     9     5     1     3    13    28    31
    10     2     0     7     1     0     5    11    13    19    27    32
    11     2     3     0     5     5     3    13    18    27
    12     4     9    10     0     0     4    26    27    32    44
    13     2     9    16     0     2     2    15    43
    14     7     0     8     6     0     3    32    33    44
    15     9     2     6     0     5     1    18
    16     3     7     0     6     0     1    51
    17     4    10    14     1     4     3    27    33    34
    18     3     8    10     0     6     4    19    21    30    39
    19     5     4    23     8     2     2    26    41
    20     3     1     3     0    10     1    44
    21     5     6     5     2    14     1    51
    22     9     1    31     3     3     1    39
    23     2     0     0     5     8     1    51
    24     5     3     6     0     0     1    33
    25     5     9    18     4     0     1    42
    26     9     6    14     0     8     1    51
    27    10     0     0     4     6     1    51
    28     6     7    15     9     9     1    51
    29     1    11     1     1     2     2    30    32
    30     4     0    14     1    16     1    51
    31     5     1     0     3     8     1    43
    32     2    10    19     0     8     1    38
    33     2    13    14     5     0     1    45
    34     7    13     9     3     8     1    43
    35     9     8    22     2    11     1    39
    36     5     8     3     0     8     1    51
    37     7     8    15    12     7     1    45
    38     8     4    11     9     4     2    45    49
    39     4     3     8    10     1     1    51
    40     4     0     4     1    10     1    44
    41    10     2     0     7     0     1    51
    42     2     4     0     0     2     1    45
    43     1     6     5     0    14     2    49    50
    44     4     8    12     8     0     2    45    49
    45     2     9     1     1     5     2    49    50
    46     2    10    24     6    10     1    51
    47     5     0     4     3     6     1    51
    48     8     8     9     6     9     2    49    50
    49     9     2     1     0     9     1    51
    50    10     0    10     8     6     1    51
    51     0     0     0     0     0     0
--------------------------------------------------------------------------------
INFORMATION OF PROJECT 3:
#jobs  release  duedate
    52     0   146
#local resources
     2
R_L1   R_L2   
   119   151
jobnr.  dur.  r_G1  r_G2  r_L1  r_L2  #succ.  successors
     0     0     0     0     0     0     8     1     3     6    12    18    25    34    49
     1     7    13   110   107   143     2     2    21
     2     8    13   110   107   143     1     4
     3     2     5     5    12     8     5     4    14    23    42    48
     4     8    12    95   109    93     2     5    16
     5     3    18   110   110   145     1     7
     6     6    18   110   110   145     1     8
     7     6    18   115   119   151     1     8
     8     2    10    30    45    59     1     9
     9     1     6    50    39    18     2    10    35
    10     8    11    30    45    59     3    11    37    38
    11    10     9    85   109    93     2    13    30
    12     9     7    85    74    92     7    17    21    22    23    29    31    43
    13     1     8    73    89   124     2    15    28
    14     3     2    84    84    65     3    17    36    47
    15     3    14    46    40    12     3    17    26    33
    16     1     0    52    48    58     3    17    35    37
    17     6    12    81    97    93     2    19    32
    18     9     7    65    80   124     4    24    32    36    42
    19     8    13    49    11    18     3    20    27    30
    20     4     2    21     0    35     1    50
    21     4     8    86   107   143     1    46
    22     5     0     5     9     6     1    30
    23     7    12   100   110    99     4    26    27    28    37
    24     7    16    85    58   116     3    40    43    46
    25    10     1    63    70   133     1    51
    26     2    10    11    16     0     3    31    32    39
    27     6     4    27    23    66     2    36    46
    28     6     2    30    61    17     1    33
    29    10    12    54    49     4     2    38    46
    30     3    11    47    23    18     1    51
    31     4     9    32    10    21     1    51
    32     1     2    47     0    53     1    46
    33     3     4    29    12     8     1    42
    34     4     8    47    46    53     2    36    50
    35     9     3    30     3    28     1    50
    36     2     9    59    14    58     1    51
    37     6    10    42    30    27     2    41    47
    38     2     9    52    85   117     2    41    45
    39     1    11    86   107   117     2    41    45
    40     3     0    35    96    50     4    44    45    46    48
    41     1    12    26     1    17     1    51
    42     5     3    15    13    40     3    44    46    50
    43     3     1    31     9    81     1    45
    44     9     1    10    10    34     1    51
    45    10    10    16     3     2     1    51
    46     1     0    31    22     7     1    51
    47     4     3     1     0     0     1    51
    48     1     6    15     1    52     1    50
    49     9     3    49    82   110     1    50
    50     6     4     3    12     8     1    51
    51     0     0     0     0     0     0
--------------------------------------------------------------------------------
INFORMATION OF PROJECT 4:
#jobs  release  duedate
    52     0   126
#local resources
     2
R_L1   R_L2   
    18   115
jobnr.  dur.  r_G1  r_G2  r_L1  r_L2  #succ.  successors
     0     0     0     0     0     0     7     1     3    12    14    25    34    49
     1     7   110   145    16   110     7     2     6    18    21    23    43    47
     2     4   110   145    16   110     2     4    44
     3     1    14    18     5    30     3     4     6    23
     4     1    28    59     8    16     1     5
     5     1   110   145    18   114     4     7    16    41    48
     6     1   101   139    16   109     2     8    38
     7     3   119   151    18   115     2     8    38
     8     2    28    59    11    16     1     9
     9     1    57    35     6    58     2    10    35
    10     9    28    56    11    16     2    11    37
    11    10    94    68    12    83     4    13    30    31    32
    12    10    91    92     7    99     9    16    17    21    22    23    29    31    41    43
    13     1    89   124     8    73     3    15    28    31
    14     3     9     6     0     1     1    36
    15     3    45    12    14    47     1    17
    16     1    44    58     0    37     1    17
    17     6   110    99    12   100     2    19    33
    18     5    85   104     7    60     2    24    26
    19     8    11    16    12    49     5    20    27    30    44    45
    20     4    12     7     3    21     1    50
    21     4   107   143     5    86     1    51
    22     9     9     6     2     5     1    30
    23     7    93    93    12    89     5    26    27    28    37    46
    24     7    56   117    13    84     3    26    38    40
    25    10    65   133     1    63     1    51
    26     2    29     2    10     2     3    31    39    46
    27     5    11    66     5    30     2    36    46
    28     7    54    16     2    30     1    33
    29    10    40     4    12    54     1    38
    30     3    34    16    11    47     2    32    43
    31     4    10    21     9    32     1    43
    32     1    21    55     5    59     1    51
    33     3    12     8     4    29     1    42
    34     4    37    54     8    41     1    51
    35     9    25    83     0    32     1    50
    36     3    65    92     9    53     1    51
    37     5    30    27    10    42     1    43
    38     2   107    93     9    83     1    47
    39     3   107   117    11    86     1    45
    40     3    96    78     2    37     3    41    46    48
    41     3    26    13     4    23     1    51
    42     5    19    40     3    15     3    44    47    50
    43     2    25    81     1    31     1    51
    44     9     1    34     1     4     1    51
    45     9     2     2    10    16     1    51
    46     2    20     7     5    31     1    51
    47     4     0     0     3     3     1    51
    48     2     1    52     6    15     1    50
    49     9    83   110     3    49     1    50
    50     6    12     8     4    26     1    51
    51     0     0     0     0     0     0
--------------------------------------------------------------------------------
INFORMATION OF PROJECT 5:
#jobs  release  duedate
    52     0    61
#local resources
     2
R_L1   R_L2   
    14    14
jobnr.  dur.  r_G1  r_G2  r_L1  r_L2  #succ.  successors
     0     0     0     0     0     0    19     1     2     3     4     6     7     8     9    10    11    17    18    22    23    30    31    48    49    50
     1     7     0     0     6    10     5     5    16    19    25    38
     2    10     7     5     0     0     7    14    21    24    25    38    39    43
     3     4     3     9     0     0     8    20    24    26    28    34    35    38    39
     4     5     1     0     0    10     6    13    24    26    34    35    39
     5     3     8     0     0     8     6    12    33    35    36    40    41
     6     1     4     0     5     0     6    15    34    39    42    44    45
     7     3     0     2     0     1     6    25    33    34    35    37    41
     8     2     9     3     0     0     6    27    29    32    35    42    44
     9     4     0     4    10     0     4    28    34    42    44
    10     6     9     7     0     0     4    26    35    38    45
    11     7     0     3     0     5     3    19    34    42
    12     4     0    10     4     0     3    24    32    34
    13     8     0     0     8     7     3    25    33    41
    14     4     0     9     0     8     3    26    34    35
    15     3     0     4     0     8     3    27    32    36
    16     8     5     0     0     2     3    32    36    37
    17     3     0     8     8     0     3    32    33    40
    18     5     0     0    10     6     2    27    32
    19     5     5     0     3     0     2    33    43
    20     7     1     4     0     0     2    36    40
    21     1     8     2     0     0     2    33    46
    22     8    10     1     0     0     2    39    47
    23     2     0     9     9     0     2    35    38
    24     8     0     0     5     9     1    37
    25     9     0     5     0     8     1    32
    26     9     2     0     3     0     1    32
    27     1     6     8     0     0     1    33
    28     5     2     0     0     3     1    36
    29     1    10     1     0     0     1    33
    30     4     1     0     0     3     1    34
    31     4     0     0     6     6     1    32
    32     3     9     0     3     0     1    51
    33     7     0     0     1     1     1    51
    34     4     8     0     8     0     1    51
    35     9     0     0     2     5     1    51
    36     6     0     7     7     0     1    51
    37     1     8     0     0     2     1    51
    38     3    10     0     7     0     1    51
    39     6     0     7     0     3     1    51
    40     2     0     2     0     4     1    51
    41     4     0     5     2     0     1    51
    42     1    10     0     9     0     1    51
    43     2     0    10     9     0     1    51
    44     6     3     0    10     0     1    51
    45     2     0     0     1     2     1    51
    46     4     5     0     6     0     1    51
    47     3     6     0     8     0     1    51
    48     3     0     7     0     5     1    51
    49     1     2     0     0     4     1    51
    50     3     4     8     0     0     1    51
    51     0     0     0     0     0     0
--------------------------------------------------------------------------------
INFORMATION OF PROJECT 6:
#jobs  release  duedate
    52     0   140
#local resources
     2
R_L1   R_L2   
    14    14
jobnr.  dur.  r_G1  r_G2  r_L1  r_L2  #succ.  successors
     0     0     0     0     0     0     8     1    11    20    29    31    34    42    44
     1    10    81    10    14    14     9     2    14    19    26    37    38    40    41    43
     2     1    72     4    12    14     2     3    19
     3     5    66     1    12     9     1     4
     4     8    78     7     9    11     5     5    35    36    38    48
     5     5    49     7     6     4     4     6    18    32    33
     6     4    10     0     2     0     2     7    30
     7     6    19     0     4     5     1     8
     8     5    28     8     0     0     4     9    16    25    28
     9     7    40     0     4    10     3    10    39    46
    10     5    12     0     4     0     3    12    23    24
    11     7    44     1    12     5     6    21    22    23    27    35    37
    12    10    47     7    10     3     3    13    27    35
    13     4     2     0     7     0     1    15
    14     4     3     3     2     0     1    51
    15     8     0     3     1     0     2    17    24
    16     5    75    10    10    11     2    17    23
    17     3    40     0     3     6     1    21
    18     9    32     2    11     7     1    51
    19    10    51     0     0    13     1    39
    20     5    56     5     4     1     1    48
    21     1    24     6     0     1     1    51
    22     2    24     4    12     6     1    24
    23     1     2     0     4     0     1    51
    24     6     9     3     0     6     1    51
    25     1     0     0     4     1     1    38
    26     4     9     6     0     0     1    51
    27     5     0     0     3     0     1    51
    28     8     0     2     1     0     1    51
    29     9    55    10     8     7     1    30
    30    10    22     0     8     5     1    51
    31     5    48     4    11     8     1    51
    32     3    26     4     9     1     1    50
    33     9    24     0     2     4     1    51
    34     1     6     0     0     2     1    36
    35     9    23     7     1     1     2    41    50
    36     4    54     7     0    10     1    46
    37     5    36     4     0    10     2    48    49
    38     7     0     0     3     1     1    40
    39     4    31     2     9     5     1    51
    40     4    25     4     4    13     1    51
    41     2    56     6     9     1     1    51
    42    10    29     0     6    10     1    51
    43     6     0     0     3     3     2    45    47
    44     9    55    10     3     9     1    51
    45     3    27     8     0     9     2    47    50
    46     5    29     0    12     4     1    50
    47     5    47     3     0     8     1    50
    48     4     4     3     0     5     1    50
    49     9    12     5     0     5     1    51
    50     6    32     7     0     3     1    51
    51     0     0     0     0     0     0
--------------------------------------------------------------------------------
INFORMATION OF PROJECT 7:
#jobs  release  duedate
    52     0   156
#local resources
     2
R_L1   R_L2   
   151   115
jobnr.  dur.  r_G1  r_G2  r_L1  r_L2  #succ.  successors
     0     0     0     0     0     0     9     1     3     6    12    16    18    25    26    49
     1     6   110    13   144   110     1     2
     2     8   110    13   144   110     1     4
     3     2     9     5     7     5     5     4    14    23    34    48
     4     4   110    18   145   110     3     5    14    23
     5     1   110    18   145   110     1     7
     6     5   110    18   145   110     2    38    50
     7     8   119    18   151   115     1     8
     8     2    28    11    59    16     1     9
     9     1    37     6    12    47     2    10    35
    10     9    28    11    59    16     3    11    37    38
    11    10    77     6   112    85     4    13    30    31    32
    12    10    91     7    92    99     9    17    21    22    23    24    29    31    34    43
    13     1    89     8   124    73     3    15    28    43
    14     4   116     6    92    88     2    17    32
    15     3    45    14    12    47     2    17    44
    16     1    64     4    86    56     3    17    23    37
    17     4    96    15   105    84     1    19
    18     9    89     7   124    68     2    24    42
    19     8    13    12    18    49     3    20    27    30
    20     4    49     2    32    21     1    50
    21     4   107     8   143    87     1    51
    22     7     9     0     6     5     1    30
    23     9    98    14   137    89     5    27    28    30    37    48
    24     9    58    16   111    89     3    40    41    46
    25    10    65     4   133    63     1    51
    26     2    49    10   113    94     4    31    33    39    43
    27     6    11     5    66    35     3    31    36    46
    28     7    61     2    32    10     1    33
    29    10    46    12    45    54     1    45
    30     3    23    11    18    47     1    51
    31     4    11     9    21    32     1    51
    32     1    58    10   117   105     2    36    50
    33     5    12     4     8    28     1    42
    34     4    46     8    53    47     2    36    50
    35     9    42     3    39    30     2    46    50
    36     3    13    14    60    48     1    51
    37     6    30    10    27    42     2    42    43
    38     2    73     9    91    58     2    47    48
    39     6   107    14   117    87     1    51
    40     3    96     1    51    48     5    45    46    47    48    50
    41     2     2    12    18    27     1    50
    42     5    23     3    46    31     1    44
    43     2    22    13    66    48     1    45
    44     7     1     1    34    10     1    51
    45    10     2    10     2    17     1    51
    46     1    65     0    26    31     1    51
    47     4     2     8     7     5     1    51
    48     1     3     9    59    27     1    51
    49     9    82     4   110    50     1    50
    50     7    12     4     8    21     1    51
    51     0     0     0     0     0     0
--------------------------------------------------------------------------------
INFORMATION OF PROJECT 8:
#jobs  release  duedate
    52     0   116
#local resources
     2
R_L1   R_L2   
    17    15
jobnr.  dur.  r_G1  r_G2  r_L1  r_L2  #succ.  successors
     0     0     0     0     0     0    10     1    19    21    27    29    30    36    44    46    49
     1     6   132    11    17     9     7     2    33    38    39    40    41    42
     2     1   132    11    17     9     1     3
     3     1    94     2    13     4     2     4    25
     4     2    94     2     8     0     2     5    31
     5     4   131    11    13    15     2     6    32
     6     1   122    11     9     5     1     7
     7     2   123     4    12     5     3     8    15    24
     8     8    93     6    12    11     5     9    16    23    37    43
     9     8    19     3     5     0     4    10    15    22    32
    10     5    34     5     5     5     3    11    17    20
    11     3    12     0     0     8     1    12
    12     6   112     2     1     7     1    13
    13     6    97    10     5     4     3    14    26    38
    14     7    29     0     4     8     1    18
    15     3    16     0     2     9     1    51
    16     9    10     0     0     2     1    51
    17     4    12     3     2     9     2    28    39
    18     4    12     0     5     0     1    51
    19     8    39     4     4    11     1    51
    20     9    33     0    10     9     2    35    45
    21     4    36     0    12    10     1    51
    22     7    20     4     0     0     2    34    45
    23     9    65     0     7     6     1    51
    24     2    63     7     3     7     1    35
    25     1    37     4     0     0     1    43
    26     2    77     1     0     4     1    39
    27     7    20     8    10     0     1    39
    28     8    10     6     0     0     1    51
    29     8     9     0     4     0     1    51
    30    10    57     0    12    13     2    33    50
    31     2     9     0     4    10     1    50
    32     1    51     9    10     0     2    38    50
    33     2    13     0    15     3     3    38    43    50
    34     8    24     6     0     0     1    51
    35     3     0     6     4     0     1    38
    36     7    18     9    16     5     1    47
    37    10    22     5     0     1     1    51
    38     4    85     0    11     0     1    51
    39     5     7     4     6     3     1    51
    40     1    34     1     1    11     1    48
    41     3    38     5     4     9     1    50
    42     5    38     5     1     4     1    51
    43     4     7     5     0     1     1    45
    44     7   102    11     6     6     3    45    47    48
    45     5     7     2     7     0     1    51
    46    10   111     7     2     5     1    47
    47     8     8     0     0     6     1    51
    48     2    29     9     1     8     1    51
    49     8    12     7     5     7     1    50
    50     9   106     0    12    10     1    51
    51     0     0     0     0     0     0
--------------------------------------------------------------------------------
INFORMATION OF PROJECT 9:
#jobs  release  duedate
    52     0   157
#local resources
     2
R_L1   R_L2   
    12    40
jobnr.  dur.  r_G1  r_G2  r_L1  r_L2  #succ.  successors
     0     0     0     0     0     0     7     1    11    14    29    37    44    46
     1     2    15   120    12    40     2     2    41
     2     8    15   120    12    40     3     3    36    39
     3     2    15   120    12    40     2     4    19
     4     6    15   120    12    40     1     5
     5     3    10    84     2    19     5     6    18    32    33    34
     6     3     5    72     2    18     3     7    30    31
     7    10    15   120    12    40     1     8
     8     5     7   110     9    37     3     9    16    25
     9     2    15   102    12    31     4    10    20    26    47
    10     1     5     6     2     4     2    12    23
    11    10     2    30    10    21     5    21    22    23    24    27
    12     4    15   102     7    31     3    13    22    42
    13     1     8     3     0     4     4    15    27    28    30
    14     9     7   109     1    30     1    51
    15     4     1    30     9    18     3    17    38    43
    16     6     0    18     0     9     1    45
    17     1     9    41     6    13     2    21    33
    18     1    10   100     6    31     6    20    21    31    41    43    49
    19     2     3   112     7    30     2    31    40
    20     1     4    12     0    18     1    38
    21     9     5    33     1     6     1    51
    22    10     2    54     0     8     1    51
    23     7    12     7     2     5     1    51
    24     4     2   104     5    32     1    45
    25     7     8    33    10    21     1    51
    26     7    10    57     7    22     1    33
    27     1     0     3    11     0     1    40
    28     2    15   120    12    40     2    35    40
    29     8    10   104     1    32     1    51
    30     6     8     8     0    10     1    41
    31     2    10    90     0    19     1    35
    32     9    10    48     5    22     1    41
    33     9     4    20     6     4     1    51
    34     6     8    10     3     3     1    48
    35     8     5    63     0     9     1    51
    36     4    10    23    10    18     1    45
    37     9     2    36    10    13     1    51
    38     4     7    94     4    21     1    41
    39    10     8    26     5    19     3    41    42    43
    40    10     9    45     2    13     2    41    43
    41     1     2    97     0    22     1    51
    42     1    10    87     7    31     3    45    49    50
    43     6     5     3     9    10     1    51
    44    10    10    69     5    25     2    45    50
    45     7     0    13     1    19     1    51
    46     9     5    36    10     7     1    50
    47     8     0    21     6    17     2    48    49
    48     6     0     4     5     4     1    51
    49     7     0    16     5     8     1    51
    50     4     2    87     2     9     1    51
    51     0     0     0     0     0     0
--------------------------------------------------------------------------------
INFORMATION OF PROJECT 10:
#jobs  release  duedate
    52     0   129
#local resources
     2
R_L1   R_L2   
    14    21
jobnr.  dur.  r_G1  r_G2  r_L1  r_L2  #succ.  successors
     0     0     0     0     0     0     8     1     9    21    26    28    31    42    47
     1     2   160    12    14    21     1     2
     2     4   160    12    14    21     1     3
     3     6   160    12    14    21     3     4    39    40
     4     5   160    12    14    21     7     5    19    34    35    36    37    38
     5     4    90     6     1    11     3     6    32    33
     6     2    79     2     1     6     4     7    29    30    43
     7     4   157    12    14    20     1     8
     8     8   157    12    14    20     6    10    24    25    27    34    45
     9     7   138     5     8    18     2    10    24
    10     6    60     5     1     3     5    11    20    22    23    46
    11     8   150     5    13    15     3    12    17    18
    12     3    41     7     0     5     3    13    25    40
    13     6    15     2     0    10     1    14
    14     4    50     3     9     0     3    15    19    30
    15     6    74     0     6    14     2    16    32
    16     3    41     9     8     0     1    51
    17     4    47     6     1     8     2    36    37
    18     5     7     0     0     6     1    33
    19     5     5     0     5     1     1    51
    20     6     0     2     5     0     1    32
    21    10    81     5     8    15     1    49
    22     5    66     5     4    11     1    51
    23     8    66     7     5     8     1    46
    24     6    14     0     9     0     1    51
    25     8    40     1     0    15     1    51
    26     8     0     5     0     2     1    51
    27    10    19     4     6     0     1    51
    28     7    70     5    13     2     1    51
    29     7     3     0     0     1     1    45
    30     1    76    10     1    14     1    35
    31     6    81    10     9     0     1    51
    32     1     0     0     8     8     1    51
    33    10    60     2     5     0     3    35    36    37
    34     6     0     7     1     0     1    51
    35     5    60     2     3    16     1    51
    36     5    51     6     4     6     2    44    50
    37     2     8     0     3     2     1    49
    38     3     7     6     0     5     1    51
    39     1    62     6     1    10     2    41    44
    40     2     7     0     0     5     3    41    45    46
    41     8   110     0    13    11     1    46
    42     7    41     9     6     0     2    43    49
    43     1    97     2     9    17     1    51
    44     9    50     0     9     0     1    49
    45     2     1     0     0     8     1    48
    46     2    14     1     0     7     1    49
    47    10    76    10     0     8     1    51
    48     5    19     0     1     0     1    50
    49     6    31     5     0     0     1    51
    50     6    44     2     0    12     1    51
    51     0     0     0     0     0     0
--------------------------------------------------------------------------------
INFORMATION OF PROJECT 11:
#jobs  release  duedate
    52     0   143
#local resources
     2
R_L1   R_L2   
    15     9
jobnr.  dur.  r_G1  r_G2  r_L1  r_L2  #succ.  successors
     0     0     0     0     0     0    12     1     2     4     7     9    10    11    13    15    17    18    23
     1     5     0     0     5     2     5     3    20    29    30    48
     2     4     3     3     0     0     6     5    20    41    42    44    45
     3     4     0     4     8     8     5     6    31    40    41    47
     4     6     5     0     2     4    13     5    16    20    21    25    31    34    36    39    40    42    46    48
     5     2     0     4     5     0     6     8    25    27    30    34    46
     6     5     0     2     8     1     5     8    27    28    43    44
     7    10     3     5     1     6     9    14    27    28    31    33    42    43    44    49
     8     1     2     3     7     8     5    12    35    37    39    41
     9     2     2     4    13     7     1    51
    10     7     2     0     0     1     5    16    35    40    43    45
    11    10     0     9     4     9     7    19    21    25    37    40    41    43
    12     6    11    12    15     2     3    16    27    36
    13    10     0     9     5     0     3    24    32    34
    14    10     0    10     1     0     3    31    34    39
    15     7     5     2    14     9     5    16    30    31    41    45
    16     8     1     7     5     1     3    22    32    38
    17     4     1     0     7     8     4    26    29    35    47
    18     1     0     8     0     1     1    26
    19     2     0     8     9     0     3    26    27    34
    20     8     3     0     7     0     2    32    35
    21     9     5     0     2     9     1    34
    22    10     7     0     1     2     1    24
    23     7    11     0     0     6     1    51
    24     8     0     0     9     1     1    26
    25     8     1     3     4     0     1    51
    26    10     0     2    12     0     1    33
    27    10     0     0     2     6     1    37
    28     7     6     0     1     0     1    51
    29     9     9    10     6     1     1    39
    30     2     8     0     0     1     1    32
    31     6     2     3     0     8     1    37
    32     1     0     9    11     2     1    46
    33    10     9     5     2     0     1    51
    34     6     3     8     6     1     1    41
    35     8    11     2    11     0     1    51
    36     6     1     4     7     1     1    51
    37     4     1     4     5     7     1    44
    38     3     8    12     8     9     1    51
    39     9     0     2    14     1     1    51
    40     4     0     7     1     0     1    47
    41     5     2     0    12     0     1    51
    42     9     4     0     4     5     1    51
    43     4    11    12    13     2     1    47
    44     7     0     5     2     7     1    46
    45    10     8     8     6     8     2    47    48
    46     6     4    12     5     0     1    47
    47     7     0     2    10     2     1    51
    48     1     0    10     0     1     1    50
    49     4     6     7     5     5     1    51
    50     2     0     0     0     7     1    51
    51     0     0     0     0     0     0
--------------------------------------------------------------------------------
INFORMATION OF PROJECT 12:
#jobs  release  duedate
    52     0   124
#local resources
     2
R_L1   R_L2   
    14    14
jobnr.  dur.  r_G1  r_G2  r_L1  r_L2  #succ.  successors
     0     0     0     0     0     0     8     1     4     5    12    22    25    35    48
     1     2     7    13     2     4     7     2    10    24    40    42    46    47
     2     2    20    12    12     1     5     3    11    20    37    47
     3    10    21     4     7    10     4     6    16    33    34
     4     2    29    10     8     0     4     9    17    41    43
     5    10     4     4     1     7     7     7    13    20    29    33    36    41
     6     4    12    10     6    10     4     9    29    30    44
     7     9    14     9     8     8     6     8    14    30    31    36    38
     8     7    11     0     3    10     7    18    28    29    31    32    33    43
     9     1     9     1     5     1     3    13    28    31
    10     4     3     0     1     0     5    11    15    19    30    31
    11     2     0     0     5     3     2    18    27
    12     4    10     0     1     9     7    18    26    27    32    43    44    47
    13     2    15     2     1     9     2    15    43
    14     9     8     0     6     0     5    20    28    32    33    44
    15     8     0     4     0     2     2    18    23
    16     4     4    19     6     7     1    51
    17     6    17     4     0     8     4    21    27    33    34
    18     3     9     0     0     8     3    19    21    39
    19     5    20     2     8     4     2    26    41
    20     5     3    10     0     0     1    51
    21     5     5    11     1     6     1    51
    22     8    32     7     3     1     1    51
    23     1     0     8     5     2     1    39
    24     2     6     0     0     3     2    32    33
    25     5    18     0     4     9     1    42
    26    10    20     8     0     3     1    51
    27     3     0     6     6     0     1    51
    28     6     7     9     9     7     1    51
    29     1     1    10     9    11     1    32
    30     9    14     0     1     0     1    49
    31    10     0     8     0     1     2    32    39
    32     2    19     2     1    10     1    38
    33    10     0     0     5     0     1    45
    34     9    33     8     3    12     1    44
    35     6    22    11     2     8     1    39
    36     9     3     8     0     8     1    51
    37     4     7     0    12     8     1    45
    38     8    11     0     0     4     2    45    49
    39     3     6     1    10     3     1    51
    40     2     4    10     5     0     3    43    44    45
    41    10     0     0     7     4     1    51
    42     2     0     2     0     4     2    45    47
    43     2    12    14     0     6     3    44    49    50
    44     4    11     0     8     7     2    45    49
    45     2     1     2     1    10     2    49    50
    46     2    19     0     6    10     1    51
    47     6     4     6     1     0     1    51
    48     4     4     9     6     8     1    49
    49    10     1     9     0     2     1    51
    50    10    10     6     8     0     1    51
    51     0     0     0     0     0     0
--------------------------------------------------------------------------------
INFORMATION OF PROJECT 13:
#jobs  release  duedate
    52     0    85
#local resources
     2
R_L1   R_L2   
    13    15
jobnr.  dur.  r_G1  r_G2  r_L1  r_L2  #succ.  successors
     0     0     0     0     0     0    10     1     2     3     5     6     9    10    12    13    18
     1     1    10     0     3     0     5     4    21    29    31    39
     2     2     0     4     7     0    12    14    15    16    21    24    26    28    29    31    39    40    50
     3     8     0     0     8     7     9    11    16    19    23    24    25    28    38    39
     4    10     0     0     9     5     5     7    23    28    34    50
     5     1     0     1     0    10     5     8    21    24    26    40
     6     1     0     3     0     1    10    16    22    23    26    28    31    36    38    39    40
     7     1     7     3     0     0     7    15    16    24    26    38    40    41
     8     8     0     4     3     0     7    15    16    23    28    38    39    50
     9     9     0     7     7     0     7    17    21    22    26    28    31    49
    10     2     7     0     0     2     6    16    19    26    31    38    39
    11     9     0    10     0     5    10    26    30    31    32    36    37    41    44    47    50
    12     3     0     8     0     4     7    20    28    32    36    39    40    49
    13     8     7     0     0     6     7    21    25    32    37    40    47    50
    14     4     0     7     5     0     7    25    30    38    44    45    46    47
    15     6     0     5     0    10     4    19    37    44    48
    16     5     0     0     7     9     7    27    37    44    45    46    48    49
    17     8     0     1     2     0     4    23    39    41    46
    18    10     8     7     0     0     6    32    33    34    44    46    47
    19     4     1     0    10     0     3    22    36    45
    20     2     0    10     0     2     5    30    43    45    46    47
    21     8     4     0     0     9     2    23    36
    22     5     0     9     5     0     3    30    43    47
    23     4     0     0     4     8     3    33    43    44
    24     7     0     0     6     2     4    42    43    44    46
    25     9     0     0     4     3     3    36    42    48
    26     5     0     8     5     0     3    42    43    46
    27     6     1    10     0     0     2    35    43
    28    10     9     0     0     8     2    37    44
    29     7     0     0    10     5     2    35    38
    30     3     0     0     8     6     1    33
    31     3     1     0     9     0     2    43    45
    32     1     9     4     0     0     2    42    43
    33    10     1     3     0     0     1    35
    34     4     0     3     0     7     1    35
    35     2     6     0     0     4     1    42
    36     5     6     0     5     0     1    43
    37     9     0     0     2    10     1    43
    38     9     6     0     0     8     1    42
    39     4     1     0     4     0     1    42
    40    10     0     0     8     1     1    45
    41     6     9     0     3     0     1    48
    42     1     8     0     0    10     1    51
    43     1    10     0     5     0     1    51
    44     1     2     0     0     2     1    51
    45     4     4     8     0     0     1    51
    46     7     0     7     8     0     1    51
    47     5     8     0     0     1     1    51
    48     1     0     0     7     6     1    51
    49     3     3     8     0     0     1    51
    50     7     2     1     0     0     1    51
    51     0     0     0     0     0     0
--------------------------------------------------------------------------------
INFORMATION OF PROJECT 14:
#jobs  release  duedate
    52     0    68
#local resources
     2
R_L1   R_L2   
    16    20
jobnr.  dur.  r_G1  r_G2  r_L1  r_L2  #succ.  successors
     0     0     0     0     0     0    22     1     2     3     4     5     7     8     9    10    14    15    16    18    22    23    44    45    46    47    48    49    50
     1     5     4     0     2     0     6     6    17    31    33    34    43
     2     1     0     1     3     0     8    12    19    24    27    30    31    35    41
     3    10     0     0     4     4     7    13    26    28    30    32    36    40
     4     5     0     0     9     9     8    19    24    25    27    30    33    34    38
     5     4     0     0     3     5     5    20    21    27    30    31
     6     4     0     4     0     7     3    11    27    28
     7     5     0     0     6     6     5    24    26    27    33    34
     8     6     0     7     0     8     5    24    25    27    32    36
     9     3     6     0     0     2     3    17    26    32
    10    10     0     0     2     8     4    26    28    32    36
    11     3     0     0     5     8     3    19    25    26
    12     7     5     0     0    10     3    25    26    38
    13     2     0     2     7     0     3    24    25    39
    14     6     0     0     5     3     3    25    33    34
    15    10     2     0     3     0     3    24    25    37
    16     8     0     9     8     0     3    25    27    31
    17     1     4     0     1     0     2    24    35
    18     3     9     0     0     7     2    30    42
    19     4     0     4     4     0     1    29
    20    10     0     0     6     4     1    28
    21     5     0     0     6     6     1    37
    22     3     0     0     6     4     1    24
    23     1     7     0     9     0     1    24
    24     4     0     0     8     5     1    51
    25     7    10     8     0     0     1    51
    26     7    10    10     0     0     1    51
    27    10    10     5     0     0     1    51
    28     1     0     5     4     0     1    51
    29     4     0     3     0     1     1    51
    30     9     3     9     0     0     1    51
    31     7     0     6     0    10     1    51
    32     9     0     4     0     5     1    51
    33     3     0     0     4     2     1    51
    34     3     5     0     9     0     1    51
    35     7     4     8     0     0     1    51
    36     1     0     9     3     0     1    51
    37    10     7     0    10     0     1    51
    38     8     0     5    10     0     1    51
    39     2     0     8     0     9     1    51
    40     6     0     9     5     0     1    51
    41     8     0     9     0     4     1    51
    42     1     2     9     0     0     1    51
    43     3    10     1     0     0     1    51
    44     2     4     0     0     6     1    51
    45     9     0     0     4     7     1    51
    46     5     3     2     0     0     1    51
    47     9     0     8     0     8     1    51
    48     5     0     0     6    10     1    51
    49    10     0     7     0     8     1    51
    50     8     0     0     6     1     1    51
    51     0     0     0     0     0     0
--------------------------------------------------------------------------------
INFORMATION OF PROJECT 15:
#jobs  release  duedate
    52     0   135
#local resources
     2
R_L1   R_L2   
    14    14
jobnr.  dur.  r_G1  r_G2  r_L1  r_L2  #succ.  successors
     0     0     0     0     0     0    11     1    16    18    20    22    29    31    36    39    42    44
     1     8   112    11    14    14     7     2    14    19    38    40    41    43
     2     4   112    11    14    14     2     3    11
     3     4    80     6    14    11     1     4
     4     1   112    11    14    14     2     5    35
     5     2    50     3     7     4     4     6    32    33    34
     6     9     9     0     2     1     2     7    30
     7     6    18     0     5     5     1     8
     8     5    41     8     0     1     3     9    25    28
     9     5    50     6     5    11     1    10
    10     2    17     0     3     1     2    12    14
    11     4   103     3    13     9     1    51
    12     6    46     5     5     3     2    13    35
    13     1     2     0     7     0     3    15    23    33
    14     4    13     1     0    10     1    48
    15     7     5     3     4     0     2    17    24
    16     9   103    11     4     9     1    17
    17    10    13     1     3     6     2    21    26
    18     8    50     0    11     7     1    21
    19     1   107    11     7     4     1    51
    20    10    63     5    12     4     1    33
    21     3    22     6     0     1     1    51
    22     1    33     8     7     9     1    51
    23     5     5     0     4     0     1    24
    24     2     0     3     0     4     1    27
    25     7     0     0     3     3     1    51
    26     6     9     5     0     0     1    51
    27     5     3     0     3     8     1    51
    28     9     0     3     1     0     1    51
    29     6    94     8     8     9     4    35    37    45    46
    30    10    25     0     8     5     1    51
    31     4    79     6    11    11     1    51
    32     9    30     4     9     1     1    51
    33     9     0     6     1     5     1    51
    34     2    45     4     3     3     3    43    47    49
    35     3    48     7     2    10     1    46
    36     8    82     7     1    10     1    51
    37     4    33     7     0    10     1    51
    38     6    62     2     3     0     1    46
    39     9    71     2    12     7     1    43
    40     1    33     4     7    10     2    47    50
    41     9    95     8    10     7     1    46
    42    10    66     0     4    10     3    43    47    49
    43     8     0     0     3     2     1    51
    44     9    87    11     1     9     1    46
    45     3    73     7     0     9     1    46
    46     3    30     1    12     4     2    48    49
    47     6    45     3     0     8     2    48    49
    48     4    49     3     2     5     1    51
    49     3    33     5     0     3     1    51
    50     5    32     5     0     3     1    51
    51     0     0     0     0     0     0
--------------------------------------------------------------------------------
INFORMATION OF PROJECT 16:
#jobs  release  duedate
    52     0    88
#local resources
     2
R_L1   R_L2   
    11    16
jobnr.  dur.  r_G1  r_G2  r_L1  r_L2  #succ.  successors
     0     0     0     0     0     0    16     1     4     5     7     8    10    11    12    17    21    22    23    24    25    48    50
     1     5     5    13     4     0     6     2    14    40    42    45    47
     2     2     0     0     2     1     4     3    32    37    38
     3     4     0    11     7     8     4     6    16    33    34
     4     2     8     0     3     0     7     9    29    34    40    41    43    46
     5     2     2     0     0     7     6    13    20    29    33    36    41
     6     3     0     7     7     9     4     9    27    29    30
     7     3     0     8     0     8     5    14    20    30    36    38
     8     3     0     5     6     9     5    18    31    32    33    43
     9     6     9     0     0     3     3    13    28    31
    10    10     3     0     1     0     4    19    27    30    36
    11     1     0     5     5     0     3    18    27    30
    12     8    10     0     0     9     3    26    27    32
    13     7     0     0     1     9     1    15
    14     3     8     0     6     0     3    28    32    44
    15     6     0     4     4     2     2    18    47
    16     2     0     0     8     1     3    20    26    35
    17     6     0     4     0     4     2    27    29
    18     6     1     0     0     9     1    19
    19     1     0    13     8     0     1    26
    20     7     3    10     0     0     1    27
    21     4     5     9     0     0     1    51
    22    10     0     5     5     0     1    51
    23     8     0     0     9    10     1    39
    24     7     3     0     0     3     1    37
    25     2     6     0     4     9     1    27
    26     7     0     4     0     3     1    51
    27    10     0     6     2     0     1    51
    28    10    11     1     9     7     1    51
    29     2     0     0     2     6     1    36
    30     3     4     0     1     0     1    51
    31     8     0     2     0     1     1    40
    32     3     2     3     6     0     1    51
    33     4     3     0     4     0     1    51
    34     3     7     0     0     2     1    51
    35     7     0    10     2     0     1    51
    36     4     2     0     0     8     1    51
    37     8     0     0     2     8     1    42
    38     8     3     0     0     4     1    51
    39     6     9     0    10     0     1    51
    40     5     0     5     5     0     1    51
    41    10     0     0     7     4     1    51
    42     1     0     2     0     2     1    51
    43     4     4     0     0     6     1    51
    44     2    10     0     0     7     1    51
    45    10     0     0     5    10     1    51
    46     9     1     0     1    10     1    49
    47     9     4     0     1     0     1    51
    48    10     0     9     0     8     1    51
    49     5     7     0     0     2     1    51
    50     5     9     0     8     0     1    51
    51     0     0     0     0     0     0
--------------------------------------------------------------------------------
TRANSFER TIMES OF GLOBAL RESOURCE G1
 DEPOT    P1    P2    P3    P4    P5    P6    P7    P8    P9   P10   P11   P12   P13   P14   P15   P16
     0    19    22    25    17    26    22    23    10     7    24    14    20    32    23    12     7
    19     0    27    43    26    21     4     8    25    15    30    12    36    47    16    23    15
    22    27     0    41    38    44    29    24    15    26     4    16    20    50    39    33    26
    25    43    41     0    23    40    46    48    26    28    42    39    25    12    40    22    29
    17    26    38    23     0    18    29    34    26    14    41    28    33    23    19     6    15
    26    21    44    40    18     0    22    28    36    20    47    30    45    39     6    19    20
    22     4    29    46    29    22     0     8    28    18    32    14    39    50    16    26    18
    23     8    24    48    34    28     8     0    27    21    28    11    38    53    23    30    21
    10    25    15    26    26    36    28    27     0    16    17    17    11    35    32    21    16
     7    15    26    28    14    20    18    21    16     0    29    15    26    33    17    10     1
    24    30     4    42    41    47    32    28    17    29     0    19    20    51    43    36    29
    14    12    16    39    28    30    14    11    17    15    19     0    27    46    25    24    14
    20    36    20    25    33    45    39    38    11    26    20    27     0    35    43    28    26
    32    47    50    12    23    39    50    53    35    33    51    46    35     0    41    25    33
    23    16    39    40    19     6    16    23    32    17    43    25    43    41     0    18    17
    12    23    33    22     6    19    26    30    21    10    36    24    28    25    18     0    10
     7    15    26    29    15    20    18    21    16     1    29    14    26    33    17    10     0
--------------------------------------------------------------------------------
TRANSFER TIMES OF GLOBAL RESOURCE G2
 DEPOT    P1    P2    P3    P4    P5    P6    P7    P8    P9   P10   P11   P12   P13   P14   P15   P16
     0    23    15    18    26    21    26    16    13    19    17    20    25    20    23    32    19
    23     0    14    24    44    29    43    36    11    12    35     3    42    40     1    26     8
    15    14     0    11    30    16    40    30     5    20    22    12    39    34    15    35     7
    18    24    11     0    22     5    43    31    15    29    15    22    41    35    25    44    17
    26    44    30    22     0    19    42    29    33    44    10    41    39    31    44    57    37
    21    29    16     5    19     0    46    33    20    34    14    27    43    37    30    49    22
    26    43    40    43    42    46     0    13    37    33    36    41     4    12    42    33    42
    16    36    30    31    29    33    13     0    28    29    23    34    11     5    36    35    34
    13    11     5    15    33    20    37    28     0    15    24     9    36    32    12    30     6
    19    12    20    29    44    34    33    29    15     0    35    12    33    32    11    16    17
    17    35    22    15    10    14    36    23    24    35     0    32    33    26    35    48    28
    20     3    12    22    41    27    41    34     9    12    32     0    41    38     3    26     6
    25    42    39    41    39    43     4    11    36    33    33    41     0     8    42    35    42
    20    40    34    35    31    37    12     5    32    32    26    38     8     0    40    38    38
    23     1    15    25    44    30    42    36    12    11    35     3    42    40     0    25     9
    32    26    35    44    57    49    33    35    30    16    48    26    35    38    25     0    31
    19     8     7    17    37    22    42    34     6    17    28     6    42    38     9    31     0
--------------------------------------------------------------------------------
Additional Information: 
global resource strength = 0.2
transfer time factor = 0.5
adapted from RCPSP instances: 
[sD344, sD219, sD281, sD256, sD19, sD133, sD258, sD167, sD186, sD143, sD116, sD165, sD33, sD41, sD230, sD61]
