--------------------------------------------------------------------------------
PORTFOLIO INFORMATION:
#projects
    16
#global resources
     2
R_G1   R_G2   
   800   753
--------------------------------------------------------------------------------
INFORMATION OF PROJECT 1:
#jobs  release  duedate
    52     0   138
#local resources
     2
R_L1   R_L2   
   119   151
jobnr.  dur.  r_G1  r_G2  r_L1  r_L2  #succ.  successors
     0     0     0     0     0     0    11     1     3     6    12    14    24    25    34    38    40    49
     1     1    18   115   119   151     2     2    18
     2     1    16   110   110   145     2     4    21
     3     1    16    52    54    18     3     4    16    23
     4     1     8    73    69    91     2     5    26
     5     3    18   114   110   145     1     7
     6     4    16   110   110   145     3     8    18    29
     7    10    18   115   119   151     1     8
     8     5    11    16    28    59     1     9
     9     1    10    52    59    41     2    10    35
    10     9    11    16    28    59     2    11    37
    11    10    16    90   108    79     3    13    31    32
    12    10     7    99    91    92     9    13    16    17    22    23    29    31    41    43
    13     1     9    82    99   124     2    15    28
    14     1     0     1     9     6     3    17    22    33
    15     4    14    47    45    12     2    17    48
    16     1    13    80    75    73     3    17    32    47
    17     4    13    81    94   105     1    19
    18     6     7    62    51   104     1    51
    19     8    12    49    11    18     5    20    27    30    44    45
    20     5     3    21    12     7     1    50
    21     8     8    90   107    78     1    51
    22     8     2     5     9     6     1    47
    23     7    13    89    98   137     4    27    28    30    31
    24     8    13    84    75   117     1    26
    25    10     2    63    65   133     1    51
    26     2    13    25    36    11     1    39
    27     4     5    31    11    28     1    36
    28     8     2    30    35    18     2    30    33
    29     9    12    55    84    39     1    51
    30     2    11    52    36    18     1    43
    31     4     9    32    11    21     1    51
    32     1     4    48    54    89     1    51
    33     2     1    29    12    12     2    42    45
    34     3     8    37    41    54     1    51
    35     9     2    25    11    72     4    36    41    46    47
    36     2     8    61    69    83     1    51
    37     4    10    42    50    50     1    51
    38     8     9    83    97   111     1    51
    39     6    15    86   107   117     2    45    48
    40     2     3    37    96   107     2    46    48
    41     2     4    23    20    14     1    51
    42     5     3    15    16    40     4    44    46    47    50
    43     2     1    42    53    55     1    51
    44     9     1    19     3    34     1    51
    45    10    10     2    11     4     1    46
    46     1    13    44    54    89     1    51
    47     2     2    29     3     1     1    51
    48     2     6    18     3    67     1    50
    49    10     5    49    83   110     1    50
    50     8     4    26    13    28     1    51
    51     0     0     0     0     0     0
--------------------------------------------------------------------------------
INFORMATION OF PROJECT 2:
#jobs  release  duedate
    52     0   114
#local resources
     2
R_L1   R_L2   
    14    22
jobnr.  dur.  r_G1  r_G2  r_L1  r_L2  #succ.  successors
     0     0     0     0     0     0    11     1     4     5    10    12    17    22    23    25    35    48
     1     2     4     6     1    13     6     2    24    40    42    46    47
     2     2     1    20    12    10     4     3    11    37    47
     3    10    10    21     7     4     4     6    16    33    34
     4     2     0    16     6    10     3     9    40    41
     5     8     7     6     1     4     8     7    13    20    27    29    33    36    41
     6     4    10    11     6     8     5     9    11    29    30    44
     7     9     8    15     8     9     7     8    14    20    30    31    36    38
     8     2    10    16     3     0     6    18    28    31    32    33    43
     9     1     4     9     5     1     3    13    28    31
    10     2     0     7     1     0     5    11    13    19    27    30
    11     2     3     0     5     5     2    18    27
    12     4     9    10     0     0     6    26    27    32    43    44    47
    13     2     9    15     1     2     2    15    43
    14     9     0     8     6     0     4    20    32    33    44
    15     9     2     5     0     4     1    18
    16     4     7     0     6     0     1    51
    17     4     8    17     1     4     3    27    33    34
    18     3     8     9     0     6     3    19    21    39
    19     5     4    23     8     2     2    26    41
    20     1     0     3     0    10     1    51
    21     5     6     5     2    11     1    51
    22     9     1    31     3     0     1    39
    23     6     0     0     5     8     1    51
    24     7     3     6     0     0     1    51
    25     5     9    18     4     0     1    42
    26     9     3    13     0     8     1    51
    27    10     0     0     4     6     1    51
    28     6     7     7     9     9     1    51
    29     1    11     0     2     0     1    32
    30     2     0    14     1     7     1    51
    31     5     1     0     3     8     2    39    43
    32     2    10    18     0     8     1    38
    33     2     0     3     5     0     1    45
    34     7    13     6     3     8     1    43
    35     9     8    22     2    11     1    39
    36     6     8     3     0     8     1    51
    37     4     8     7    12     6     1    45
    38     8     4    11     9     4     2    45    49
    39     3     3     6    10     1     1    51
    40     6     0     4     1    10     3    43    44    45
    41    10     4     0     7     0     1    51
    42     2     4     0     0     2     1    45
    43     2     6     4     0    14     2    49    50
    44     4     7    11     8     0     2    45    49
    45     2     9     1     1     8     2    49    50
    46     2    10     3     6    10     1    51
    47     9     0     4     1     6     1    51
    48     8     8     8     6     9     1    50
    49    10     2     1     0     9     1    51
    50    10     0     9     8     6     1    51
    51     0     0     0     0     0     0
--------------------------------------------------------------------------------
INFORMATION OF PROJECT 3:
#jobs  release  duedate
    52     0   139
#local resources
     2
R_L1   R_L2   
   119    18
jobnr.  dur.  r_G1  r_G2  r_L1  r_L2  #succ.  successors
     0     0     0     0     0     0     7     1     3    12    18    29    38    49
     1     7   151   110   107    13     5     2     6    14    25    48
     2     1   151   110   107    13     1     4
     3     2     0     5    12     5     4     4    23    42    48
     4     1   106    61    75     6     3     5    16    34
     5     7   151   115   119    18     3     6     7    14
     6     8   111    87   107    14     1    51
     7     2   151   115   119    18     1     8
     8     1    59    16    28    11     2     9    14
     9     1    18    52    37     9     2    10    35
    10     9    59    16    28    11     3    11    16    37
    11     9    68    83   109    12     1    13
    12    10    92    99    91     7     5    13    21    23    34    43
    13     1   124    79    89     8     1    15
    14     6   111   100   111    15     1    17
    15     2    18    52    54    14     3    17    26    28
    16     1    57     2    46     0     1    51
    17     7   111   100   111    15     1    19
    18     9   124    79    89     8     2    20    24
    19     7    16    51    22    12     4    20    27    30    39
    20     4     7    21    12     2     2    22    50
    21    10   143    88   107     8     1    51
    22     4     7     5    17     0     1    51
    23     2   144    94   107    16     7    24    26    28    30    40    41    48
    24     6   135    85    95    16     2    26    33
    25    10   133    63    65     4     1    46
    26     1     8    29    11    12     2    31    39
    27     5    46    31    11     5     1    36
    28     5    16    30    24     2     1    33
    29    10    45    54    44    12     1    47
    30     2    16    32    14    10     3    32    47    50
    31     4    21     8    42     9     1    43
    32     1    53    21    23     6     1    51
    33     1     8     9     1     6     2    36    42
    34     4    53    48    58    16     1    51
    35     9    83    32    10     0     2    46    50
    36     3    58    46    14     9     1    51
    37     2    27    36    30    10     1    48
    38     6    90    41    73     9     1    51
    39     3   143    88   107    14     3    44    45    46
    40     3    60    55    96     0     2    47    48
    41     2    16    23     6     4     2    47    48
    42     5    40    15     8     3     4    44    46    47    50
    43     2    82    49    23     0     1    51
    44     9    34     4     8     1     1    51
    45     8     2    26     6    10     1    51
    46     2     7    28     3     0     1    51
    47     2     0    37     0     0     1    51
    48     2    52    15     7     6     1    50
    49    10   110    49    82     4     1    50
    50     6     8    27    12     4     1    51
    51     0     0     0     0     0     0
--------------------------------------------------------------------------------
INFORMATION OF PROJECT 4:
#jobs  release  duedate
    52     0   112
#local resources
     2
R_L1   R_L2   
    14    32
jobnr.  dur.  r_G1  r_G2  r_L1  r_L2  #succ.  successors
     0     0     0     0     0     0    10     1     4     5    10    12    17    22    25    35    48
     1     2     4    13     4     6     6     2    24    40    42    46    47
     2     2     2    12    13    20     5     3    37    40    46    47
     3     8    11     6     8    21     4     6    16    33    34
     4     2     0    10     5    16     4     9    24    40    41
     5     8     7     4     1     6     8     7    13    20    27    29    33    36    41
     6     5    11    11     7    20     6     9    11    29    30    42    44
     7     2     8     9     8    15     7     8    14    20    30    31    36    38
     8     2    10     0     3    16     6    18    28    31    32    33    43
     9     1     4     1     3     9     3    13    28    31
    10     2     0     0     0     7     4    11    13    19    30
    11     1     3     5     5     0     2    18    27
    12     4     9     0     0    10     4    20    26    32    47
    13     2     9     2     1    16     1    15
    14     7     0     0     6     8     3    32    33    44
    15     9     2     5     0     5     1    18
    16     3     7     0     8     3     1    51
    17     4     8     4     0    18     3    27    33    34
    18     3     8     6     0    10     3    19    21    39
    19     5     4     2     8    23     2    26    41
    20     1     6    10     1     3     1    51
    21     5     6    11     2     5     1    51
    22     9     1     6     3    31     2    23    39
    23     2     0    11     6     0     1    51
    24     1     3     0     0     6     1    51
    25     5     9     0     4    18     2    27    42
    26     9     6     8     0    14     1    51
    27    10     0     6     4     0     1    51
    28     6     7     9     9    18     1    51
    29     1    11     2     2     0     1    32
    30     4     0     7     1    14     1    45
    31     5     1     8     3     0     2    39    43
    32     2    10     8     0    25     2    33    38
    33     2    12     0     3     5     1    45
    34     8    13     8     1     6     1    43
    35     9     8    13     3    22     1    39
    36     4     9     8     0     4     1    51
    37     8     8     7    12     7     1    51
    38     8     4     4     9    11     2    45    49
    39     3     3     3    11     7     1    51
    40     6     0    10     1     4     2    44    45
    41    10     2     0     7     0     1    51
    42     2     4     2     0     0     1    45
    43     2     6    14     0     4     2    49    50
    44     3     7     0     8    12     1    45
    45     2     9     8     1     1     2    49    50
    46     2    10    10     6    24     1    51
    47    10     0     6     1     4     1    51
    48    10     8     9     6     4     2    49    50
    49    10     2     9     0     1     1    51
    50    10     0     7     9    10     1    51
    51     0     0     0     0     0     0
--------------------------------------------------------------------------------
INFORMATION OF PROJECT 5:
#jobs  release  duedate
    52     0   129
#local resources
     2
R_L1   R_L2   
    18   115
jobnr.  dur.  r_G1  r_G2  r_L1  r_L2  #succ.  successors
     0     0     0     0     0     0     8     1     5    12    14    16    24    25    40
     1     2   119   151    18   115     4     2     3    18    47
     2     5   110   133    17   110     2     4    23
     3     1     9    18     1     5     1     4
     4     1    28    59    10    16     2     6    26
     5     1   119   151    18   115     3     7    23    49
     6     6   119   151    18   115     1     7
     7     2   119   151    18   115     1     8
     8     1    28    59    11    16     1     9
     9     2    23    40     7    56     2    10    35
    10     9    28    59    11    16     2    11    18
    11     1   119   151    18   115     2    13    38
    12    10    91    92     7    99     9    13    17    21    22    23    29    34    43    48
    13    10   112   146    16    80     2    15    28
    14     1    11    82     1    14     1    37
    15     2    58   112    14    52     4    17    31    42    47
    16     1    65    87     4    59     2    17    33
    17     3    98   111    15    87     1    19
    18     1    84    61    12    66     1    38
    19     7    23    18    14    52     6    20    27    30    41    45    47
    20    10    14     7     3    21     2    43    50
    21     9   107   143     8    87     1    41
    22     4     7     5     2    35     1    44
    23    10   105   144    15    94     7    26    27    28    30    32    38    46
    24    10    65   117    14    87     1    26
    25    10    76   133     1    63     3    43    44    45
    26     2    29    10    14    24     3    31    38    39
    27     1    35    78     1    31     3    36    37    46
    28     7    54    34     2    28     2    30    33
    29    10    51    32    11    56     2    38    50
    30     1    54    43     8    45     1    51
    31     5    16    38     9    34     1    51
    32     2    23    39     8    69     1    51
    33     2    12     8     1    28     1    42
    34     4    51    61     8    49     1    39
    35     3    35    90     5    38     1    51
    36     3    65    53     9    59     1    51
    37     3    37    40    11    49     1    51
    38     2    96   109     9    80     1    41
    39     5   107   143    14    87     5    43    45    46    47    48
    40     3    96    79     4    46     4    41    45    46    48
    41     2    58   111    14    49     1    48
    42     6    21    40     3    24     5    43    44    46    47    50
    43     2    48    19     1    31     1    51
    44     3     5    34     2     4     1    47
    45    10    12     8    10    18     1    51
    46     7    23    18     0    31     1    51
    47     4     0    13     3     7     1    51
    48     1    36    80    13    35     1    51
    49    10    82   111     7    49     1    50
    50     6    12     8     4    18     1    51
    51     0     0     0     0     0     0
--------------------------------------------------------------------------------
INFORMATION OF PROJECT 6:
#jobs  release  duedate
    52     0   144
#local resources
     2
R_L1   R_L2   
   120    36
jobnr.  dur.  r_G1  r_G2  r_L1  r_L2  #succ.  successors
     0     0     0     0     0     0     9     1    11    14    26    29    32    37    39    44
     1     5    12    12   120    36     5     2    19    27    40    41
     2     4    12    12   120    36     1     3
     3     9    12    12   120    36     2     4    19
     4     2    12    12   120    36     2     5    35
     5     3     7     2    84    22     5     6    18    34    36    50
     6     1     4     2    69    20     3     7    30    31
     7     3    12    12   120    36     1     8
     8    10    12    12   120    36     3     9    16    25
     9     7    12    12   120    36     3    10    20    47
    10     3     4     2    46     6     4    12    18    23    24
    11     8     0    10    34    13     6    21    22    23    24    27    38
    12     3    12    11   102    27     3    13    22    42
    13     5     8     0     8     4     2    15    28
    14     6     4    11   108    30     2    15    22
    15     5     2     7    30    14     2    17    38
    16     6     0     1    18     9     2    41    45
    17     2     8     4    41     9     2    21    33
    18     3     4     6    96    20     3    30    43    49
    19     1     0     5    62     3     1    51
    20     4     4     0    40     0     1    51
    21     3     5     1    33    22     1    51
    22    10     0     0    37     9     1    50
    23     2     6     2    32     6     2    33    50
    24     1     9     5   102    36     1    51
    25     6     4     3    58     1     1    51
    26     5     8     7    70    17     1    51
    27     4     8     5    96    23     1    43
    28     2    12    11   116    36     3    31    35    40
    29    10     8     2   106    36     1    30
    30     2     8     0     2     6     1    50
    31     3     0     1    90    15     1    51
    32     9     9     5    86    17     1    51
    33     9     3     6    14     0     1    51
    34     1     6     9    12    17     1    48
    35     4     3     1    63     8     1    51
    36     6     0    10    51    14     1    50
    37     7     0    10    36    12     3    40    45    47
    38     4     0     4    24     6     1    43
    39     9     8     3    24    16     5    41    42    43    45    48
    40     4     8     2    29    10     2    41    43
    41     1     0     0     6    13     1    51
    42     8    12     8    96    23     4    43    48    49    50
    43     8     4     9     6     0     1    51
    44     8     0     5    66    23     1    46
    45     1     9     9    14     6     1    51
    46     9     5    10    36    14     2    49    50
    47     5     0     6    21     5     1    48
    48     2     0     1     4     0     1    49
    49     2     4     1    16     8     1    51
    50     5     0     2    50     8     1    51
    51     0     0     0     0     0     0
--------------------------------------------------------------------------------
INFORMATION OF PROJECT 7:
#jobs  release  duedate
    52     0   132
#local resources
     2
R_L1   R_L2   
    12   143
jobnr.  dur.  r_G1  r_G2  r_L1  r_L2  #succ.  successors
     0     0     0     0     0     0     5     1    16    20    22    23
     1     4   173   170    12   143     2     2    44
     2    10   173   170    12   143     3     3     8    25
     3     5   173   170    12   143     1     4
     4     3   173   170    12   143     2     5    25
     5     1   106    39    11   103     6     6    19    32    34    39    45
     6     4    13    66     0   100     2     7    33
     7     6   173   170    12   143     3     9    30    43
     8     9   152   100     7    19     4     9    27    30    45
     9     1   106    39    11   103     2    10    29
    10     4    62    53     7    45     2    11    26
    11     4    62    53     9    19     3    12    21    31
    12     8    13    16     0    12     2    13    46
    13     1     8    47     1     0     3    14    18    31
    14     1    17    67     3    18     2    15    35
    15     7    31    14     4    73     1    17
    16    10    67   131     1    40     1    39
    17    10     0     9     0     3     1    51
    18    10    38     0     3    36     1    51
    19     2    12     9     3    73     2    42    43
    20     8    59    83     4    89     1    42
    21     6    97    98     1    57     2    24    32
    22    10   128    63     7   112     1    51
    23    10   111   117     3    98     4    27    32    37    40
    24     8    12     9     5     4     1    48
    25     4   142   152     6    67     2    34    42
    26     5     0     4     1     0     2    28    37
    27     5   173   170    12   143     1    35
    28     6    12    40     1     1     1    32
    29     8     6    38     0    41     1    51
    30     1   137    45     4    86     2    38    42
    31     7     1     1     0    22     1    49
    32     1   114    64     7    29     1    46
    33     5    63    43     7    57     1    36
    34     1   148   141     6   121     1    48
    35     1    18    36     5     6     1    51
    36     1    21    70     2   124     1    41
    37     2    76    71     0    26     1    42
    38     1   140    25     5     9     1    51
    39     3   154   157     6   134     1    51
    40     9   160   104    12    43     2    41    42
    41     1    63    19    10    42     1    42
    42     6   114    67     1   121     1    46
    43     1    13    43     5     3     1    46
    44     8    59   103     8    22     1    45
    45     2    32   122     7    70     2    48    49
    46     8   153   103     6   121     2    47    48
    47     5    19    13     0     9     1    50
    48     9    32    38     6    20     2    49    50
    49     2    45    72     4    28     1    51
    50     7    45    98     4    28     1    51
    51     0     0     0     0     0     0
--------------------------------------------------------------------------------
INFORMATION OF PROJECT 8:
#jobs  release  duedate
    52     0   162
#local resources
     2
R_L1   R_L2   
   173    12
jobnr.  dur.  r_G1  r_G2  r_L1  r_L2  #succ.  successors
     0     0     0     0     0     0     9     1     8    16    19    20    22    23    44    45
     1     2   170   143   173    12     1     2
     2     8   170   143   173    12     1     3
     3     1   170   143   173    12     1     4
     4     6   170   143   173    12     2     5    40
     5     5   170   143   173    12     1     6
     6     3    68   125    25     1     3     7    33    34
     7     4   170   143   173    12     1     9
     8     8   100    18   148    11     3     9    30    40
     9     9   170   143   173    12     3    10    28    29
    10     4    82    42    72     8     2    11    25
    11     4    66    19    60     9     3    12    21    42
    12     6    16    12    12     1     2    13    24
    13     1    34     7    40     8     3    14    18    24
    14     2    67    23    27     2     1    15
    15    10    18    87    31     4     1    17
    16     9   152    56   142     8     1    26
    17     5     9    19     0     0     1    51
    18    10     0    36     3     3     1    51
    19     1     9    27    12     1     3    25    35    39
    20     5    88   101   101     4     1    51
    21     7    98    53    91     2     2    24    46
    22    10    63   112   128    10     1    32
    23     9    80    96   101     2     3    27    39    43
    24     9     9     4    12     4     2    35    48
    25     5   152    56   142     8     3    32    37    42
    26     3   161   139   161     8     1    51
    27     5   170   143   173    12     2    38    47
    28     5    47     1    10     1     1    51
    29     5    38    48    19     2     2    31    47
    30     8   161    88   170     9     1    50
    31     6    29    35    30     0     1    50
    32     1   104    40    86     0     1    51
    33     6    63    58    70     8     1    36
    34     8   135    98   142     6     1    49
    35     2    53     6    17     3     1    51
    36     1    70   124    25     1     1    41
    37     2    64    80    82     3     1    46
    38     1    70    98   114     8     1    48
    39     4   170   143   173    12     1    51
    40     7   154   124   161    11     1    41
    41     1    68     9    60     7     1    42
    42     5    68   119   110     1     1    46
    43     6    50    99    75     4     1    46
    44    10   102    18    63    11     2    47    48
    45     6   123    61   142     7     1    46
    46     8   117   120   156     8     2    47    48
    47     4    13     9    19     0     2    49    50
    48     7    35    12    31     6     1    50
    49     6     7    13    45     4     1    51
    50     7    98    12    45     2     1    51
    51     0     0     0     0     0     0
--------------------------------------------------------------------------------
INFORMATION OF PROJECT 9:
#jobs  release  duedate
    52     0   169
#local resources
     2
R_L1   R_L2   
   170   111
jobnr.  dur.  r_G1  r_G2  r_L1  r_L2  #succ.  successors
     0     0     0     0     0     0    10     1     8    16    19    21    23    34    35    37    40
     1     1   113   143   170   111     1     2
     2     6   113   143   170   111     2     3    22
     3     4   113   143   170   111     5     4    18    25    41    43
     4     6   113   143   170   111     2     5    20
     5     1    94   103    85    61     1     6
     6     2     8   105    69     1     3     7    20    33
     7     2   113   143   170   111     1     9
     8     4   105    38   101   110     3     9    22    30
     9     2    38   103    82    56     2    10    27
    10     2   113   143   170   111     1    11
    11     6   113   143   170   111     6    12    24    26    28    29    39
    12     7   113   133   163   109     2    13    45
    13     1    94    32    69    61     1    14
    14     4   113   143   170   111     3    15    31    48
    15     9    25    91    13     9     1    17
    16    10    19    40    85    50     1    38
    17     7     0    18     9     3     1    51
    18    10    73   132   135    65     1    20
    19     1   113   125   161   108     2    24    27
    20     5   113   125   161   108     1    51
    21     2    81   117   157   104     1    42
    22     2   113   125   161   108     1    30
    23    10    73   112   135    62     1    51
    24     2    88    12    47    32     2    32    45
    25     2   113   125   161   108     4    26    38    43    50
    26     2     0    10     7     2     2    42    44
    27     8   113   125   161   108     1    36
    28     3    19   103    82    50     2    32    45
    29     4     6    10    15    26     3    32    42    45
    30     7   113   125   161   108     1    36
    31     9    32    26    13     7     1    49
    32     2   113   125   161   108     1    46
    33     2    75    62    85    61     1    39
    34     4    62   107   126    62     1    50
    35     2    81    52   157   102     1    44
    36     1    19    81    70    35     2    39    41
    37     9    19   111   101    50     1    45
    38     4   113   115   154   106     1    41
    39     2   113   125   161   108     2    42    44
    40    10    75    40    88    55     1    45
    41     1    32    81     6     7     1    42
    42     3    81    99   148   101     1    46
    43     8    81    52   157   102     2    45    46
    44     2    75    99   142    78     1    46
    45     9   113   125   161   108     1    46
    46     2   113   125   161   108     2    47    48
    47     6    19    10    31    42     1    49
    48     8    40    11    35    46     1    51
    49    10    40    31    35    49     1    51
    50     7   113   143   170   111     1    51
    51     0     0     0     0     0     0
--------------------------------------------------------------------------------
INFORMATION OF PROJECT 10:
#jobs  release  duedate
    52     0   150
#local resources
     2
R_L1   R_L2   
   119    18
jobnr.  dur.  r_G1  r_G2  r_L1  r_L2  #succ.  successors
     0     0     0     0     0     0    10     1     3    12    18    24    25    29    34    40    49
     1     9   151   115   119    18     3     2     6    14
     2     2   145   114   110    18     4     4    16    21    26
     3     1    12    51    45    16     4     4    38    42    48
     4     2    91    76    60    10     1     5
     5     4   145   114   110    18     1     7
     6     3   145   114   110    18     1     8
     7    10   151   115   119    18     2     8    21
     8     3    59    16    28    11     1     9
     9     1    97    77    69    10     2    10    35
    10     9    59    16    28    11     2    11    37
    11     9    99    92   108    16     2    13    31
    12    10    92    99    91     7     6    13    16    22    23    38    43
    13     1   124    82    99     9     2    15    28
    14     5     6     1     9     0     6    17    21    22    33    35    38
    15     4    12    51    45    14     1    17
    16     7    93    72    75    14     1    17
    17     4   105    86    94    13     1    19
    18     6   104    61    57     7     1    43
    19     8    18    52    36    13     7    20    27    30    44    45    47    48
    20     5     7    21    12     3     1    50
    21     1   144    94   107     8     1    51
    22     8     6    13     9     2     1    51
    23     6   144    94   107    15     5    26    27    28    31    46
    24     4   122    84    75    14     2    26    36
    25    10   133    63    65     2     1    51
    26     2    41    62    36    13     2    39    47
    27     4    35    12    12     5     4    32    36    41    46
    28     8    18    30    35     2     2    30    33
    29     9    49    72    84    12     1    51
    30     3    20    47    62     9     2    43    46
    31     4    21    32    11     9     1    51
    32     1    89    67    57     4     1    51
    33     3    12    29    12     1     2    42    45
    34     3    54    38    50     8     1    51
    35     9    52    23    11     2     5    36    41    43    46    50
    36     5    86    61    69     8     1    51
    37     6    50    54    48    10     1    51
    38     8   101    86   107    14     1    51
    39     8   122    86   107    15     3    45    47    48
    40     7   101    63   106     7     2    41    47
    41     2     9    14    27     4     1    51
    42     5    40    16    16     3     3    44    46    50
    43     3    54    42    57     1     1    51
    44     9    29    20     2     1     1    51
    45    10     6    21    11    10     1    46
    46     1    74    27    33     0     1    51
    47     6     0     1     0     0     1    51
    48     4    50    17    12     2     1    50
    49     9   110    51    83     5     1    51
    50     7    27    28    12     4     1    51
    51     0     0     0     0     0     0
--------------------------------------------------------------------------------
INFORMATION OF PROJECT 11:
#jobs  release  duedate
    52     0   129
#local resources
     2
R_L1   R_L2   
    18    15
jobnr.  dur.  r_G1  r_G2  r_L1  r_L2  #succ.  successors
     0     0     0     0     0     0     9     1    16    21    24    25    36    44    46    49
     1     5   114    11    18     9     9     2    27    33    37    38    39    40    41    42
     2     8   114    11    16     5     1     3
     3     1    50     1     4     0     1     4
     4     2    50     1    12     0     6     5    17    29    30    31    32
     5     2    93    11     3    15     2     6    28
     6     9    49     7     0     4     1     7
     7     2    93     1    12     2     2     8    15
     8     9    50     4     2    11     2     9    23
     9     8     2     3     5     0     3    10    22    31
    10     5     1     5     0     5     3    11    20    29
    11     4    78     0    14     8     2    12    19
    12     6    14     4     8     7     1    13
    13     8    47    10     0     1     3    14    26    38
    14    10     0     0     1     8     1    18
    15     2     0     0    10     8     1    51
    16     9    10     0     0    12     1    35
    17     6    10     3     2     3     1    33
    18     4    12     0     5     0     1    51
    19     8    14     4     4    10     1    51
    20     5    13     0     9     9     1    51
    21     1     4     0    14     1     1    51
    22    10    32     4     0     0     1    34
    23     7    37     6     7     6     2    41    43
    24     3    31    10     9     7     1    31
    25     3    11     3    17     0     1    51
    26     1    59     1     1     0     2    29    42
    27     6   110     8    10     1     1    48
    28     2    10     6     0     0     2    34    45
    29     2    21     0     4     0     1    51
    30    10    58     0     9    13     2    33    39
    31    10     9     0     4     0     1    51
    32     4     5     0     6     0     1    43
    33    10    12     0     3     0     1    51
    34     9    24     6     0     0     1    51
    35     9    10     6     3    13     1    47
    36     7     1     9     0     5     1    45
    37     3    22     4     4     1     1    51
    38     2     2     0    11     0     2    41    45
    39     3     5     0     6     0     1    48
    40     1    55     1     0     2     3    42    48    50
    41     8    38     0     4     8     1    51
    42     4    46     0     4     4     1    51
    43     4     7     5     0     1     1    45
    44     9    46    10     7     6     3    45    48    50
    45     9     7     1     7     0     1    51
    46     4     8     6     0    12     1    47
    47     7     1     0     0     6     1    51
    48     3     0     0     4     8     1    51
    49    10     0     7     0     7     1    50
    50     9     0     0     2    10     1    51
    51     0     0     0     0     0     0
--------------------------------------------------------------------------------
INFORMATION OF PROJECT 12:
#jobs  release  duedate
    52     0   160
#local resources
     2
R_L1   R_L2   
   170   113
jobnr.  dur.  r_G1  r_G2  r_L1  r_L2  #succ.  successors
     0     0     0     0     0     0     9     1     8    16    18    22    23    28    34    40
     1     5   113   143   170   113     1     2
     2     8   113   143   170   113     2     3    43
     3     7   113   143   170   113     3     4    19    42
     4     7    27   131    66    69     3     5    39    41
     5     2    44   103    46    61     5     6    19    35    36    50
     6     3    11    47    46     3     2     7    33
     7     6   113   143   170   113     2     9    30
     8     7   102    96   124   110     4     9    30    38    41
     9     3    27   103    46    61     2    10    27
    10     4    25    45    32    47     3    11    24    25
    11    10   108   129   169   109     6    12    20    21    32    36    43
    12     3     5    53    15     2     1    13
    13     2   103    19   101   103     2    14    38
    14     1    44    51    91     4     2    15    31
    15     8     5    87     7     0     1    17
    16     9    69    40   124    52     2    21    35
    17    10     0    19    14     3     1    51
    18     8     0    23    27     3     1    51
    19    10     2     1    31    16     1    51
    20     6   108   110   155   106     1    51
    21     5     9    50    35     2     1    29
    22     9    82   109    87    66     1    51
    23     6   104    93   135   106     4    24    37    38    42
    24     9    25    32   147    89     3    27    38    44
    25     5   103    33   129   104     4    26    38    42    44
    26     5   108    56   155   106     1    49
    27     5   108   124   156   109     1    37
    28     6    16    42    32    99     3    35    37    39
    29     5    56    10     7     6     1    51
    30     1    12    86    54    93     1    51
    31     4    10    11    28    27     1    51
    32     8    10    81    27     6     2    37    46
    33     3    32    69    16    18     1    51
    34    10    87    98   138    66     1    51
    35     8    29     6    25     0     1    51
    36     7    10   124    69    10     3    38    46    48
    37     3    21    90    15    14     1    46
    38     3    20    49   101    50     1    51
    39     2   113   143   170   113     1    51
    40     9    86    12   104    44     4    41    43    44    49
    41     6     5    14     1     4     1    50
    42     4    41    76   124     8     2    45    50
    43     5    52    42   142    99     1    46
    44     5    67    10    37     8     1    45
    45     1   108    56   163   113     2    46    47
    46    10    84   118   131   103     3    47    49    50
    47     9    10    14    32    10     1    49
    48     3    26    14    31    10     1    49
    49     9    26    34    32    47     1    51
    50     1   113   143   170   113     1    51
    51     0     0     0     0     0     0
--------------------------------------------------------------------------------
INFORMATION OF PROJECT 13:
#jobs  release  duedate
    52     0   132
#local resources
     2
R_L1   R_L2   
    14    11
jobnr.  dur.  r_G1  r_G2  r_L1  r_L2  #succ.  successors
     0     0     0     0     0     0    11     1    16    18    20    22    29    31    36    39    42    44
     1     8   112    14    14    11     7     2    14    19    38    40    41    43
     2     4   112    14    14    11     2     3    11
     3     4    80    11    14     6     1     4
     4     1   112    14    14    11     2     5    35
     5     2    50     4     7     3     4     6    32    33    34
     6     9     9     1     2     0     2     7    30
     7     6    18     5     5     0     1     8
     8     5    41     1     0     8     3     9    25    28
     9     5    50    11     5     6     1    10
    10     2    17     1     3     0     2    12    14
    11     4   103     9    13     3     1    51
    12     6    46     3     5     5     2    13    35
    13     1     2     0     7     0     3    15    23    33
    14     4    13    10     0     1     1    48
    15     7     5     0     4     3     2    17    24
    16     9   103     9     4    11     1    17
    17    10    13     6     3     1     2    21    26
    18     8    50     7    11     0     1    21
    19     1   107     4     7    11     1    51
    20    10    63     4    12     5     1    33
    21     3    22     1     0     6     1    51
    22     1    33     9     7     8     1    51
    23     5     5     0     4     0     1    24
    24     2     0     4     0     3     1    27
    25     7     0     3     3     0     1    51
    26     6     9     0     0     5     1    51
    27     5     3     8     3     0     1    51
    28     9     0     0     1     3     1    51
    29     6    94     9     8     8     4    35    37    45    46
    30    10    25     5     8     0     1    51
    31     4    79    11    11     6     1    51
    32     9    30     1     9     4     1    51
    33     9     0     5     1     6     1    51
    34     2    45     3     3     4     3    43    47    49
    35     3    48    10     2     7     1    46
    36     8    82    10     1     7     1    51
    37     4    33    10     0     7     1    51
    38     6    62     0     3     2     1    46
    39     9    71     7    12     2     1    43
    40     1    33    10     7     4     2    47    50
    41     9    95     7    10     8     1    46
    42    10    66    10     4     0     3    43    47    49
    43     8     0     2     3     0     1    51
    44     9    87     9     1    11     1    46
    45     3    73     9     0     7     1    46
    46     3    30     4    12     1     2    48    49
    47     6    45     8     0     3     2    48    49
    48     4    49     5     2     3     1    51
    49     3    33     3     0     5     1    51
    50     5    32     3     0     5     1    51
    51     0     0     0     0     0     0
--------------------------------------------------------------------------------
INFORMATION OF PROJECT 14:
#jobs  release  duedate
    52     0   137
#local resources
     2
R_L1   R_L2   
    18    29
jobnr.  dur.  r_G1  r_G2  r_L1  r_L2  #succ.  successors
     0     0     0     0     0     0     5     1     2     3     4     6
     1     1    12    10    17    24     4     5     7     9    14
     2     8     5     3     5     3     8    10    12    14    16    17    19    23    24
     3     4     0     2     1     1     9    11    14    15    16    18    19    21    24    28
     4     8     0     5     4     3     4     8     9    13    23
     5     9    15     0     8    22     6    11    13    15    17    19    21
     6     3     0     8     5     4     6    12    13    14    16    17    23
     7    10     0     2     4     2     3    15    16    26
     8     2     5     0    10     6     4    22    26    28    29
     9     5    15     7    12    15     4    15    26    28    35
    10     4     5     6     8     3     3    13    21    27
    11     4     2     7     7     8     6    20    23    25    27    29    35
    12     4    11     7     2     9     2    15    26
    13    10     1     2     5     6     6    22    25    28    29    33    35
    14     6     5     9     0     4     2    20    26
    15     8     2     3     0     0     3    20    25    29
    16     4     8     7    10    10     3    25    33    35
    17    10     1     0     1     8     3    25    30    33
    18     5     8     0     0     5     3    19    22    26
    19     7    10    10     2     9     5    23    27    29    35    37
    20     1     4     5     6     9     2    22    33
    21    10    15    10     4    13     4    29    35    36    37
    22     6     9     2     8    12     4    30    34    37    42
    23     6     0     0     3     2     4    30    34    42    50
    24     4     0    10     2     4     4    30    34    42    50
    25     5     1     7     4     7     3    31    32    37
    26     6     0     3     0     4     5    32    34    36    42    50
    27     8    19     2     9    15     4    33    34    41    42
    28     6     7     0     0     1     2    30    50
    29     6     3     3     0     2     3    32    34    42
    30     2     6     0     1     3     4    32    36    44    47
    31     9     5     9    15    22     4    34    42    45    50
    32     6    15    11    12    29     7    38    39    41    45    46    48    49
    33     9     9     1    11    15     4    44    47    49    50
    34     2     5     1     6     0     6    38    44    46    47    48    50
    35     7    12     6     7    10     3    38    42    45
    36     4    15     9    12    27     3    40    45    46
    37    10    11     4    11    15     1    50
    38     4     5    10     6     7     1    40
    39     1     6     1     1     7     1    40
    40     8     8     0     6     7     1    43
    41     4    19     5    17    29     1    43
    42    10     9     5    11     9     1    44
    43     6     4     0     1     6     1    51
    44     4    16     5    13    23     1    51
    45     4    12    11    12    22     1    49
    46     4     1     7     1     0     1    51
    47    10     7     2     5    14     1    51
    48     6     7     0     5     7     1    51
    49     7     4     0     5     1     1    51
    50     8     5     3     7     8     1    51
    51     0     0     0     0     0     0
--------------------------------------------------------------------------------
INFORMATION OF PROJECT 15:
#jobs  release  duedate
    52     0   125
#local resources
     2
R_L1   R_L2   
   151   115
jobnr.  dur.  r_G1  r_G2  r_L1  r_L2  #succ.  successors
     0     0     0     0     0     0     8     1     3     6    12    18    25    34    49
     1     7   107    13   133   110     1     2
     2     1   107    13   133   110     3     4    14    23
     3     1    12     5    18     5     5     4    14    23    42    48
     4     1   119    18   151   115     1     5
     5     7   119    18   151   115     2     7    16
     6     1   119    18   151   115     1     8
     7     1   119    18   151   115     1     8
     8     2    28    10    59    16     1     9
     9     1    37     6    18    52     2    10    35
    10     9    28    11    59    16     3    11    37    38
    11     9    93    12    68    84     4    13    30    31    41
    12    10    91     7    92    99     8    17    21    22    23    29    31    41    43
    13     1    89     8   124    73     2    15    28
    14     3   116     2    65    84     1    17
    15     3    45    13    18    49     4    17    21    26    40
    16     1    48     0    58    52     2    17    35
    17     6    96    12    99    86     1    19
    18     9    82     7   124    63     3    24    36    42
    19     8    17    12    18    51     3    20    27    30
    20     3    12     2    19     7     1    50
    21     3   107     8   143    86     1    51
    22     1    52     0     6    27     2    30    43
    23     7   119    15   151   114     5    26    27    28    32    37
    24     7    58    16   117    88     1    40
    25    10    74     1   133    63     1    51
    26     2    17    10     1     3     2    31    39
    27     8    12     5    66    27     2    36    46
    28     6    61     2    16    11     1    33
    29    10    46    12    28    57     1    38
    30     3    32    11    18    49     1    51
    31     4    10     9    21    22     1    36
    32     1     5     5    53    35     2    40    46
    33     4    12     6     8    29     1    42
    34     4    46     8    58    60     3    36    45    50
    35     9    26     3    83    30     1    50
    36     3    16     9    58    48     1    51
    37     7    30    10    27    42     1    51
    38     2    73     9    92    52     1    47
    39     3   107    12   117    86     3    41    45    50
    40     3    50     0    51    35     2    45    48
    41     1     1     9    15    17     1    45
    42     4    23     3    40    14     3    44    46    50
    43     2    46    14    93    62     2    45    50
    44     9     1     1    34     4     1    51
    45    10     2    10     2    16     1    51
    46     1     0     0     7    31     1    51
    47     5     0     3     0     1     1    51
    48     2     1     6    52    15     1    50
    49     9    82     3   122    62     1    50
    50     6    12     4     8    28     1    51
    51     0     0     0     0     0     0
--------------------------------------------------------------------------------
INFORMATION OF PROJECT 16:
#jobs  release  duedate
    52     0   138
#local resources
     2
R_L1   R_L2   
    12    36
jobnr.  dur.  r_G1  r_G2  r_L1  r_L2  #succ.  successors
     0     0     0     0     0     0     8     1    11    14    26    29    37    39    44
     1     5    12   120    12    36     5     2    19    27    40    41
     2     4    12   120    12    36     1     3
     3     2    12   120    12    36     2     4    19
     4     2    12   120    12    36     3     5    32    35
     5     3     7    84     2    22     5     6    18    34    36    50
     6     1     6    69     2    20     3     7    30    34
     7     4    12   120    12    36     1     8
     8     3    12   120    12    36     3     9    16    25
     9     7    12   120    12    36     3    10    20    47
    10     3     4    46     2    10     4    12    18    23    24
    11     8     0    34    10     9     6    21    22    23    24    27    38
    12     8    12   102    11    27     3    13    22    42
    13     5     8     8     0     4     2    15    28
    14     6     4   108    11    30     2    15    22
    15     3     2    30     7    14     1    17
    16     6     0    18     1     9     3    41    42    45
    17     2     8    41     4     9     2    21    33
    18     3     4    96     6    20     2    30    43
    19     1     0    62     5    11     1    51
    20     4     4    40     0     0     1    23
    21     3     5    33     4     0     1    51
    22    10     0    37     0    19     1    50
    23     2     6    32     2    13     3    31    33    50
    24     1     9   102     5    36     1    49
    25     6     4    58     3     1     1    51
    26     5     8    70     7    17     1    51
    27     4     8    96     5    23     1    43
    28     2    12   116    11    36     3    31    35    40
    29    10     8   106     2    36     1    30
    30     2     8     2     0     6     1    50
    31     3     0    90     2    15     1    50
    32     9     9    86     5    17     1    51
    33     5     3    14     6     0     1    51
    34     4     6    30     9    17     1    51
    35     4     3    63     1     8     1    43
    36     6     0    51    10    15     1    50
    37     7     0    36    10    13     3    40    45    47
    38     4     0    24     4     6     1    43
    39     8     6    24     5    16     5    41    42    43    45    48
    40     6     8    29     2    11     2    41    43
    41     1     0     6     0    13     1    51
    42     8    12    96     8    23     4    43    48    49    50
    43     8     4     8     9     0     1    51
    44     8     0    69     5    23     1    46
    45     1     9    16     9     8     1    51
    46     8     5    36    10    14     2    48    50
    47     5     0    21     7     5     1    48
    48     2     0     4     1     0     1    49
    49     2     4    16     1     8     1    51
    50     7     0    50     2     9     1    51
    51     0     0     0     0     0     0
--------------------------------------------------------------------------------
TRANSFER TIMES OF GLOBAL RESOURCE G1
 DEPOT    P1    P2    P3    P4    P5    P6    P7    P8    P9   P10   P11   P12   P13   P14   P15   P16
     0    23    24    22    12    29    12    23    21    26    23    13    25    31    27    22    18
    23     0    39    44    34    42    15    12    15    45    45    35    19    45    29    44    17
    24    39     0    28    24     6    25    31    43    40    33    21    27     8    51    31    41
    22    44    28     0    11    34    33    44    39    15     5    10    45    34    38     4    35
    12    34    24    11     0    30    22    34    30    18    13     4    35    31    31    11    26
    29    42     6    34    30     0    29    33    48    46    38    27    29     3    56    37    46
    12    15    25    33    22    29     0    12    20    37    34    23    15    32    32    33    19
    23    12    31    44    34    33    12     0    25    49    46    34     7    36    39    44    26
    21    15    43    39    30    48    20    25     0    36    38    32    31    50    15    37     4
    26    45    40    15    18    46    37    49    36     0    10    20    51    47    30    11    32
    23    45    33     5    13    38    34    46    38    10     0    13    47    38    35     2    34
    13    35    21    10     4    27    23    34    32    20    13     0    35    28    34    12    29
    25    19    27    45    35    29    15     7    31    51    47    35     0    32    44    46    31
    31    45     8    34    31     3    32    36    50    47    38    28    32     0    58    37    48
    27    29    51    38    31    56    32    39    15    30    35    34    44    58     0    35    14
    22    44    31     4    11    37    33    44    37    11     2    12    46    37    35     0    33
    18    17    41    35    26    46    19    26     4    32    34    29    31    48    14    33     0
--------------------------------------------------------------------------------
TRANSFER TIMES OF GLOBAL RESOURCE G2
 DEPOT    P1    P2    P3    P4    P5    P6    P7    P8    P9   P10   P11   P12   P13   P14   P15   P16
     0    26    26    17    24    24    21    25     6    16    20    11    19    19    12    32    13
    26     0    47    37    46    48    32    42    25    24    16    30    33    33    33    56    35
    26    47     0    36     3    35    45     8    24    25    45    34    42    16    15    36    14
    17    37    36     0    34    12    13    38    23    32    24     8     9    34    26    21    26
    24    46     3    34     0    32    43    10    22    24    43    31    40    16    14    34    12
    24    48    35    12    32     0    23    39    30    38    35    18    19    38    29    10    28
    21    32    45    13    43    23     0    45    27    35    17    12     5    40    33    32    33
    25    42     8    38    10    39    45     0    21    19    42    34    43    10    13    41    13
     6    25    24    23    22    30    27    21     0    10    22    17    25    14     9    37    11
    16    24    25    32    24    38    35    19    10     0    27    25    34    10    13    45    14
    20    16    45    24    43    35    17    42    22    27     0    18    19    35    30    45    32
    11    30    34     8    31    18    12    34    17    25    18     0     9    29    21    27    21
    19    33    42     9    40    19     5    43    25    34    19     9     0    38    30    28    30
    19    33    16    34    16    38    40    10    14    10    35    29    38     0    10    43    10
    12    33    15    26    14    29    33    13     9    13    30    21    30    10     0    34     2
    32    56    36    21    34    10    32    41    37    45    45    27    28    43    34     0    33
    13    35    14    26    12    28    33    13    11    14    32    21    30    10     2    33     0
--------------------------------------------------------------------------------
Additional Information: 
global resource strength = 0.5
transfer time factor = 0.5
adapted from RCPSP instances: 
[sD325, sD184, sD289, sD232, sD370, sD190, sD314, sD315, sD354, sD327, sD122, sD180, sD230, sD50, sD263, sD192]
