--------------------------------------------------------------------------------
PORTFOLIO INFORMATION:
#projects
    18
#global resources
     2
R_G1   R_G2   
   443   379
--------------------------------------------------------------------------------
INFORMATION OF PROJECT 1:
#jobs  release  duedate
    52     0   141
#local resources
     2
R_L1   R_L2   
    19   143
jobnr.  dur.  r_G1  r_G2  r_L1  r_L2  #succ.  successors
     0     0     0     0     0     0    11     1     8    16    20    22    23    36    39    40    43    44
     1     1   151     9    15   131     2     2    27
     2     9   170    12    19   143     2     3    27
     3     4   170    12    19   143     1     4
     4     1    66     0    10   131     2     5    45
     5     5    39    10     8   103     2     6    37
     6     1    66     0    10   125     4     7    19    32    33
     7     6   169     8    14   143     4     9    30    31    38
     8     2    19     3     4    12     1    11
     9     2    39     7     8   103     2    10    29
    10     7    61     0     7    42     6    11    24    25    26    28    45
    11     2    55     4     7    19     4    12    24    29    32
    12     2    32     2     4    12     4    13    34    35    46
    13     4    35     8     6    19     2    14    18
    14     2   115     0    10    26     1    15
    15    10     9     0     4    87     1    17
    16     9   131     2    11    40     2    18    41
    17    10     9     3     0    19     1    51
    18    10     0     3     0    37     1    51
    19     1    25     4    15     7     3    21    25    41
    20     9    63     5     7   101     1    51
    21     2   121     5     3    68     1    46
    22     5    70     2     9   122     1    49
    23    10   109     9     9   101     1    46
    24     6    34     8    14    19     1    48
    25     3   156     0    10    56     3    35    37    42
    26     7     4     2     0     0     1    42
    27     6   170    12    19   143     1    51
    28     4    40     4    10     2     1    49
    29     9    38     2     1    67     1    31
    30     5    15     8     2     7     1    51
    31    10    29     2    10    23     1    50
    32     1   141    10     7    56     2    35    46
    33     3    35     8     5    64     1    41
    34     3   132     2     4    99     1    51
    35     4    23     7     3    54     1    47
    36     6    70     1     9   124     2    37    42
    37     2   115     3     9    26     1    48
    38     5   100     5     9    19     1    51
    39     2   155     4    17   136     1    42
    40     9   104    12     9    12     1    51
    41     9     1     4     5     0     1    42
    42     1   132    10     5    33     1    46
    43     7    29     2    12    56     1    49
    44     9   104     8     9    18     1    50
    45     9   161     6    19    87     4    46    47    48    50
    46    10    55     4     5   117     3    47    48    49
    47    10   107     6    11    37     1    49
    48     6    32     2     4    19     1    49
    49     1   132     9     5    19     1    50
    50     2    23     2     9     7     1    51
    51     0     0     0     0     0     0
--------------------------------------------------------------------------------
INFORMATION OF PROJECT 2:
#jobs  release  duedate
    52     0   139
#local resources
     2
R_L1   R_L2   
    15     9
jobnr.  dur.  r_G1  r_G2  r_L1  r_L2  #succ.  successors
     0     0     0     0     0     0    13     1     2     4     7     9    10    11    13    15    17    18    23    50
     1     4     0     0     2     3     6     3    20    30    45    46    48
     2     9     3     3     0     0     7     5    20    40    41    42    44    45
     3     5     0     4     7     8     5     6    31    40    41    47
     4     6     5     0     2     4    14     5    16    20    21    25    31    34    36    39    40    41    42    46    48
     5     1     0     1     5     0     6     8    25    27    30    34    46
     6     8     0     2     8     1     3     8    43    44
     7     1     9     6     1     6    10    14    27    28    31    33    38    42    43    44    49
     8     1     0     3     2     8     4    12    35    37    39
     9     9     2     3    12     7     1    36
    10     9     2     0     0     1     6    16    34    35    40    43    45
    11    10     0     9     2     9     7    19    21    25    37    40    41    43
    12     8    11    12     9     2     2    16    36
    13     8     0     9     5     0     5    24    25    32    34    35
    14    10     0     9     1     0     3    31    34    39
    15     7     5    11    10     9     6    16    29    30    31    41    45
    16     8     1     7     5     1     3    22    32    38
    17     7     7     0     7     8     5    26    29    35    36    47
    18     2     0     8     0     1     3    26    32    36
    19     2     0     8     9     3     2    26    27
    20     8     3     0     7     0     3    32    33    35
    21    10     4     0     0     9     2    26    34
    22    10     7     0     1     0     1    24
    23     7    11     0     0     6     1    33
    24     8     0     0     9     1     1    26
    25     1     0     4     4     0     1    51
    26     4     0     2    12     0     1    33
    27     5     0     0     2     6     1    37
    28     7     6     0     1     0     1    44
    29     9     9    10     6     1     1    39
    30     2     8     0     0     1     1    32
    31     3     2     3     0     7     1    37
    32     4     0     8    11     2     1    46
    33     2     9     0     2     0     1    51
    34     6     5     8     6     0     1    41
    35     8    11     2    10     0     1    47
    36     5     0     1     7     1     1    51
    37     4     1     4     5     7     1    44
    38     8     8    12     8     9     1    51
    39     9     0     0     4     1     1    51
    40     8     6     7     0     0     1    47
    41     8     2     0    12     0     1    51
    42     5     0     0     4     5     1    51
    43     7    11    11     8     1     1    51
    44     7     0     5     2     7     1    46
    45     3    11     8     5     8     1    51
    46     6     4    11     4     0     1    51
    47     7     0     2    10     0     1    51
    48     1     0    10     0     1     1    51
    49     5     6     6     0     6     1    51
    50    10     0     0     3     8     1    51
    51     0     0     0     0     0     0
--------------------------------------------------------------------------------
INFORMATION OF PROJECT 3:
#jobs  release  duedate
    52     0    97
#local resources
     2
R_L1   R_L2   
    14    13
jobnr.  dur.  r_G1  r_G2  r_L1  r_L2  #succ.  successors
     0     0     0     0     0     0     7     1     9    46    47    48    49    50
     1     5     6     5     0     9     3     2    44    45
     2     4     6    10     2     9     4     3    41    42    43
     3     7     5     4     0     4     3     4    39    40
     4    10    15     3    10     0     6     5    34    35    36    37    38
     5     5     0     3     1     0     4     6    31    32    33
     6     6     0     2     0     8     3     7    29    30
     7     5     6     0     0     6     2     8    28
     8     3     4     0     8    10     5    10    24    25    26    27
     9     3     0    10     1     0     3    10    24    25
    10     7     3     4     0     0     5    11    20    21    22    23
    11     1     0     2     7     0     4    12    17    18    19
    12     2     5     9     0     0     1    13
    13     8     0     2     7     0     1    14
    14     4     0     3    10     0     1    15
    15     2     4     0     0     6     1    16
    16     3     0     2     0     8     1    51
    17    10     0     0     7     1     1    51
    18     7     6     0     3     0     1    51
    19     5     1     0     5     0     1    51
    20     1     0     2     0     5     1    51
    21     9     0     2     5     8     1    51
    22     8    10     0     0     4     1    51
    23     7     0     0     3     5     1    51
    24     7     0     0    10     9     1    51
    25     6     7     1     0     0     1    51
    26     2     2     3     0     0     1    51
    27     9     0     4     0     6     1    51
    28     4     2     5     0     9     1    51
    29     5     2     0     2     0     1    51
    30     1     0    10     0     3     1    34
    31     2     0     0     4     9     1    51
    32     1     4     0     0     1     1    51
    33    10     0     2     0     7     1    51
    34     9     0     6     0     1     1    51
    35     4     4     2    11     0     1    51
    36     4     6     8     0     0     1    51
    37     2     0     0     5     3     1    51
    38     6     5     8     0     0     1    51
    39     4     0     6     0     4     1    51
    40    10     5     0     7     0     1    51
    41     7    10     0     0     7     1    51
    42     9     0     9     0     7     1    51
    43     3     0     1     0     9     1    51
    44     4     0     0     6     9     1    51
    45    10     8     0     1     0     1    51
    46     6     9     0     8     0     1    51
    47     6     9    10     0     0     1    51
    48    10     0     0     4     4     1    51
    49     4     0     5    10     0     1    51
    50     9     8     4     0     0     1    51
    51     0     0     0     0     0     0
--------------------------------------------------------------------------------
INFORMATION OF PROJECT 4:
#jobs  release  duedate
    52     0   129
#local resources
     2
R_L1   R_L2   
    14    11
jobnr.  dur.  r_G1  r_G2  r_L1  r_L2  #succ.  successors
     0     0     0     0     0     0     9     1    23    29    30    33    35    36    40    44
     1    10     4     8     5     3     2     2    28
     2     5     0     9     4     3     5     3    25    26    27    50
     3     6    11    16    14    11     3     4    24    43
     4     5     7    11     8     4     2     5    46
     5     8     0     9     8     9     2     6    21
     6     6     1     8     5     0     4     7    20    26    32
     7     3     2    10     2     2     3     8    18    19
     8     2     3     2     8     1     2     9    17
     9     1     1     1    12     1     3    10    16    20
    10     9     0     0     4     5     2    11    39
    11     4     0     7     4     3     2    12    49
    12    10     0    15    12     7     2    13    41
    13     1    11     5     4     7     1    14
    14     2     5     0     6     2     1    15
    15    10     3     9    10     3     1    51
    16     4     3     0     0     0     1    51
    17     8     0    10     7     0     1    51
    18     1     3     6     5     0     1    47
    19     8     2     2     6     3     1    51
    20     8     0     7     6     0     1    22
    21     3     7     5     4     3     3    31    32    41
    22     1     4     2     2     8     1    37
    23     2    10    15     2     3     1    51
    24    10     3     0     7     9     1    51
    25     3    11     1     2     4     1    42
    26     9     8     1     8     3     1    51
    27     4     5     7     0    10     1    32
    28     7     5    10     0     7     1    32
    29     9    11     7     8     6     2    34    38
    30     4     7     0     0     4     2    32    47
    31     8     0     8     0     4     2    32    49
    32     6     0     0     6     8     1    51
    33     7     3     7     5     8     1    38
    34     6     0     1     5     7     1    51
    35    10     7     0     3     0     2    38    45
    36     8     4     0     1     0     1    50
    37     4     8     5     1     3     1    51
    38     6     2     0     4     1     1    39
    39     5     0     7     6     0     1    50
    40     8     7     8     0     0     2    41    47
    41     1     0     3    10     0     1    47
    42     4     0    14     5     8     2    47    49
    43    10     7     0     0     2     1    45
    44     8     9     8     4     6     3    45    46    48
    45     5     0     5     1     0     2    47    49
    46     5     0     2     9     8     1    51
    47     8     5     1     5     0     1    50
    48    10     0     7     0     0     1    49
    49     6     3     0     0     0     1    50
    50     1     0     1     0     8     1    51
    51     0     0     0     0     0     0
--------------------------------------------------------------------------------
INFORMATION OF PROJECT 5:
#jobs  release  duedate
    52     0   147
#local resources
     2
R_L1   R_L2   
   173    12
jobnr.  dur.  r_G1  r_G2  r_L1  r_L2  #succ.  successors
     0     0     0     0     0     0     8     1     8    16    17    20    22    23    34
     1     3   170   143   173    12     2     2    27
     2     2   170   143   173    12     3     3    19    44
     3     8   170   143   173    12     2     4    32
     4     1   170   143   173    12     2     5    36
     5     3   170   143   173    12     2     6    37
     6     1    73   125   114     3     1     7
     7     6   170   143   173    12     1     9
     8     4   170   143   173    12     3     9    37    38
     9     6   170   143   173    12     2    10    29
    10     8    92    42    86     8     3    11    28    36
    11     7    69    30    62     9     4    12    21    25    30
    12     5    16    12    23     1     2    13    46
    13     1    51    32    28     5     2    14    18
    14     3    63     1     8     1     1    15
    15     8    19    65    31     4     1    50
    16    10   151    65   142     4     1    50
    17     1     9    19     0     0     1    50
    18     9     1    36     1     3     1    51
    19     2   101    45    75     1     2    36    47
    20     9    78   101    87     4     4    26    33    39    43
    21     6    80    53    66     3     3    24    46    47
    22     9    63   112   128     3     1    51
    23     9    85   113   111     3     5    32    35    36    40    45
    24     3     9     9     3     2     1    35
    25     4    80    54   142     6     2    32    42
    26     4    17    26    82    11     1    48
    27     5   170   143   173    12     1    40
    28     9     4     1    14     0     1    50
    29     5    65    33    17     2     1    31
    30     8     5    52     0     0     1    51
    31     4    72     5    58     0     1    50
    32     2    56    40    59     6     1    46
    33     4    30    54    97     6     1    36
    34    10   139    98   137     6     1    51
    35     4     0     6     1     5     1    51
    36     2    80   110    87     2     1    41
    37     1    58    23    43     0     1    47
    38     5    76    75    93     6     1    40
    39     1   170   143   173    12     1    42
    40     6   156    72   173    12     1    42
    41     1    31    49   107     7     1    42
    42     6    73   111   114     3     2    46    47
    43     5    79    33    86    10     1    51
    44    10    97    18    59     9     1    48
    45     7   139    87   151     9     1    46
    46     6   148   118   151     7     1    48
    47    10    13     9    19     0     1    49
    48     7    31    12    26     6     2    49    50
    49     2    57    12    45     4     1    51
    50     7   107    31    45     4     1    51
    51     0     0     0     0     0     0
--------------------------------------------------------------------------------
INFORMATION OF PROJECT 6:
#jobs  release  duedate
    52     0   111
#local resources
     2
R_L1   R_L2   
    17    11
jobnr.  dur.  r_G1  r_G2  r_L1  r_L2  #succ.  successors
     0     0     0     0     0     0    13     1     2     4     7     9    10    11    13    15    17    18    23    50
     1     4     0     3     9     0     6     3    20    30    45    46    48
     2     9     3     0     1     3     7     5    20    40    41    42    44    45
     3     6     4     0     7     0     6     6    34    40    41    42    47
     4     6     0     4     2     5    12     5    16    20    25    31    34    36    39    40    41    42    46
     5     8     1     0     5     0     6     8    25    27    30    34    46
     6     8     2     1     8     0     5     8    19    28    43    44
     7     1     0     6     0     9    10    14    27    28    31    33    38    42    43    44    49
     8     1     3     8     0     0     4    12    35    37    39
     9     9     2     5    12     2     2    28    36
    10     8     0     1     0     2     6    16    34    35    40    43    45
    11    10     8     9     0     0     7    19    21    25    37    40    41    43
    12     6    12     1     9    11     2    16    36
    13     9     9     0     5     0     5    24    25    32    34    35
    14    10     9     0     1     0     4    34    36    37    39
    15     7    11     9    10     3     5    16    29    30    41    45
    16     8     7    10     5     1     3    22    32    38
    17     7     0     8     7     7     4    29    35    36    47
    18     2     9     1     0     0     3    26    32    48
    19     3     8     0     9     0     2    26    27
    20     4     0     0     7     3     3    32    33    35
    21    10     0     9     0     4     3    26    31    34
    22    10     0     0     1     7     1    24
    23     7     0     6     0    11     2    33    34
    24     4     0     1     9     0     1    26
    25     1     4     0     4     0     1    26
    26     4     2     0    12     0     1    33
    27     5     0     6     2     0     1    32
    28     6     0     0     1     6     2    37    44
    29     3    10     0     0     9     1    51
    30     7     0     1     0     8     1    32
    31     3     3     0     0     2     1    51
    32     4     8     2    10     0     1    51
    33     2     0     0     2     8     1    51
    34     6     1     0     6     5     1    51
    35     8     2     0    10    11     1    51
    36     3     0     1     7     0     1    51
    37     3     4     0     5     1     1    51
    38     7    11     9     8     6     1    51
    39    10     0     1     4     0     1    51
    40    10     7     0     0     6     1    51
    41     8     2     0    12     2     1    51
    42    10     0     5     4     0     1    51
    43     4     0     0     8     9     1    51
    44     7     5     7     2     0     1    51
    45     3     1     5     5    11     1    48
    46     6     0     0     4     4     1    51
    47     7     2     0    10     0     1    51
    48     1    10     1     0     0     1    51
    49     5     6     6     0     6     1    51
    50     4     0     8     3     0     1    51
    51     0     0     0     0     0     0
--------------------------------------------------------------------------------
INFORMATION OF PROJECT 7:
#jobs  release  duedate
    52     0    86
#local resources
     2
R_L1   R_L2   
    14    17
jobnr.  dur.  r_G1  r_G2  r_L1  r_L2  #succ.  successors
     0     0     0     0     0     0    17     1     2     3     4     5     6     7     9    10    11    13    14    17    18    22    29    50
     1     6     0     0     9     8     9     8    16    19    21    25    32    41    44    47
     2    10     0     0     6     1    10    16    19    23    27    32    34    36    39    41    44
     3     8     0     1     0     9     8    16    21    25    28    31    32    39    41
     4     1     4     0     9     0     8    12    30    41    42    44    46    47    48
     5     8     3     0     3     0     6    15    20    26    30    39    44
     6     8    10     0     0     6     8    24    25    30    32    39    41    42    47
     7     9     0     0     7     9     8    31    34    35    36    37    39    41    47
     8     5     2     0     0     4     5    15    30    40    42    45
     9    10     0     0     2     4     4    16    25    32    41
    10     5     3     4     0     0     4    20    30    38    43
    11     2     0     3     0     3     7    33    35    38    39    40    41    46
    12     4     0     0     7     2     5    32    33    38    39    40
    13     7     0     3     6     0     4    21    37    39    41
    14     4     5     0     0     9     1    15
    15     3     0     0     3    10     4    31    35    36    37
    16    10     8     0     0     9     3    26    30    43
    17     5     0     8     0     6     3    25    37    45
    18     4     7     3     0     0     2    25    26
    19     2     0     0     4     6     3    31    35    40
    20     3     0     5     7     0     2    25    42
    21     9     0     0     5     9     3    35    36    46
    22     7     0     8     0     4     3    35    39    49
    23     6     8     0     0     7     2    30    43
    24     6     0     0     8    10     2    33    35
    25     6     0     0     6    10     2    35    36
    26     4     0     0     5     5     2    35    37
    27     5     0     8     3     0     2    40    45
    28     7     0     0     6     2     2    36    44
    29     9     3     0     3     0     2    37    45
    30     6     0     2     0     5     1    37
    31     6     0     9     8     0     1    38
    32     2     6     1     0     0     1    35
    33     2     7     0     7     0     1    36
    34     6     0     0     5     9     1    40
    35    10     0     6     0     6     1    51
    36     8     0     8     5     0     1    51
    37     9     0     0     4     4     1    51
    38     4    10    10     0     0     1    51
    39     3     7     8     0     0     1    51
    40    10     8     0     0     1     1    51
    41     4     8     0     0     6     1    51
    42     7     0    10     3     0     1    51
    43     3     5     0     7     0     1    51
    44     7     2     0     0     8     1    51
    45     8     2     5     0     0     1    51
    46     7     0     8    10     0     1    51
    47    10     6     4     0     0     1    51
    48     6     8     0     3     0     1    51
    49     7     5     0     0     9     1    51
    50    10     4     0     7     0     1    51
    51     0     0     0     0     0     0
--------------------------------------------------------------------------------
INFORMATION OF PROJECT 8:
#jobs  release  duedate
    52     0   144
#local resources
     2
R_L1   R_L2   
   151   115
jobnr.  dur.  r_G1  r_G2  r_L1  r_L2  #succ.  successors
     0     0     0     0     0     0     9     1     6    12    25    29    34    38    40    49
     1     8   119    18   151   115     3     2     3    43
     2     8   110    18   145   114     4     4    18    21    26
     3     1    54    16    31    52     3     4    14    23
     4     1    60    10    91    75     1     5
     5     2   110    18   145   114     4     7    21    39    41
     6     6   110    18   145   114     3     8    18    39
     7     7   119    18   151   115     2     8    16
     8     3    28    11    59    16     1     9
     9     1    59    10    41    52     2    10    35
    10     9    28    11    59    16     2    11    37
    11    10   108    16    79    90     3    13    31    32
    12    10    91     7    92    99     8    16    17    22    23    24    31    41    43
    13     1    99     9   124    82     2    15    28
    14     2     9     0     6     1     3    17    22    33
    15     4    45    13    25    47     1    17
    16     2    75    13    73    81     2    17    32
    17     4    98    14   111    81     1    19
    18     5    51     7   104    62     1    51
    19     8    36    12    31    52     5    20    27    30    44    45
    20     5    12     3     7    21     2    46    50
    21     4   107     8    78    90     1    47
    22     5     9     3     6     5     1    47
    23     6   107    15   144    94     6    26    27    28    30    31    32
    24     7    75    13   123    84     1    26
    25    10    65     2   120    63     1    51
    26     2    36    12    19    23     2    39    43
    27     4    11     5    28     4     2    36    46
    28     8    35     3    18    30     2    30    33
    29     9    84    12    39    56     1    30
    30     3    36    11    23    47     1    43
    31     4    11     9    21    32     1    51
    32     1    54    12    89    64     1    51
    33     3    12     1    12    29     3    36    42    45
    34     3    50     8    54    39     1    47
    35     9    11     2    72    25     4    36    41    46    50
    36     2    69     8    83    62     1    51
    37     2    50    10    50    44     1    51
    38     2    97     9   111    83     1    47
    39     6   107    15   139    86     3    41    45    48
    40     7    96     3   117    62     2    43    48
    41     1    20     4    14     4     2    44    47
    42     5    18     3    40    27     5    43    44    46    47    50
    43     2    56     3    55    42     1    51
    44     9     1     1    34    21     1    51
    45    10     3    10     3    23     1    46
    46     1    15     0    88    12     1    51
    47     3    11     1     0    29     1    51
    48     2     3     6    67    20     1    50
    49    10    83     3   110    49     1    50
    50     6    13     4    28    27     1    51
    51     0     0     0     0     0     0
--------------------------------------------------------------------------------
INFORMATION OF PROJECT 9:
#jobs  release  duedate
    52     0   131
#local resources
     2
R_L1   R_L2   
   119   151
jobnr.  dur.  r_G1  r_G2  r_L1  r_L2  #succ.  successors
     0     0     0     0     0     0     7     1     3     6    12    18    25    49
     1     4    13   110   107   133     3     2    43    47
     2     4    13   110   107   133     1     4
     3     4     5     5    12    18     1     4
     4     1     6    16    28    58     3     5    38    40
     5     4    18   115   119   151     1     7
     6     1    18   115   119   151     3     9    36    48
     7     7    18   115   119   151     1     8
     8     1    11    16    28    59     1     9
     9     1     6    52    32    18     4    10    14    16    35
    10     9    11    16    28    59     4    11    34    37    41
    11    10    15    83    76    88     3    13    30    37
    12    10     7    99    91    92     6    17    21    22    23    29    41
    13     1     8    73    89   124     3    15    28    43
    14     1     0     5    19    10     1    22
    15     2    14    52    45    18     4    17    22    26    42
    16     1     0    52     9     7     2    22    37
    17     7    14    87    99   111     3    19    44    45
    18     7     7    63    87   124     1    24
    19     8    12    50    22     7     3    20    27    30
    20     5     2    21    19     7     1    50
    21    10     8    63    99   143     1    51
    22     2     1    55     9     7     4    30    39    47    50
    23     7    12    63    91    93     4    26    28    36    37
    24     5    16    85    65   133     5    26    32    33    38    40
    25    10     4    63    65   133     2    45    50
    26     2    10    40    17    34     2    31    39
    27     1     5    33    44   110     1    36
    28     7     2    30    54    18     2    30    33
    29    10    12    55    55    36     3    38    46    48
    30     3    11    43    32    18     1    43
    31     5    11    49    22    41     1    43
    32     1     5    71    78    92     1    51
    33     2     4    22    12     8     1    42
    34     3    10    49     4    70     2    36    45
    35     9     0    32    43    63     1    51
    36     3     9    37    14    70     1    51
    37     5    10    42    30    27     1    51
    38     1    12    39    26    92     2    39    50
    39     3    14    89   107   117     1    45
    40     2     8    23    96    70     1    46
    41     4     3    23     1    18     1    51
    42     5     3    13    13    40     2    44    47
    43     2     1    59    23    81     1    51
    44    10     1     5     2    34     1    47
    45     9    10    18    12     7     1    48
    46     1     2     1    20     0     1    51
    47     4     3    30    25    10     1    51
    48     2     6    21    35    31     1    51
    49     9     3    49    82   110     1    50
    50     6     4    26    12     8     1    51
    51     0     0     0     0     0     0
--------------------------------------------------------------------------------
INFORMATION OF PROJECT 10:
#jobs  release  duedate
    52     0    80
#local resources
     2
R_L1   R_L2   
    14    12
jobnr.  dur.  r_G1  r_G2  r_L1  r_L2  #succ.  successors
     0     0     0     0     0     0    15     1     5     7     8     9    11    13    18    19    20    21    22    23    39    43
     1     7     3     4     0     0     5     2    31    34    38    46
     2     6     8    10     0     0     3     3    32    36
     3     4     0     6     9     7     6     4    16    17    29    30    33
     4     5     0     0     6     7     4     6    25    26    27
     5     1     2     1     0    10     5    10    26    35    40    41
     6     2     0     0    10     0     2    10    28
     7     6     0     6     0     4     4    25    31    32    42
     8     8     0     7     1     1     3    15    26    29
     9     8     0    10     4     0     2    15    17
    10     6     0    10     3     0     1    12
    11     8     3     0     0     4     3    24    25    27
    12     1     3     0     9     4     1    14
    13     9     5    10     0     0     2    31    37
    14     3     8     6     3     0     1    15
    15     6     8     0     6     0     1    24
    16    10     1     7     0     0     1    24
    17     4     0     0     6    10     2    25    38
    18    10     0     6     0     6     1    30
    19     8     6     1     0     4     1    25
    20     3     6     0    10     0     1    25
    21     4     0     0     0     4     1    51
    22     2     0     0     9     4     1    34
    23     7     0     5     4     6     1    25
    24    10     3     0     3     0     1    51
    25    10     8     0     7     0     1    50
    26    10     8     0     0     3     1    51
    27     7     0     0     4     3     1    51
    28     4    11     0     3     0     1    35
    29     7     0     0     0    10     1    51
    30     9     0     0     1     3     1    51
    31     9     1     0     9     0     1    51
    32     4     0     8    11     0     1    51
    33     2    10     1     0    12     1    45
    34     3     2     0     2     0     1    47
    35    10     2     0     0     8     1    51
    36     6     0     4     0     1     1    44
    37    10     1     0     4     0     1    51
    38     3     6     0     2     0     1    51
    39     6     0     4     4     0     1    51
    40    10     0     3     2     4     1    51
    41     1     6     0     9     0     1    51
    42     8    10     6     0     0     1    50
    43     8     0     7     3     0     1    47
    44     2     0     0     5    10     1    50
    45     1     2     0    11     4     1    48
    46     2     0     9     4     7     1    51
    47     9     4     0     4     0     1    50
    48     7     0     5     0     2     1    49
    49     7     0     4     7     0     1    51
    50     9     5     0     1     0     1    51
    51     0     0     0     0     0     0
--------------------------------------------------------------------------------
INFORMATION OF PROJECT 11:
#jobs  release  duedate
    52     0   155
#local resources
     2
R_L1   R_L2   
    12   143
jobnr.  dur.  r_G1  r_G2  r_L1  r_L2  #succ.  successors
     0     0     0     0     0     0     7     1     8    20    22    23    34    44
     1     4   173   170    12   143     1     2
     2     6   173   170    12   143     1     3
     3     3   173   170    12   143     2     4    16
     4    10   173   170    12   143     2     5    26
     5     6   173   170    12   143     2     6    45
     6     4    25    36     2   124     1     7
     7     2   173   170    12   143     1     9
     8     9   148   134    10    19     5     9    16    31    38    40
     9     6   173   170    12   143     4    10    19    29    43
    10     9    66    86     7    45     4    11    26    28    30
    11     9    62    42    10    19     3    12    21    25
    12     5    12    20     2    16     2    13    46
    13     1    58    33     9    10     2    14    18
    14     2    17    67     1     6     2    15    48
    15    10    31    16     4    87     1    17
    16     5   142   103     6    56     1    49
    17    10     0     9     0    19     1    51
    18    10     1     0     4    47     1    51
    19     2    85    58     0    18     2    37    42
    20    10   107    84     4    98     3    33    38    39
    21     6    65    96     3    29     3    24    37    46
    22    10   128    63     7   112     1    51
    23    10   111    86     2   119     5    27    32    39    42    45
    24     8    12     9     4     4     2    35    48
    25     6   142    71     6    55     3    32    37    42
    26     2     0    18     4     0     1    51
    27     1   173   170    12   143     1    51
    28    10    10     2     0     5     1    47
    29     6     8    38     2    41     1    31
    30     2   142    33     7    56     1    49
    31     8     4    64     0     3     1    50
    32     2    87    22     3    62     1    46
    33     5    76    65     8    65     2    36    37
    34     9    61   139     7    99     1    49
    35     2     1    37     4     6     1    51
    36     3    88    71     2   124     1    41
    37     2    81    10     3    50     1    51
    38     1    92   150     4    74     1    48
    39     1   173   170    12   143     1    51
    40     9   163   106     8    77     3    41    42    43
    41     1   107    24     5    40     1    42
    42     5   114    71     3   117     1    46
    43     2    76    33    10    19     1    46
    44    10    59    26     9    26     1    48
    45     7   142   109     6    56     1    46
    46    10   151    97     8   118     1    48
    47     7     4    32     0     9     1    48
    48     8   112    31     4    44     2    49    50
    49     2    45    56     0    12     1    51
    50     7    45    98     0    12     1    51
    51     0     0     0     0     0     0
--------------------------------------------------------------------------------
INFORMATION OF PROJECT 12:
#jobs  release  duedate
    52     0   178
#local resources
     2
R_L1   R_L2   
   113   111
jobnr.  dur.  r_G1  r_G2  r_L1  r_L2  #succ.  successors
     0     0     0     0     0     0     4     1     8    16    40
     1     7   170   143   113   111     1     2
     2     7   170   143   113   111     1     3
     3     3   170   143   113   111     3     4    29    35
     4     7   170   143   113   111     2     5    36
     5     2    85   103    44    61     1     6
     6     2    19   105     2     0     3     7    23    33
     7     1   170   143   113   111     1     9
     8     8   151    38   111   111     2     9    18
     9     2    82   101    29    52     8    10    19    22    25    27    28    30    41
    10     4   170   143   113   111     3    11    25    34
    11     2   170   143   113   111     4    12    24    26    28
    12     6    15     8     4     5     1    13
    13     1    50    19    44    16     1    14
    14    10   170   143   113   111     3    15    31    48
    15     9    14    87    29    11     1    17
    16     9    85    40    69    50     4    20    28    35    38
    17     7     9     8     0     3     1    51
    18     9   100    79    73    64     1    50
    19     4    70    76    17    56     2    21    22
    20     3   155   127    86   106     2    26    38
    21     1   155   119    86   106     2    41    42
    22     8   131   126    67    98     1    51
    23     6   135   108    73    62     1    51
    24     1    37    63    28    48     1    46
    25     5   155   119    86   106     1    44
    26     1     5    40     0     8     2    44    45
    27     5   155   135   109   106     2    34    45
    28     4    81    93    29    52     2    37    45
    29     1   120    38    57    60     3    32    34    35
    30     2    70    11    40    47     1    38
    31     9     5    16    27     0     1    49
    32     2   155   135   109   106     3    38    39    42
    33     2    76    95    44    58     1    38
    34     4   135   108    73    62     1    51
    35     8   155   119    86   106     6    36    37    39    44    49    50
    36     1    27   124    24    28     2    39    42
    37     5   130    85    46    64     1    47
    38     4   143    19    89    83     1    39
    39     8   155   127    86   106     1    45
    40     7    88    42    84    59     4    41    43    44    50
    41     1    10     2    24     1     2    44    45
    42    10   161   135   113   108     1    46
    43    10   156    56    84   100     1    45
    44     2   119    56    58    60     1    46
    45     3   161   135   113   108     1    46
    46     6   161   135   113   108     2    47    48
    47     7    39    17    46    13     1    49
    48    10    35    21    40    47     1    51
    49    10    35    35    40    49     1    51
    50     2   170   143   113   111     1    51
    51     0     0     0     0     0     0
--------------------------------------------------------------------------------
INFORMATION OF PROJECT 13:
#jobs  release  duedate
    52     0   154
#local resources
     2
R_L1   R_L2   
    12   143
jobnr.  dur.  r_G1  r_G2  r_L1  r_L2  #succ.  successors
     0     0     0     0     0     0    10     1     8    16    19    20    22    23    34    43    44
     1     4   173   170    12   143     2     2    36
     2     1   173   170    12   143     1     3
     3     8   173   170    12   143     2     4    41
     4     1   173   170    12   143     1     5
     5     1   173   170    12   143     2     6    41
     6     3    13    66     0   125     1     7
     7     2   173   170    12   143     1     9
     8     1   160   104    12    18     2     9    27
     9     7   173   170    12   143     2    10    29
    10     8    86    86     8    42     3    11    28    30
    11     9    62    51    10    19     4    12    21    25    26
    12     5     7    16     3    11     3    13    35    46
    13     1    61    32     7    19     2    14    18
    14     1    10    67     3    10     2    15    50
    15    10    24     2     4    59     1    17
    16    10   149   150     5    79     1    50
    17    10     0     9     0    19     1    51
    18    10     5     1     3    36     1    51
    19     4   156    90     2    81     5    26    30    36    37    47
    20     9    87    84     4   101     6    26    27    33    36    39    47
    21     6    66    73     3    52     2    24    46
    22    10   128    52     4   114     1    51
    23    10   111   100     2   124     5    35    38    39    40    45
    24     8    12     1     4     9     2    35    48
    25     5   149   103     7    64     3    32    37    42
    26     3     0     3     2    48     1    32
    27     8   173   170    12   143     1    51
    28    10    10    48     0    20     1    47
    29     9    16    65     0    21     1    31
    30     2     0     6     0     5     1    51
    31     3     6    64     2     3     1    50
    32     2    72    21     4    42     2    38    46
    33     5   101    52     8    64     1    36
    34    10   145    99     5   105     1    49
    35     2     1     0     5     4     1    51
    36     3   111    99     0   110     2    38    41
    37     3    56    85     3    55     1    46
    38     1   107    83     9    72     1    51
    39     9   173   170    12   143     1    50
    40     7   160   104    10    18     3    41    42    47
    41     1   107    35     9    67     1    42
    42     6   108    68     3   122     1    46
    43     1    45    97     8    21     1    51
    44    10    65   102     9    18     2    48    49
    45     7   149   121     7    79     1    46
    46     7   161    97     5    83     2    47    48
    47     6     0    13     1     9     1    49
    48     8    28    32     6    10     1    50
    49     2    45    61     2    29     1    51
    50     7    45    99     3    24     1    51
    51     0     0     0     0     0     0
--------------------------------------------------------------------------------
INFORMATION OF PROJECT 14:
#jobs  release  duedate
    52     0    77
#local resources
     2
R_L1   R_L2   
    14    16
jobnr.  dur.  r_G1  r_G2  r_L1  r_L2  #succ.  successors
     0     0     0     0     0     0    17     1     5     7     8     9    11    13    18    19    20    21    22    23    39    43    45    48
     1     7     0     0     3     4     6     2    31    34    35    38    46
     2     6     0     0     8    10     3     3    32    36
     3     6     9     7     0     6     5     4    16    29    30    33
     4     5     6     7     0     0     4     6    25    26    27
     5     2     0     9     2     1     5    10    26    35    40    41
     6     2    10     0     9     0     2    10    28
     7     6     0     4     0     6     4    25    31    32    42
     8     8     1     1     0     7     3    15    26    29
     9     8     4     0     0    10     2    15    17
    10     6     3     0     0    10     1    12
    11     8     0     4     3     0     3    24    25    27
    12     1     0     4     3     0     1    14
    13     9     0     0     6    10     2    31    37
    14     3     3     0     8     6     1    15
    15     2     6     0     8     0     1    24
    16     7     0     0     1     7     1    24
    17     4     6    10     0     0     2    25    38
    18    10     0     6     0     6     1    30
    19     9     0     4     6     0     1    25
    20     1    10     0     6     0     1    25
    21     3     0     4     1     0     1    51
    22     2     9     4     0     0     1    34
    23     6     0     6     0     5     1    25
    24    10     3     0     3     0     1    51
    25    10     7     0     8     0     1    50
    26    10     0     3     8     0     1    51
    27     7     4     3     0     0     1    51
    28     4     3     0     6     0     1    35
    29     8     0    10     0     0     1    51
    30     4     1     3     0     0     1    51
    31     9     9     0     1     0     1    51
    32     4    11     0     0     8     1    51
    33     2     0    12    10     1     1    51
    34     2     2     0     2     0     1    47
    35    10     0     8     2     0     1    51
    36     6     0     1     0     4     1    44
    37    10     4     0     1     0     1    51
    38     3     2     0     6     0     1    51
    39     6     4     0     0     4     1    51
    40     8     2     0     0     3     1    51
    41     8     9     0     6     0     1    51
    42     8     0     0    10     6     1    51
    43     8     3     0     0     7     1    47
    44     2     5    10     0     0     1    51
    45     1    11     4     2     0     1    51
    46     2     4     7     0     9     1    47
    47    10     4     0     4     0     1    50
    48     7     0     2     0     5     1    49
    49     7     2     0     0     4     1    51
    50     9     1     0     5     0     1    51
    51     0     0     0     0     0     0
--------------------------------------------------------------------------------
INFORMATION OF PROJECT 15:
#jobs  release  duedate
    52     0   134
#local resources
     2
R_L1   R_L2   
    12    19
jobnr.  dur.  r_G1  r_G2  r_L1  r_L2  #succ.  successors
     0     0     0     0     0     0     8     1     3    12    25    37    46    48    49
     1     7    36    17    12    19     5     2     6    18    43    47
     2     1    36    17    12    19     4     4    24    42    44
     3     7    12     7     2     4     7     4     6    23    42    43    44    47
     4     1     6     4     0     0     3     5    22    45
     5     6    26    13     9    14     5     7    16    39    40    41
     6    10    16    12    12    11     1    28
     7     8    26     7    12    19     2     8    38
     8     8    19    11     0     6     2     9    14
     9     4     1     3     5     2     2    10    35
    10     3    27    10     1    10     4    11    33    34    41
    11     5     7    12     8     8     4    13    30    31    32
    12    10    17     6    10     6     9    17    21    22    23    29    31    40    41    43
    13     4     1     2     8    11     3    15    21    28
    14     2     9     0     7     4     5    17    26    30    35    36
    15     3    16     7    12    11     4    17    26    29    33
    16     4     0     0     3     2     2    19    28
    17     2    18     7    12    10     2    19    27
    18     6     5     7    10     6     1    26
    19     9    26    13     4    10     2    20    27
    20    10    16     2     0     7     1    29
    21     7     0     0     6    12     1    51
    22    10     9     0     3     5     1    51
    23     8    17    17     9     5     2    26    42
    24     3    10     0     3     4     1    51
    25     5    24     0     0    15     1    51
    26     6    12     2     0     2     1    51
    27     4     4     5     0     5     1    36
    28     4    10     5     4    17     1    51
    29     9     0     8     0     8     1    51
    30     7     0     3     1     6     1    51
    31     8     2     9     3     4     1    51
    32     4    10     0     0     8     1    51
    33     5     2     6     0     4     1    51
    34     4     0     6     6     9     1    36
    35    10    21     0     4     8     1    51
    36    10     0     9     0     5     1    51
    37     6    15    10     7     5     1    51
    38     1     8     2    12     9     1    51
    39     3     8     0     3     6     1    51
    40    10     8     0     0     0     1    51
    41    10     4     1     1     5     1    51
    42    10    15     7     1     0     1    51
    43     6    18     0     0     1     1    50
    44    10     0     6     1     4     2    45    50
    45     9     2    10     0     0     1    51
    46     8     6     0     7     0     1    51
    47     1     0     3     0     1     1    51
    48     6    28     6     6     4     1    50
    49     9    22     0     7     7     1    51
    50     2     7     4     3     0     1    51
    51     0     0     0     0     0     0
--------------------------------------------------------------------------------
INFORMATION OF PROJECT 16:
#jobs  release  duedate
    52     0   128
#local resources
     2
R_L1   R_L2   
    18   115
jobnr.  dur.  r_G1  r_G2  r_L1  r_L2  #succ.  successors
     0     0     0     0     0     0     8     1     3     6    12    18    25    34    49
     1     7   107   133    13   110     1     2
     2     1   107   133    13   110     3     4    14    23
     3     1    12    18     5     5     5     4    14    23    42    48
     4     1   119   151    18   115     1     5
     5     7   119   151    18   115     2     7    16
     6     1   119   151    18   115     1     8
     7     1   119   151    18   115     1     8
     8     2    28    59    10    16     1     9
     9     1    37    18     6    52     2    10    35
    10     9    28    59    11    16     3    11    37    38
    11     9    93    68    12    84     4    13    30    31    41
    12    10    91    92     7    99     8    17    21    22    23    29    31    41    43
    13     1    89   124     8    73     2    15    28
    14     3   116    65     2    84     1    17
    15     3    45    18    13    49     4    17    21    26    40
    16     1    48    58     0    52     2    17    35
    17     6    96    99    12    86     1    19
    18     9    82   124     7    63     3    24    36    42
    19     8    17    18    12    51     3    20    27    30
    20     3    12    19     2     7     1    50
    21     3   107   143     8    86     1    51
    22     1    52     6     0    27     2    30    43
    23     7   119   151    15   114     5    26    27    28    32    37
    24     7    58   117    16    88     1    40
    25    10    74   133     1    63     1    51
    26     2    17     1    10     3     2    31    39
    27     8    12    66     5    27     2    36    46
    28     6    61    16     2    11     1    33
    29    10    46    28    12    57     1    38
    30     3    32    18    11    49     1    51
    31     4    10    21     9    22     1    36
    32     1     5    53     5    35     2    40    46
    33     4    12     8     6    29     1    42
    34     4    46    58     8    60     3    36    45    50
    35     9    26    83     3    30     1    50
    36     3    16    58     9    48     1    51
    37     7    30    27    10    42     1    51
    38     2    73    92     9    52     1    47
    39     3   107   117    12    86     3    41    45    50
    40     3    50    51     0    35     2    45    48
    41     1     1    15     9    17     1    45
    42     4    23    40     3    14     3    44    46    50
    43     2    46    93    14    62     2    45    50
    44     9     1    34     1     4     1    51
    45    10     2     2    10    16     1    51
    46     1     0     7     0    31     1    51
    47     5     0     0     3     1     1    51
    48     2     1    52     6    15     1    50
    49     9    82   122     3    62     1    50
    50     6    12     8     4    28     1    51
    51     0     0     0     0     0     0
--------------------------------------------------------------------------------
INFORMATION OF PROJECT 17:
#jobs  release  duedate
    52     0   139
#local resources
     2
R_L1   R_L2   
    14    11
jobnr.  dur.  r_G1  r_G2  r_L1  r_L2  #succ.  successors
     0     0     0     0     0     0    14     1    11    16    18    20    22    26    29    31    36    39    42    44    45
     1     6   112    14    14    11     6     2    14    19    38    40    41
     2     2   109    14    11    11     1     3
     3     8    77    11    11     6     1     4
     4     4   109    14    11    11     2     5    35
     5     2    50    11    11     6     4     6    32    33    34
     6     8     9     0     2     0     2     7    30
     7     6    18     5     5     0     1     8
     8     5    39     1     0     8     3     9    25    28
     9     3    47    10     4     1     1    10
    10     3    12     0     4     0     3    12    14    23
    11     6   103    10    12     5     2    27    37
    12     6    42     3     5     7     2    13    35
    13     6     2     3     7     0     3    15    23    33
    14     4    13    11     0     1     1    51
    15     7     2     0     4     3     2    17    24
    16     9   103     8     3    11     2    17    23
    17    10     9     6     3     0     1    21
    18     9    50     7    11     2     1    48
    19     9    97    14     5    11     1    51
    20    10    63     3    12     5     1    51
    21     3    22     4     0     6     1    51
    22     3    29     0     0     8     1    51
    23     6     2     0     6     0     1    51
    24     6     9     4     0     3     1    51
    25     5     0     3     4     0     1    51
    26     6     9     0     0     6     1    51
    27     3     3     0     3     0     1    35
    28     2     0     0     1     3     1    51
    29     6    94     8     1     8     1    51
    30    10    25     5     8     0     1    51
    31     2    94    11    11     5     1    40
    32     5    30     1     9     4     1    51
    33     6     0     4     2     6     1    51
    34     1    44     3     0     0     2    43    47
    35     3    50    13     4     6     2    46    49
    36     1    75    10     0     7     1    51
    37     4    70    10     0     5     1    48
    38     6    62     0     3     2     1    48
    39     9    71     6    12     2     1    43
    40     1    38     9     8     6     1    50
    41     9    94     7     9     8     1    46
    42    10    38    10     6     0     2    43    50
    43     3     0     3     3     0     1    51
    44     9    75     6     0    11     1    51
    45     3    70     9     0     4     2    47    50
    46     3    37     4    12     0     1    48
    47     6    45     8     0     3     1    48
    48     4    49     5     2     3     1    51
    49     8    16     3     0     5     1    51
    50     5    32     3     0     5     1    51
    51     0     0     0     0     0     0
--------------------------------------------------------------------------------
INFORMATION OF PROJECT 18:
#jobs  release  duedate
    52     0   144
#local resources
     2
R_L1   R_L2   
    12   143
jobnr.  dur.  r_G1  r_G2  r_L1  r_L2  #succ.  successors
     0     0     0     0     0     0     7     1     8    16    22    23    34    44
     1     9   173   170    12   143     1     2
     2     9   173   170    12   143     4     3    20    30    43
     3     3   173   170    12   143     1     4
     4     5   173   170    12   143     1     5
     5     1   133    39    11   103     5     6    19    32    39    45
     6     4    13    66     2   100     2     7    33
     7     1   173   170    12   143     1     9
     8     9   148   100     9    19     3     9    39    41
     9     1   133    39    11   103     2    10    29
    10     3    62    39     7     7     2    11    26
    11     4    59    53     9    19     3    12    21    31
    12     8    13    16     0    12     2    13    46
    13     1    46    49     6     3     2    14    18
    14     1    17    67     1    12     3    15    47    48
    15     8    31    14     4    66     2    17    49
    16    10    40   131     1    40     2    17    39
    17     9     1     9     0     3     1    51
    18     9    13     0     3    36     1    51
    19     1     2     9     0    73     1    42
    20     8    59    83     5    89     1    42
    21     7    97    99     1    50     2    24    32
    22     9   128    63     7   112     1    51
    23     8   111   117     3    98     6    25    27    35    37    39    40
    24    10    13     9     5    11     1    48
    25     3   123   152     2    67     1    42
    26     5     0     4     1     0     4    28    31    35    37
    27    10   173   170    12   143     1    51
    28     5    12    40     2     1     1    32
    29     8    11    38     2    41     1    51
    30     1    50    15     8    68     1    42
    31    10     1     1     0    22     1    51
    32     1   114    32     0    50     1    46
    33     4    58    43     7    69     2    36    38
    34     2   155   148     6   121     1    46
    35     1    18     3     5     6     1    51
    36     2    25    70     2   124     1    41
    37     2    76    71     1    26     1    42
    38     1   109   121     5     9     1    51
    39     7   172   157    11   140     1    51
    40    10   160   104    10    43     2    41    43
    41     2    28    70     6    16     1    42
    42     6   114    67     1   115     1    46
    43     1    13    37     3    63     1    51
    44    10    59   103     6    28     2    47    48
    45     2    46   102     7    63     1    50
    46     8   156   103     7   121     2    47    48
    47     3    26    16     0     9     1    50
    48    10    63    38     6    30     2    49    50
    49     2    45    72     2    31     1    51
    50     7    45    98     0    31     1    51
    51     0     0     0     0     0     0
--------------------------------------------------------------------------------
TRANSFER TIMES OF GLOBAL RESOURCE G1
 DEPOT    P1    P2    P3    P4    P5    P6    P7    P8    P9   P10   P11   P12   P13   P14   P15   P16   P17   P18
     0    11     3     3     2     8    10     2     3    12     4    10    13    11    12     4     9     6     9
    11     0    14    12     9    18     1    12    13    16    14    13    23    14    22     8    19     5     9
     3    14     0     4     5     5    13     3     2    13     2    11    10    11     9     7     6     9    11
     3    12     4     0     4     7    12     2     4    10     5     8    13    13    12     5     7     8    12
     2     9     5     4     0    10     9     3     5    11     6     9    15    12    13     2    10     4     9
     8    18     5     7    10     0    18     7     6    13     6    12     7    15     6    11     1    13    16
    10     1    13    12     9    18     0    11    12    15    14    13    23    14    21     8    18     5     9
     2    12     3     2     3     7    11     0     3    11     5     9    13    12    11     4     8     7    10
     3    13     2     4     5     6    12     3     0    13     2    12    11    10     9     7     7     8    10
    12    16    13    10    11    13    15    11    13     0    14     3    19    22    19    10    13    13    19
     4    14     2     5     6     6    14     5     2    14     0    13    10    10     8     8     7     9    10
    10    13    11     8     9    12    13     9    12     3    13     0    19    20    18     7    13    11    17
    13    23    10    13    15     7    23    13    11    19    10    19     0    16     3    17     6    18    19
    11    14    11    13    12    15    14    12    10    22    10    20    16     0    14    13    16    11     5
    12    22     9    12    13     6    21    11     9    19     8    18     3    14     0    15     6    17    16
     4     8     7     5     2    11     8     4     7    10     8     7    17    13    15     0    11     4    10
     9    19     6     7    10     1    18     8     7    13     7    13     6    16     6    11     0    14    16
     6     5     9     8     4    13     5     7     8    13     9    11    18    11    17     4    14     0     7
     9     9    11    12     9    16     9    10    10    19    10    17    19     5    16    10    16     7     0
--------------------------------------------------------------------------------
TRANSFER TIMES OF GLOBAL RESOURCE G2
 DEPOT    P1    P2    P3    P4    P5    P6    P7    P8    P9   P10   P11   P12   P13   P14   P15   P16   P17   P18
     0    11     9     3    10    12     8     6    10     8     7    14    11     9     8     7     5    14    10
    11     0     2     8    18     7     3    16    18    14     9    13     3    10    18    11     8    13    11
     9     2     0     6    17     6     3    15    17    13     7    14     4     8    17    10     7    14     9
     3     8     6     0    12    10     6     9    12     9     6    13     8     8    11     7     3    13     9
    10    18    17    12     0    21    15    10     1     5    16    14    17    18     6     8    10    13    19
    12     7     6    10    21     0     9    15    21    18     6    19    10     5    18    15    12    19     5
     8     3     3     6    15     9     0    14    16    11     8    11     3    10    15     8     5    11    11
     6    16    15     9    10    15    14     0    10    11    10    19    16    12     5    11    10    19    12
    10    18    17    12     1    21    16    10     0     6    16    14    17    18     6     9    11    14    19
     8    14    13     9     5    18    11    11     6     0    14    10    12    16     9     4     7     9    17
     7     9     7     6    16     6     8    10    16    14     0    18    11     3    13    12     9    18     4
    14    13    14    13    14    19    11    19    14    10    18     0    10    20    18     8    10     1    21
    11     3     4     8    17    10     3    16    17    12    11    10     0    12    17     9     7    11    13
     9    10     8     8    18     5    10    12    18    16     3    20    12     0    15    14    11    20     1
     8    18    17    11     6    18    15     5     6     9    13    18    17    15     0    10    11    17    15
     7    11    10     7     8    15     8    11     9     4    12     8     9    14    10     0     4     8    15
     5     8     7     3    10    12     5    10    11     7     9    10     7    11    11     4     0    10    12
    14    13    14    13    13    19    11    19    14     9    18     1    11    20    17     8    10     0    21
    10    11     9     9    19     5    11    12    19    17     4    21    13     1    15    15    12    21     0
--------------------------------------------------------------------------------
Additional Information: 
global resource strength = 0.2
transfer time factor = 0.2
adapted from RCPSP instances: 
[sD173, sD99, sD84, sD108, sD360, sD70, sD47, sD312, sD305, sD64, sD390, sD379, sD374, sD60, sD146, sD263, sD176, sD344]
