--------------------------------------------------------------------------------
PORTFOLIO INFORMATION:
#projects
    18
#global resources
     2
R_G1   R_G2   
   628   664
--------------------------------------------------------------------------------
INFORMATION OF PROJECT 1:
#jobs  release  duedate
    52     0   152
#local resources
     2
R_L1   R_L2   
   173    12
jobnr.  dur.  r_G1  r_G2  r_L1  r_L2  #succ.  successors
     0     0     0     0     0     0     9     1     8    20    22    23    38    43    44    45
     1     1   170   143   173    12     1     2
     2     8   170   143   173    12     2     3    16
     3     5   170   143   173    12     1     4
     4     3   170   143   173    12     1     5
     5     4   170   143   173    12     2     6    32
     6     3    67    92    13     2     4     7    19    26    33
     7     1   170   143   173    12     1     9
     8     8   100    19   148    10     5     9    34    39    40    41
     9     5   159   140   173    12     3    10    28    29
    10     7    53    48    62    10     3    11    25    28
    11     2    55    19   120     3     2    12    21
    12     1    15    55    12     0     1    13
    13     1    40    70    50     0     2    14    18
    14     3    44    18    10     0     1    15
    15     9    11    61    21     4     1    17
    16     1   152    79   152     6     2    36    46
    17     8     7    19     0     0     1    51
    18    10     0    36     3     3     1    51
    19     1   111   121    53     9     2    28    30
    20    10    84   101   119     6     1    51
    21     6    72    55    73     1     2    24    46
    22     8    63   112   128     8     1    51
    23     9   117    95   111     2     6    24    26    27    30    32    33
    24     9     9     4    12     3     1    51
    25     4   152   104   161     9     3    35    37    42
    26    10     4     0     0     0     1    35
    27     6   163   140   173    12     1    51
    28    10    40    15    10     2     1    32
    29     1    52    29    14     2     1    31
    30     4     7     3     0     0     2    37    46
    31     7    46    22     1     0     1    32
    32     3    76    29    88     8     1    46
    33     5    29    58    53     9     1    36
    34     7   139    98   142     6     2    37    50
    35     1    73    15    54     5     1    46
    36     2    70   124    25     2     1    41
    37     1   130    29   120     7     1    51
    38     9   130   107   161     9     2    39    41
    39    10   159   140   173    12     1    51
    40     6   101    51   160     7     2    41    42
    41     2    82     3    54     5     1    42
    42     8    67   121   114     2     1    46
    43     1    33   114    53     3     1    51
    44     9   103    22    59    10     1    47
    45    10   110    82   152     8     3    47    48    50
    46     8   117   120   151     9     1    47
    47     4    15     9    19     1     2    48    49
    48     9    31    23    31     6     1    50
    49     4    54    12    45     4     1    51
    50     8   100    12    45     4     1    51
    51     0     0     0     0     0     0
--------------------------------------------------------------------------------
INFORMATION OF PROJECT 2:
#jobs  release  duedate
    52     0   150
#local resources
     2
R_L1   R_L2   
    11     9
jobnr.  dur.  r_G1  r_G2  r_L1  r_L2  #succ.  successors
     0     0     0     0     0     0    13     1     2     4     7     9    10    11    13    15    17    18    23    50
     1     5     5     0     0     3     6     3    20    29    30    45    48
     2     4     0     3     3     0     6     5    20    41    42    44    45
     3     5     8     4     0     8     5     6    31    40    41    47
     4     6     2     0     5     4    14     5    16    20    21    25    31    34    36    39    40    41    42    46    48
     5     5     5     1     0     0     6     8    25    27    30    34    46
     6     5     8     2     0     1     5     8    27    28    43    44
     7    10     2     5     9     6     9    14    27    28    31    33    42    43    44    49
     8     1     2     3     2     8     4    12    35    37    39
     9     9    13     4     2     7     1    36
    10     9     0     0     2     1     6    16    34    35    40    43    45
    11    10     2     9     0     9     7    19    21    25    37    40    41    43
    12     6     9    12    11     2     2    16    36
    13     8     5     9     0     0     4    24    32    34    35
    14    10     1    10     0     0     3    31    34    39
    15     7    10    11     5     9     6    16    29    30    31    41    45
    16     8     5     7     1     1     3    22    32    38
    17     5     7     0     7     8     4    26    29    35    47
    18     1     0     8     0     1     2    26    36
    19     2     9     8     0     3     2    26    27
    20     8     7     0     3     0     3    32    33    35
    21     9     2     0     4     9     1    34
    22    10     1     0     7     0     1    24
    23     7     0     0    11     6     1    51
    24     8     9     0     0     1     2    25    26
    25     1     4     4     0     0     1    51
    26    10    12     2     0     0     1    33
    27     5     2     0     0     6     1    37
    28     7     1     0     6     0     1    44
    29     9     6    10     9     1     1    39
    30     2     0     0     8     1     1    32
    31     3     0     3     2     7     1    37
    32     4    11     8     0     2     1    46
    33    10     2     0     9     0     1    51
    34     6     6     8     5     1     1    41
    35     8    11     2    11     0     1    47
    36     6     7     1     0     1     1    51
    37     4     5     4     1     7     1    44
    38     8     8    12     8     9     1    51
    39     9     4     0     0     1     1    51
    40     8     0     7     6     0     1    47
    41     8    12     0     2     0     1    51
    42     5     4     0     2     5     1    51
    43     7     8    11    11     1     1    47
    44     7     2     5     0     7     1    46
    45     9     6     8    11     8     1    48
    46     6     4    11     4     0     1    51
    47     7    10     2     0     2     1    51
    48     6     0    10     0     1     1    51
    49     7     0     6     6     6     1    51
    50    10     3     0     0     7     1    51
    51     0     0     0     0     0     0
--------------------------------------------------------------------------------
INFORMATION OF PROJECT 3:
#jobs  release  duedate
    52     0    88
#local resources
     2
R_L1   R_L2   
    14    14
jobnr.  dur.  r_G1  r_G2  r_L1  r_L2  #succ.  successors
     0     0     0     0     0     0    16     1     2     3     4     5     6     7     8     9    10    11    12    13    14    15    20
     1     1     9     5     0     0     9    18    19    21    22    23    25    27    32    50
     2     9     0     0     2     3     6    16    18    19    22    35    50
     3     7     0    10     3     0     6    18    19    22    25    35    50
     4     6     0     3     6     0     6    21    22    23    24    28    36
     5     9     0     2     0     3    10    17    22    26    28    32    34    35    45    47    49
     6     8     4     2     0     0     7    16    27    29    32    35    44    48
     7     9     0     8     0     5     6    18    22    30    31    32    50
     8     1     0     3     0     8     7    22    23    25    28    30    34    50
     9     7     0     0     5     9     9    22    26    34    35    45    46    47    49    50
    10     9     8     0     0     1     7    21    28    31    32    33    35    48
    11    10     0     0     8     4     5    18    34    43    48    49
    12    10     0     6     9     0    12    29    30    33    35    38    43    44    45    46    47    49    50
    13     3     0     0     6     2     6    22    28    39    42    45    49
    14    10    10     0     0     7    10    28    29    34    41    42    43    44    45    46    48
    15     4     0     0     5     8     7    26    29    31    33    41    46    48
    16     7     8     0     6     0     5    25    30    31    33    34
    17     4     0     2     3     0    10    29    30    33    38    39    42    43    44    46    48
    18     3     0     4     2     0     7    26    28    29    41    45    46    47
    19     1     0     0     2     9     7    30    31    34    40    43    45    48
    20     7     0     2     9     0     9    29    33    38    39    41    42    43    46    48
    21     4     6     5     0     0     8    30    34    38    40    42    44    45    46
    22     8     2     0     0     5     7    29    33    38    41    43    44    48
    23     3     0     0     4     2     7    29    38    39    41    42    45    47
    24     6     0     2     0     2     5    27    38    42    44    47
    25     3    10     0     0     5     6    37    38    40    43    45    46
    26     3     7     0     6     0     5    37    39    40    42    44
    27     7     0     5     3     0     3    34    43    49
    28     8     0     0     7     5     3    37    38    40
    29     8     0     0     8     8     2    37    40
    30    10     0     6     0     5     2    37    41
    31     4     3     0     1     0     2    38    47
    32    10     9     0     9     0     2    42    43
    33     3     0     2     8     0     1    37
    34     2     0     0     5     5     1    39
    35     2     3     9     0     0     1    39
    36     6     0     0     3    10     1    42
    37     5     0     0     3     9     1    51
    38     8     0     0     9     2     1    51
    39    10     9     0     5     0     1    51
    40     9     0     2     1     0     1    51
    41     9     9     0     0     9     1    51
    42     2     0     0    10     3     1    51
    43     6     0     5     0     5     1    51
    44     7     9     0     3     0     1    51
    45     7     0     3     3     0     1    51
    46    10     2     0     0     9     1    51
    47     8     2     0     0     9     1    51
    48     5     3     0     5     0     1    51
    49     5     0     0     7     8     1    51
    50     9     0     0     1     3     1    51
    51     0     0     0     0     0     0
--------------------------------------------------------------------------------
INFORMATION OF PROJECT 4:
#jobs  release  duedate
    52     0   135
#local resources
     2
R_L1   R_L2   
   151   115
jobnr.  dur.  r_G1  r_G2  r_L1  r_L2  #succ.  successors
     0     0     0     0     0     0     7     1     3    12    18    29    40    49
     1     3   116    13   133   110     7     2     6    14    24    43    47    48
     2     4   116    13   133   110     2     4    25
     3     1     3     5    18     5     5     4    23    38    42    48
     4     1    75     6   106    61     2     5    16
     5     4   119    18   151   115     4     6     7    14    41
     6     8   103    15   110    84     1    51
     7     3   119    18   151   115     1     8
     8     1    28    11    59    16     1     9
     9     1    37     6    18    52     3    10    14    35
    10     9    28    11    59    16     3    11    16    37
    11     9   109    18    68    83     1    13
    12    10    91     7    92    99     4    21    23    34    43
    13     1    89     8   124    91     2    15    43
    14     4   103     8   111    84     2    17    36
    15     2    54    14    18    52     3    17    26    28
    16     1    46     0    57     2     1    51
    17     4   103    14   111    84     1    19
    18     4    89     8   124    72     1    24
    19     7    11    12    18    51     4    20    27    30    39
    20     4     7     2     7    21     2    22    50
    21    10   107     8   143    88     1    51
    22     4     9     0     7     5     1    51
    23     8   110    16   144    94     5    26    28    30    41    48
    24     8    95    16   135    85     2    26    42
    25    10    65     4   133    63     1    43
    26     1    11    10     8    25     3    31    39    41
    27     5    11     5    46    23     1    36
    28     5    24     2    16    30     1    33
    29    10    44    12    45    54     1    47
    30     3    11    10    18    43     2    32    47
    31     4    44     9    21    32     2    43    47
    32     1    23     6    53    21     1    51
    33     2    12     6     8     9     1    42
    34     4    57    16    53    48     1    51
    35     9    10     0    83    32     1    41
    36     3    14     9    58    46     1    51
    37     4    30    10    27    24     1    51
    38     6    73     9    90    41     1    51
    39     3   107    14   138    88     2    44    45
    40     3    96     0    60    51     2    42    48
    41     2     1     4    13    23     3    43    44    47
    42     5    16     3    40    15     3    44    46    50
    43     1    23     0    82    49     1    46
    44     9     7     1    34     4     1    51
    45     8     2    10     2    17     1    51
    46     2    16     0     7    31     1    51
    47     2     0     0     0    13     1    51
    48     2    42     6    91    20     1    50
    49    10    82     4   110    49     1    50
    50     6    12     4     8    27     1    51
    51     0     0     0     0     0     0
--------------------------------------------------------------------------------
INFORMATION OF PROJECT 5:
#jobs  release  duedate
    52     0   134
#local resources
     2
R_L1   R_L2   
   173   170
jobnr.  dur.  r_G1  r_G2  r_L1  r_L2  #succ.  successors
     0     0     0     0     0     0    14     1     8    16    19    20    22    23    26    28    30    34    40    44    45
     1     2    12   143   173   170     1     2
     2     1    12   143   173   170     1     3
     3     2    12   143   173   170     1     4
     4     2    12   143   173   170     1     5
     5     3    12   143   173   170     3     6    32    43
     6     3     1   125    25    66     2     7    33
     7     1    12   143   173   170     1     9
     8     7     9    18   148   100     3     9    31    38
     9     8    12   143   173   170     2    10    29
    10     4     7    42    62    60     2    11    25
    11     2     9    19    50    39     2    12    21
    12     6     3    12    10    16     2    13    50
    13     1     8     7    47    37     3    14    18    50
    14     2     0    18    31    67     1    15
    15    10     4    87    31    11     1    17
    16     7     4    56   142   152     1    46
    17     8     0    19     0     9     1    51
    18    10     3    36     3     0     1    51
    19     2     1    27    12     9     1    25
    20     8     4   101    87    85     2    36    37
    21     7     2    53    65    95     2    24    46
    22     8     9   112   128    74     1    43
    23     7     2    66   111   110     7    27    31    33    36    37    39    43
    24     8     4     4    12     9     2    35    48
    25     6     8    56   142   152     2    37    42
    26     1     2     0    20    47     3    36    37    46
    27     3    12   143   173   170     1    47
    28     2     0    26    10    21     3    37    41    47
    29     5     2    41    16    38     2    31    49
    30    10     9    88   170   161     1    50
    31     4     0    35    27    28     1    50
    32     2     4    37    86    37     2    35    46
    33     5     9    60    96    66     1    36
    34     8     6    98   142   139     1    49
    35     4     4     6    12    53     1    51
    36     1     3   124    25    70     1    41
    37     2     3    48    48    64     1    46
    38     1     9    98   123    74     1    49
    39     7    12   143   173   170     1    42
    40     1    10    18   147   104     1    51
    41     1     4     8    38    68     1    42
    42     5     0   121   114    68     1    46
    43     2     1    99    16    14     1    51
    44    10    11    18    59   102     2    47    48
    45     7     8    56   142   159     1    46
    46    10     8   118   161   108     2    47    48
    47     3     3     9    19    15     2    49    50
    48     8     6    15    31    31     1    50
    49     1     6    13   103    60     1    51
    50     7     3    12    45    87     1    51
    51     0     0     0     0     0     0
--------------------------------------------------------------------------------
INFORMATION OF PROJECT 6:
#jobs  release  duedate
    52     0   130
#local resources
     2
R_L1   R_L2   
    18   115
jobnr.  dur.  r_G1  r_G2  r_L1  r_L2  #succ.  successors
     0     0     0     0     0     0    11     1     3     6    12    14    24    25    34    38    40    49
     1     6   119   151    18   115     2     2    18
     2     1   110   145    16   110     3     4    21    26
     3     1    54    18    16    52     3     4    22    23
     4     1    60    91     8    73     1     5
     5     3   110   145    18   114     2     7    41
     6     1   110   145    16   110     3     8    18    29
     7     2   119   151    18   115     1     8
     8     3    28    59    11    16     1     9
     9     1    59    41    10    52     2    10    35
    10     9    28    59    11    16     2    11    37
    11    10   108    78    12    90     3    13    31    32
    12    10    91    92     7    99     9    13    16    17    22    23    29    31    41    43
    13     1    99   124     9    82     2    15    28
    14     1     9     6     0     1     3    17    22    33
    15     4    45    12    14    47     1    17
    16     1    75    73    13    80     2    17    32
    17     4    94   105    13    81     1    19
    18     5    51   104     7    62     1    51
    19     8    11    18    12    49     5    20    27    30    44    45
    20     5    12     7     3    21     1    50
    21     8   107    78     6    90     1    47
    22     8     9     6     2     5     1    47
    23     7    98   137    13    89     5    26    27    28    30    31
    24     8    75   117    13    84     1    26
    25    10    65   133     2    63     1    51
    26     2    35     7    13    24     1    39
    27     4    11    28     5    31     1    36
    28     8    35    18     2    30     2    30    33
    29     9    84    39    12    55     1    51
    30     2    36    18    11    52     1    43
    31     4    11    21     9    32     1    51
    32     1    54    88     4    48     1    51
    33     3    12    12     1    29     2    42    45
    34     3    50    54     8    37     1    51
    35     9    11    72     2    25     3    36    41    46
    36     2    69    83     8    61     1    51
    37     4    50    50    10    42     1    51
    38     8    97   111     9    83     1    47
    39     6   107   117    15    86     2    45    48
    40     2    96   107     3    37     2    43    48
    41     2    20    14     4    23     1    51
    42     5    16    40     3    15     4    44    46    47    50
    43     2    53    54     1    42     1    51
    44     9     1    34     1    20     1    51
    45    10     2     3    10    20     1    46
    46     1    53    89    13    23     1    51
    47     2     1     0     1    29     1    51
    48     2     2    67     6    18     1    50
    49    10    83   110     3    49     1    50
    50     8    13    28     4    26     1    51
    51     0     0     0     0     0     0
--------------------------------------------------------------------------------
INFORMATION OF PROJECT 7:
#jobs  release  duedate
    52     0   171
#local resources
     2
R_L1   R_L2   
   170   143
jobnr.  dur.  r_G1  r_G2  r_L1  r_L2  #succ.  successors
     0     0     0     0     0     0     9     1     8    16    18    23    27    29    34    40
     1     4   113   111   170   143     1     2
     2     6   113   111   170   143     1     3
     3     4   113   111   170   143     1     4
     4     9   113   111   170   143     1     5
     5     2    44    61    85   103     1     6
     6     2     2     3    19   125     2     7    33
     7     1   113   111   170   143     2     9    36
     8     7   111   108   151    18     1     9
     9     2    29    52    82   101     8    10    19    20    22    25    28    30    41
    10     7   113   111   170   143     4    11    24    32    39
    11     4   113   111   170   143     4    12    24    26    28
    12     7     4     5    15     8     1    13
    13     1    44    13    50    19     1    14
    14     2   113   111   170   143     3    15    31    48
    15     9    29    11    14    84     1    17
    16     8    69    50    85    40     2    28    38
    17     8     0     3     9     8     1    51
    18     9    73    64   100    81     1    51
    19     2    17    54    70    78     2    21    32
    20     1    86   106   155   127     1    50
    21     1    86   106   155   119     1    41
    22     9    67    78   155   124     1    50
    23     9    73    62   135   108     1    51
    24     2    28    48    37    63     1    46
    25     2    86   106   155   119     1    44
    26     1     0     2     6    38     1    44
    27     6   109   106   155   135     4    32    37    41    42
    28     5    29    50    79    11     3    37    42    45
    29     1    57    60   120    18     3    35    38    41
    30     2    40    47    70    11     2    35    38
    31     9    27     0     5    16     1    49
    32     2   109   106   155   135     1    42
    33     2    44    58    76    95     1    38
    34     3    73    62   135   108     1    51
    35     5    86   106   155    89     4    36    39    49    50
    36     1    24    28    61   124     1    42
    37     7    46    63   130    76     1    47
    38     1    89    83   109    19     1    39
    39     8    86   106   155   127     3    44    45    50
    40    10    84    59    88    42     3    43    44    50
    41     1    29     8     5    21     2    42    44
    42     8    86   108   161   127     1    46
    43    10    84   100   156    59     1    45
    44     3    58    60   119    56     1    46
    45     1   113   108   161   135     1    46
    46     7   113   108   161   135     2    47    48
    47     7    46    33    15    19     1    49
    48    10    40    47    35    24     1    51
    49    10    40    49    35    35     1    51
    50     9   113   111   170   143     1    51
    51     0     0     0     0     0     0
--------------------------------------------------------------------------------
INFORMATION OF PROJECT 8:
#jobs  release  duedate
    52     0    97
#local resources
     2
R_L1   R_L2   
    14    13
jobnr.  dur.  r_G1  r_G2  r_L1  r_L2  #succ.  successors
     0     0     0     0     0     0    16     1     2     3     4     5     6     7     8     9    10    11    12    13    14    17    18
     1     2     5     7     0     0     7    19    20    21    22    23    28    32
     2     3     3     0     3     0     7    15    19    20    21    22    35    49
     3     2     4     8     0     0     7    15    19    20    22    35    49    50
     4     8     0     2    10     0     7    15    23    27    28    32    35    50
     5     2     0     8     0     3     8    19    22    26    31    32    36    49    50
     6     4     0     4     8     0     7    16    22    26    28    32    35    48
     7     5     0     8     6     0     6    21    22    23    24    27    29
     8     4     2     0     4     0    10    22    23    25    26    27    29    33    36    49    50
     9     2     0     4     0    10     6    21    22    29    31    32    35
    10     6     0    10     7     0     8    22    25    33    35    36    48    49    50
    11    10     5     0     0     8     4    19    22    36    49
    12     5     9     9     0     0    12    30    33    34    35    41    42    45    46    47    48    49    50
    13     6     0     4     9     0     8    25    30    31    33    34    36    46    50
    14     7     0     0     6     9     6    22    29    33    35    48    49
    15     8     0     4     0     3     7    26    31    33    34    36    41    46
    16     8     0     3     0     6     6    25    29    33    34    46    47
    17     9     7     0     0     5    10    29    36    41    42    43    44    45    46    47    49
    18     5     0     1     4     0     7    27    30    32    34    44    46    49
    19     8    10     0     7     0     6    25    29    33    46    47    48
    20     7     6     0     0     1     6    26    31    33    36    41    46
    21    10     0     0    10     8     9    33    36    39    40    41    42    45    47    50
    22     4     0     0     8     6     8    30    34    38    41    42    44    46    47
    23     6     3     0     1     0     8    30    38    41    42    44    46    47    48
    24    10     9     0     0    10     6    28    37    39    41    42    48
    25     3     0     4    10     0     6    37    38    40    41    42    45
    26     7     4     0     6     0     6    37    39    40    43    45    47
    27    10     0     5     6     0     4    38    40    41    42
    28     8     0     3     4     0     3    36    43    49
    29     1     7     7     0     0     1    30
    30     9     2     7     0     0     3    37    39    40
    31    10    10     7     0     0     3    37    39    48
    32     3     6     1     0     0     3    42    43    45
    33    10     0     6     8     0     2    37    44
    34     5     4     0     9     0     2    37    43
    35     2     5     0     0     7     2    38    39
    36     9     5     0     0     7     1    38
    37     4     0     1     0     3     1    51
    38     5    10     9     0     0     1    51
    39     5     6     6     0     0     1    51
    40     7     6     0     9     0     1    51
    41    10     0     9     8     0     1    51
    42     2     1     0     2     0     1    51
    43     4     0     2     0     4     1    51
    44    10    10     9     0     0     1    51
    45     3     5     0     2     0     1    51
    46     7     0     0     3     5     1    51
    47    10     0     5     0     4     1    51
    48     9     0     0     5     8     1    51
    49     3     0     5     6     0     1    51
    50     4     8     0     3     0     1    51
    51     0     0     0     0     0     0
--------------------------------------------------------------------------------
INFORMATION OF PROJECT 9:
#jobs  release  duedate
    52     0    61
#local resources
     2
R_L1   R_L2   
    16    21
jobnr.  dur.  r_G1  r_G2  r_L1  r_L2  #succ.  successors
     0     0     0     0     0     0    18     1     2     3     4     5     6     8     9    10    12    13    14    15    16    20    22    24    50
     1     7     7     0     0     8     5     7    17    26    46    49
     2     7     0     0     5     5     9    18    23    25    29    30    32    33    45    47
     3     8     5     0     0     5     5    11    25    28    29    34
     4     8     1     0     0     3    11    25    27    29    30    32    35    36    43    44    45    48
     5     1     0     5     6     0     8    18    25    26    29    30    33    36    37
     6     6     8     0     0     9     8    19    23    25    33    34    36    45    47
     7     6     0     4     0     9     8    19    30    32    35    42    45    47    48
     8     1    10     0     9     0     8    25    29    30    32    33    42    43    45
     9     1     0     1     7     0     8    21    26    29    30    40    45    47    48
    10     6     1     0     0     8     7    25    26    29    34    42    45    48
    11     8     9     0     0    10    10    30    31    38    39    40    42    43    45    47    49
    12     8     5     4     0     0     7    27    31    38    40    41    45    47
    13     4     3    10     0     0     4    18    30    42    49
    14     5     0     6     0     5     3    17    46    47
    15     1     0     5     8     0     7    37    40    42    45    46    47    48
    16     3     6     0     0     2     6    29    34    38    40    42    44
    17     1     0     0     6     3     6    31    38    39    41    43    45
    18     5     9     0     0    10     6    38    39    40    41    43    48
    19     6    10     6     0     0     5    29    38    40    43    44
    20     6     0     7     4     0     4    35    40    42    47
    21     9     0    10     5     0     4    38    39    43    46
    22     2     8     0     1     0     4    41    44    45    46
    23     5     2     0     0     9     3    39    40    42
    24     9     1     0     0     7     3    38    40    47
    25     8     4     0     0     6     2    40    46
    26     9     8     0     2     0     2    38    43
    27     4     0     5     7     0     2    39    42
    28     5     2     0     3     0     2    38    39
    29     6     0     8     0     8     1    39
    30     7    10     0     0     8     1    41
    31     5     0     1     0     5     1    44
    32     1     0     0     3     7     1    41
    33     9     8     0     9     0     1    44
    34     5     2     0     0    10     1    41
    35     7     0     7     0     5     1    38
    36     3     6     0     0     6     1    42
    37     5     2     0     8     0     1    38
    38    10     3     9     0     0     1    51
    39     7     5    10     0     0     1    51
    40     6     0     2     4     0     1    51
    41     7    10     4     0     0     1    51
    42     3     0     1     0     9     1    51
    43     4    10     0     3     0     1    51
    44     4     0     8    10     0     1    51
    45    10     0     6     8     0     1    51
    46     1    10     0     0     3     1    51
    47     8     4     0     0     1     1    51
    48     8     5     0     0     7     1    51
    49     4    10     3     0     0     1    51
    50     1     6     0     0     6     1    51
    51     0     0     0     0     0     0
--------------------------------------------------------------------------------
INFORMATION OF PROJECT 10:
#jobs  release  duedate
    52     0   156
#local resources
     2
R_L1   R_L2   
    17    12
jobnr.  dur.  r_G1  r_G2  r_L1  r_L2  #succ.  successors
     0     0     0     0     0     0    11     1    11    14    26    29    32    36    37    39    44    46
     1     3   120    39    17    12     4     2    19    40    41
     2     7   120    39    17    12     2     3    18
     3     5   120    39    17    12     1     4
     4     4   120    39    17    12     1     5
     5     3    76    19    11     2     3     6    33    34
     6     3    72    19     5     2     2     7    31
     7     3   120    39    17    12     2     8    31
     8    10   120    39    17    12     3     9    16    25
     9     1   120    39    17    12     3    10    20    47
    10     1     9     2     5     0     2    12    23
    11    10    30    20     4    10     5    21    22    23    24    27
    12     2   120    39    17    12     3    13    22    42
    13     4     3     4     8     6     4    15    27    28    30
    14    10   108    29     9     0     1    51
    15     1    33    24     5    10     2    17    38
    16     3    20     9     6     0     3    28    41    45
    17     3    48    24    12    11     3    21    33    48
    18     1   111    33    12     7     5    21    23    33    41    49
    19    10   111    29     5     7     2    31    40
    20     2    20    18    12     4     1    51
    21    10    33     6     5     1     1    51
    22    10    54     9     3     0     1    51
    23     7     7     6    12     2     1    51
    24     5   111    33     5     6     1    45
    25     6    24    18     9     9     1    51
    26     5    57    24    12     7     1    33
    27     1     3     0     0    11     1    40
    28     1   120    39    17    12     2    35    40
    29     8   104    30    12     1     1    51
    30     1     8    10     8     0     1    38
    31     1    90    18     8     0     1    35
    32     4    48    20    12     5     2    40    41
    33     9    20     3     4     6     1    51
    34     2    33    27     8     4     1    51
    35    10    63     9     5     0     1    51
    36     4    21    18     2     9     1    45
    37    10    44    14     6    10     1    47
    38     4    57    12     9     6     1    41
    39    10    29    20     8     6     3    41    42    43
    40     7    45    12    10     2     1    43
    41     1    97    21     5     0     1    51
    42     4    87    33    12     7     3    45    49    50
    43     7     3    10     4    10     1    51
    44    10    67    24     5     5     2    45    50
    45     7     9     6     0     1     1    51
    46    10    44    14     4    10     3    48    49    50
    47     7    21    17     0     6     1    48
    48     4     4     3     0     5     1    51
    49     6    16     8     0     8     1    51
    50     4    87    11     5     2     1    51
    51     0     0     0     0     0     0
--------------------------------------------------------------------------------
INFORMATION OF PROJECT 11:
#jobs  release  duedate
    52     0   162
#local resources
     2
R_L1   R_L2   
   173   170
jobnr.  dur.  r_G1  r_G2  r_L1  r_L2  #succ.  successors
     0     0     0     0     0     0     8     1     8    16    20    22    23    34    44
     1     4    12   143   173   170     2     2    27
     2     6    12   143   173   170     1     3
     3     7    12   143   173   170     4     4    26    32    42
     4     1    10   143   173   166     1     5
     5     4    10   143   173   166     3     6    32    37
     6     5     2   125    25    70     2     7    33
     7     2    12   143   173   170     2     9    30
     8     8    10    18   148   100     5     9    31    38    40    41
     9     3    10   143   173   166     4    10    19    29    43
    10     8     7    42    66    86     4    11    25    28    30
    11    10     9    19    62    44     3    12    21    25
    12     5     2    16    12    16     1    13
    13     1     8     7    56    32     2    14    18
    14     2     1     6    10    67     1    15
    15    10     4    87    31    16     1    17
    16    10     3    56   142   150     1    51
    17     8     0    19     0     9     1    51
    18    10     3    47     1     0     1    51
    19     2     0    55    85     5     1    42
    20    10     4   101    87    84     5    33    36    38    39    47
    21     6     3    27    65    96     2    24    46
    22    10     7   112   128    63     1    51
    23    10     2   119   111    84     4    27    30    39    45
    24     8     4     4    12     9     2    35    48
    25     6     6    54   142    66     3    32    37    42
    26     7     2     0     0     4     1    42
    27     9    10   143   173   166     1    51
    28    10     0     5    10    48     1    47
    29     6     2    41     6    38     1    31
    30     2     0    52     0     5     1    42
    31     6     0     3    10    64     1    50
    32     2     4    40    86    41     1    46
    33     5     8    57    66    65     2    36    37
    34     9     4    99    61   139     1    49
    35     2     4     6     1     0     1    51
    36     3     1   124    25    70     1    41
    37     2     3    50    81    10     1    48
    38     2     9    60    76   143     1    48
    39     9    10   143   173   166     1    51
    40     9    12    72   163   106     4    41    42    43    47
    41     1     5     0   107    17     1    42
    42     5     0   117   114    68     1    46
    43     2    10    19    76    26     1    46
    44    10     9    19    59   102     1    48
    45     7     6    56   142   139     2    46    50
    46    10     7   118   151    94     1    48
    47     6     0     9     4    13     3    48    49    50
    48     7     8    44   112    31     2    49    50
    49     3     0    12    45    56     1    51
    50     7     4    12    45    98     1    51
    51     0     0     0     0     0     0
--------------------------------------------------------------------------------
INFORMATION OF PROJECT 12:
#jobs  release  duedate
    52     0    98
#local resources
     2
R_L1   R_L2   
    12    14
jobnr.  dur.  r_G1  r_G2  r_L1  r_L2  #succ.  successors
     0     0     0     0     0     0    14     1     2     3     4     5     6     7     8     9    11    13    18    19    24
     1     4     2     1     0    10     8    10    12    20    23    27    28    29    31
     2     8     0     0     4    10     9    10    14    20    23    25    26    28    29    50
     3     8     1     0     9     0    10    20    21    27    29    30    31    33    37    47    49
     4     4     3     0    12     1    11    16    27    30    32    33    36    37    46    47    49    50
     5     1     0     4     9     0     7    17    22    26    27    35    46    48
     6     1     0     8     6     9     6    15    20    29    30    36    47
     7     5     9     0     7     0     8    15    26    27    29    32    36    39    47
     8     6     8     1     0     9     8    15    26    30    32    34    35    39    47
     9     3    10     7     0     6     6    22    35    38    46    47    49
    10     5     0     0    10     4    11    30    32    33    35    36    37    38    45    46    48    49
    11     7     7     4     0     2     4    20    30    34    37
    12     4     2     0     3     1     7    30    32    33    35    39    47    49
    13     4     2     0     5    10     7    27    30    32    36    38    46    47
    14     8     0     0    10     6     8    32    33    36    38    44    45    46    47
    15     3     0     9     3     0     7    33    37    38    44    45    46    49
    16     8     0     0     5     2     7    34    38    39    41    44    45    48
    17     9     1     0     0     3     3    30    47    49
    18     4    10     3     0     0     4    31    44    45    47
    19    10    10     1     1     1     3    23    30    36
    20     4     0     0     3     6     7    32    35    39    42    43    46    48
    21     6     4     4     0     0     7    34    36    42    44    45    46    48
    22     7     5     0     0     8     3    32    33    43
    23     8     0    10     4     0     7    37    40    41    42    44    47    48
    24     8     0     2     4     0     6    32    42    44    46    47    48
    25     2     7     7     0     0     5    41    42    43    44    46
    26     3     0     7     0     9     5    37    40    41    42    44
    27     8     0    10     1     3     5    34    35    41    42    45
    28     6     0     1     0     7     4    32    36    38    48
    29     5     0    10     7     0     5    41    42    44    45    46
    30    10     0     9     4     0     4    40    41    42    44
    31     2     9     0     1     0     4    40    41    42    48
    32     1     2     0     4     0     2    40    41
    33     2     0     9     2     0     2    40    41
    34     7     0     0     1     3     2    40    43
    35     2     0     1     4    10     2    40    41
    36     3     0     7     0     6     1    51
    37     3     3     1     0     0     1    43
    38    10     1     0     0     3     2    42    47
    39     2     3     0     7     3     1    40
    40    10     6     7     2    10     1    47
    41     9     0     4     5     2     1    51
    42    10    10     0     1     0     1    51
    43     1     0     7     1     1     1    51
    44     9     0     4    10     0     1    47
    45     3     4     6     1     0     1    51
    46     1     7     4     2     7     1    51
    47     6     0     3     7     8     1    51
    48     4     0    10     5     6     1    51
    49     1     0    10    10     0     1    51
    50     9     0     3     0     4     1    51
    51     0     0     0     0     0     0
--------------------------------------------------------------------------------
INFORMATION OF PROJECT 13:
#jobs  release  duedate
    52     0   143
#local resources
     2
R_L1   R_L2   
   170   143
jobnr.  dur.  r_G1  r_G2  r_L1  r_L2  #succ.  successors
     0     0     0     0     0     0    10     1     8    19    20    22    23    26    34    44    45
     1     3   173    12   170   143     2     2    40
     2     4   173    12   170   143     1     3
     3     9   173    12   170   143     1     4
     4     6   173    12   170   143     1     5
     5     6   173    12   170   143     3     6    32    35
     6     3    13     1    66   125     3     7    16    33
     7    10   173    12   170   143     4     9    27    38    43
     8     9   148     9   100    18     5     9    30    38    39    41
     9     1   173    12   168   140     2    10    29
    10     4    64    10    58    47     4    11    25    28    38
    11     3    52     9    49    19     2    12    21
    12     1    48     0    16    18     2    13    24
    13     1    39     8     3    16     2    14    18
    14     3    10     1    55    18     1    15
    15     7    21     4    11    70     1    17
    16     1    25     5    69     5     1    46
    17    10     0     0     9    19     1    51
    18     7     0     3     0    36     1    51
    19     4    12     1     9    27     1    36
    20     9   119     4   108   101     1    51
    21     6    80     4    72    50     2    24    46
    22     9   128     8    63   112     1    51
    23    10   109     1   110    93     4    27    32    37    40
    24     7    12     5     9     4     1    51
    25     1   152     8   152    61     3    35    37    42
    26     9     0     2     4    52     1    43
    27     5   173    12   168   140     1    51
    28     4    10     0    46    19     1    32
    29     3    14     0    38    29     3    31    35    42
    30     3     0     0     2     3     1    38
    31     7     0     0    51    22     1    32
    32     3    53     7    88    46     1    46
    33     5    53     7    21    57     1    36
    34     7    85     6   139    98     1    37
    35     4    40     0     6    10     1    50
    36     1    25     3    70   124     1    41
    37     1    24     5    50    26     1    51
    38     1    52     6    53    42     1    51
    39     7   173    12   168   140     1    51
    40     9   160     5   104    18     1    41
    41     2    45     4    82     9     1    42
    42     8   114     1    67   121     1    46
    43     1    24     3    16    23     1    51
    44     9    59    11   103    18     1    47
    45    10   152     7   159    73     2    47    50
    46     4   149     6   104   117     1    47
    47     5    30     1    13     1     2    48    49
    48     8    40     6    31    23     1    50
    49     3    45     4    56    12     1    51
    50     8    45     3    98    12     1    51
    51     0     0     0     0     0     0
--------------------------------------------------------------------------------
INFORMATION OF PROJECT 14:
#jobs  release  duedate
    52     0   132
#local resources
     2
R_L1   R_L2   
   119   151
jobnr.  dur.  r_G1  r_G2  r_L1  r_L2  #succ.  successors
     0     0     0     0     0     0     5     1    12    16    25    49
     1     3    18   115   119   151     7     2     3     6    18    23    43    47
     2     2    18   110   107   133     1     4
     3     1     0     5    12    18     4     6    14    22    48
     4     1     9    16    28    59     2     5    40
     5     4    18   115   119   151     4     7    22    23    41
     6     1    18   115   119   151     1     9
     7     9    18   115   119   151     1     8
     8     5    12    63    48    86     1     9
     9     1     6    48    37    18     3    10    35    41
    10     9    11    16    28    59     2    11    37
    11    10    12    83    65    73     3    13    30    31
    12    10     7    99    91    92     9    17    21    22    23    29    30    31    34    41
    13     1     9    97   108   130     3    15    28    43
    14     1     0     5    11    88     1    51
    15     3    14    50    45    17     2    17    26
    16     1     0    52    71    63     5    17    26    30    32    37
    17     6    15    82    65   111     2    19    44
    18     9     7    61    85   103     2    24    41
    19     8    15    49    11    18     3    20    27    43
    20     1     2    21    12     7     2    36    50
    21     4     8    89   107   143     2    36    38
    22     2     0     5    19     6     1    41
    23    10    16    94   100   133     6    26    27    28    31    37    48
    24     5    16    85    65   111     3    26    38    40
    25    10     1    63    65   133     1    26
    26     2     2     6     2    38     1    39
    27     5     5    44    22    66     2    36    46
    28     3     2    30    54    18     2    33    41
    29    10    12    54    44    14     2    41    46
    30     1    11    48    34    18     2    43    45
    31     4     9    18    11    21     1    51
    32     2     8    65    95   142     1    51
    33     3     4    50    24     9     1    42
    34     4     8    47    36    54     2    47    48
    35    10     0    32    54    78     1    51
    36     3     9    46    23    58     1    51
    37     6    10    44    34    27     1    51
    38     2     9    52    74    92     2    43    47
    39     3    11    88   107   117     1    45
    40     3     0    66    96    51     1    48
    41     1    10    23    10    13     1    46
    42     5     3    33    20    40     3    44    47    50
    43     1     1    31    23    41     1    51
    44     9     1     4     1    34     1    51
    45    10    10    16    10     8     1    51
    46     3     1    30    20     7     1    51
    47     4     3     1     0     0     1    51
    48     2     6    15    11    59     1    51
    49    10     3    49    82   110     1    50
    50     6     4    26    12     8     1    51
    51     0     0     0     0     0     0
--------------------------------------------------------------------------------
INFORMATION OF PROJECT 15:
#jobs  release  duedate
    52     0    87
#local resources
     2
R_L1   R_L2   
    14    14
jobnr.  dur.  r_G1  r_G2  r_L1  r_L2  #succ.  successors
     0     0     0     0     0     0    16     1     5     7     8     9    11    13    18    19    20    21    22    23    44    45    46
     1     7     1     1     3    14     5     2    31    34    35    38
     2     6     0     0     8     2     3     3    32    36
     3     6     9     7     0     3     5     4    16    29    30    33
     4     5     6     7     7     0     4     6    25    26    27
     5     2     0     9     0     9     5    10    26    35    40    41
     6     2     4     0     9     0     2    10    28
     7     6     0     5     0     6     4    25    31    32    42
     8     8     0     1     0     7     3    15    26    29
     9     8     4     0     2    10     3    14    15    17
    10     5     3     0     0    10     1    12
    11     8     0     4     3     0     2    25    27
    12     6     6     4     3     0     1    14
    13     7     0     0     6    10     2    31    37
    14     3     0     0     8     6     2    15    43
    15     2     6     0     8     0     1    24
    16     7     0     0     1     7     1    24
    17     4    12    10     0     0     1    25
    18    10     0     6     0     6     1    30
    19     9     0     4     6     0     1    25
    20     1    10     0     6     0     1    25
    21     3     0     4     1     0     1    39
    22     2     9     4     0     4     1    50
    23     6     0     6     0     5     1    25
    24     7     3     0     3     0     1    51
    25    10     7     0    13     0     1    26
    26     8    12     4     8     0     1    39
    27     7     4     3     0     0     1    51
    28     4     3     0     6     0     1    51
    29     8     3    10     0     0     1    49
    30     3     1     3     0     9     1    32
    31     9     9     0     1     0     1    51
    32     4     2     0     0     8     3    37    40    50
    33     7     0     0    10     1     1    51
    34     2     2     0     2     0     1    51
    35    10     0     8     2     0     1    51
    36     6     0     1     0     4     1    51
    37     4     4     0     1     0     1    51
    38     2     2     0     5     0     1    39
    39     6     4     0     0     4     1    51
    40     1     2     0     0     1     1    50
    41     8     9     0     6     0     1    47
    42     8     0     0    10     6     1    51
    43     8     3     0     0     7     1    51
    44     4     5    10     0     0     1    51
    45     1     0     4     2     0     1    51
    46     2     0     7     0     9     1    48
    47    10     4     0     4     0     1    51
    48     7     0     2     0     5     1    51
    49     7     2     0     0     4     1    51
    50     9     1     0     5     0     1    51
    51     0     0     0     0     0     0
--------------------------------------------------------------------------------
INFORMATION OF PROJECT 16:
#jobs  release  duedate
    52     0    44
#local resources
     2
R_L1   R_L2   
    21    24
jobnr.  dur.  r_G1  r_G2  r_L1  r_L2  #succ.  successors
     0     0     0     0     0     0    19     1     2     3     4     5     7     8     9    11    12    13    14    17    19    21    24    25    27    50
     1     2     0     0     7     4    11    10    15    18    26    29    40    43    44    45    47    49
     2     4     0     6     0    10     7     6    16    18    29    30    40    46
     3     3     7     1     0     0     5     6    18    40    47    49
     4     9     0     4     1     0    11    18    20    26    34    39    40    41    43    44    47    48
     5     6     0     4     0     3    11    18    20    34    37    39    40    41    43    44    45    46
     6     9     0     0     9    10     8    15    33    34    35    37    38    44    45
     7    10     0     9     0     1     9    18    22    34    36    37    40    43    45    48
     8    10     0     3     0     1     9    23    30    33    34    36    37    41    45    49
     9     1     0     0    10     7     8    20    29    37    41    43    44    46    47
    10     8     0     1     2     0     6    22    32    34    35    37    48
    11     6     3     0     0     3     9    31    32    33    35    36    38    39    40    46
    12     3     0     1    10     0     4    18    36    42    43
    13     5     0     0     9     9     6    28    29    33    35    39    41
    14     3     8     9     0     0     6    28    30    33    39    40    43
    15     2     0     3    10     0     4    20    28    39    41
    16     9     0     7     4     0     3    22    34    43
    17     9     0     9     0     2     6    32    34    37    40    44    45
    18     1     3     0     2     0     4    28    32    33    35
    19     5     0     1     0     6     1    22
    20    10     0     0     9     1     4    31    32    36    42
    21     5     1     0     3     0     4    31    33    34    38
    22     3    10     0     8     0     3    28    33    38
    23    10     0     0     6     5     3    28    35    40
    24     8     6     0     3     0     3    29    36    39
    25    10     0    10     0     4     3    35    37    39
    26     5     0     8     5     0     2    37    38
    27     6     1     0     2     0     2    31    32
    28     4     0     2     1     0     1    31
    29     8     2     1     0     0     1    34
    30     3     0     6     0     3     1    32
    31     6     0     1     0     8     1    51
    32     7     8     1     0     0     1    51
    33     3    10     0     0     8     1    51
    34     4     0     5     0     5     1    51
    35     2     0     5     1     0     1    51
    36     6     0     1     0     9     1    51
    37     1     0     8     0     9     1    51
    38     2     8     0     0     3     1    51
    39     2     0     0     9     9     1    51
    40     8     0     8     0     2     1    51
    41     3     3     0     0     4     1    51
    42     4     0     4     2     0     1    51
    43     8     6     8     0     0     1    51
    44    10     3     0    10     0     1    51
    45     6     0     9     0     7     1    51
    46     3     0     0     7     9     1    51
    47    10     0     8     6     0     1    51
    48    10     7     0     0     5     1    51
    49     1     0     0     3     5     1    51
    50     3     0     4     0     7     1    51
    51     0     0     0     0     0     0
--------------------------------------------------------------------------------
INFORMATION OF PROJECT 17:
#jobs  release  duedate
    52     0   174
#local resources
     2
R_L1   R_L2   
   111   143
jobnr.  dur.  r_G1  r_G2  r_L1  r_L2  #succ.  successors
     0     0     0     0     0     0     6     1     8    16    20    35    37
     1     1   113   170   111   143     2     2    23
     2     6   113   170   111   143     2     3    34
     3     3   113   170   111   143     5     4    18    25    41    43
     4     5   113   170   111   143     1     5
     5     1    94    85    61   103     1     6
     6     2     8    69     1   105     3     7    19    33
     7     6   113   170   111   143     1     9
     8     8   105   101   110    38     3     9    21    30
     9     2    27    82    56   103     2    10    27
    10     5   113   170   111   143     3    11    38    50
    11     3   113   170   111   143     6    12    24    26    28    29    39
    12     8   113   163   109   133     1    13
    13     2    94    69    61    32     1    14
    14     9   113   170   111   143     3    15    31    48
    15     9    24    13     9    91     1    17
    16    10    19    85    50    40     3    26    38    50
    17     7     0     9     3    18     1    51
    18    10    73   135    65   132     1    51
    19     7   113   161   108   125     1    27
    20     1   113   161   108   125     3    22    40    50
    21     2    81   157   104   117     1    51
    22     5   113   161   108   125     1    51
    23    10    73   135    62   112     1    51
    24     2    88    47    32    12     2    32    45
    25     2   113   161   108   125     2    29    38
    26     5     0     7     2    10     1    46
    27     1   113   161   108   125     1    36
    28     3    19    82    50   103     3    32    42    45
    29     4     6    15    26    10     3    32    42    45
    30     1   113   161   108   125     1    51
    31     9    32    13     7    26     1    49
    32     7   113   161   108   125     1    46
    33     2    75    85    61    62     1    39
    34     4    62   126    62   107     1    50
    35     4    81   157   102    52     2    44    49
    36     1    19    33    34    75     1    41
    37     6    19   101    50   111     1    45
    38     3    89   137    77    42     2    39    41
    39     6   113   161   108   125     1    42
    40     6    86    88    55    40     1    45
    41     1    27     6     7    81     1    42
    42     3    81   148   101    99     1    46
    43     3    81   157   102    52     1    45
    44     1    75   142    78    99     1    46
    45     9   113   161   108   125     1    46
    46     6   113   161   108   125     2    47    48
    47     6    19    31    42    10     1    49
    48     8    40    35    46    11     1    51
    49    10    40    35    49    31     1    51
    50     7   113   170   111   143     1    51
    51     0     0     0     0     0     0
--------------------------------------------------------------------------------
INFORMATION OF PROJECT 18:
#jobs  release  duedate
    52     0    91
#local resources
     2
R_L1   R_L2   
    14    10
jobnr.  dur.  r_G1  r_G2  r_L1  r_L2  #succ.  successors
     0     0     0     0     0     0    12     1     2     4     7     9    10    11    15    18    21    23    49
     1     4     1     0     6     3     7     3    20    30    31    45    46    48
     2     3     7     3     1     0     7     5    20    40    41    42    44    45
     3     3     0     4     6     0     6     6    34    40    41    42    47
     4     2     5     0     0     4    11    16    20    25    31    34    36    39    40    41    42    46
     5     1     0     1     5     0     5     8    27    30    34    46
     6     8     0     2     8     0     5     8    28    43    44    48
     7     3     9     9     2    10     9    14    27    28    31    33    38    42    43    44
     8     4     0     3     0     6     5    12    17    35    37    39
     9     9     0     0    10     5     5    13    17    28    36    40
    10     8     2     0     0     1     6    16    34    38    40    43    45
    11    10     2     9     0     9     6    19    37    40    41    42    43
    12     3    10    10     4     1     2    16    36
    13     9     0     9     5     0     5    24    25    32    34    35
    14     8     0     9     1     0     5    29    34    36    37    39
    15     3    10     8     0     8     4    29    30    35    41
    16     8     0     0     5    10     3    22    32    35
    17     7     6     0     7     0     4    29    35    36    47
    18     2     0     9     0     1     3    26    32    48
    19     1    13     6     9     3     2    27    45
    20     4     3     0     7     0     2    32    35
    21     9     4     0     0     9     1    34
    22    10     7     0     1     0     1    24
    23     3    10     4     0     6     2    33    34
    24     1     0     0     9     1     1    26
    25     6     0     4     4     0     1    26
    26     4     0     2     6     0     1    33
    27     4     0     0     2     6     1    32
    28     9     6     0     0     0     1    37
    29     3     9    10     0     0     1    32
    30     7     8     0     0     1     1    51
    31     9     2     3     0     0     1    32
    32     4     0     3    10     0     1    41
    33     1     8     0     2     0     1    51
    34     1     0     1     6     0     1    51
    35     8    11     0    10     0     1    51
    36     3     0     0     7     1     1    41
    37     3     0     3     5     0     1    41
    38     9     6     0     0     8     1    51
    39     8     0     0     4     1     1    42
    40     4     6     7     0     0     1    43
    41    10     2     0     6     0     1    51
    42     2     0     0     4     5     1    51
    43     4     9     0     8     0     1    51
    44     2     0     0     2     7     1    51
    45     3    10     0     0     5     1    51
    46     6     4     0     4     0     1    48
    47     7     0     2    10     0     1    51
    48    10     0    10     0     1     1    51
    49     7     5     0     0     6     1    50
    50     4     0     0     3     6     1    51
    51     0     0     0     0     0     0
--------------------------------------------------------------------------------
TRANSFER TIMES OF GLOBAL RESOURCE G1
 DEPOT    P1    P2    P3    P4    P5    P6    P7    P8    P9   P10   P11   P12   P13   P14   P15   P16   P17   P18
     0    18    11    18    17    20    24    13    12    25    30    19    24    24    12    23    19    28    26
    18     0    29     7    34    38    30     8     9    22    16    28    30    41     8    37    26    23    41
    11    29     0    28    10    11    29    23    23    31    39    19    28    16    22    17    24    36    18
    18     7    28     0    32    36    24    12     6    28    22    31    24    37     7    39    20    16    42
    17    34    10    32     0     5    25    29    27    40    46    28    25     8    26    24    22    36    24
    20    38    11    36     5     0    29    32    31    41    49    28    29     7    30    23    26    40    21
    24    30    29    24    25    29     0    31    23    47    45    43     1    26    23    45     6    15    46
    13     8    23    12    29    32    31     0     9    17    17    20    31    36     8    29    26    27    34
    12     9    23     6    27    31    23     9     0    26    24    26    23    33     2    33    18    19    37
    25    22    31    28    40    41    47    17    26     0    16    16    47    47    25    28    42    44    33
    30    16    39    22    46    49    45    17    24    16     0    30    45    53    23    41    41    37    46
    19    28    19    31    28    28    43    20    26    16    30     0    43    35    25    12    38    45    17
    24    30    28    24    25    29     1    31    23    47    45    43     0    26    24    44     6    16    46
    24    41    16    37     8     7    26    36    33    47    53    35    26     0    33    30    24    39    28
    12     8    22     7    26    30    23     8     2    25    23    25    24    33     0    32    19    20    36
    23    37    17    39    24    23    45    29    33    28    41    12    44    30    32     0    40    50     6
    19    26    24    20    22    26     6    26    18    42    41    38     6    24    19    40     0    15    42
    28    23    36    16    36    40    15    27    19    44    37    45    16    39    20    50    15     0    53
    26    41    18    42    24    21    46    34    37    33    46    17    46    28    36     6    42    53     0
--------------------------------------------------------------------------------
TRANSFER TIMES OF GLOBAL RESOURCE G2
 DEPOT    P1    P2    P3    P4    P5    P6    P7    P8    P9   P10   P11   P12   P13   P14   P15   P16   P17   P18
     0    20    17    10     4     7    16    31    17    22    15    30    27    20    23    18    23    23    27
    20     0    23    22    19    26     4    48    36    24     9    49    43     3    40    37    42    42    45
    17    23     0     8    13    17    20    29    28    37    24    33    22    25    21    29    28    33    28
    10    22     8     0     7    10    18    27    21    31    20    29    21    23    19    22    23    26    24
     4    19    13     7     0     7    15    30    19    25    16    30    25    20    22    20    23    25    26
     7    26    17    10     7     0    22    25    12    27    21    24    21    26    17    13    17    18    20
    16     4    20    18    15    22     0    45    32    22     7    45    39     5    36    33    38    38    41
    31    48    29    27    30    25    45     0    24    50    45    10     8    49     9    24    13    22     7
    17    36    28    21    19    12    32    24     0    29    29    17    24    36    19     1    12     7    17
    22    24    37    31    25    27    22    50    29     0    16    46    48    22    43    30    40    34    45
    15     9    24    20    16    21     7    45    29    16     0    44    40     8    37    30    37    36    41
    30    49    33    29    30    24    45    10    17    46    44     0    16    49    13    17     7    14     6
    27    43    22    21    25    21    39     8    24    48    40    16     0    44     6    24    15    24    10
    20     3    25    23    20    26     5    49    36    22     8    49    44     0    41    37    42    42    45
    23    40    21    19    22    17    36     9    19    43    37    13     6    41     0    19    10    19     8
    18    37    29    22    20    13    33    24     1    30    30    17    24    37    19     0    12     6    17
    23    42    28    23    23    17    38    13    12    40    37     7    15    42    10    12     0    10     6
    23    42    33    26    25    18    38    22     7    34    36    14    24    42    19     6    10     0    15
    27    45    28    24    26    20    41     7    17    45    41     6    10    45     8    17     6    15     0
--------------------------------------------------------------------------------
Additional Information: 
global resource strength = 0.5
transfer time factor = 0.5
adapted from RCPSP instances: 
[sD324, sD120, sD25, sD273, sD309, sD313, sD351, sD24, sD17, sD208, sD382, sD53, sD319, sD250, sD59, sD4, sD380, sD86]
