--------------------------------------------------------------------------------
PORTFOLIO INFORMATION:
#projects
    18
#global resources
     2
R_G1   R_G2   
   317   375
--------------------------------------------------------------------------------
INFORMATION OF PROJECT 1:
#jobs  release  duedate
    52     0   137
#local resources
     2
R_L1   R_L2   
    18   115
jobnr.  dur.  r_G1  r_G2  r_L1  r_L2  #succ.  successors
     0     0     0     0     0     0     6     1     3    12    18    25    49
     1     3   107   133    14   110     7     2     6    14    22    23    43    47
     2     9   107   133    14   110     1     4
     3     2    12    18     4     5     5     4    14    23    42    48
     4     2   119   151    18   115     1     5
     5     2   119   151    18   115     2     7    16
     6     5    96   111    15   104     1    34
     7     4   119   151    18   115     2     8    38
     8     2    28    59    11    16     1     9
     9     1    36    18     6    48     2    10    35
    10     9    28    59    11    16     3    11    37    38
    11    10    77    68    12    83     4    13    30    31    32
    12    10    91    92     7    99     7    17    22    23    29    31    34    41
    13     1    89   124     8    73     5    15    21    22    28    43
    14     7   116   115     4    76     2    17    36
    15     3    45    12    14    56     2    17    26
    16     1    46    58     0    52     4    17    37    44    47
    17     3    96   111    14    81     1    19
    18     7    85   124     7    72     3    20    24    42
    19     7    11    18    12    50     3    20    27    30
    20     5    12     4     2    21     1    50
    21     4   107   143     8    86     1    51
    22     7     9     6     0     5     1    42
    23     9    98   132    14    87     6    26    27    28    30    37    46
    24     5    58   132    16    85     5    26    32    38    40    46
    25    10    65   133     1    54     1    51
    26     1     2     1    10     5     3    31    33    39
    27     4    56    61     5    30     2    36    46
    28     7    61    19     2    30     1    33
    29     9    46    28    12    57     2    38    46
    30     4    34    18    11    43     1    32
    31     5    10    22     9    32     1    51
    32     1    10    28     5    47     1    51
    33     4    12     8     3    29     1    42
    34     4    37    53     8    47     1    36
    35     9    42    83     3    32     1    51
    36     4    11    61    14    59     1    51
    37     6    30    27    10    42     1    43
    38     2    73    92     9    39     1    47
    39     3   107   117    14    86     3    43    45    47
    40     3    96    71     0    24     2    42    48
    41     1     1    13     4    23     2    43    44
    42     5    23    40     3    11     4    44    46    47    50
    43     2    65    81     1    31     1    51
    44     9     1    34     1     5     1    51
    45    10     2     2    10    16     1    51
    46     2    20     7     0    18     1    51
    47     4     0     0     3    15     1    51
    48     2    19    63     6    15     1    50
    49     9    83   110     3    49     1    50
    50     6    12     8     4    12     1    51
    51     0     0     0     0     0     0
--------------------------------------------------------------------------------
INFORMATION OF PROJECT 2:
#jobs  release  duedate
    52     0   117
#local resources
     2
R_L1   R_L2   
    14    22
jobnr.  dur.  r_G1  r_G2  r_L1  r_L2  #succ.  successors
     0     0     0     0     0     0    11     1     4     5    10    12    17    22    23    25    35    48
     1     2     4     6     4    13     6     2    24    40    42    46    47
     2     2     2    14    13    14     7     3    11    37    40    42    46    47
     3    10    10    22     8     8     4     6    16    33    34
     4     1     0    16     6    10     3     9    40    41
     5     7     7    12     1     4     8     7    13    20    27    29    33    36    41
     6     8    10    14     6     8     5     9    11    29    30    44
     7     3     8    16     4     8     5     8    14    30    31    38
     8     3    10    16     3     2     5    18    28    32    33    43
     9     1     4     6     5     1     3    13    28    31
    10     2     0     8     1    18     3    13    19    30
    11     2     3     0     5     5     4    18    27    43    44
    12     4     9    10     0     0     5    20    26    31    32    47
    13     2     9    10     1     2     2    15    43
    14     7     0     8     6     0     3    32    33    44
    15     9     2     6     0     5     1    18
    16     1     7    12     8     0     1    45
    17     4     8    18     1     1     3    27    33    34
    18     3     8    10     0     6     3    19    21    39
    19     5     4    23     6     2     2    26    41
    20     2     1    26     1    10     1    44
    21     7     6     5     2    11     1    51
    22     9     1    31     3     3     1    39
    23     2     1     0     5     8     1    37
    24    10     3     6     0     0     1    51
    25     5     9    18     4     0     2    33    42
    26     9     6    14     0     8     1    51
    27     7     0     0     4     6     1    51
    28     6     7    16     9     9     1    51
    29     1    11     0     2     2     1    32
    30     1     0    14     1    14     1    45
    31     5     1     0     3     8     2    39    43
    32     2    10    18     0     8     1    38
    33     2    12     6     3     0     1    45
    34     8    13    20     3    14     1    43
    35     9     8    22     2    12     1    39
    36     3     9     4     0     8     1    51
    37     4     8    12    12     8     1    45
    38     8     4    12     9     4     2    45    49
    39     3     3     8    10     2     1    51
    40    10     0     4     1     6     2    44    45
    41    10     2     0     7     0     1    51
    42     2     4     0     0     2     1    45
    43     2     6     5     0    14     2    49    50
    44     4     7    12     8     0     2    45    49
    45     2     9     1     1     5     2    49    50
    46     2    10    24     6    10     1    51
    47    10     0     4     1     6     1    50
    48     8     8     8     6     5     2    49    50
    49     8     2     1     0     9     1    51
    50    10     0    10    10     7     1    51
    51     0     0     0     0     0     0
--------------------------------------------------------------------------------
INFORMATION OF PROJECT 3:
#jobs  release  duedate
    52     0   118
#local resources
     2
R_L1   R_L2   
    14    32
jobnr.  dur.  r_G1  r_G2  r_L1  r_L2  #succ.  successors
     0     0     0     0     0     0    10     1     4     5    12    17    22    23    25    35    48
     1     2     5    13     2     7     6     2    24    40    42    46    47
     2     2     3    14    13    20     5     3    11    37    40    47
     3     4    11    12    13    26     4     6    10    16    34
     4     2     0    10     4    16     2     9    40
     5     8     7     4     1     6     7     7    13    27    29    33    36    41
     6     9    11     8     6    11     6     9    11    29    30    34    44
     7     8     9     9     8    15     7     8    14    20    30    31    36    38
     8     2    10    14     3    16     6    18    28    31    32    33    43
     9     1     4     1     5     9     3    13    28    31
    10     5     0     7     1     7     4    11    13    19    27
    11     1     5     5     5     0     2    18    27
    12     3     9     0     0    10     6    26    27    29    32    44    47
    13     2     9     2     1    16     2    15    20
    14     7     0     0     6     8     3    20    32    44
    15     9     2     7     0     5     1    18
    16     1     7     0     6    19     1    20
    17     4     8     4     1    17     3    27    33    34
    18     3     9     6     0    10     3    19    21    39
    19     5     4     2     8    23     2    26    41
    20     1     1    10     6     3     1    44
    21     5     6    11     2     5     1    51
    22     9     1     5     3    31     1    39
    23     2     0     8     5     0     1    51
    24    10     3     0     0     6     1    51
    25     5     9     0     4    21     1    42
    26     9     6     8     0    13     1    51
    27     1     0     6     4     0     1    43
    28     6     7     9     9     8     1    51
    29     1    11     2     4     0     1    32
    30     4     0     7     1    14     1    43
    31     3     1     1     3     0     1    43
    32     2    10     8     0    18     2    38    42
    33     1    13     2     5     6     1    51
    34     7    13     8     3     6     1    43
    35     9     8    11     2    22     1    39
    36     5     8     8     0     3     1    51
    37     7     8     8    12     7     1    45
    38     8     4     3     9    11     1    45
    39     3     3     1    10     7     1    51
    40     7     0    10     1     4     2    44    47
    41    10     2     0     7     0     1    51
    42     2     5    18     0    12     1    45
    43     2     2    14     0     4     2    49    50
    44     4     7     0     8    12     1    45
    45     2     9    14     2     1     2    49    50
    46     2    11    12    13    25     1    51
    47     9     0     6     1     4     1    51
    48     9     8     9     6     8     2    49    50
    49    10     2     9     1     1     1    51
    50     9     0     6     8     9     1    51
    51     0     0     0     0     0     0
--------------------------------------------------------------------------------
INFORMATION OF PROJECT 4:
#jobs  release  duedate
    52     0    99
#local resources
     2
R_L1   R_L2   
    13    11
jobnr.  dur.  r_G1  r_G2  r_L1  r_L2  #succ.  successors
     0     0     0     0     0     0    11     1    16    17    43    44    45    46    47    48    49    50
     1     7     0     6     4     0     9     2    33    36    37    38    39    40    41    42
     2     5     8     5     0     0     2     3    35
     3     4     0     0     6     2     2     4    34
     4     2     0     0     9     5     5     5    29    30    31    32
     5     9     8     6     0     0     4     6    26    27    28
     6     1     0     5     3     0     2     7    25
     7     9     0     2     2     0     3     8    15    24
     8     9     0    10     7     0     2     9    23
     9     2     3     0     0     5     3    10    21    22
    10     2     5     4     0     0     2    11    20
    11     9     0     8     2     0     2    12    19
    12     5     0     7     2     0     1    13
    13     1     8     4     0     0     1    14
    14     7     0     8     0     4     1    18
    15     6     0    10     0     5     1    18
    16     6     0     2    10     0     1    33
    17     2     0     9     8     0     1    33
    18     4     0     0     9     5     1    51
    19     7     4    10     0     0     1    51
    20     9     0     9     0    10     1    51
    21     1     0     0     1     8     1    51
    22     8     4     0     7     0     1    51
    23    10     0     6     0     7     1    51
    24     1    10     0     0     8     1    51
    25     5     3     0     8     0     1    51
    26     1     1     0     0     1     1    51
    27     6     8     0     0    10     1    51
    28     1     6     0    10     0     1    51
    29     7     0     0     8     4     1    51
    30    10     0     3     0    10     1    51
    31     9     0     0     8     4     1    51
    32     2     0     0     5     6     1    51
    33     2     0     0     3     4     1    51
    34     6     6     0     5     0     1    51
    35     7     6     0     0     4     1    51
    36     7     8     5     0     0     1    51
    37     8     4     1     0     0     1    51
    38     9     0     0     2     8     1    51
    39     5     3     0     5     0     1    51
    40     6     1     2     0     0     1    51
    41     7     0     8     0     4     1    51
    42     4     0     4     0     4     1    51
    43     4     0     1     7     0     1    51
    44    10     9     6     0     0     1    51
    45     9     0     0     7     7     1    51
    46     5     7    10     0     0     1    51
    47     6     0     6     7     0     1    51
    48     4     0     8     0     4     1    51
    49    10     7     7     0     0     1    51
    50     9     0    10     0     2     1    51
    51     0     0     0     0     0     0
--------------------------------------------------------------------------------
INFORMATION OF PROJECT 5:
#jobs  release  duedate
    52     0   100
#local resources
     2
R_L1   R_L2   
    15    18
jobnr.  dur.  r_G1  r_G2  r_L1  r_L2  #succ.  successors
     0     0     0     0     0     0     5     1     6    10    13    48
     1     6     5     1    15    18     4     2    14    34    46
     2     2    15     7     7     9     4     3    39    40    43
     3    10    15    11    15    18     5     4    24    35    36    38
     4     1     5     1    15    18     9     5    16    21    25    27    30    31    32    33
     5     9     0     3     5     0     5     7    22    24    28    29
     6     6     1     0     9    14     7    11    19    21    22    24    27    41
     7     3     9     3     5     9     4     8     9    19    28
     8     5     1     4    10     5     5    11    14    20    27    44
     9     2     0     5     9     5     4    14    15    26    34
    10     9     0     6    12     3     5    24    27    31    42    49
    11     6     7     0     0     9     3    12    18    19
    12     8     5     0     8     0     1    17
    13     7     0     0     9     9     1    21
    14     1     4     9     0     0     1    36
    15     2     2     0    10    13     4    23    35    42    47
    16     5     0     0     6     0     1    44
    17     3     5     4     6     0     1    51
    18     6     0     8     1     2     1    51
    19     3     6     0     0    11     1    41
    20     4    10     4     4     0     1    45
    21     9    10     6     2    14     1    40
    22     3     3     5     0     6     1    45
    23     5     6     3     3     2     1    46
    24     2     4     9     0    13     1    50
    25     1    10     3     0     1     1    51
    26     2     4     0     3     1     1    51
    27     8     6     0     1     0     1    51
    28     2     8     0     0     2     1    34
    29     1     0     3     0     9     1    51
    30     4     0     5     0     9     1    47
    31     3     8     6    12     0     1    38
    32     7     3     0     8     0     1    51
    33     5     2     0     0    10     1    51
    34     7     5     4     0     9     2    35    38
    35    10     3     1     1     0     1    51
    36     8     0     0     5     9     1    37
    37     9     4     5     0     0     1    51
    38     1     3     0     5     6     1    51
    39     1     6     4     0     0     2    41    46
    40     1     2     3     0     0     1    42
    41     4     2     0     0     3     1    51
    42     1     6     5     0     0     1    45
    43     3     0    11     7    11     1    44
    44     1     0     0     7     1     1    45
    45    10     9     0     4     0     1    51
    46     9     8     2     0     0     1    51
    47     4     0     7     0    15     1    51
    48     8     0     4     8     9     1    49
    49     2    10    10     0     0     1    51
    50     8     3     2     2     5     1    51
    51     0     0     0     0     0     0
--------------------------------------------------------------------------------
INFORMATION OF PROJECT 6:
#jobs  release  duedate
    52     0   126
#local resources
     2
R_L1   R_L2   
   119   151
jobnr.  dur.  r_G1  r_G2  r_L1  r_L2  #succ.  successors
     0     0     0     0     0     0     7     1     3    12    14    25    34    49
     1     7    16   110   110   145     7     2     6    18    21    23    43    47
     2     4    16   110   110   145     2     4    44
     3     1     5    30    14    18     3     4     6    23
     4     1     8    16    28    59     1     5
     5     1    18   114   110   145     4     7    16    41    48
     6     1    16   109   101   139     2     8    38
     7     3    18   115   119   151     2     8    38
     8     2    11    16    28    59     1     9
     9     1     6    58    57    35     2    10    35
    10     9    11    16    28    56     2    11    37
    11    10    12    83    94    68     4    13    30    31    32
    12    10     7    99    91    92     9    16    17    21    22    23    29    31    41    43
    13     1     8    73    89   124     3    15    28    31
    14     3     0     1     9     6     1    36
    15     3    14    47    45    12     1    17
    16     1     0    37    44    58     1    17
    17     6    12   100   110    99     2    19    33
    18     5     7    60    85   104     2    24    26
    19     8    12    49    11    16     5    20    27    30    44    45
    20     4     3    21    12     7     1    50
    21     4     5    86   107   143     1    51
    22     9     2     5     9     6     1    30
    23     7    12    89    93    93     5    26    27    28    37    46
    24     7    13    84    56   117     3    26    38    40
    25    10     1    63    65   133     1    51
    26     2    10     2    29     2     3    31    39    46
    27     5     5    30    11    66     2    36    46
    28     7     2    30    54    16     1    33
    29    10    12    54    40     4     1    38
    30     3    11    47    34    16     2    32    43
    31     4     9    32    10    21     1    43
    32     1     5    59    21    55     1    51
    33     3     4    29    12     8     1    42
    34     4     8    41    37    54     1    51
    35     9     0    32    25    83     1    50
    36     3     9    53    65    92     1    51
    37     5    10    42    30    27     1    43
    38     2     9    83   107    93     1    47
    39     3    11    86   107   117     1    45
    40     3     2    37    96    78     3    41    46    48
    41     3     4    23    26    13     1    51
    42     5     3    15    19    40     3    44    47    50
    43     2     1    31    25    81     1    51
    44     9     1     4     1    34     1    51
    45     9    10    16     2     2     1    51
    46     2     5    31    20     7     1    51
    47     4     3     3     0     0     1    51
    48     2     6    15     1    52     1    50
    49     9     3    49    83   110     1    50
    50     6     4    26    12     8     1    51
    51     0     0     0     0     0     0
--------------------------------------------------------------------------------
INFORMATION OF PROJECT 7:
#jobs  release  duedate
    52     0   132
#local resources
     2
R_L1   R_L2   
   115    18
jobnr.  dur.  r_G1  r_G2  r_L1  r_L2  #succ.  successors
     0     0     0     0     0     0     9     1    16    21    24    25    36    44    46    49
     1     5    11     9   114    18     9     2    27    33    37    38    39    40    41    42
     2     8    11     5   114    16     1     3
     3     1     1     0    50     4     1     4
     4     2     1     0    50    12     6     5    17    29    30    31    32
     5     2    11    15    93     3     2     6    28
     6     9     7     4    49     0     1     7
     7     2     1     2    93    12     2     8    15
     8     9     4    11    50     2     2     9    23
     9     8     3     0     2     5     3    10    22    31
    10     5     5     5     1     0     3    11    20    29
    11     4     0     8    78    14     2    12    19
    12     6     4     7    14     8     1    13
    13     8    10     1    47     0     3    14    26    38
    14    10     0     8     0     1     1    18
    15     2     0     8     0    10     1    51
    16     9     0    12    10     0     1    35
    17     6     3     3    10     2     1    33
    18     4     0     0    12     5     1    51
    19     8     4    10    14     4     1    51
    20     5     0     9    13     9     1    51
    21     1     0     1     4    14     1    51
    22    10     4     0    32     0     1    34
    23     7     6     6    37     7     2    41    43
    24     3    10     7    31     9     1    31
    25     3     3     0    11    17     1    51
    26     1     1     0    59     1     2    29    42
    27     6     8     1   110    10     1    48
    28     2     6     0    10     0     2    34    45
    29     2     0     0    21     4     1    51
    30    10     0    13    58     9     2    33    39
    31    10     0     0     9     4     1    51
    32     4     0     0     5     6     1    43
    33    10     0     0    12     3     1    51
    34     9     6     0    24     0     1    51
    35     9     6    13    10     3     1    47
    36     7     9     5     1     0     1    45
    37     3     4     1    22     4     1    51
    38     2     0     0     2    11     2    41    45
    39     3     0     0     5     6     1    48
    40     1     1     2    55     0     3    42    48    50
    41     8     0     8    38     4     1    51
    42     4     0     4    46     4     1    51
    43     4     5     1     7     0     1    45
    44     9    10     6    46     7     3    45    48    50
    45     9     1     0     7     7     1    51
    46     4     6    12     8     0     1    47
    47     7     0     6     1     0     1    51
    48     3     0     8     0     4     1    51
    49    10     7     7     0     0     1    50
    50     9     0    10     0     2     1    51
    51     0     0     0     0     0     0
--------------------------------------------------------------------------------
INFORMATION OF PROJECT 8:
#jobs  release  duedate
    52     0   144
#local resources
     2
R_L1   R_L2   
   119   115
jobnr.  dur.  r_G1  r_G2  r_L1  r_L2  #succ.  successors
     0     0     0     0     0     0     7     1     3    12    14    25    34    49
     1     7    16   145   110   110     7     2     6    18    21    23    43    47
     2     7    16   145   110   110     4     4     6    26    44
     3     1     5    18    14    30     3     4     6    23
     4     1     8    59    28    16     1     5
     5     8    18   145   110   114     5     7    16    39    41    48
     6     1    16   139   101   109     3     8    38    41
     7     2    18   151   119   115     2     8    38
     8     2    11    59    28    16     1     9
     9     7    12   132    84    87     2    10    35
    10     9    11    56    28    16     2    11    37
    11    10    12    68    94    83     3    13    30    32
    12    10     7    92    91    99     9    16    17    21    22    23    29    31    41    48
    13     1     8   124    89    73     3    15    28    31
    14     1     0     6     9     1     1    51
    15     3    14    12    45    47     1    17
    16     1     0    59    44    38     1    17
    17     7    16   145   110   110     2    19    33
    18     7     7   104    85    60     1    24
    19     8    12    16    11    49     5    20    27    30    44    45
    20     4     3     7    12    21     1    50
    21     4     5   143   107    86     1    51
    22     6     2     6     9     5     1    30
    23     8    12    96    93    89     5    26    27    28    37    46
    24     7    13   117    56    84     4    26    32    38    40
    25    10     1   133    65    63     1    51
    26     2    10     2    30     2     3    31    39    46
    27     5     5    66    11    30     2    36    46
    28     7     2    16    54    30     1    33
    29     9    12     7    74    54     1    38
    30     3    11    18    34    47     2    32    43
    31     4     9    21    10    32     1    43
    32     1     5    55    21    59     1    51
    33     3     4     8    12    29     1    42
    34     4     8    54    49    34     1    51
    35     9     0    83    25    32     1    50
    36     3     9    92    65    53     1    51
    37     5    10    27    30    42     1    43
    38     2     8    96   107    83     1    47
    39     3    11   117   107    86     2    45    46
    40     3     2    78    96    37     3    41    46    48
    41     3     4    13    26    23     1    51
    42     5     3    40    19    15     3    44    47    50
    43     2     1    81    58    47     1    51
    44     9     1    34     1     4     1    51
    45     9    10     2     2    18     1    51
    46     2     7     7    20    31     1    51
    47     4     3     0     0     3     1    51
    48     2     6    55     1    15     1    50
    49     9     3   110    83    49     1    50
    50     6     4     8    12    26     1    51
    51     0     0     0     0     0     0
--------------------------------------------------------------------------------
INFORMATION OF PROJECT 9:
#jobs  release  duedate
    52     0    91
#local resources
     2
R_L1   R_L2   
    13    12
jobnr.  dur.  r_G1  r_G2  r_L1  r_L2  #succ.  successors
     0     0     0     0     0     0    10     1    11    20    44    45    46    47    48    49    50
     1     4     0     4     0     6     9     2    14    19    37    38    40    41    42    43
     2     5     1    10     0     0     2     3    39
     3     8     0     7     3     0     1     4
     4     5     0     5     0     6     3     5    35    36
     5     4     1     0     0     6     5     6    18    32    33    34
     6    10     2     0     6     0     4     7    29    30    31
     7     6     9     5     0     0     2     8    27
     8     2     0     0     4     8     4     9    16    25    28
     9     6     4    10     0     0     2    10    26
    10     5     4     2     0     0     3    12    23    24
    11     6     0    10     1     0     6    21    22    23    27    37    38
    12     5     5     0     0     7     2    13    22
    13     1     7     0     2     0     1    15
    14     3     0     0     3     3     1    15
    15    10     1     0     0     3     1    17
    16     8     0     0    10     9     1    17
    17     3     0     6     5     0     1    21
    18     9     0     7     0     2     1    21
    19     2     0     7    10     0     1    25
    20     5     4     0    10     0     1    37
    21     9     0     1     0     6     1    51
    22     8     0     0     3     4     1    51
    23     6     4     0     2     0     1    51
    24     2     0     0     9     3     1    51
    25     1     4     9     0     0     1    51
    26     1     0     0     9     2     1    51
    27     6     3     0     3     0     1    51
    28     2     8     0     0     2     1    51
    29     2     8     0     0     9     1    51
    30     6     8     0     6     0     1    51
    31     1    10     0     0     4     1    51
    32     9     9     0     0     4     1    51
    33     9     2     4     0     0     1    51
    34     8     0     3     6     0     1    51
    35     8     0     1     0     7     1    51
    36     5     0    10     0     7     1    51
    37    10     0    10     0     5     1    51
    38     4     3     0     0     3     1    51
    39     5     9     5     0     0     1    51
    40     7     8     0     0     4     1    51
    41     2     0     0     6     7     1    51
    42     1     6    10     0     0     1    51
    43     1     3     3     0     0     1    51
    44     6     0     9     0    10     1    51
    45     3     0     0     9     6     1    51
    46     6     5     0     7     0     1    51
    47     3     0     6     0     5     1    51
    48     6     0     5     4     0     1    51
    49     9     0     5     0     5     1    51
    50     1     0     5     3     0     1    51
    51     0     0     0     0     0     0
--------------------------------------------------------------------------------
INFORMATION OF PROJECT 10:
#jobs  release  duedate
    52     0   130
#local resources
     2
R_L1   R_L2   
   173   170
jobnr.  dur.  r_G1  r_G2  r_L1  r_L2  #succ.  successors
     0     0     0     0     0     0     8     1     8    16    20    22    23    34    44
     1     2    12   143   173   170     1     2
     2     6    12   143   173   170     1     3
     3     4    12   143   173   170     1     4
     4     5    12   143   173   170     2     5    25
     5     1    11   103   106    39     5     6    19    32    39    45
     6     4     0   100    13    66     2     7    33
     7     8    12   143   173   170     3     9    30    43
     8     9     7    19   148   100     4     9    27    30    45
     9     1    11   103   106    39     3    10    28    29
    10     3     6    45    62    39     2    11    26
    11     4     9    19    59    53     3    12    21    31
    12     8     0    12    13    16     2    13    46
    13     1     6     3    46    47     3    14    18    31
    14     1     1    18    17    29     2    15    48
    15     8     4    73    31    14     1    17
    16    10     1    40    67   131     1    39
    17    10     0     3     0     9     1    51
    18     9     3    36     6     0     1    51
    19     2     3    73     2    11     2    42    43
    20     8     5    89    59    83     1    42
    21     6     1    50    97    98     2    24    32
    22     9     7   112   128    63     1    51
    23    10     3    98   111   117     5    27    31    37    39    40
    24     8     5     4    12     9     1    48
    25     4     6    70   142   152     2    35    42
    26     6     1     0     0     4     4    28    31    35    37
    27     6    12   143   173   170     1    49
    28     5     1     1    43    40     1    32
    29     7     2    41     6    38     1    51
    30     1     9    68    41    49     2    38    42
    31    10     0    22     1     1     2    49    50
    32     1     2    29   114    29     1    46
    33     4     7    57    53    43     2    36    38
    34     4     7   121   148   141     1    51
    35     1     5     6    18     6     1    51
    36     1     2   124    25    70     1    41
    37     2     1    26    76    71     1    42
    38     1     5     9   109     9     1    51
    39     1     7   134   154   157     1    51
    40     7    12    43   160   104     3    41    42    43
    41     2     6    19    28    66     1    42
    42     6     1   115   114    67     1    46
    43     1     5     3    13    37     1    51
    44     8     8    28    59   103     2    45    48
    45     2     7    70    44   103     1    49
    46     8     7   121   155   124     2    47    48
    47     6     0     9    19    13     1    51
    48    10     6    20    44    38     2    49    50
    49     2     4    28    45    72     1    51
    50     7     4    28    45    98     1    51
    51     0     0     0     0     0     0
--------------------------------------------------------------------------------
INFORMATION OF PROJECT 11:
#jobs  release  duedate
    52     0   130
#local resources
     2
R_L1   R_L2   
   119    18
jobnr.  dur.  r_G1  r_G2  r_L1  r_L2  #succ.  successors
     0     0     0     0     0     0     7     1     3     6    12    18    25    49
     1     7   133   110   110    13     1     2
     2     1   133   110   110    13     1     4
     3     1    18     5     9     5     2     4    21
     4     1    59    16    28    11     2     5    24
     5     1   151   115   119    18     1     7
     6     2   151   115   119    18     1     7
     7    10   151   115   119    18     2     8    23
     8     1    59    16    28    11     1     9
     9     1    18    52    37     7     4    10    14    16    35
    10     9    59    16    28    11     4    11    34    38    41
    11    10    88    94    76    15     3    13    22    37
    12    10    92    99    91     7     6    14    16    21    22    23    29
    13     1   124    93    89     8     3    15    28    43
    14     1    18    21    30     1     6    17    19    26    28    31    39
    15     2    18    52    15    14     2    17    26
    16     1     7     4    11     1     2    33    42
    17     8   115    95   100    15     2    19    45
    18     7   124    83    88     8     2    24    36
    19     4    18    52    27    12     5    20    27    30    43    46
    20     6     7    21     7     1     2    43    50
    21    10   143    89   100     8     1    51
    22     4     6    11    19     0     3    30    36    39
    23     4   125    83    93    14     6    26    28    32    36    37    38
    24     2   133    85    89    16     4    26    33    38    40
    25    10   133    63    82     4     1    45
    26     3    54    83    57    14     2    31    39
    27     1   110    53    63    14     2    36    43
    28     7    18    30    30     2     1    33
    29     9    47    55    54    11     1    38
    30     3    18    36    33    11     2    43    48
    31     7    35    33    25    10     1    43
    32     1    98    71    83     4     1    51
    33     2     8    20    12     1     3    42    45    46
    34     4    81    53    23    10     3    43    45    47
    35     9    63    21    43     0     1    46
    36     4    47    39    23     9     1    51
    37     5    27    22    30    10     1    51
    38     1    91    53    58    12     2    39    50
    39     1   117    94   107    15     2    45    46
    40     2    70    62    96     8     1    46
    41     8    19     9    12     3     2    48    50
    42     5    36    13    12     3     5    43    44    47    48    50
    43     1    81    43    23     2     1    51
    44    10    34     8     3     2     1    47
    45     9     7    10    12    10     1    48
    46     4     0     5    12     1     3    47    48    50
    47     5    22    18    25     1     1    51
    48     2    36    28    36     6     1    51
    49    10   110    63    82     5     1    51
    50     6     8    26    19     4     1    51
    51     0     0     0     0     0     0
--------------------------------------------------------------------------------
INFORMATION OF PROJECT 12:
#jobs  release  duedate
    52     0   133
#local resources
     2
R_L1   R_L2   
   151   115
jobnr.  dur.  r_G1  r_G2  r_L1  r_L2  #succ.  successors
     0     0     0     0     0     0    11     1     3     6    12    14    24    25    34    38    40    49
     1     6   119    18   151   115     2     2    18
     2     1   110    16   145   110     3     4    21    26
     3     1    54    16    18    52     3     4    22    23
     4     1    60     8    91    73     1     5
     5     3   110    18   145   114     2     7    41
     6     1   110    16   145   110     3     8    18    29
     7     2   119    18   151   115     1     8
     8     3    28    11    59    16     1     9
     9     1    59    10    41    52     2    10    35
    10     9    28    11    59    16     2    11    37
    11    10   108    12    78    90     3    13    31    32
    12    10    91     7    92    99     9    13    16    17    22    23    29    31    41    43
    13     1    99     9   124    82     2    15    28
    14     1     9     0     6     1     3    17    22    33
    15     4    45    14    12    47     1    17
    16     1    75    13    73    80     2    17    32
    17     4    94    13   105    81     1    19
    18     5    51     7   104    62     1    51
    19     8    11    12    18    49     5    20    27    30    44    45
    20     5    12     3     7    21     1    50
    21     8   107     6    78    90     1    47
    22     8     9     2     6     5     1    47
    23     7    98    13   137    89     5    26    27    28    30    31
    24     8    75    13   117    84     1    26
    25    10    65     2   133    63     1    51
    26     2    35    13     7    24     1    39
    27     4    11     5    28    31     1    36
    28     8    35     2    18    30     2    30    33
    29     9    84    12    39    55     1    51
    30     2    36    11    18    52     1    43
    31     4    11     9    21    32     1    51
    32     1    54     4    88    48     1    51
    33     3    12     1    12    29     2    42    45
    34     3    50     8    54    37     1    51
    35     9    11     2    72    25     3    36    41    46
    36     2    69     8    83    61     1    51
    37     4    50    10    50    42     1    51
    38     8    97     9   111    83     1    47
    39     6   107    15   117    86     2    45    48
    40     2    96     3   107    37     2    43    48
    41     2    20     4    14    23     1    51
    42     5    16     3    40    15     4    44    46    47    50
    43     2    53     1    54    42     1    51
    44     9     1     1    34    20     1    51
    45    10     2    10     3    20     1    46
    46     1    53    13    89    23     1    51
    47     2     1     1     0    29     1    51
    48     2     2     6    67    18     1    50
    49    10    83     3   110    49     1    50
    50     8    13     4    28    26     1    51
    51     0     0     0     0     0     0
--------------------------------------------------------------------------------
INFORMATION OF PROJECT 13:
#jobs  release  duedate
    52     0    72
#local resources
     2
R_L1   R_L2   
    17    18
jobnr.  dur.  r_G1  r_G2  r_L1  r_L2  #succ.  successors
     0     0     0     0     0     0    14     1     2     3     4     5     6     7     8    10    11    12    13    14    25
     1     1     0     0     4    10    12     9    15    18    19    20    22    24    27    36    38    49    50
     2     3     0     0     3     1     9    16    17    22    23    26    34    36    37    49
     3     5     0     8     0     8     7    17    18    19    22    36    49    50
     4     9     0     0     5     5     9    17    24    26    27    28    34    47    49    50
     5     9    10     0     0     5    12    28    29    30    32    36    37    45    46    47    48    49    50
     6     6     0    10    10     0     6    15    20    21    26    34    49
     7     7     0    10     0     3    11    24    31    32    33    34    35    45    47    48    49    50
     8     4     0     0     8     2     9    21    23    24    28    31    35    43    45    49
     9     4     3     0     0     4     7    17    23    26    28    34    46    47
    10     8     0     1     1     0     9    24    28    43    44    45    47    48    49    50
    11     1     4     7     0     0     5    17    26    33    46    49
    12     7     5     0     0    10     7    28    29    30    32    37    45    46
    13     4     9     0     1     0     7    28    32    45    46    47    48    50
    14     6     8     6     0     0     5    23    28    36    43    47
    15    10     1     6     0     0     5    23    28    43    44    46
    16     2     0     9     0     5     4    21    35    42    45
    17     9     0     0    10     8     6    31    35    41    43    45    48
    18     7     0     9     0     2     6    33    34    35    39    41    47
    19     1     0     0     9     6     2    23    28
    20     5     6     0     0    10     7    39    41    42    44    45    46    47
    21     3     9     0     3     0     6    33    39    41    44    47    48
    22     9     7     0     0     9     6    33    39    41    42    43    46
    23     6     5     0     0     9     3    30    40    41
    24     8     0     0     7    10     3    30    41    46
    25     3     9     0     6     0     2    28    50
    26    10     0     0     9     3     2    30    45
    27     9     5     0     5     0     3    43    45    48
    28     8     0     0     9     7     2    33    39
    29     9     7     0     1     0     2    34    39
    30     1     1     0     4     0     2    39    42
    31    10     0     0     4     9     2    42    44
    32     2     1    10     0     0     2    41    43
    33     5     1     0     0    10     1    40
    34     5     0     7    10     0     1    40
    35     4     9     0     2     0     1    44
    36     7     8     0     0     2     1    44
    37     7     0    10    10     0     1    43
    38     3    10     3     0     0     1    43
    39     9     0     2     0     3     1    51
    40     2     0     5     0     3     1    51
    41     8     0     6     0     5     1    51
    42     8     8     0     0     7     1    51
    43     3     2     6     0     0     1    51
    44     7    10     0     9     0     1    51
    45     9     0     5     1     0     1    51
    46     5     0     2     5     0     1    51
    47     1     1     2     0     0     1    51
    48     9     0     8     6     0     1    51
    49     7     7     0     0    10     1    51
    50     5    10     0     4     0     1    51
    51     0     0     0     0     0     0
--------------------------------------------------------------------------------
INFORMATION OF PROJECT 14:
#jobs  release  duedate
    52     0   139
#local resources
     2
R_L1   R_L2   
   119    18
jobnr.  dur.  r_G1  r_G2  r_L1  r_L2  #succ.  successors
     0     0     0     0     0     0     8     1     3     6    12    18    25    34    49
     1     6   133   110   107    13     1     2
     2     1   133   110   107    13     3     4    14    23
     3     1    18     5    12     5     5     4    14    23    42    48
     4     1   151   115   119    18     1     5
     5     6   151   115   119    18     2     7    16
     6     1   151   115   119    18     1     8
     7     9   151   115   119    18     1     8
     8     2    59    16    28    10     1     9
     9     1    18    52    37     6     2    10    35
    10     9    59    16    28    11     3    11    37    38
    11     9    68    84    93    12     4    13    30    31    41
    12    10    92    99    91     7     9    17    21    22    23    29    31    41    43    48
    13     1   124    73    89     8     2    15    28
    14     8    65    84   116     2     1    17
    15     3    18    49    45    14     4    17    21    26    40
    16     1    58    52    48     0     2    17    35
    17     6    99    86    96    12     1    19
    18     9   124    63    82     7     3    24    36    42
    19     8    18    51    11    12     3    20    27    30
    20     3    19    21    12     2     1    50
    21     3   143    86   107     8     1    51
    22     1     6    27    52     0     2    30    43
    23     7    99   100   118    12     5    26    27    28    32    37
    24     7   117    88    58    16     1    40
    25    10   133    63    74     1     1    51
    26     2     1     3    17    10     2    31    39
    27     8    66    27    11     5     2    36    46
    28     6    16    11    61     2     1    33
    29    10    28    57    46    12     2    38    46
    30     3    18    49    23    11     1    51
    31     4    21    22    10     9     1    51
    32     1    53    35     0     5     1    51
    33     4     8    29    12     6     1    42
    34     4    58    60    46     8     3    36    45    50
    35     9    83    30    26     3     1    50
    36     3    58    48    11     9     1    51
    37     7    27    42    30    10     1    51
    38     2    92    52    73     9     1    47
    39     3   117    86   107    12     3    41    45    50
    40     3    51    35    96     0     2    45    48
    41     1    15    17     1     9     1    51
    42     4    40    14    23     3     3    44    46    50
    43     2    93    62    23    14     3    45    46    50
    44     9    34     4     1     1     1    51
    45    10     2    16     2    10     1    51
    46     1     7    31     0     0     1    51
    47     4     0     1     0     3     1    51
    48     2    52    15     1     6     1    50
    49     9   122    62    82     3     1    50
    50     7     8    28    12     4     1    51
    51     0     0     0     0     0     0
--------------------------------------------------------------------------------
INFORMATION OF PROJECT 15:
#jobs  release  duedate
    52     0    70
#local resources
     2
R_L1   R_L2   
    15    14
jobnr.  dur.  r_G1  r_G2  r_L1  r_L2  #succ.  successors
     0     0     0     0     0     0    17     1     2     3     4     5     6     8     9    10    11    12    14    16    20    21    32    50
     1     5     7     1     0     0     8     7    15    18    22    24    40    42    44
     2     5     7     0     6     0     9    15    18    25    27    31    34    38    40    42
     3     5     6     0     0     9     7    15    22    24    26    29    38    40
     4     8     5     0     3     0     7    13    35    37    40    42    47    48
     5     7     5     3     0     0     6    17    19    23    37    38    42
     6     2     9     0     0     9    10    22    28    30    35    37    38    40    43    44    47
     7     2     0     3     0     9     6    17    34    37    39    43    45
     8     7     4     0     3     0     7    29    31    34    35    38    40    47
     9     3     0     2     5     0     5    19    35    36    37    41
    10     2     0     6     0     7     3    15    22    44
    11     3     0     7     0     4     7    30    33    36    38    39    40    46
    12     2     3     6     0     0     5    24    33    35    38    40
    13     1     0     0     6     3     5    30    33    38    39    44
    14    10    10     0    10     0     2    17    34
    15     7     0     8     0     3     3    23    37    41
    16     5    10     0     0     8     3    22    35    45
    17     1     2     0     8     0     3    29    33    35
    18     2    10    10     0     0     3    29    33    39
    19     8     8     1     0     0     2    22    43
    20     6     9     0     0     1     2    22    35
    21     2     5     5     0     0     3    33    38    49
    22     4     6     0     0    10     2    33    34
    23    10     0     3     0     4     2    33    35
    24     4     0     8     4     0     2    34    46
    25     7     0     0     3     6     2    39    45
    26     5     0    10     5     0     2    34    42
    27    10     0     0     2     7     2    37    41
    28     4     8    10     0     0     2    33    34
    29     3     0     0     9     3     1    36
    30     8     0     1     0     2     1    34
    31     5     4     0     0     3     1    39
    32     6     0     5     0    10     1    35
    33     6     5     0     4     0     1    51
    34     1     0     0    10     4     1    51
    35     5    10     0     6     0     1    51
    36     5     0     9     1     0     1    51
    37     8     0     8     0     9     1    51
    38     4     7     0     0     7     1    51
    39     6     8     0     0     1     1    51
    40     6     0     0     8     8     1    51
    41     9     0     0    10     3     1    51
    42     9     4     9     0     0     1    51
    43     2     0     3     0     2     1    51
    44     1     7     0     9     0     1    51
    45     8     0     6     7     0     1    51
    46     8     0     4     6     0     1    51
    47     9     0     0     8     7     1    51
    48     6     5     0     9     0     1    51
    49     2     0     8     1     0     1    51
    50     2     0     0     8     8     1    51
    51     0     0     0     0     0     0
--------------------------------------------------------------------------------
INFORMATION OF PROJECT 16:
#jobs  release  duedate
    52     0   147
#local resources
     2
R_L1   R_L2   
   173    12
jobnr.  dur.  r_G1  r_G2  r_L1  r_L2  #succ.  successors
     0     0     0     0     0     0     8     1     8    16    17    20    22    23    34
     1     3   170   143   173    12     2     2    27
     2     2   170   143   173    12     3     3    19    44
     3     8   170   143   173    12     2     4    32
     4     1   170   143   173    12     2     5    36
     5     3   170   143   173    12     2     6    37
     6     1    73   125   114     3     1     7
     7     6   170   143   173    12     1     9
     8     4   170   143   173    12     3     9    37    38
     9     6   170   143   173    12     2    10    29
    10     8    92    42    86     8     3    11    28    36
    11     7    69    30    62     9     4    12    21    25    30
    12     5    16    12    23     1     2    13    46
    13     1    51    32    28     5     2    14    18
    14     3    63     1     8     1     1    15
    15     8    19    65    31     4     1    50
    16    10   151    65   142     4     1    50
    17     1     9    19     0     0     1    50
    18     9     1    36     1     3     1    51
    19     2   101    45    75     1     2    36    47
    20     9    78   101    87     4     4    26    33    39    43
    21     6    80    53    66     3     3    24    46    47
    22     9    63   112   128     3     1    51
    23     9    85   113   111     3     5    32    35    36    40    45
    24     3     9     9     3     2     1    35
    25     4    80    54   142     6     2    32    42
    26     4    17    26    82    11     1    48
    27     5   170   143   173    12     1    40
    28     9     4     1    14     0     1    50
    29     5    65    33    17     2     1    31
    30     8     5    52     0     0     1    51
    31     4    72     5    58     0     1    50
    32     2    56    40    59     6     1    46
    33     4    30    54    97     6     1    36
    34    10   139    98   137     6     1    51
    35     4     0     6     1     5     1    51
    36     2    80   110    87     2     1    41
    37     1    58    23    43     0     1    47
    38     5    76    75    93     6     1    40
    39     1   170   143   173    12     1    42
    40     6   156    72   173    12     1    42
    41     1    31    49   107     7     1    42
    42     6    73   111   114     3     2    46    47
    43     5    79    33    86    10     1    51
    44    10    97    18    59     9     1    48
    45     7   139    87   151     9     1    46
    46     6   148   118   151     7     1    48
    47    10    13     9    19     0     1    49
    48     7    31    12    26     6     2    49    50
    49     2    57    12    45     4     1    51
    50     7   107    31    45     4     1    51
    51     0     0     0     0     0     0
--------------------------------------------------------------------------------
INFORMATION OF PROJECT 17:
#jobs  release  duedate
    52     0   130
#local resources
     2
R_L1   R_L2   
   119   151
jobnr.  dur.  r_G1  r_G2  r_L1  r_L2  #succ.  successors
     0     0     0     0     0     0     6     1     3    12    14    25    49
     1     2    16   110   110   145     7     2     6    18    21    23    43    47
     2     2    16   110   110   145     2     4     6
     3     1    10    52    17    18     3     6    18    23
     4     1     8    16     5    59     1     5
     5     5    18   114   110   145     4     7    16    41    48
     6     1    16   109   101   139     4     8    16    34    38
     7     2    18   115   119   151     2     8    38
     8     6    11    16    28    59     1     9
     9     7     8   110    81    93     2    10    35
    10     9    11    16    28    56     2    11    37
    11    10    12    83    94    68     3    13    31    32
    12    10     7    99    91    92     9    16    17    21    22    23    29    31    32    41
    13     1     8    73    89   124     2    15    28
    14     3     0     1     9     6     2    44    50
    15     3    14    47    45    12     1    17
    16     1     0    32    44    62     1    19
    17     5    15   110   110   145     2    19    33
    18     5     7    60    85   104     1    24
    19     8    12    49    13    16     5    20    27    30    44    45
    20     4     3    21    12     7     2    46    50
    21     4     5    86   107   143     1    51
    22     9     2     5     9     6     1    30
    23     7    12    89    93    99     5    26    27    28    37    46
    24     7    15    85    69   117     3    26    38    40
    25    10     1    63    65   133     1    51
    26     2    10     2    29     2     3    31    39    46
    27     4     5    30    11    66     2    36    46
    28     7     2    18    41    16     1    33
    29    10    12    54    41    10     1    38
    30     3    11    40    34    16     2    43    46
    31     4     9    32    12    21     1    51
    32     1     2    59    29    55     2    37    44
    33     3     0    29    10     8     1    42
    34     4     8    41    37    54     1    45
    35     9     0    32    25    83     2    46    50
    36     3     9    53    66    91     1    51
    37     5    10    42    30    27     1    43
    38     2     9    83   107   111     1    47
    39     3    11    86   107   117     1    45
    40     3     2    37    96    78     3    41    46    48
    41     3     6    23    26    13     1    51
    42     7     3    15    21    40     3    44    46    50
    43     2     4    38    28    81     1    51
    44     9     1     8     2    34     1    51
    45     9    10    16     2     2     1    51
    46     1     5    32    44    54     1    51
    47     4     3     3     0     2     1    51
    48     2     6     4    25    52     1    50
    49     9     3    49    84   110     1    50
    50     7     4    26    12     8     1    51
    51     0     0     0     0     0     0
--------------------------------------------------------------------------------
INFORMATION OF PROJECT 18:
#jobs  release  duedate
    52     0   103
#local resources
     2
R_L1   R_L2   
    12    14
jobnr.  dur.  r_G1  r_G2  r_L1  r_L2  #succ.  successors
     0     0     0     0     0     0    15     1     2     3     4     5     6    10    11    14    15    16    18    21    24    28
     1     3     5    61     5     2    12     9    13    20    22    23    26    29    34    46    47    48    49
     2     1    16    65    12     5     9     7     8    17    22    29    33    34    35    49
     3     1     0     1     3     3    11    19    20    23    25    26    27    46    47    48    49    50
     4     2     4    60    12    14     2     7    29
     5     3     0     1    10     3     8    12    20    31    41    46    47    48    50
     6     7     0     1     0     9     8    20    27    33    34    35    46    47    50
     7    10    16    66    12    14     6    12    20    31    41    47    48
     8     9     8     3     1     3    11    12    20    22    29    33    35    39    40    44    45    47
     9     4    10    51     3     4     9    25    32    33    34    40    44    46    48    49
    10     5     2    11     4     1     8    27    31    32    34    35    42    43    44
    11     1    11    62     2     2     7    20    25    31    32    33    34    46
    12    10     7    51     0     0     5    25    30    32    39    44
    13     2     6     0     0     6     6    27    36    39    41    43    50
    14     3     0     4    10     6     6    30    32    33    40    43    44
    15     3     8    14    11     2     8    22    25    30    31    32    35    40    46
    16     9     6     3     0     0     6    30    36    39    45    46    47
    17     3     0     1     3     0     6    23    27    39    41    46    47
    18     6     1    62     0     0     6    33    37    38    39    40    46
    19     7     6     3     0     0     4    30    31    32    44
    20     4     0     0     7     9     5    30    36    38    42    43
    21     7     4    65    11     0     7    31    33    37    39    41    47    48
    22    10     3     0     6     1     4    30    31    42    43
    23     4     9     3     2     1     3    32    33    36
    24     8     0     0     0     1     1    51
    25     6     4     0     1     4     4    36    37    42    45
    26     5    10     4     9     3     7    36    38    39    40    41    45    49
    27     7    10     4     1     7     4    30    31    38    40
    28     1    11     5     4     2     1    39
    29    10     0    10     5     0     1    30
    30     1     1     0     2     0     1    37
    31     5     1    12     8    12     2    38    48
    32     1     8     0     0     5     1    38
    33    10    10     6     0     2     1    41
    34     7     0     3     8     8     2    39    50
    35     4    15     4    10     9     2    36    48
    36     8     7    10     1    10     1    51
    37     3    14    66    10    13     1    51
    38     7     5    53     0     6     1    51
    39     6     7     3     0     4     1    51
    40     3    10    63    10     4     1    51
    41     5     0     1     3    10     1    51
    42     7     2     0     0     1     1    51
    43     3     0    56     8     0     1    50
    44    10     5     0     0     8     1    49
    45     7     1     0     0     5     1    51
    46     7     1     1     2     7     1    47
    47     4     0     7     8     1     1    50
    48     4     1     0     1     6     1    51
    49     1     0     0     4     5     1    51
    50     5     0     0     2     1     1    51
    51     0     0     0     0     0     0
--------------------------------------------------------------------------------
TRANSFER TIMES OF GLOBAL RESOURCE G1
 DEPOT    P1    P2    P3    P4    P5    P6    P7    P8    P9   P10   P11   P12   P13   P14   P15   P16   P17   P18
     0     9     7    10     8    10    12     3    10    11    11     4     8    10    10     5     7    13    10
     9     0     4     7    17     2    21     8     1    13    20     9    12    17    19    12     9    15    15
     7     4     0     4    14     5    19     5     5    10    18     6    12    17    17    11     6    12    12
    10     7     4     0    16     8    21     8     7     8    20     8    16    20    19    15     5     9    11
     8    17    14    16     0    18     7     9    18    13     4     9    13    10     5     9    12    14    10
    10     2     5     8    18     0    21     9     2    15    21    10    12    17    19    12    10    16    16
    12    21    19    21     7    21     0    14    22    19     4    14    13     7     3    10    18    20    16
     3     8     5     8     9     9    14     0     9     8    13     1    11    13    12     8     5    10     8
    10     1     5     7    18     2    22     9     0    14    21    10    13    18    19    13    10    15    16
    11    13    10     8    13    15    19     8    14     0    16     8    19    20    17    16     5     2     4
    11    20    18    20     4    21     4    13    21    16     0    13    15    10     4    11    15    17    13
     4     9     6     8     9    10    14     1    10     8    13     0    11    13    12     9     4    10     8
     8    12    12    16    13    12    13    11    13    19    15    11     0     7    11     4    15    21    18
    10    17    17    20    10    17     7    13    18    20    10    13     7     0     6     6    17    22    18
    10    19    17    19     5    19     3    12    19    17     4    12    11     6     0     8    15    18    14
     5    12    11    15     9    12    10     8    13    16    11     9     4     6     8     0    12    17    14
     7     9     6     5    12    10    18     5    10     5    15     4    15    17    15    12     0     7     7
    13    15    12     9    14    16    20    10    15     2    17    10    21    22    18    17     7     0     5
    10    15    12    11    10    16    16     8    16     4    13     8    18    18    14    14     7     5     0
--------------------------------------------------------------------------------
TRANSFER TIMES OF GLOBAL RESOURCE G2
 DEPOT    P1    P2    P3    P4    P5    P6    P7    P8    P9   P10   P11   P12   P13   P14   P15   P16   P17   P18
     0    13    10     8    10     8    11     7     6    10     8     8     7    11     8     4     8     5    12
    13     0    13    15    21    16    17    19    13    22     8    21    17    21     6    10     5    18    25
    10    13     0     5    12    18     5    12    15    13    13    17     7    11    11    11    10    14    19
     8    15     5     0     8    15     3     8    13     9    13    12     3     7    11    10    11    11    15
    10    21    12     8     0    15     9     5    15     1    17     8     6     3    16    14    17     8     9
     8    16    18    15    15     0    18    11     4    15     9     9    14    16    11     8    12     7    13
    11    17     5     3     9    18     0    11    16    10    15    15     5     8    13    13    13    13    17
     7    19    12     8     5    11    11     0    11     5    14     5     6     6    14    10    14     4     7
     6    13    15    13    15     4    16    11     0    15     5    10    13    16     8     4     8     8    15
    10    22    13     9     1    15    10     5    15     0    17     8     6     3    17    14    17     8     8
     8     8    13    13    17     9    15    14     5    17     0    15    14    18     3     4     4    12    19
     8    21    17    12     8     9    15     5    10     8    15     0    11    10    15    12    16     4     5
     7    17     7     3     6    14     5     6    13     6    14    11     0     5    12    11    12     9    12
    11    21    11     7     3    16     8     6    16     3    18    10     5     0    17    14    17    10    11
     8     6    11    11    16    11    13    14     8    17     3    15    12    17     0     5     1    12    20
     4    10    11    10    14     8    13    10     4    14     4    12    11    14     5     0     5     8    16
     8     5    10    11    17    12    13    14     8    17     4    16    12    17     1     5     0    13    20
     5    18    14    11     8     7    13     4     8     8    12     4     9    10    12     8    13     0     8
    12    25    19    15     9    13    17     7    15     8    19     5    12    11    20    16    20     8     0
--------------------------------------------------------------------------------
Additional Information: 
global resource strength = 0.2
transfer time factor = 0.2
adapted from RCPSP instances: 
[sD242, sD215, sD210, sD36, sD115, sD256, sD122, sD265, sD12, sD348, sD369, sD313, sD13, sD255, sD18, sD360, sD260, sD91]
