--------------------------------------------------------------------------------
PORTFOLIO INFORMATION:
#projects
    18
#global resources
     2
R_G1   R_G2   
   375   423
--------------------------------------------------------------------------------
INFORMATION OF PROJECT 1:
#jobs  release  duedate
    52     0   139
#local resources
     2
R_L1   R_L2   
   119   115
jobnr.  dur.  r_G1  r_G2  r_L1  r_L2  #succ.  successors
     0     0     0     0     0     0     9     1     3    12    18    25    29    38    40    49
     1     4    13   133   107   110     6     2     6    14    43    47    48
     2     6    13   133   107   110     1     4
     3     1     5    18    12     5     4     4    23    42    48
     4     1     6    99    75    61     2     5    16
     5     3    18   151   119   115     4     6     7    14    41
     6     8    15   110   103    84     1    51
     7     1    18   151   119   115     1     8
     8     1    11    59    28    16     1     9
     9     1     6    18    37    52     2    10    35
    10     9    11    59    28    16     2    11    37
    11     9    12    68   109    83     1    13
    12    10     7    92    91    99     4    21    23    34    43
    13     1     8   124    89    79     2    15    43
    14     5     8    99   103    84     2    17    36
    15     2    14    18    54    52     3    17    26    28
    16     1     0    57    46     2     1    51
    17     2    14   111   103    61     1    19
    18     6     8   124    89    72     2    20    24
    19     7    12    16    11    51     4    20    27    30    39
    20     4     2     7    12    21     2    22    50
    21    10     8   143   107    88     1    51
    22     4     0     7     9     5     1    51
    23     8    16   144   107    94     5    26    28    30    41    48
    24     8    16   135    95    85     2    26    42
    25    10     4   133    65    63     1    51
    26     1    10     8     6     2     2    31    39
    27     5     5    46    11    31     1    36
    28     5     2    16    24    30     1    33
    29    10    12    45    44    54     1    47
    30     3    10    16    11    43     2    32    47
    31     4     9    21    42    32     1    43
    32     1     6    53    23    21     1    51
    33     2     6     8    12     9     2    36    42
    34     4    16    53    57    47     1    51
    35     9     0    83    10    32     1    41
    36     3     9    58    14    46     1    51
    37     4    10    27    30    36     1    51
    38     6     9    90    73    40     1    51
    39     3    14   138   107    88     2    44    45
    40     3     0    60    96    51     2    42    48
    41     2     4    13     1    23     2    43    47
    42     5     3    40    16    15     4    44    46    47    50
    43     2     0    81    23    49     1    51
    44     9     1    34     7     4     1    51
    45     8    10     2     2    16     1    51
    46     2     0     7     3    31     1    51
    47     2     0     0     0    37     1    51
    48     2     6    52     1    15     1    50
    49    10     4   110    82    49     1    50
    50     6     4     8    12    27     1    51
    51     0     0     0     0     0     0
--------------------------------------------------------------------------------
INFORMATION OF PROJECT 2:
#jobs  release  duedate
    52     0    88
#local resources
     2
R_L1   R_L2   
    11    16
jobnr.  dur.  r_G1  r_G2  r_L1  r_L2  #succ.  successors
     0     0     0     0     0     0    16     1     4     5     7     8    10    11    12    17    21    22    23    24    25    48    50
     1     5     5    13     4     0     6     2    14    40    42    45    47
     2     2     0     0     2     1     4     3    32    37    38
     3     4     0    11     7     8     4     6    16    33    34
     4     2     8     0     3     0     7     9    29    34    40    41    43    46
     5     2     2     0     0     7     6    13    20    29    33    36    41
     6     3     0     7     7     9     4     9    27    29    30
     7     3     0     8     0     8     5    14    20    30    36    38
     8     3     0     5     6     9     5    18    31    32    33    43
     9     6     9     0     0     3     3    13    28    31
    10    10     3     0     1     0     4    19    27    30    36
    11     1     0     5     5     0     3    18    27    30
    12     8    10     0     0     9     3    26    27    32
    13     7     0     0     1     9     1    15
    14     3     8     0     6     0     3    28    32    44
    15     6     0     4     4     2     2    18    47
    16     2     0     0     8     1     3    20    26    35
    17     6     0     4     0     4     2    27    29
    18     6     1     0     0     9     1    19
    19     1     0    13     8     0     1    26
    20     7     3    10     0     0     1    27
    21     4     5     9     0     0     1    51
    22    10     0     5     5     0     1    51
    23     8     0     0     9    10     1    39
    24     7     3     0     0     3     1    37
    25     2     6     0     4     9     1    27
    26     7     0     4     0     3     1    51
    27    10     0     6     2     0     1    51
    28    10    11     1     9     7     1    51
    29     2     0     0     2     6     1    36
    30     3     4     0     1     0     1    51
    31     8     0     2     0     1     1    40
    32     3     2     3     6     0     1    51
    33     4     3     0     4     0     1    51
    34     3     7     0     0     2     1    51
    35     7     0    10     2     0     1    51
    36     4     2     0     0     8     1    51
    37     8     0     0     2     8     1    42
    38     8     3     0     0     4     1    51
    39     6     9     0    10     0     1    51
    40     5     0     5     5     0     1    51
    41    10     0     0     7     4     1    51
    42     1     0     2     0     2     1    51
    43     4     4     0     0     6     1    51
    44     2    10     0     0     7     1    51
    45    10     0     0     5    10     1    51
    46     9     1     0     1    10     1    49
    47     9     4     0     1     0     1    51
    48    10     0     9     0     8     1    51
    49     5     7     0     0     2     1    51
    50     5     9     0     8     0     1    51
    51     0     0     0     0     0     0
--------------------------------------------------------------------------------
INFORMATION OF PROJECT 3:
#jobs  release  duedate
    52     0   150
#local resources
     2
R_L1   R_L2   
   170    12
jobnr.  dur.  r_G1  r_G2  r_L1  r_L2  #succ.  successors
     0     0     0     0     0     0     8     1     8    16    22    23    26    34    44
     1     5   173   143   170    12     2     2    45
     2     1   173   143   170    12     3     3    20    40
     3     2   173   143   170    12     1     4
     4     1   114   125    68     4     1     5
     5     5   106   103    39     8     2     6    45
     6     4    13   100    66     0     3     7    19    33
     7     4   173   143   170    12     3     9    38    43
     8    10   148    19   100     9     6     9    30    31    38    39    40
     9     1   106   103    39     8     3    10    28    29
    10     6    62    48    60    10     3    11    25    39
    11     2    59    19    59     8     2    12    21
    12     9    12    12    16     2     1    13
    13     5    59   101    65     8     3    14    18    38
    14     3    20     7    67     2     1    15
    15     8    31    87    11     4     1    17
    16    10    67    40   131     4     1    50
    17    10     0    19     9     0     1    51
    18    10     6    36     0     3     1    51
    19     5    19    54     8     1     3    36    37    48
    20     9    59   101    83     5     1    42
    21     6    95    50    96     2     3    24    30    35
    22     7   128   112    63     6     1    51
    23     9   111    95   110     2     2    27    33
    24     5    20     4    13     5     1    46
    25     7   142    53   153     7     3    35    37    42
    26     9    63   127    47     3     1    51
    27     7   173   143   170    12     1    32
    28     3     0     1    40     0     1    32
    29    10     6    41    38     2     1    31
    30     1     0    84    25     0     1    38
    31     2    13    59    28     0     1    50
    32     1   114    21    40     2     2    35    46
    33     5    53    57    25     7     1    36
    34     2   142   120   139     6     1    51
    35     5    12     6     1     5     1    49
    36     3    25   124    70     3     2    41    42
    37     2    43    26    71     3     1    46
    38     4    10    14     5     5     1    48
    39     6   154   134   157    12     1    51
    40    10   160    43   104    12     2    41    45
    41     1    78     0    67     2     1    42
    42     5   114   122    68     2     1    46
    43     1    13    19    50     3     1    51
    44    10    59    18   102     8     2    46    48
    45     7   142    56   159     6     3    46    47    48
    46     9   153   118   103     7     3    47    48    49
    47     9    19     9    13     0     1    50
    48     8    26    12    31     6     1    50
    49     2   110    12    62     9     1    51
    50     7    45    12    98     3     1    51
    51     0     0     0     0     0     0
--------------------------------------------------------------------------------
INFORMATION OF PROJECT 4:
#jobs  release  duedate
    52     0   127
#local resources
     2
R_L1   R_L2   
   119   151
jobnr.  dur.  r_G1  r_G2  r_L1  r_L2  #succ.  successors
     0     0     0     0     0     0     5     1    12    16    25    49
     1     2    18   115   119   151     7     2     6    18    29    32    43    47
     2     3    18   115   119   151     4     3     4    21    24
     3     1     0     4    12    11     1     6
     4     1    11    16    28    59     1     5
     5     1    18   115   119   151     2     7    23
     6     2    18   115   119   151     2     9    32
     7     5    18   115   119   151     1     8
     8     1    14    80    48    86     1     9
     9     1     9    52    37    18     2    10    35
    10     9    11    16    28    59     2    11    37
    11    10    18   108   100    78     3    13    30    31
    12    10     7    99    91    92    10    13    14    18    21    22    23    29    30    34    41
    13     1    10    97   108   130     3    15    28    43
    14     3    15    86    97    78     1    24
    15     3    14    52    43    18     2    17    26
    16     1     4    35    71    65     1    47
    17     8    15    85    78   127     3    19    39    44
    18     4     5    65    86   106     1    24
    19     6    15    49    36    18     2    20    27
    20     1     2    36    52    12     4    22    36    46    50
    21     6     8    89   105   130     2    38    46
    22     1    13    30    27     7     1    51
    23     9    18   111   107   140     6    26    27    28    31    40    48
    24     2    17   111   114   117     4    26    40    43    46
    25    10     3    63    76   133     3    26    40    43
    26     2    12    18    15     7     1    39
    27     4     5    49    45    66     1    36
    28     3     2    30    41    18     1    33
    29    10    12    54    48    44     2    41    46
    30     1    11    50    37    18     1    51
    31     4     8    18    11    21     1    46
    32     5     6    65   101   142     1    41
    33     1    10    50    18     9     2    42    45
    34     6    16    60    59    60     1    51
    35     9     0     7    19    73     1    51
    36     3     9    50    59    58     1    51
    37     4    12    85   102   109     1    51
    38     2     9    54    36    66     1    47
    39     1    17   111   114   117     3    45    47    48
    40     1     3    66    83   110     3    41    45    48
    41     1     9    24    14    19     1    51
    42     3     3    29    22    24     2    44    48
    43     2     4    61    48    85     2    47    48
    44    10     1     4     5    34     1    51
    45    10    10    18    14     9     1    51
    46     3     6    24    17     7     1    51
    47     2     2    48    32     7     1    51
    48     2     6    61    48    59     1    50
    49     9     3    63    82   110     1    50
    50     6     2    26    12     8     1    51
    51     0     0     0     0     0     0
--------------------------------------------------------------------------------
INFORMATION OF PROJECT 5:
#jobs  release  duedate
    52     0   139
#local resources
     2
R_L1   R_L2   
    18   115
jobnr.  dur.  r_G1  r_G2  r_L1  r_L2  #succ.  successors
     0     0     0     0     0     0     8     1     3     6    12    18    25    34    49
     1     6   107   133    13   110     1     2
     2     1   107   133    13   110     3     4    14    23
     3     1    12    18     5     5     5     4    14    23    42    48
     4     1   119   151    18   115     1     5
     5     6   119   151    18   115     2     7    16
     6     1   119   151    18   115     1     8
     7     9   119   151    18   115     1     8
     8     2    28    59    10    16     1     9
     9     1    37    18     6    52     2    10    35
    10     9    28    59    11    16     3    11    37    38
    11     9    93    68    12    84     4    13    30    31    41
    12    10    91    92     7    99     9    17    21    22    23    29    31    41    43    48
    13     1    89   124     8    73     2    15    28
    14     8   116    65     2    84     1    17
    15     3    45    18    14    49     4    17    21    26    40
    16     1    48    58     0    52     2    17    35
    17     6    96    99    12    86     1    19
    18     9    82   124     7    63     3    24    36    42
    19     8    11    18    12    51     3    20    27    30
    20     3    12    19     2    21     1    50
    21     3   107   143     8    86     1    51
    22     1    52     6     0    27     2    30    43
    23     7   118    99    12   100     5    26    27    28    32    37
    24     7    58   117    16    88     1    40
    25    10    74   133     1    63     1    51
    26     2    17     1    10     3     2    31    39
    27     8    11    66     5    27     2    36    46
    28     6    61    16     2    11     1    33
    29    10    46    28    12    57     2    38    46
    30     3    23    18    11    49     1    51
    31     4    10    21     9    22     1    51
    32     1     0    53     5    35     1    51
    33     4    12     8     6    29     1    42
    34     4    46    58     8    60     3    36    45    50
    35     9    26    83     3    30     1    50
    36     3    11    58     9    48     1    51
    37     7    30    27    10    42     1    51
    38     2    73    92     9    52     1    47
    39     3   107   117    12    86     3    41    45    50
    40     3    96    51     0    35     2    45    48
    41     1     1    15     9    17     1    51
    42     4    23    40     3    14     3    44    46    50
    43     2    23    93    14    62     3    45    46    50
    44     9     1    34     1     4     1    51
    45    10     2     2    10    16     1    51
    46     1     0     7     0    31     1    51
    47     4     0     0     3     1     1    51
    48     2     1    52     6    15     1    50
    49     9    82   122     3    62     1    50
    50     7    12     8     4    28     1    51
    51     0     0     0     0     0     0
--------------------------------------------------------------------------------
INFORMATION OF PROJECT 6:
#jobs  release  duedate
    52     0    87
#local resources
     2
R_L1   R_L2   
    11    12
jobnr.  dur.  r_G1  r_G2  r_L1  r_L2  #succ.  successors
     0     0     0     0     0     0    13     1     2     6     7     8     9    11    13    14    16    20    22    50
     1    10    10     0     0     3     5     3    19    27    28    48
     2     3     0     1     0     5     5     5    19    33    45    46
     3     3     4     6     0     0     4     4    41    46    49
     4     9     9     1     0     0     8    10    21    30    32    33    44    45    47
     5     3     0     6     1     0     7    10    24    27    31    41    44    48
     6     5     7     0     3     0    10    12    25    30    31    32    33    40    43    44    47
     7     4     0     0     6     2    10    18    19    24    25    30    41    42    44    45    48
     8     8     0     0     3     9     9    18    30    39    41    42    45    46    47    48
     9     3     0     0     1     1     8    21    26    30    38    39    44    45    47
    10     1     0     8     0    10     4    15    39    40    42
    11     6     4     7     0     0     4    17    32    38    45
    12    10     0     3     0     7     6    29    34    35    38    39    41
    13     1     5     0     0     7     6    26    34    38    40    46    49
    14     3     0     0     7     5     5    25    29    39    41    42
    15     2     0     5     0     5     2    18    38
    16     6     2     0     6     0     5    27    34    40    44    46
    17     7     0     0     2     9     4    24    36    40    41
    18    10     4     0     3     0     3    23    36    43
    19     3     9     8     0     0     4    29    36    38    40
    20     1     0     8     0     3     3    26    28    36
    21     7     8     3     0     0     2    29    31
    22     8    10     0     5     0     2    29    41
    23     6     0    10     8     0     1    26
    24     6     8     0     0     9     1    26
    25     7     5     0     5     0     2    36    38
    26     1     9     0     3     0     1    29
    27     3     0     0     5     9     1    30
    28     1     4     0     8     0     1    29
    29     3     0     0     9     5     1    37
    30     5     0     0     6     5     1    36
    31     1     8     0     5     0     1    36
    32     5     3     0     0     8     1    39
    33     9    10     6     0     0     1    36
    34     2     0     1     0     3     1    36
    35     9     0     9     0     5     1    42
    36     6     2     8     0     0     1    51
    37     5     0     0     9     2     1    51
    38     5     0     9     7     0     1    51
    39     6     2     9     0     0     1    51
    40    10     5     0     4     0     1    51
    41    10     0     7     4     0     1    51
    42     1     1     0     6     0     1    51
    43     3     2     0     4     0     1    51
    44     9     0     4     3     0     1    51
    45     8     0     4     1     0     1    51
    46    10     0     8     0     3     1    51
    47     5     0     0     8     2     1    51
    48     2     0     0     6     9     1    51
    49     2     2     0     0    10     1    51
    50     1     3     0     7     0     1    51
    51     0     0     0     0     0     0
--------------------------------------------------------------------------------
INFORMATION OF PROJECT 7:
#jobs  release  duedate
    52     0    98
#local resources
     2
R_L1   R_L2   
    13    13
jobnr.  dur.  r_G1  r_G2  r_L1  r_L2  #succ.  successors
     0     0     0     0     0     0    12     1     2     3     6     8     9    10    11    13    15    19    23
     1     9     9     0     9     0     6     4    20    29    31    39    48
     2     7     8     3     0     0     6     7    20    24    36    49    50
     3     2     9     0     0     8    11    16    18    20    24    25    26    35    36    45    48    50
     4     8    10     0     0     4     3     5    25    50
     5     7     0     8     9     0     7    14    18    24    35    36    38    49
     6     1     0     2     0     8     9    12    24    25    26    27    28    35    38    47
     7     1     4     0     0     3     7    14    18    22    25    35    44    48
     8     3     0     0    10     2    11    21    28    29    34    35    36    42    45    47    48    49
     9     4     0     5     1     0     6    18    21    33    35    36    45
    10     6     0     0     3     8     7    17    33    34    36    38    43    47
    11     4     1     0     0     7     8    20    26    34    37    45    46    49    50
    12     1     0     2     7     0     8    29    30    33    37    42    44    45    46
    13     9     0     4     0     5     7    25    30    33    37    43    47    49
    14     1     4     1     0     0     3    16    42    45
    15     7     1     0     3     0     7    26    32    35    43    44    45    46
    16     5     4     0     0     7     3    21    33    43
    17     9     3     0     3     0     3    22    44    48
    18     2     0     9    10     0     5    28    32    34    43    47
    19     1     0     7     7     0     4    30    31    37    44
    20     3     1     6     0     0     2    22    33
    21     7     0     1     0     9     3    27    41    46
    22     4    10     6     0     0     3    30    41    42
    23    10     0     0    10     5     2    30    44
    24     4     0     3     0     5     3    40    41    42
    25     5     1     9     0     0     2    34    42
    26     9     0     6     5     0     2    33    40
    27     7     5     4     0     0     1    30
    28     8     0     0     8     8     2    40    41
    29     2     0     4     6     0     2    41    43
    30     2     1     5     0     0     1    32
    31     2     0     0     8     4     1    32
    32     6     0     0     4     4     1    40
    33     4     0     3     3     0     1    41
    34     8     0     4     5     0     1    41
    35     9     0     8     0     4     1    40
    36     8     0     8     0     2     1    44
    37     3     1     7     0     0     1    41
    38    10     5     0     4     0     1    45
    39     1     9     9     0     0     1    40
    40     4     4     0     0     9     1    51
    41     2     4     0     0    10     1    51
    42    10    10     0     0     3     1    51
    43    10     0     8     3     0     1    51
    44     7     0     7    10     0     1    51
    45     8     0     5     0     9     1    51
    46    10     8     5     0     0     1    51
    47     6     8     0     0     1     1    51
    48     3     0     2     0     1     1    51
    49    10     0     0    10     4     1    51
    50     8     5     0     0     7     1    51
    51     0     0     0     0     0     0
--------------------------------------------------------------------------------
INFORMATION OF PROJECT 8:
#jobs  release  duedate
    52     0   153
#local resources
     2
R_L1   R_L2   
    18   115
jobnr.  dur.  r_G1  r_G2  r_L1  r_L2  #succ.  successors
     0     0     0     0     0     0    11     1     3     6    12    14    24    25    34    38    40    49
     1     3   119   151    18   115     2     2    18
     2    10   110   145    16   110     2     4    21
     3     1    54    18    16    52     3     4    16    23
     4     1    69    91     8    73     2     5    26
     5     3   110   145    18   114     1     7
     6     4   110   145    16   110     3     8    18    29
     7    10   119   151    18   115     1     8
     8     5    28    59    11    16     1     9
     9     1    59    41    10    52     2    10    35
    10     9    28    59    11    16     2    11    37
    11    10   108    79    16    90     3    13    31    32
    12    10    91    92     7    99     7    16    17    22    23    29    31    43
    13     1    99   124     9    82     2    15    28
    14     4     9     6     0     1     3    17    22    33
    15     4    45    12    14    47     2    17    48
    16     1    75    73    13    80     2    17    47
    17     4    94   105    13    86     1    19
    18     6    51   104     7    62     1    51
    19     8    14    18    12    49     5    20    27    30    44    45
    20     5    12     7     3    21     2    43    50
    21     8   107    78     8    90     1    51
    22     8     9     6     2     5     1    51
    23     7    98   137    13    89     4    27    28    30    31
    24     8    75   117    13    84     1    26
    25    10    65   133     2    63     1    51
    26     2    36    11    13    25     1    39
    27     4    11    28     5    31     1    36
    28     8    35    18     2    30     2    30    33
    29     9    84    39    12    55     1    51
    30     2    36    18    11    46     1    43
    31     4    11    21     9    32     1    51
    32     3    55    69     4    48     1    51
    33     2    21    12     1    29     2    42    45
    34     3    41    54     8    37     1    51
    35     9    11    72     2    25     4    36    41    46    47
    36     2    69    83     8    61     1    51
    37     3    50    50    10    42     1    51
    38     7    97   111     8    83     1    51
    39     7   107   117    15    86     2    45    48
    40     2    96   107     3    37     2    46    48
    41     2    20    14     4    23     1    51
    42     5    16    40     3    15     4    44    46    47    50
    43     2    53    56     1    42     1    51
    44     9     3    34     1    19     1    51
    45    10    11     4    10     2     1    46
    46     1    57    89    13    44     1    51
    47     2     3     1     2    29     1    51
    48     2     3    67     6    20     1    50
    49    10    83   110     5    54     1    50
    50     8    13    28     4    26     1    51
    51     0     0     0     0     0     0
--------------------------------------------------------------------------------
INFORMATION OF PROJECT 9:
#jobs  release  duedate
    52     0   119
#local resources
     2
R_L1   R_L2   
    14    22
jobnr.  dur.  r_G1  r_G2  r_L1  r_L2  #succ.  successors
     0     0     0     0     0     0    11     1     4     5    10    12    17    22    23    25    35    48
     1     2     1     6     4    13     7     2    20    24    40    42    46    47
     2     2    13    22     5    14     4     3    11    37    40
     3     6     7    13    11     4     4     6    16    33    34
     4     2     6    12     0    10     4     9    14    40    41
     5     8     1     9     7     4     7     7    13    20    27    29    33    41
     6     6     6    12    10     9     5     9    20    29    30    44
     7     5     8    16     8     9     6     8    14    20    31    36    38
     8     2     3    16    10     0     6    18    28    31    32    33    43
     9     1     5     9     4     1     3    13    28    31
    10     2     1     7     0     0     6    11    13    19    20    27    32
    11     4     5     0     3     5     3    13    18    27
    12     4     0    10     9     0     4    26    27    32    44
    13     2     0    16     9     2     2    15    45
    14     5     6     8     0     0     3    32    33    44
    15     9     0     6     2     5     1    18
    16     3     6    11     7     0     5    18    24    31    37    38
    17     4     1    14    10     4     2    27    34
    18     3     0    12     8     6     4    19    21    30    39
    19     5     8    23     3     2     2    26    41
    20     8     0     3     1     3     1    51
    21     5     2     6     6    14     1    51
    22     9     4    31     0     4     1    39
    23     2     5     0     0     8     1    51
    24     8     0     9     3     0     1    42
    25     5     4    18     9     0     1    42
    26     9     0    14     6     8     1    51
    27    10     4     0     0     6     1    51
    28     6     9    15     7     9     1    51
    29     1     1     1    11     2     2    30    32
    30     4     1    14     0    16     1    51
    31     5     3     0     1     8     1    43
    32     2     0    19    10     8     1    38
    33     2     9    15    13     0     1    45
    34     7     3    13    13     8     2    42    43
    35     9     3    22     8    11     1    39
    36     4     0     3     8     8     1    51
    37     7    12    20     8     7     2    45    46
    38     8     9    11     4     4     2    45    49
    39     4    10     8     3     1     1    51
    40     4     1     4     0    13     1    44
    41    10    10     0     2     0     1    51
    42     2     0     0     4     2     1    45
    43     1     0     5     6    14     2    49    50
    44     5     8    13     8     0     2    45    49
    45     2     1     1    10    14     2    49    50
    46     3     8    23    10    10     1    51
    47     1     3     4     0    11     1    51
    48     8     6     9     8     9     2    49    50
    49     9     0     1     2     9     1    51
    50    10     9    10     0     6     1    51
    51     0     0     0     0     0     0
--------------------------------------------------------------------------------
INFORMATION OF PROJECT 10:
#jobs  release  duedate
    52     0    85
#local resources
     2
R_L1   R_L2   
    13    18
jobnr.  dur.  r_G1  r_G2  r_L1  r_L2  #succ.  successors
     0     0     0     0     0     0     7     1     6     9    10    16    48    50
     1     5    13     8     2     8     6     2    14    34    45    46    47
     2     1    13     8     0     2     8     3    13    23    39    40    41    42    43
     3     5    11    16     0     9     6     4    24    35    36    37    38
     4     6     0     2     0    11     9     5    21    25    26    27    30    31    32    33
     5     8     0    16     3     2     5     7    15    22    28    29
     6     2     0     9     0    10     6    11    19    21    22    24    27
     7     8     9     4     0     0     2     8    19
     8     4     0    10     0     4     2    11    20
     9     4     0     0     5     5     3    15    26    34
    10     3     0     0     6     4     3    24    25    34
    11     3     7     0     0     9     2    12    18
    12    10     4    10     0     5     2    17    28
    13     9     0     9    11     9     1    21
    14     6     4     0     2     0     1    23
    15     6     1    10     0     0     2    23    44
    16     1     7     3    10     0     1    44
    17     3     5     6     0     0     1    51
    18     8     0     0     8     2     1    34
    19     1     6     0    10     6     1    51
    20     8     3     0     3     0     1    51
    21     8    10     0     0    10     1    51
    22     1     1     0     7     0     1    51
    23     7     0     3     0     2     1    51
    24     5     5     0     9     0     1    28
    25     2    10     0     2     0     1    51
    26     6     0     3     0     1     1    39
    27     8     6     1     0     0     1    51
    28     2     8     0     0     2     1    51
    29     7     0     0     2     9     1    51
    30     3     0     0     5     9     1    51
    31     3     8     0     6     0     1    51
    32     6     3     8     0     0     1    34
    33    10     2     0     0    10     1    51
    34     6     5     0     4     0     1    51
    35     2     0     3     5     0     2    36    41
    36     6     0     5     0     5     1    42
    37     9     4     0     5     0     1    51
    38     7     0     5     0    10     1    43
    39     1     3     0     9     0     1    46
    40     1     2     1     3     3     1    51
    41    10     2     0     8    16     1    51
    42     7     6     0     7     0     1    46
    43     4     0     0     8    10     1    45
    44     1     0     6     0     1     1    51
    45     5     9     4     0     0     1    51
    46     1     8     0     2     0     1    49
    47     6     0     0     8     1     1    51
    48     9     0     8     4     0     1    51
    49     4    10     0    10     1     1    51
    50     8     3    13     3     0     1    51
    51     0     0     0     0     0     0
--------------------------------------------------------------------------------
INFORMATION OF PROJECT 11:
#jobs  release  duedate
    52     0   174
#local resources
     2
R_L1   R_L2   
   113   143
jobnr.  dur.  r_G1  r_G2  r_L1  r_L2  #succ.  successors
     0     0     0     0     0     0     7     1     8    16    19    32    34    40
     1     4   170   111   113   143     1     2
     2     3   170   111   113   143     1     3
     3     6   170   111   113   143     1     4
     4    10   170   111   113   143     2     5    26
     5     7    39    61    45   103     5     6    18    35    36    50
     6     3   170   111   113   143     1     7
     7     6   170   111   113   143     3     9    25    36
     8     7   170   111   113   143     1     9
     9     1    39    57    27   103     3    10    21    29
    10     3    39    45    26    49     4    11    24    28    44
    11     4   166   102   113   139     3    12    38    44
    12     2    52    55    58    28     5    13    20    22    23    42
    13     1    39    63    87    28     1    14
    14     3   170   111   113   143     2    15    31
    15     7    17     5     0    87     1    17
    16    10   131    50    68    40     1    39
    17     1    39     3     0    19     1    51
    18    10    60    70    98    42     1    27
    19     6    21     0     2     6     3    20    23    35
    20     2   131   101   103   117     3    27    37    46
    21     1   142   106   103    56     1    51
    22     2   131   101    86   117     1    51
    23     7   135    60    75   101     1    51
    24     1    36    10    15    38     1    42
    25     9   145   102    86   124     2    37    38
    26     8     4     9     0     4     1    45
    27    10   170   111   113   143     1    51
    28     3   166   102   113   139     5    30    39    42    43    44
    29     4    82    11    39    11     1    51
    30     1    14    54    85    14     1    46
    31    10    28     1    10    22     1    49
    32     6   131    48    26    52     3    33    39    41
    33     1   103   101    74    28     1    36
    34    10   117    66    87    94     1    48
    35     1   157   102    86   124     1    45
    36     4   118    48    26   115     1    38
    37     2    47    36    26    22     1    47
    38     4    54    39    26    79     3    43    45    50
    39     6   170   111   113   143     1    45
    40     9    77    54    86    40     2    43    50
    41     7   106    39    26    90     3    42    45    46
    42     4    88   100    74   105     1    46
    43     4   142   103    86   121     2    47    48
    44     6    13     8    27    19     1    46
    45     6   170   111   113   143     1    46
    46     2   142   110   103   121     2    47    48
    47     9    71    36    15    14     1    49
    48     7    35    51    38    42     1    51
    49    10    49    45    26    49     1    51
    50     5   170   111   113   143     1    51
    51     0     0     0     0     0     0
--------------------------------------------------------------------------------
INFORMATION OF PROJECT 12:
#jobs  release  duedate
    52     0   130
#local resources
     2
R_L1   R_L2   
   119   115
jobnr.  dur.  r_G1  r_G2  r_L1  r_L2  #succ.  successors
     0     0     0     0     0     0     6     1     3    12    14    25    49
     1     2    16   145   110   110     7     2     6    18    21    23    43    47
     2     2    16   145   110   110     2     4     6
     3     1    10    18    17    52     3     6    18    23
     4     1     8    59     5    16     1     5
     5     5    18   145   110   114     4     7    16    41    48
     6     1    16   139   101   109     4     8    16    34    38
     7     2    18   151   119   115     2     8    38
     8     6    11    59    28    16     1     9
     9     7     8    93    81   110     2    10    35
    10     9    11    56    28    16     2    11    37
    11    10    12    68    94    83     3    13    31    32
    12    10     7    92    91    99     9    16    17    21    22    23    29    31    32    41
    13     1     8   124    89    73     2    15    28
    14     3     0     6     9     1     2    44    50
    15     3    14    12    45    47     1    17
    16     1     0    62    44    32     1    19
    17     5    15   145   110   110     2    19    33
    18     5     7   104    85    60     1    24
    19     8    12    16    13    49     5    20    27    30    44    45
    20     4     3     7    12    21     2    46    50
    21     4     5   143   107    86     1    51
    22     9     2     6     9     5     1    30
    23     7    12    99    93    89     5    26    27    28    37    46
    24     7    15   117    69    85     3    26    38    40
    25    10     1   133    65    63     1    51
    26     2    10     2    29     2     3    31    39    46
    27     4     5    66    11    30     2    36    46
    28     7     2    16    41    18     1    33
    29    10    12    10    41    54     1    38
    30     3    11    16    34    40     2    43    46
    31     4     9    21    12    32     1    51
    32     1     2    55    29    59     2    37    44
    33     3     0     8    10    29     1    42
    34     4     8    54    37    41     1    45
    35     9     0    83    25    32     2    46    50
    36     3     9    91    66    53     1    51
    37     5    10    27    30    42     1    43
    38     2     9   111   107    83     1    47
    39     3    11   117   107    86     1    45
    40     3     2    78    96    37     3    41    46    48
    41     3     6    13    26    23     1    51
    42     7     3    40    21    15     3    44    46    50
    43     2     4    81    28    38     1    51
    44     9     1    34     2     8     1    51
    45     9    10     2     2    16     1    51
    46     1     5    54    44    32     1    51
    47     4     3     2     0     3     1    51
    48     2     6    52    25     4     1    50
    49     9     3   110    84    49     1    50
    50     7     4     8    12    26     1    51
    51     0     0     0     0     0     0
--------------------------------------------------------------------------------
INFORMATION OF PROJECT 13:
#jobs  release  duedate
    52     0   138
#local resources
     2
R_L1   R_L2   
    15    12
jobnr.  dur.  r_G1  r_G2  r_L1  r_L2  #succ.  successors
     0     0     0     0     0     0     4     1     8    40    44
     1     5    70   131    11     3     1     2
     2     6   170   143    15    12     2     3    43
     3     8   170   143    15    12     3     4    16    42
     4     2    66   131    11     0     3     5    26    39
     5     2   166   143    11    10     4     6    35    37    49
     6     4    66   125     6     0     5     7    19    32    33    34
     7     2   170   143    15    12     3     9    30    31
     8     8   100    12     4     9     4     9    31    38    41
     9     1    42   103     2     0     4    10    27    28    29
    10     5    36    92     2     2     5    11    23    24    25    29
    11     4     1    10     2     0     5    12    20    21    22    38
    12     6    17    21     4     2     1    13
    13     2    29     6     5     8     3    14    18    50
    14     3    25    16    10     1     1    15
    15    10    28    87     3     0     1    17
    16    10   133    46    10    10     2    30    31
    17     7    16    19     0     5     1    51
    18    10     7    36     0     3     1    51
    19     2     1     1     2     0     1    23
    20     2    68   101     8     5     1    46
    21     4   135    44     9     9     1    38
    22     6    62   108     2     5     1    23
    23     3   131    95     4     9     1    37
    24     3    76     5     9     4     1    51
    25     2    95    28     1     7     1    42
    26     5     4     0     4     2     1    30
    27     3   162   121     9    12     1    51
    28     5    25    10    10     0     1    51
    29    10     7    10     0     2     1    51
    30     7     7    12     0     0     1    42
    31     5    31    30    10     0     1    51
    32     3   127    39     9     0     1    46
    33     9    35    82     2     6     2    36    38
    34    10   139    95    11     5     1    51
    35     3     0     6     4     0     1    51
    36     3    69   124     9     2     1    42
    37     2   156   121    15    10     1    48
    38     8   100    15     8     6     1    51
    39     6   158   130     7     8     1    46
    40    10   104    12     0    12     1    51
    41     5    29    19     5     8     1    42
    42     4    65   121     0     0     1    45
    43    10   132    65    13     2     1    51
    44    10   104    18     9     8     1    48
    45     1   135    46    11     5     1    46
    46     9    62   117     0     4     3    47    48    49
    47     5    32     7    10     0     1    49
    48     7    31     3     0     6     1    49
    49     1    42    10     3     5     1    51
    50     7     5     0     7     3     1    51
    51     0     0     0     0     0     0
--------------------------------------------------------------------------------
INFORMATION OF PROJECT 14:
#jobs  release  duedate
    52     0   140
#local resources
     2
R_L1   R_L2   
   119    18
jobnr.  dur.  r_G1  r_G2  r_L1  r_L2  #succ.  successors
     0     0     0     0     0     0     7     1     3     5    12    24    25    49
     1     4   141   110   119    17     5     2     6    21    29    43
     2     1   141   110   119    17     1     4
     3     1    10     5     0     1     2     4    23
     4     1    59    16    28     7     2     6    48
     5     3   151   115   119    18     2     7    21
     6     2   151   115   119    18     1     7
     7     4   151   115   119    18     3     8    22    48
     8     1    76    30    67     4     1     9
     9     2    18    28    23     7     2    10    35
    10     9    59    16    28    11     3    11    14    18
    11     9   128    87   106    18     2    13    14
    12    10    92    99    91     7    10    13    17    21    22    23    29    31    34    41    43
    13     8   151   115   119    18     3    15    16    28
    14     1    32    49    12     8     1    51
    15     2    18    52    54    14     3    17    31    42
    16     1    95    52    86     4     1    17
    17     4   111    87    98    15     1    19
    18     6   111    69    67    12     1    43
    19     7    18    50    23     9     4    20    27    30    41
    20     9     7    21     7     3     1    50
    21    10   143    94   107     8     1    44
    22     2     5    37     0     2     1    51
    23     6   144    94   112    15     7    26    28    30    32    37    40    46
    24     9   117    85    65    15     4    26    41    43    50
    25    10   133    63    65     1     3    41    44    45
    26     2    10    24    33    14     2    32    39
    27     3    29    31    52     0     4    36    37    43    45
    28     6    34    30    54     2     3    30    33    44
    29    10    42    55    43    11     4    37    38    48    50
    30     2    18    44    36     8     2    36    46
    31     4    33    35    16     9     1    36
    32     2    68    65    25    11     1    51
    33     5     8    28    20     3     1    42
    34     3    70    48    52     8     1    51
    35    10    23    28    13     0     1    47
    36     3    50    59    67    10     1    51
    37     6    27    43    37    10     1    51
    38     1   111    80    98    14     1    51
    39    10   143    94   107    14     4    44    45    47    48
    40     3   105    53    96     6     2    44    45
    41     2   101    25    50     4     1    46
    42     6    40    13    21     3     3    43    47    50
    43     2    70    13    82     1     1    51
    44     1    35     4    42     4     1    46
    45    10     8    19    11    10     1    51
    46     1    20    31    13     0     1    51
    47     8    13     4     0     3     1    51
    48     1    92    28    77     7     1    51
    49     9   111    50    82     4     1    50
    50     8     8    18    12     4     1    51
    51     0     0     0     0     0     0
--------------------------------------------------------------------------------
INFORMATION OF PROJECT 15:
#jobs  release  duedate
    52     0   134
#local resources
     2
R_L1   R_L2   
    18   115
jobnr.  dur.  r_G1  r_G2  r_L1  r_L2  #succ.  successors
     0     0     0     0     0     0     8     1     3     6    12    18    25    26    49
     1     2   107   144    13   110     1     2
     2     7   107   144    13   110     3     4    14    44
     3     3    12     7     5     5     4     4    14    23    48
     4     1   109    93    12    95     2     5    41
     5     4   110   145    18   110     4     7    16    34    39
     6     1   109   111    17   106     1    51
     7     5   119   151    18   115     1     8
     8     2    28    59    11    16     2     9    39
     9     1    37    12     6    47     2    10    35
    10     9    28    59    11    16     3    11    37    38
    11    10    77    68     6    85     3    13    31    32
    12    10    91    92     7    99     9    17    21    22    23    29    31    34    41    43
    13     1    89   124     8    73     3    15    28    43
    14     6   116    65     3    88     2    17    32
    15     3    45    12    14    47     2    17    44
    16     1    48    72     0    53     2    17    37
    17     4    96   101    15    84     1    19
    18     9    86   124     7    60     2    24    42
    19     8    13    18    12    49     3    20    27    30
    20     4    12     7     2    21     1    50
    21     4   107   143     8    86     2    48    50
    22     6     9     6     0     5     1    30
    23     7    98    93    12    89     3    27    28    37
    24     7    58   111    16    85     3    40    41    46
    25    10    65   133     2    63     1    51
    26     2    16     2    10     5     4    31    33    39    43
    27     4    12    66     5    27     2    36    46
    28     7    61    16     2    30     1    33
    29    10    46    18    12    54     2    30    45
    30     4    23    18    11    47     1    51
    31     4    10    21     9    32     1    51
    32     1     4    53     5    47     1    51
    33     5    12     8     4    29     1    42
    34     4    46    53     8    47     2    36    50
    35     9    42    83     3    30     2    46    50
    36     3    23    58     9    47     1    51
    37     6    30    27    10    42     3    42    43    46
    38     2    73    60     9    39     1    47
    39     4   107   117    14    86     1    45
    40     3    96    88     1    39     3    45    47    48
    41     1     1    16    12    27     1    51
    42     5    23    46     3    31     2    44    46
    43     2    21    50     1    31     1    45
    44     9     1    34     1     4     1    51
    45    10     2     2    10    18     1    51
    46     2     0     7     0    18     1    51
    47     4     0     0     5     1     1    51
    48     1     1    52     6    15     1    51
    49    10    82   110     3    49     1    50
    50     6    12     8     4    21     1    51
    51     0     0     0     0     0     0
--------------------------------------------------------------------------------
INFORMATION OF PROJECT 16:
#jobs  release  duedate
    52     0   101
#local resources
     2
R_L1   R_L2   
    14    11
jobnr.  dur.  r_G1  r_G2  r_L1  r_L2  #succ.  successors
     0     0     0     0     0     0     9     1     9    11    20    24    25    46    47    49
     1     1     2    11     0     0     7     2    13    39    40    43    44    45
     2     3     0     6     2     6     4     3    15    41    42
     3     4    11    11    14    11     1     4
     4     6     0    11     0     0     3     5    18    23
     5    10     5     1     1    11     4     6    16    37    38
     6     1     6     9    13     0     5     7    22    35    36    45
     7     3     9     6     0     0     3     8    32    33
     8     5     0     0     4     8     3    10    29    34
     9     8     1     0     0     3     5    14    32    33    39    40
    10     1     2     9     0     4     2    12    30
    11     7     5     0     9     0     4    15    19    28    30
    12     2     5     9     0     0     2    14    31
    13    10     8     0     0     5     1    51
    14     6     1     8     0     0     3    17    27    28
    15     1     0     0     1     6     2    21    27
    16     3     4     0    13     0     2    21    27
    17     2     3     0     0    11     1    19
    18     4     3     0     4     0     1    51
    19     8     0     3     4     0     1    21
    20    10    10     4     0     0     2    26    35
    21     5    10     6     0     0     1    26
    22     1     8     0     2     0     1    27
    23     9     6     8     1     7     1    32
    24     1     0     2     0     6     1    35
    25     4     1     0     7     0     1    26
    26     7     9     1     2    11     1    51
    27     4     0     3    10     0     1    51
    28     2    10     1    10     1     1    51
    29     3     3     7     0     0     1    51
    30     1     4     2     0     2     1    51
    31     9     0     3     9     0     1    51
    32     9     3     6     0     0     1    51
    33     7     0     2     7     0     1    37
    34     8     1     5     0     0     1    51
    35     6     8     0     8     0     1    51
    36     7     0     7     4     0     1    38
    37     8     0     2     0     4     1    51
    38     5     6     0     0     4     1    51
    39     2     5     4     0     3     1    51
    40     6     0     5    10     0     1    51
    41     6     1    10     0     0     1    51
    42     5     5     0     8     0     1    51
    43     5     0     5    12     8     1    51
    44     1     2     0     0     4     1    51
    45     4     1     0    10     0     1    51
    46    10     0     0     4    11     1    51
    47     6     7     6     0     6     1    48
    48     4     1     0     5     0     1    51
    49     1     4     0     0     5     1    50
    50     7     0     0     8    11     1    51
    51     0     0     0     0     0     0
--------------------------------------------------------------------------------
INFORMATION OF PROJECT 17:
#jobs  release  duedate
    52     0    67
#local resources
     2
R_L1   R_L2   
    12    22
jobnr.  dur.  r_G1  r_G2  r_L1  r_L2  #succ.  successors
     0     0     0     0     0     0    11     1     2     3     4     5     6     8     9    10    13    29
     1     7     2    10     0     0    14    12    15    16    18    19    20    21    22    23    24    25    26    33    50
     2     6     8     0     0     2     7     7    17    19    20    21    24    26
     3     7     9     0     0     9    10    12    16    19    24    25    26    32    33    37    49
     4     4     0     0     3     7     9    14    18    26    28    31    45    46    47    48
     5     2     2     0     0     3     7    11    20    21    27    37    48    50
     6     3     0     9     0     7     9    20    21    23    24    26    31    33    44    46
     7     4     0     7     0     4     8    14    23    27    28    31    33    45    46
     8     3     0     8     5     0    10    21    25    33    35    36    37    43    46    47    48
     9     7     6     2     0     0    12    31    33    34    35    36    40    45    46    47    48    49    50
    10     6     0     5     1     0     8    21    27    37    41    43    46    48    50
    11     8     8     0     0     3    10    30    31    32    34    35    36    40    45    46    47
    12     5     2     6     0     0     9    28    30    31    34    35    36    44    45    46
    13     4     0     5     8     0     7    26    30    36    40    44    45    47
    14     5     2     0     7     0     7    30    34    35    36    37    40    50
    15     7     1     0     0    10     7    30    34    41    43    44    46    47
    16     2     0     2     5     0     6    30    34    35    43    46    48
    17     9     7     7     0     0     5    25    34    40    44    49
    18     3     8     0     7     0     7    30    40    41    42    43    44    49
    19    10     2     0     2     0     6    34    35    38    40    47    48
    20     9     8     0     0     2     5    30    32    36    40    42
    21     2     0     4     0     1     4    30    34    40    45
    22     5     0     4     9     0     4    30    32    40    45
    23     6     8     0     4     0     5    38    39    40    41    49
    24     9     7     2     0     0     4    35    38    40    43
    25     7     0     0     2     9     3    30    41    42
    26     5     5     8     0     0     2    34    35
    27    10     8     0     1     0     2    30    40
    28     4     0     9     3     0     3    38    40    43
    29     7     0     0     5     8     3    38    39    44
    30     8     7     3     0     0     2    38    39
    31    10     6     3     0     0     2    38    43
    32     1     2     7     0     0     2    39    43
    33     8     3     0     0    10     2    38    39
    34     9     0     2     0     7     1    42
    35     9     1     9     0     0     1    41
    36     4     0     7     9     0     1    38
    37     9     0     3     0     9     1    44
    38     1     8     0     0     7     1    51
    39     1    10     0     3     0     1    51
    40     6     4     0     0     8     1    51
    41     9     0     0     6     8     1    51
    42     1     2     7     0     0     1    51
    43     9     5     0    10     0     1    51
    44     4     0     3     0     2     1    51
    45     7     6     0     0     1     1    51
    46     9     0     9     0     9     1    51
    47     2     0     0     6     4     1    51
    48     7     0     7     0     8     1    51
    49     6     8     0     0     6     1    51
    50     7     0     7     0     7     1    51
    51     0     0     0     0     0     0
--------------------------------------------------------------------------------
INFORMATION OF PROJECT 18:
#jobs  release  duedate
    52     0   117
#local resources
     2
R_L1   R_L2   
    59    10
jobnr.  dur.  r_G1  r_G2  r_L1  r_L2  #succ.  successors
     0     0     0     0     0     0     8     1    11    20    31    42    44    45    49
     1     2    14    14    59    10     6     2    14    19    38    40    41
     2     4    10    14    47     2     2     3    39
     3     8    10     9    39     0     2     4    39
     4     3    14    14    56     6     3     5    35    36
     5     7     6     4    41     6     5     6    18    32    33    34
     6     6     2     0     9     0     3     7    29    30
     7     6     5     5    16     0     1     8
     8     6     0     0    24     8     4     9    16    25    28
     9     5     5    10    20     1     3    10    26    39
    10     3     5     0     0     6     3    12    23    24
    11    10     4    10    41     0     4    21    22    27    37
    12     3     8     0    35     7     4    13    33    35    43
    13     1     7     0     2     0     1    15
    14     3     0     8     3     3     1    51
    15     5     1     0    20     3     2    17    24
    16     8    12     7    53    10     1    17
    17     7     3     6     5     0     1    21
    18     7    11     7    29     2     1    51
    19     4     0    13    50     0     1    25
    20     5     4     0    11     5     1    36
    21     2     0     2    21     6     1    51
    22     8     0     0     3     4     1    34
    23     6     4     0     2     0     1    51
    24     5     0     3     9     3     1    27
    25     1     4     9     0     0     1    51
    26     9     0     0     9     6     1    51
    27     6     2     0     3     0     1    51
    28     2     9     0    54     3     2    38    41
    29     2     8     5    37    10     1    51
    30    10     8     0     6     0     1    51
    31     1    11     1    36     4     1    51
    32     9     9     1    24     4     1    51
    33     9     2     4     0     0     1    51
    34     8     0     3     6     0     1    51
    35     8     0     1     0     7     1    51
    36     6     4    10    44     7     2    38    46
    37     3     0    10    20     4     1    39
    38     4     3     0     0     3     1    43
    39     5     9     5    29     2     1    48
    40     9     8     8    18     4     1    51
    41     2     9     0    33     7     1    51
    42    10     6    10    18     0     1    51
    43     1     3     3     0     0     1    51
    44     4     0     9    43    10     1    50
    45     2     0     0     9     4     2    47    50
    46     6     8     4     7     0     1    51
    47     9     0     8    20     5     1    51
    48     9     0     5     5     3     1    51
    49     9     0     5     8     5     1    51
    50     1     0     5     3     5     1    51
    51     0     0     0     0     0     0
--------------------------------------------------------------------------------
TRANSFER TIMES OF GLOBAL RESOURCE G1
 DEPOT    P1    P2    P3    P4    P5    P6    P7    P8    P9   P10   P11   P12   P13   P14   P15   P16   P17   P18
     0    18    24    27    21    27    25    33    20     5    17    26     5     5     3    25    20    26    23
    18     0    33    40    39    37    21    48    37    17    22    34    19    15    20     8    23    29    20
    24    33     0    45    28    48    48    48    19    28    11    48    19    24    22    40    11    10    17
    27    40    45     0    22     9    32    10    31    25    42    13    31    30    27    44    45    50    49
    21    39    28    22     0    28    42    22    10    24    29    31    21    25    20    45    31    35    38
    27    37    48     9    28     0    25    17    36    24    43     5    31    29    28    39    46    52    49
    25    21    48    32    42    25     0    40    44    21    38    21    30    24    28    18    40    47    40
    33    48    48    10    22    17    40     0    32    32    46    22    36    36    33    52    49    54    54
    20    37    19    31    10    36    44    32     0    25    22    38    18    23    18    44    24    27    31
     5    17    28    25    24    24    21    32    25     0    21    23    10     6     8    22    23    30    25
    17    22    11    42    29    43    38    46    22    21     0    42    12    16    15    29     3    10    10
    26    34    48    13    31     5    21    22    38    23    42     0    31    28    28    36    45    51    47
     5    19    19    31    21    31    30    36    18    10    12    31     0     6     4    26    15    21    19
     5    15    24    30    25    29    24    36    23     6    16    28     6     0     6    21    18    25    20
     3    20    22    27    20    28    28    33    18     8    15    28     4     6     0    27    18    24    22
    25     8    40    44    45    39    18    52    44    22    29    36    26    21    27     0    31    36    27
    20    23    11    45    31    46    40    49    24    23     3    45    15    18    18    31     0     7     8
    26    29    10    50    35    52    47    54    27    30    10    51    21    25    24    36     7     0    10
    23    20    17    49    38    49    40    54    31    25    10    47    19    20    22    27     8    10     0
--------------------------------------------------------------------------------
TRANSFER TIMES OF GLOBAL RESOURCE G2
 DEPOT    P1    P2    P3    P4    P5    P6    P7    P8    P9   P10   P11   P12   P13   P14   P15   P16   P17   P18
     0    30    25    29    28    29    27    23    29    28    18    32    22    13    17     7    31     9    13
    30     0    54    48    46    58    48    45    43    38    27    61    10    32    19    32    60    27    35
    25    54     0    33    32     9    28    26    38    39    35     8    46    27    39    24     7    30    25
    29    48    33     0     2    28     6     8     8    57    46    34    44    41    44    36    39    24    17
    28    46    32     2     0    28     5     7     8    55    45    33    43    39    42    34    38    23    15
    29    58     9    28    28     0    24    22    34    47    42     6    50    34    45    30    12    32    25
    27    48    28     6     5    24     0     4    12    54    44    29    44    38    42    33    34    23    15
    23    45    26     8     7    22     4     0    13    50    40    27    41    34    39    29    32    20    12
    29    43    38     8     8    34    12    13     0    57    45    40    41    41    42    36    44    23    17
    28    38    39    57    55    47    54    50    57     0    13    47    29    16    21    22    41    35    40
    18    27    35    46    45    42    44    40    45    13     0    43    18     8     9    13    39    24    30
    32    61     8    34    33     6    29    27    40    47    43     0    53    35    47    32     8    36    30
    22    10    46    44    43    50    44    41    41    29    18    53     0    22     9    22    51    21    30
    13    32    27    41    39    34    38    34    41    16     8    35    22     0    14     6    32    20    25
    17    19    39    44    42    45    42    39    42    21     9    47     9    14     0    16    44    20    28
     7    32    24    36    34    30    33    29    36    22    13    32    22     6    16     0    29    16    19
    31    60     7    39    38    12    34    32    44    41    39     8    51    32    44    29     0    37    32
     9    27    30    24    23    32    23    20    23    35    24    36    21    20    20    16    37     0     9
    13    35    25    17    15    25    15    12    17    40    30    30    30    25    28    19    32     9     0
--------------------------------------------------------------------------------
Additional Information: 
global resource strength = 0.2
transfer time factor = 0.5
adapted from RCPSP instances: 
[sD271, sD61, sD257, sD340, sD255, sD43, sD40, sD311, sD223, sD68, sD320, sD260, sD136, sD363, sD246, sD71, sD7, sD107]
