--------------------------------------------------------------------------------
PORTFOLIO INFORMATION:
#projects
    20
#global resources
     2
R_G1   R_G2   
   411   502
--------------------------------------------------------------------------------
INFORMATION OF PROJECT 1:
#jobs  release  duedate
    52     0    78
#local resources
     2
R_L1   R_L2   
    14    14
jobnr.  dur.  r_G1  r_G2  r_L1  r_L2  #succ.  successors
     0     0     0     0     0     0    12     1     2     3     4     5     6     7     8     9    11    15    22
     1     4     8     0     7     0    12    10    14    16    17    18    19    24    29    30    32    47    50
     2     3     8     0     0     6    11    13    14    16    20    29    30    32    44    47    48    50
     3     2     0     0     5     7    17    20    21    25    26    28    29    30    31    32    33    39    42    43    44    46    47    48
     4    10     3     0     5     0     7    12    13    14    16    20    29    30
     5     9     6     8     0     0    11    16    18    23    27    29    31    32    33    44    45    46
     6     5     3     0     0     8    13    18    25    26    27    29    30    31    33    35    39    44    46    49
     7     2     4     0     9     0     8    16    18    20    23    29    44    45    46
     8     9     3     0     4     0     8    13    19    21    28    29    33    37    45
     9     4     0     4     6     0    10    21    23    26    31    39    41    42    44    45    48
    10     4     7     0     3     0     9    20    25    26    31    41    44    45    46    49
    11     3    10     0     0     9     9    20    21    30    31    36    39    40    43    44
    12     4     0     1     4     0    11    25    26    35    36    38    40    41    43    44    45    47
    13     6     6     9     0     0     8    25    27    35    36    39    41    42    46
    14     7     3     0     0     9     7    28    34    35    36    39    42    45
    15     7     0     5     0     7     7    25    30    36    39    40    44    45
    16     2     4     3     0     0     6    25    26    35    39    42    43
    17     8     6     0     0     7     6    25    26    35    40    41    45
    18     2     0     0     6     3     6    28    36    37    40    42    43
    19     3     9     0     8     0     5    36    39    40    42    43
    20     2     0     2    10     0     3    27    34    35
    21     2     7     0    10     0     3    34    35    38
    22     8     1     0     1     0     3    35    39    47
    23     8     0     0    10     7     2    35    36
    24     7     2     3     0     0     2    38    40
    25     4     4     0     0     3     1    34
    26    10     3     0     5     0     1    37
    27     1     5     3     0     0     1    38
    28     4     0     3     6     0     1    41
    29     7    10     9     0     0     1    34
    30     8     0     3     0    10     1    34
    31     8     7     0     0     9     1    37
    32     3     0     2     0    10     1    40
    33     1     0     0     2     4     1    36
    34     7     2     0     0     6     1    51
    35     6     2     0     0     5     1    51
    36     8     0     5     4     0     1    51
    37     6     4     0     7     0     1    51
    38     4     2     0     0    10     1    51
    39     9     9     0     9     0     1    51
    40     9     0    10     5     0     1    51
    41     5     0     8     0     5     1    51
    42     2     0     0     8     7     1    51
    43     4     1     4     0     0     1    51
    44     2     0     9     0     7     1    51
    45    10     0     0     8     3     1    51
    46     5     0     0     6     7     1    51
    47     6     0     4     0     6     1    51
    48     4     0     0    10     5     1    51
    49     8     0     0     6     3     1    51
    50     2    10     0    10     0     1    51
    51     0     0     0     0     0     0
--------------------------------------------------------------------------------
INFORMATION OF PROJECT 2:
#jobs  release  duedate
    52     0   125
#local resources
     2
R_L1   R_L2   
    14    32
jobnr.  dur.  r_G1  r_G2  r_L1  r_L2  #succ.  successors
     0     0     0     0     0     0    11     1     4     5    10    12    17    22    23    25    35    48
     1     2     4    13     3    14     6     2    24    40    42    46    47
     2     2     1    10    13    20     5     3    11    37    40    47
     3    10    10     4     8    21     4     6    16    33    34
     4     2     0    10     6     2     3     9    40    41
     5     8     7     4     1     6     8     7    13    20    27    29    33    36    41
     6     4    10     9     7    17     5     9    11    29    30    44
     7     8     8     9     8    17     7     8    14    20    30    31    36    38
     8     2    10     0     3    16     6    18    28    31    32    33    43
     9     1     4     1     5     7     3    13    28    31
    10     2     0    11     1     7     4    13    19    27    30
    11     3     3     5     5     0     2    18    27
    12     4     9     0     0    10     5    26    27    32    44    47
    13     2     9     2     1    15     2    15    43
    14     7     3     0     6     8     5    20    26    32    33    44
    15     9     2     5     0     5     1    18
    16     3     7     0     6     0     1    51
    17     4     8     4     1    17     3    27    33    34
    18     3     8     6     0     9     3    19    21    39
    19     5     4     2     8    23     2    26    41
    20     1     1    10     0     3     1    51
    21     6     6    11     2     5     1    51
    22     9     1     3     3    30     1    39
    23     2     0     8     8     0     1    37
    24    10     3     0     0     6     1    51
    25     5     9     0     3    18     1    42
    26     8     6     8     0    13     1    51
    27    10     0     6     4     0     1    51
    28     6     7     9     9     7     1    51
    29     1    11     2     2     2     1    32
    30     4     0     7     1    14     1    51
    31     5     1     8     3     0     2    39    43
    32     2    10     8     0    18     1    38
    33    10    13     0     5    14     1    45
    34     7    13    11     6    18     1    43
    35     9     8    11     2    22     1    39
    36     5     8     8     0     3     1    51
    37     4     8     7    12     7     1    45
    38     8     4     4     9    11     2    45    49
    39     3     3     1    10     7     1    51
    40     6     0    10     1     4     2    44    45
    41    10     2     0     7     0     1    51
    42     2     4     2     0     0     1    45
    43     1     6    14     0     4     2    49    50
    44     4     7     0     8    12     2    45    49
    45     2     9     5     1     2     2    49    50
    46     2    10    10     6    24     1    51
    47     9     0     6     1     4     1    51
    48     8     8     9     6     8     2    49    50
    49    10     2     9     0     2     1    51
    50    10     0     6     8     9     1    51
    51     0     0     0     0     0     0
--------------------------------------------------------------------------------
INFORMATION OF PROJECT 3:
#jobs  release  duedate
    52     0    88
#local resources
     2
R_L1   R_L2   
    20    13
jobnr.  dur.  r_G1  r_G2  r_L1  r_L2  #succ.  successors
     0     0     0     0     0     0    10     1     2     3     4     5     6    12    14    15    28
     1     6    11    13     7     4     8     7    10    16    18    20    24    25    37
     2     2     1     5    19     0     7    11    13    16    20    22    35    48
     3     6     3    12     5     2     7    11    16    20    24    25    36    37
     4     9     4     0     4     0     3     9    24    25
     5     9     0     5     1     8     6    11    19    20    35    36    48
     6     5     0     0     9     5     6    16    17    22    25    34    36
     7     3     5    13     4     8     2     8    36
     8     1     3     8     1     4     4     9    27    36    37
     9     5     0     1    15     9     4    11    22    23    34
    10     7     0     4     8     0     6    17    33    38    43    48    49
    11     4     4     0     6     0     5    17    31    33    49    50
    12     6     3     0     0     9     3    17    19    36
    13     3     0     7     0     2     6    21    27    36    37    39    46
    14     4     0     6     1     0     9    26    32    33    37    38    41    43    45    46
    15     3     0     0     7     9     7    25    31    34    37    41    44    46
    16     9     9     0    12     0     3    19    45    46
    17     7     0     0     7     9     5    21    32    41    44    46
    18    10     4     0     0     6     7    31    40    41    42    44    45    48
    19     3     6     0     0     4     4    26    31    34    42
    20     1    12     2     3    10     5    30    34    43    45    47
    21     9     7     0     1    11     4    29    42    45    47
    22     3     9     0     8     0     4    30    44    47    50
    23     8     2     0     0     1     4    30    33    35    41
    24     1     7     0     0     1     2    27    46
    25     6     8     7     0     0     2    35    49
    26     9     8     0     8     0     2    29    44
    27     8     8     0     7     0     3    40    41    42
    28     6     0     6     0     5     2    41    48
    29     1    10     0     7     0     1    30
    30     9     5     0     0     3     1    40
    31     8     4     0     6     0     1    43
    32     8     2     4     0     0     1    40
    33    10     8     6     0     0     3    36    40    46
    34     2     0     5     3     0     2    35    40
    35     8     6     5     1     0     1    40
    36     2     9     0     6     0     1    43
    37    10    10     3     0     0     1    42
    38     1     0     0     5     9     2    40    49
    39     4    10     7     5     9     1    41
    40     6     6     2     1     0     1    51
    41     8     4     6     0     0     1    51
    42     9     0     3     8     2     1    51
    43     6     0     5     0     6     1    51
    44     3     0     0     5     6     1    48
    45     7     6     5     0     0     1    51
    46     9     0     4     0     7     1    51
    47     7     2     0     0     6     1    51
    48     7     0     3     8     0     2    49    50
    49    10     3     0     9     0     1    50
    50     1     2     0     4     0     1    51
    51     0     0     0     0     0     0
--------------------------------------------------------------------------------
INFORMATION OF PROJECT 4:
#jobs  release  duedate
    52     0   146
#local resources
     2
R_L1   R_L2   
    12    21
jobnr.  dur.  r_G1  r_G2  r_L1  r_L2  #succ.  successors
     0     0     0     0     0     0     7     1    11    14    29    36    37    44
     1     3    12   120    12    21     5     2    19    40    41    43
     2     7    12   120    12    21     2     3    39
     3     2    12   120    12    21     2     4    24
     4     4    12   116     5    21     2     5    35
     5     3     9    84     2    16     6     6    18    32    33    34    50
     6     4     3    69     0     9     3     7    30    31
     7     7    12   116     5    21     1     8
     8     2     4   110     9    21     3     9    16    25
     9     4    12   116    12    13     4    10    20    26    47
    10     1     4     0     2     0     2    12    23
    11     8     0    30    10     5     6    21    22    23    24    27    38
    12     5     5   104     7    13     3    13    22    42
    13     5     8     8     0     1     4    15    25    28    30
    14     1     4   108     0    20     1    21
    15     6     3    30     9    11     3    17    38    41
    16     5     0     4     0     8     2    41    45
    17     3     8    41     6     1     2    21    33
    18     3     0    96     6     9     4    31    41    43    49
    19     2     0     4     7     0     1    40
    20     1     4    12     0     0     1    51
    21     9     5    24     1     6     1    51
    22     8     0    54     0     8     1    51
    23     7     5     6     2     1     1    51
    24     3     0   104     3    20     1    45
    25     7     4    24     9     0     1    51
    26    10     9    57     6    13     1    51
    27     1     3     3     7     0     2    34    49
    28     4     9   116     5    21     2    35    40
    29    10     5   104     0    21     1    30
    30     3     8     9     0    10     1    51
    31     2     7    90     0     7     1    51
    32     9     9    47     4     5     1    41
    33     9     1    13     6     0     1    51
    34     6     8    10     3     0     1    48
    35     8     3    63     1     7     1    51
    36     4     0    51    10    11     1    45
    37     8     0    36    10     2     3    40    45    47
    38     1     4    95     5     9     1    51
    39     9     8    24     5    12     4    41    42    43    48
    40    10     8    42     2     5     2    43    45
    41     1     0    16     0    13     1    43
    42     9     7    96    10    13     4    45    46    49    50
    43     2     4     3     9     0     1    51
    44     7     0    67     5    20     1    45
    45     1     0    19     1     6     1    51
    46     7     8   108    12    21     1    49
    47     6     0    21     6    11     2    48    49
    48     6     7     4     5     0     1    49
    49     3     3    17     5     8     1    51
    50     6     0    87     2     0     1    51
    51     0     0     0     0     0     0
--------------------------------------------------------------------------------
INFORMATION OF PROJECT 5:
#jobs  release  duedate
    52     0   135
#local resources
     2
R_L1   R_L2   
   173    12
jobnr.  dur.  r_G1  r_G2  r_L1  r_L2  #succ.  successors
     0     0     0     0     0     0     6     1     8    20    22    23    44
     1     5   170   143   173    12     2     2    16
     2     2   170   143   173    12     1     3
     3     1   170   143   173    12     2     4    27
     4    10   170   143   173    12     1     5
     5     2    39   103   106    11     6     6    19    32    34    35    45
     6     4    66   100    13     0     2     7    33
     7     6   170   143   173    12     3     9    30    43
     8     9   100    19   148     4     4     9    38    41    45
     9     1    39   103   106    11     3    10    28    29
    10     3    39    45    62     7     5    11    25    26    27    30
    11     4    53    19    59     9     3    12    21    31
    12     9    16    12    13     0     2    13    46
    13     1    30     7     8     1     3    14    18    50
    14     2    67    12    10     1     2    15    35
    15     8    14    73    31     4     1    17
    16     9   131    40    67     1     1    39
    17    10     9     7     0     0     1    51
    18    10     0    36     6     3     1    51
    19     2     9    73    12     3     1    42
    20    10    83    90    59     5     1    42
    21     6    97    50   107     2     2    24    32
    22     9    63   112   128     7     1    51
    23     9   117    98   111     2     3    27    37    40
    24     6     9     4    12     5     2    31    48
    25     7   152    63   142     6     2    37    42
    26     6     4     0     0     1     2    28    37
    27     1   170   143   173    12     1    51
    28     6    40     1    12     3     1    32
    29     8    38    41     6     2     1    31
    30     1    48    68     0     4     2    38    42
    31     3     1    22    10     0     1    49
    32     1    38    29   114     2     1    46
    33     5    43    57    53     7     2    34    36
    34     6   139   121   142     6     1    51
    35     1     0     6   118     5     1    51
    36     1    70   124    25     1     1    41
    37     2    71    26    97     3     1    42
    38     1    25     5   141     5     3    42    47    48
    39     2   157   136   173    11     1    42
    40    10   104    43   160    12     2    41    42
    41     1    67    43     3     6     1    42
    42     8    67   121   114     3     1    46
    43     1    43    19    13     5     1    46
    44     9   103    22    59     8     2    45    48
    45     2   122    70    26     7     1    49
    46     7    94   121   151     6     2    47    48
    47     5    13     9    19     0     1    50
    48     8    31    20    31     6     2    49    50
    49     1    72    24    45     4     1    51
    50     7    98    24    45     4     1    51
    51     0     0     0     0     0     0
--------------------------------------------------------------------------------
INFORMATION OF PROJECT 6:
#jobs  release  duedate
    52     0   137
#local resources
     2
R_L1   R_L2   
    12   143
jobnr.  dur.  r_G1  r_G2  r_L1  r_L2  #succ.  successors
     0     0     0     0     0     0     5     1     8    16    26    40
     1     2    13   151     3   131     3     2    45    50
     2    10    15   159    12   143     3     3    43    44
     3     4    15   159    12   143     4     4    33    41    42
     4     2    11   159     8   143     3     5    38    39
     5     2     7    28     5   103     5     6    36    37    47    49
     6    10     2   151     0   125     3     7    32    34
     7     9    10   159     8   138     4     9    30    31    32
     8     7     2     8     9    12     2     9    31
     9     2     3    28     6   103     5    10    27    28    29    31
    10     4     5     6     0     5     5    11    19    23    24    25
    11     7     4     6     0    34     4    12    20    21    22
    12    10     4     6     2    13     2    13    24
    13     6     7     6     0     5     2    14    18
    14     3    10   120     1    22     3    15    19    29
    15    10     3     5     0    16     1    17
    16    10     8   131     4    40     4    19    31    32    46
    17     8    10   120     2    20     1    51
    18     7     0     0     3     4     2    23    35
    19     9     2     1     0     0     2    29    32
    20     3     6    28     5    99     1    51
    21     4    11   143     4   105     1    51
    22     6     0    30     5   108     1    51
    23     3     4    39     9   113     1    51
    24     4     7    80     4     4     1    51
    25     7     6    28     7    25     1    51
    26     9     2     8    11    13     1    30
    27     5     7   153     5   104     2    29    42
    28     9     1     8     2     0     1    51
    29     6     0    99     0    10     1    51
    30     5     2     7     4    25     1    51
    31     5    10    11     0    22     1    37
    32     7     9   112     0    10     1    51
    33     5     5     8     8    16     1    47
    34     9    10   144     5   105     1    35
    35     5     2     0     0     6     1    51
    36     1     9   137     0   108     1    51
    37     2     2     0     0     9     1    51
    38     8     8     8     6    13     1    51
    39     8     4    78     8   129     1    47
    40     8     3   147    12   121     1    51
    41     5     2     0     4     0     1    51
    42     4     1    11     0     9     1    51
    43     3     0     8     8     0     1    48
    44     6     9   150     8   132     1    51
    45     9     8     8     7     9     1    48
    46     6    10    47     4   117     1    47
    47     2     4     7     0     3     1    48
    48     8     0     0     6     3     1    49
    49     1     3     0     0     5     1    51
    50     7     4     0     3     0     1    51
    51     0     0     0     0     0     0
--------------------------------------------------------------------------------
INFORMATION OF PROJECT 7:
#jobs  release  duedate
    52     0   180
#local resources
     2
R_L1   R_L2   
   113   111
jobnr.  dur.  r_G1  r_G2  r_L1  r_L2  #succ.  successors
     0     0     0     0     0     0     7     1     8    16    19    32    34    40
     1     7   170   143   113   111     1     2
     2     3   170   143   113   111     1     3
     3     9   170   143   113   111     1     4
     4     6   170   143   113   111     2     5    26
     5     7    39   103    45    61     5     6    18    33    35    50
     6     1   170   143   113   111     1     7
     7     9   170   143   113   111     1     9
     8     4   170   143   113   111     1    51
     9     1    39   103    27    57     3    10    21    29
    10     3    39    49    26    45     4    11    24    28    44
    11     4   166   139   113   102     3    12    38    44
    12     2    52    28    60    55     5    13    20    22    23    42
    13     1    39    28    87    63     1    14
    14     3   170   143   113   111     2    15    31
    15     7    17    87     0     5     1    17
    16    10   131    40    68    50     1    39
    17     1    39    71     0     5     1    51
    18    10    60    42    98    70     1    27
    19     6    21     6     2     0     4    20    22    23    35
    20     2   138   117   103   101     3    27    37    46
    21     1   142    56   103   106     2    23    25
    22     2   138   117   103   101     1    51
    23     7   135   101    75    60     1    51
    24     1    39    38    45    61     2    42    44
    25    10   145   133   111   102     3    37    38    44
    26     8     4     4     0     9     1    45
    27    10   170   143   113   111     1    51
    28     6   166   139   113   102     5    30    39    42    43    44
    29     4    82    12    39    11     1    51
    30     1    14    18    85    54     1    46
    31    10    28    22    10     1     1    49
    32     6   131    52    26    48     4    33    39    41    44
    33     1   103    28    86   101     1    36
    34    10   117    94    87    66     1    48
    35     1   166   139   113   102     1    39
    36     4   118   115    26    48     1    38
    37     2    48    24    26    36     1    47
    38     4    56    79    26    39     3    43    45    50
    39     5   170   143   113   111     2    44    45
    40     8    78    40    86    54     2    43    50
    41     8   106    90    26    39     2    42    46
    42     4    88   111    74   100     1    46
    43     2   142   121   103   110     2    47    48
    44     1    51    22    27     8     1    46
    45     6   170   143   113   111     1    46
    46     2   142   121   103   110     2    47    48
    47     9    71    14    15    36     1    49
    48     7    35    42    38    51     1    51
    49    10    49    49    26    45     1    51
    50    10   170   143   113   111     1    51
    51     0     0     0     0     0     0
--------------------------------------------------------------------------------
INFORMATION OF PROJECT 8:
#jobs  release  duedate
    52     0   153
#local resources
     2
R_L1   R_L2   
    15     9
jobnr.  dur.  r_G1  r_G2  r_L1  r_L2  #succ.  successors
     0     0     0     0     0     0    13     1     2     4     7     9    10    11    13    15    17    18    23    50
     1     5     0     0     5     3     6     3    20    29    30    45    48
     2     4     3     3     0     0     6     5    20    41    42    44    45
     3     5     0     4     8     8     5     6    31    40    41    47
     4     6     5     0     2     4    14     5    16    20    21    25    31    34    36    39    40    41    42    46    48
     5     5     0     1     5     0     6     8    25    27    30    34    46
     6     5     0     2     8     1     5     8    27    28    43    44
     7    10     9     5     2     6     9    14    27    28    31    33    42    43    44    49
     8     1     2     3     2     8     4    12    35    37    39
     9     9     2     4    13     7     1    36
    10     9     2     0     0     1     6    16    34    35    40    43    45
    11    10     0     9     2     9     7    19    21    25    37    40    41    43
    12     6    11    12     9     2     2    16    36
    13     8     0     9     5     0     4    24    32    34    35
    14    10     0    10     1     0     3    31    34    39
    15     7     5    11    10     9     6    16    29    30    31    41    45
    16     8     1     7     5     1     3    22    32    38
    17     5     7     0     7     8     4    26    29    35    47
    18     1     0     8     0     1     2    26    36
    19     2     0     8     9     3     2    26    27
    20     8     3     0     7     0     3    32    33    35
    21     9     4     0     2     9     1    34
    22    10     7     0     1     0     1    24
    23     7    11     0     0     6     1    51
    24     8     0     0     9     1     2    25    26
    25     1     0     4     4     0     1    51
    26    10     0     2    12     0     1    33
    27     5     0     0     2     6     1    37
    28     7     6     0     1     0     1    44
    29     9     9    10     6     1     1    39
    30     2     8     0     0     1     1    32
    31     3     2     3     0     7     1    37
    32     4     0     8    11     2     1    46
    33    10     9     0     2     0     1    51
    34     6     5     8     6     1     1    41
    35     8    11     2    11     0     1    47
    36     6     0     1     7     1     1    51
    37     4     1     4     5     7     1    44
    38     8     8    12     8     9     1    51
    39     9     0     0     4     1     1    51
    40     8     6     7     0     0     1    47
    41     8     2     0    12     0     1    51
    42     5     2     0     4     5     1    51
    43     7    11    11     8     1     1    47
    44     7     0     5     2     7     1    46
    45     9    11     8     6     8     1    48
    46     6     4    11     4     0     1    51
    47     7     0     2    10     2     1    51
    48     6     0    10     0     1     1    51
    49     7     6     6     0     6     1    51
    50    10     0     0     3     7     1    51
    51     0     0     0     0     0     0
--------------------------------------------------------------------------------
INFORMATION OF PROJECT 9:
#jobs  release  duedate
    52     0   137
#local resources
     2
R_L1   R_L2   
   119   151
jobnr.  dur.  r_G1  r_G2  r_L1  r_L2  #succ.  successors
     0     0     0     0     0     0     6     1     3    12    18    25    49
     1     8    17   110   115   133     3     2     6    47
     2     4    17   110   115   133     1     4
     3     4     1     5     4    18     3     4    42    48
     4     1     6    16    28    59     1     5
     5     1    18   115   119   151     2     7    16
     6    10    15   104    95   111     1    38
     7     6    18   115   119   151     2     8    40
     8     1    11    16    28    59     4     9    14    16    40
     9     2     6    51    37    12     3    10    35    38
    10     9    11    16    28    59     3    11    34    37
    11     7    18    83    65    88     3    13    32    37
    12    10     7    99    91    92     8    13    15    21    22    23    29    31    41
    13     1     8    73    95   124     2    15    28
    14     3     0     1     9     6     4    17    26    33    36
    15     2    13    51    45    12     4    17    22    26    34
    16     2     0    52     5     7     2    17    37
    17     3    14    86   103   111     1    19
    18     6     7    57    87   124     1    24
    19     8    12    49    11    18     3    20    27    30
    20     3     2    21     8     7     1    48
    21    10     8    86   107   143     1    51
    22    10     0     5    15     6     1    30
    23     9    12    89    91    92     4    26    28    37    38
    24     8    16    84    56   129     6    26    32    33    38    40    46
    25    10     5    63    65   133     3    30    40    45
    26     2    10     2     2    33     3    31    39    41
    27     2     5     5    11    66     2    36    50
    28     7     2    30    54    16     2    30    33
    29    10    12    54    48     4     2    38    46
    30     3    11    43    32    22     2    32    43
    31     4     9    16    10    41     1    46
    32     1     5    86    21    58     1    51
    33     3     4    29    12     8     1    42
    34     4     8    47    38    53     3    36    45    46
    35     9     0    32    54    63     1    41
    36     3     9    48    10    40     1    51
    37     5    10    42    24    27     1    45
    38     1     5    76     6    91     1    47
    39     2    14    86   107   117     2    45    47
    40     2     0    13    96    49     1    48
    41     4     4    23     1    13     1    43
    42     5     3    11    16    40     3    44    46    50
    43     2     1    32    21    81     1    51
    44     8     2     4     1    34     1    47
    45     9    10    16     2     2     1    51
    46     2     2     0     7     7     1    51
    47     4     3     3     0    10     1    51
    48     2     6    18     2    52     1    51
    49     9     3    49    82   110     1    50
    50     6     4    26    12     8     1    51
    51     0     0     0     0     0     0
--------------------------------------------------------------------------------
INFORMATION OF PROJECT 10:
#jobs  release  duedate
    52     0   189
#local resources
     2
R_L1   R_L2   
   113   111
jobnr.  dur.  r_G1  r_G2  r_L1  r_L2  #succ.  successors
     0     0     0     0     0     0     8     1     8    16    18    23    27    29    40
     1     3   170   143   113   111     1     2
     2     3   170   143   113   111     1     3
     3     7   170   143   113   111     1     4
     4     2   170   143   113   111     1     5
     5     2    85   103    44    61     1     6
     6     2    19   125     2     3     2     7    33
     7     7   170   143   113   111     3     9    34    36
     8     4   151    18   111   108     1     9
     9     2    82   101    29    52     8    10    19    20    22    25    28    30    41
    10     5   170   143   113   111     2    11    32
    11     6   170   143   113   111     4    12    24    26    28
    12     3    15     8    15     5     1    13
    13     1    51    19    44    13     1    14
    14    10   170   143   113   111     3    15    31    48
    15     9    14    84    29    11     1    17
    16     8    85    40    69    50     3    26    28    38
    17     8     9     8     0     3     1    51
    18     9   100    97    73    64     1    51
    19     2    70    78    17    54     5    21    22    24    32    37
    20     3   155   127    86   106     2    35    50
    21     4   155   119    86   106     1    39
    22     8   155   124    67    78     1    50
    23     9   135   108    73    62     1    51
    24     2    37    63    28    48     1    46
    25     2   155   119    86   106     1    44
    26     1     6    38    18     2     1    44
    27     4   161   135   113   108     1    41
    28     3    79    11    29    50     2    37    42
    29     1   124    18    85    60     3    35    38    41
    30     2    70    11    40    47     2    32    38
    31     9     5    16    27     0     1    49
    32     2   161   135   113   108     2    41    45
    33     2    76    95    44    58     1    38
    34     3   135   108    73    62     1    51
    35     5   155    97    86   106     4    39    44    49    50
    36     1    61   124    24    28     2    42    44
    37     7   130    79    46    63     1    47
    38     7   109    19    89    83     2    39    44
    39    10   155   127    86   106     2    45    50
    40    10    88    42    84    59     3    43    44    50
    41     1    15    18    34     8     2    42    44
    42     8   161   127    86   108     1    46
    43    10   156    59    84   100     1    45
    44     2   119    56    58    60     1    46
    45     2   161   135   113   108     1    46
    46     8   161   135   113   108     2    47    48
    47     7    15    19    46    33     1    49
    48    10    35    24    40    47     1    51
    49    10    35    35    40    49     1    51
    50    10   170   143   113   111     1    51
    51     0     0     0     0     0     0
--------------------------------------------------------------------------------
INFORMATION OF PROJECT 11:
#jobs  release  duedate
    52     0   174
#local resources
     2
R_L1   R_L2   
   170   111
jobnr.  dur.  r_G1  r_G2  r_L1  r_L2  #succ.  successors
     0     0     0     0     0     0     7     1     8    16    19    32    34    40
     1     4   113   143   170   111     1     2
     2     3   113   143   170   111     1     3
     3     6   113   143   170   111     1     4
     4    10   113   143   170   111     2     5    26
     5     7    45   103    39    61     5     6    18    35    36    50
     6     3   113   143   170   111     1     7
     7     6   113   143   170   111     3     9    25    36
     8     7   113   143   170   111     1     9
     9     1    27   103    39    57     3    10    21    29
    10     3    26    49    39    45     4    11    24    28    44
    11     4   113   139   166   102     3    12    38    44
    12     2    58    28    52    55     5    13    20    22    23    42
    13     1    87    28    39    63     1    14
    14     3   113   143   170   111     2    15    31
    15     7     0    87    17     5     1    17
    16    10    68    40   131    50     1    39
    17     1     0    19    39     3     1    51
    18    10    98    42    60    70     1    27
    19     6     2     6    21     0     3    20    23    35
    20     2   103   117   131   101     3    27    37    46
    21     1   103    56   142   106     1    51
    22     2    86   117   131   101     1    51
    23     7    75   101   135    60     1    51
    24     1    15    38    36    10     1    42
    25     9    86   124   145   102     2    37    38
    26     8     0     4     4     9     1    45
    27    10   113   143   170   111     1    51
    28     3   113   139   166   102     5    30    39    42    43    44
    29     4    39    11    82    11     1    51
    30     1    85    14    14    54     1    46
    31    10    10    22    28     1     1    49
    32     6    26    52   131    48     3    33    39    41
    33     1    74    28   103   101     1    36
    34    10    87    94   117    66     1    48
    35     1    86   124   157   102     1    45
    36     4    26   115   118    48     1    38
    37     2    26    22    47    36     1    47
    38     4    26    79    54    39     3    43    45    50
    39     6   113   143   170   111     1    45
    40     9    86    40    77    54     2    43    50
    41     7    26    90   106    39     3    42    45    46
    42     4    74   105    88   100     1    46
    43     4    86   121   142   103     2    47    48
    44     6    27    19    13     8     1    46
    45     6   113   143   170   111     1    46
    46     2   103   121   142   110     2    47    48
    47     9    15    14    71    36     1    49
    48     7    38    42    35    51     1    51
    49    10    26    49    49    45     1    51
    50     5   113   143   170   111     1    51
    51     0     0     0     0     0     0
--------------------------------------------------------------------------------
INFORMATION OF PROJECT 12:
#jobs  release  duedate
    52     0   131
#local resources
     2
R_L1   R_L2   
    18   151
jobnr.  dur.  r_G1  r_G2  r_L1  r_L2  #succ.  successors
     0     0     0     0     0     0     7     1     3     6    12    18    25    49
     1     1   110   110    13   133     1     2
     2     5   110   110    13   133     1     4
     3     1     9     5     5    18     3     4    21    24
     4     1    28    16    11    59     2     5    24
     5     1   119   115    18   151     1     7
     6     3   119   115    18   151     1     7
     7    10   119   115    18   151     2     8    23
     8     1    28    16    11    59     1     9
     9     2    37    52     7    18     4    10    14    16    35
    10     9    28    16    11    59     4    11    34    38    41
    11    10    76    94    15    88     3    13    22    37
    12    10    91    99     7    92     6    14    16    21    22    23    29
    13     1    89    93     8   124     3    15    28    43
    14     1    30    21     3    18     5    17    19    26    28    39
    15     2    33    52    14    18     2    17    26
    16     1    11    13     1     7     1    33
    17     8   106    95    15   115     2    19    45
    18     7    89    83     8   124     2    24    36
    19     4    37    52    12    18     5    20    27    30    43    46
    20     6     7    21     1     7     1    50
    21    10   100    89     8   143     1    43
    22     2    13    11     0     6     3    30    36    39
    23     4    94    83    14   125     6    26    28    32    36    37    38
    24     2    95    85    16   133     4    26    33    38    40
    25     9    82    63     4   133     1    45
    26     3    63    83    14    54     2    31    39
    27     1    82    53    14   110     2    36    43
    28     7    12    30     2    18     1    33
    29     9    56    55    11    47     1    38
    30     3    36    42    11    18     1    43
    31     8    25    33    10    35     1    43
    32     1    83    72     7    98     1    38
    33     2    12    20     1     8     3    42    45    46
    34     4    23    53    10    81     3    43    45    47
    35     9    43    21     0    63     1    46
    36     4    23    42     9    47     1    51
    37     5    30    22    10    27     1    51
    38     1    64    53    12    92     2    39    50
    39     2   107    94    15   117     2    45    46
    40     2    96    62     8    70     1    51
    41     8    12     9     3    19     2    48    50
    42     5    13    19     3    36     6    43    44    46    47    48    50
    43     1    23    43     2    81     1    51
    44    10     3    11     3    34     1    47
    45     9    12    24    10     7     1    48
    46     4    12     5     1     0     3    47    48    50
    47     5    25    18     1    22     1    51
    48     2    37    28     6    36     1    51
    49    10    82    63     5   110     1    51
    50     6    19    26     4     8     1    51
    51     0     0     0     0     0     0
--------------------------------------------------------------------------------
INFORMATION OF PROJECT 13:
#jobs  release  duedate
    52     0   140
#local resources
     2
R_L1   R_L2   
   119    18
jobnr.  dur.  r_G1  r_G2  r_L1  r_L2  #succ.  successors
     0     0     0     0     0     0     9     1     3     6    12    24    25    34    40    49
     1    10   151   115   119    18     3     2    18    43
     2     4   145   110   110    16     3     4    21    26
     3     1    18    52    54    16     5     4    14    22    23    38
     4     1    91    73    60     8     1     5
     5     3   145   114   110    18     2     7    41
     6    10   145   110   110    16     4     8    18    23    29
     7     2   151   115   119    18     1     8
     8     3    59    16    28    11     1     9
     9     1    41    52    59    10     2    10    35
    10     9    59    16    28    11     2    11    37
    11    10    78    90   108    12     3    13    31    32
    12    10    92    99    91     7     9    13    16    17    22    23    29    31    41    43
    13     1   124    82    99     9     2    15    28
    14     1     6     1     9     0     3    17    22    33
    15     4    12    47    45    14     1    17
    16     1    73    80    75    13     2    17    32
    17     4   105    81    94    13     1    19
    18     5   104    62    51     7     1    51
    19     8    18    49    11    12     5    20    27    30    44    45
    20     5     7    21    12     3     1    50
    21     4    78    90   107     6     1    47
    22     8     6     5     9     2     1    47
    23     6   137    89    98    13     6    26    27    28    30    31    46
    24     7   117    84    75    13     1    26
    25    10   133    63    65     2     1    51
    26     2     6    23    35    13     1    39
    27     5    28    31    11     5     2    36    46
    28     8    18    30    35     2     2    30    33
    29     9    39    55    84    12     1    30
    30     3    18    47    36    11     1    43
    31     4    21    32    11     9     1    51
    32     1    88    47    54     4     1    51
    33     3    12    29    12     1     3    36    42    45
    34     3    54    37    50     8     1    51
    35     9    72    25    11     2     4    36    41    46    50
    36     2    83    61    69     8     1    51
    37     4    50    42    50    10     1    51
    38     2   111    83    97     9     1    47
    39     6   117    86   107    15     2    45    48
    40     6   107    37    96     3     2    43    48
    41     2    14    23    20     4     1    51
    42     5    40    15    16     3     4    44    46    47    50
    43     2    54    42    53     1     1    51
    44     9    34    20     1     1     1    51
    45    10     3    20     2    10     1    46
    46     1    88    10     6     0     1    51
    47     2     0    29     1     1     1    51
    48     2    67    18     2     6     1    50
    49     9   110    49    83     3     1    50
    50     6    28    26    13     4     1    51
    51     0     0     0     0     0     0
--------------------------------------------------------------------------------
INFORMATION OF PROJECT 14:
#jobs  release  duedate
    52     0   118
#local resources
     2
R_L1   R_L2   
    14    22
jobnr.  dur.  r_G1  r_G2  r_L1  r_L2  #succ.  successors
     0     0     0     0     0     0    11     1     4     5    10    12    17    22    23    25    35    48
     1     2     4     6     4    13     6     2    24    40    42    46    47
     2     2    13    21     1    10     6     3    11    37    40    46    47
     3    10     8    21    10     4     4     6    16    33    34
     4     2     6    16     0    10     3     9    40    41
     5     9     1    11     7     4     8     7    13    20    27    29    33    36    41
     6     5     6    11    10     8     5     9    11    29    30    44
     7     3     3    15     8     9     7     8    14    20    30    31    36    38
     8     6     3    16    10     0     6    18    28    31    32    33    43
     9     1     5     3     4     1     3    13    28    31
    10     2     1     7     0     0     3    13    19    30
    11     2     5     0     3     5     4    18    27    43    44
    12     4     0    10     9     0     5    20    26    31    32    47
    13     2     1    15     9     2     2    15    43
    14     7     6     8     0     0     3    32    33    44
    15     9     0     5     2     5     1    18
    16     1     8    12     7     0     1    45
    17     4     1    18     8     1     3    27    33    34
    18     3     0    10     8     6     3    19    21    39
    19     5     8    23     4     2     2    26    41
    20     1     0     3     1    10     1    44
    21     7     2     5     6    11     1    51
    22     9     3    31     1     3     1    39
    23     2     5     0     1     8     1    37
    24    10     0     6     3     0     1    51
    25     5     4    18     9     0     1    42
    26     9     0    14     6     8     1    51
    27    10     4     0     0     6     1    51
    28     6     9     7     7     9     1    39
    29     1     2     0    11     2     1    32
    30     4     1    14     0     7     1    45
    31     5     3     0     1     8     2    39    43
    32     2     0    18    10     8     1    38
    33     2     3     5    12     0     1    45
    34     8     1     6    13     8     1    43
    35     9     2    22     8    11     1    39
    36     3     0     3     9     8     1    51
    37     4    12     7     8     7     1    45
    38     8     9    11     4     4     2    45    49
    39     3    10     7     3     1     1    51
    40     5     1     4     0    10     2    44    45
    41    10     7     0     2     0     1    51
    42     2     0     0     4     2     1    45
    43     2     0     4     6    14     2    49    50
    44     4     8    12     7     0     2    45    49
    45     2     1     1     9     5     2    49    50
    46     2     6    24    10    10     1    51
    47    10     1     4     0     6     1    50
    48     8     6     8     8     5     2    49    50
    49    10     0     1     2     9     1    51
    50    10    10    10     0     7     1    51
    51     0     0     0     0     0     0
--------------------------------------------------------------------------------
INFORMATION OF PROJECT 15:
#jobs  release  duedate
    52     0   165
#local resources
     2
R_L1   R_L2   
   173   170
jobnr.  dur.  r_G1  r_G2  r_L1  r_L2  #succ.  successors
     0     0     0     0     0     0     9     1     8    16    19    20    22    23    44    45
     1     2    12   143   173   170     1     2
     2     8    12   143   173   170     1     3
     3     1    12   143   173   170     1     4
     4     6    12   143   173   170     2     5    40
     5     5    12   143   173   170     1     6
     6     3     1   125    25    68     3     7    33    34
     7     4    12   143   173   170     1     9
     8     8    11    18   148   100     3     9    30    40
     9     9    12   143   173   170     3    10    28    29
    10     4     8    42    72    82     2    11    25
    11     4     9    19    60    66     3    12    21    42
    12     6     1    12    12    16     2    13    24
    13     1     8     7    40    34     3    14    18    24
    14     2     2    23    27    67     1    15
    15    10     4    87    31    18     1    17
    16     9     8    56   142   152     1    26
    17     5     0    19     0     9     1    51
    18    10     3    36     3     0     1    51
    19     1     1    27    12     9     3    25    35    39
    20     5     4   101   101    88     1    51
    21     7     2    53    91    98     2    24    46
    22    10    10   112   128    63     1    32
    23     9     2    96   101    80     3    27    39    43
    24     9     4     4    12     9     2    35    48
    25     5     8    56   142   152     3    32    37    42
    26     3     8   139   161   161     1    51
    27     5    12   143   173   170     2    38    47
    28     5     1     1    10    47     1    51
    29     5     2    48    19    38     2    31    47
    30     8     9    88   170   161     1    50
    31     6     0    35    30    29     1    50
    32     1     0    40    86   104     1    51
    33     6     8    58    70    63     1    36
    34     8     6    98   142   135     1    49
    35     2     3     6    17    53     1    51
    36     1     1   124    25    70     1    41
    37     2     3    80    82    64     1    46
    38     1     8    98   114    70     1    48
    39     4    12   143   173   170     1    51
    40     7    11   124   161   154     1    41
    41     1     7     9    60    68     1    42
    42     5     1   119   110    68     1    46
    43     6     4    99    75    50     1    46
    44    10    11    18    63   102     2    47    48
    45     6     7    61   142   123     1    46
    46     8     8   120   156   117     2    47    48
    47     4     0     9    19    13     2    49    50
    48     7     6    12    31    35     1    50
    49     6     4    13    45     7     1    51
    50     7     2    12    45    98     1    51
    51     0     0     0     0     0     0
--------------------------------------------------------------------------------
INFORMATION OF PROJECT 16:
#jobs  release  duedate
    52     0   136
#local resources
     2
R_L1   R_L2   
   119   151
jobnr.  dur.  r_G1  r_G2  r_L1  r_L2  #succ.  successors
     0     0     0     0     0     0     6     1     2    12    24    25    40
     1     2    18   115   119   151     4     3     6    18    47
     2     1    17   110   110   137     1     4
     3     1     1     5     9    14     2     4     5
     4     1     7    16    28    59     1     6
     5     4    18   115   119   151     1     7
     6     3    18   115   119   151     1     7
     7     4    18   115   119   151     3     8    16    22
     8     1    11    16    28    59     1     9
     9     2     7    51    23    40     2    10    35
    10     9    11    16    28    59     2    11    14
    11     9    18    87    94    93     2    13    38
    12    10     7    99    91    92    11    13    17    21    22    23    29    31    34    43    48    49
    13     9    16    80   110   146     2    15    28
    14     3    16    52    40    59     1    19
    15     2    16    52    65    85     4    17    31    42    47
    16     1     4    46    65    83     1    42
    17     5    15    80    98   111     2    19    32
    18     1     4    64    84   111     2    38    44
    19     7    14    52    23    18     5    20    27    30    41    45
    20    10     3    15    14     7     2    43    50
    21     9     8    87   107   143     1    51
    22     3     2    35     9     5     3    36    38    44
    23    10    15   100   105   144     6    26    27    28    32    38    46
    24    10    15    87    65   117     2    26    33
    25    10     1    63    76   133     4    41    43    44    45
    26     3    14    24    29    10     3    31    39    44
    27     1     5    31    42   101     3    36    37    46
    28     7     2    28    54    34     3    30    33    36
    29    10    11    56    40    42     2    38    50
    30     1     8    44    52    43     1    43
    31     5     9    34    14    38     1    32
    32     1    10    63    23    42     1    36
    33     2     1    28    12     8     2    42    43
    34     3     8    49    40    55     1    51
    35     9     0    28    25    58     1    44
    36     3     9    59    65    50     1    51
    37     3    11    44    37    20     1    51
    38     2    12    80    94   109     1    41
    39     5    14    87   107   137     5    43    45    46    47    48
    40     3     4    46    96    79     4    41    45    46    48
    41     2     4    32    51   101     1    48
    42     6     3    24    21    40     5    43    44    46    47    50
    43     2     1    31    82    65     1    51
    44     3     1     4     2    34     1    47
    45    10    10    18     2     8     1    51
    46     3     0    31    23     8     1    51
    47     4     3     4     0    22     1    51
    48     1    14    41    14    78     1    51
    49     6     7    49    82   111     1    51
    50     6     4    20    12     8     1    51
    51     0     0     0     0     0     0
--------------------------------------------------------------------------------
INFORMATION OF PROJECT 17:
#jobs  release  duedate
    52     0   135
#local resources
     2
R_L1   R_L2   
   119   115
jobnr.  dur.  r_G1  r_G2  r_L1  r_L2  #succ.  successors
     0     0     0     0     0     0     5     1    12    16    25    49
     1     3    18   151   119   115     7     2     3     6    18    23    43    47
     2     2    18   133   107   110     1     4
     3     1     0    18    12     5     4     6    14    22    48
     4     1     9    59    28    16     2     5    40
     5     4    18   151   119   115     4     7    22    23    41
     6     1    18   151   119   115     1     9
     7     9    18   151   119   115     1     8
     8     5    12    86    48    63     1     9
     9     1     6    18    37    48     3    10    35    41
    10     9    11    59    28    16     2    11    37
    11    10    12    73    65    83     3    13    30    31
    12    10     7    92    91    99     9    17    21    22    23    29    30    31    34    41
    13     1     9   130   108    97     3    15    28    43
    14     1     0    88    11     5     1    51
    15     3    14    17    45    50     2    17    26
    16     1     0    63    71    52     5    17    26    30    32    37
    17     6    15   111    65    82     2    19    44
    18     9     7   103    85    61     2    24    41
    19     8    15    18    11    49     3    20    27    43
    20     1     2     7    12    21     2    36    50
    21     4     8   143   107    89     2    36    38
    22     2     0     6    19     5     1    41
    23    10    16   133   100    94     6    26    27    28    31    37    48
    24     5    16   111    65    85     3    26    38    40
    25    10     1   133    65    63     1    26
    26     2     2    38     2     6     1    39
    27     5     5    66    22    44     2    36    46
    28     3     2    18    54    30     2    33    41
    29    10    12    14    44    54     2    41    46
    30     1    11    18    34    48     2    43    45
    31     4     9    21    11    18     1    51
    32     2     8   142    95    65     1    51
    33     3     4     9    24    50     1    42
    34     4     8    54    36    47     2    47    48
    35    10     0    78    54    32     1    51
    36     3     9    58    23    46     1    51
    37     6    10    27    34    44     1    51
    38     2     9    92    74    52     2    43    47
    39     3    11   117   107    88     1    45
    40     3     0    51    96    66     1    48
    41     1    10    13    10    23     1    46
    42     5     3    40    20    33     3    44    47    50
    43     1     1    41    23    31     1    51
    44     9     1    34     1     4     1    51
    45    10    10     8    10    16     1    51
    46     3     1     7    20    30     1    51
    47     4     3     0     0     1     1    51
    48     2     6    59    11    15     1    51
    49    10     3   110    82    49     1    50
    50     6     4     8    12    26     1    51
    51     0     0     0     0     0     0
--------------------------------------------------------------------------------
INFORMATION OF PROJECT 18:
#jobs  release  duedate
    52     0    64
#local resources
     2
R_L1   R_L2   
    16    15
jobnr.  dur.  r_G1  r_G2  r_L1  r_L2  #succ.  successors
     0     0     0     0     0     0    18     1     2     3     4     5     6     8     9    10    12    13    14    15    16    20    22    24    50
     1     7     7     8     0     0     5     7    17    26    46    49
     2     7     0     5     5     0     9    18    23    25    29    30    32    33    45    47
     3     8     5     5     0     0     5    11    25    28    29    34
     4     8     1     3     0     0    11    25    27    29    30    32    35    36    43    44    45    48
     5     1     0     0     6     5     8    18    25    26    29    30    33    36    37
     6     6     8     9     0     0     8    19    23    25    33    34    36    45    47
     7     6     0     9     0     4     8    19    30    32    35    42    45    47    48
     8     1    10     0     9     0     8    25    29    30    32    33    42    43    45
     9     1     0     0     7     1     8    21    26    29    30    40    45    47    48
    10     6     1     8     0     0     7    25    26    29    34    42    45    48
    11     8     9    10     0     0    10    30    31    38    39    40    42    43    45    47    49
    12     8     5     0     0     4     7    27    31    38    40    41    45    47
    13     4     3     0     0    10     4    18    30    42    49
    14     5     0     5     0     6     3    17    46    47
    15     1     0     0     8     5     7    37    40    42    45    46    47    48
    16     3     6     2     0     0     6    29    34    38    40    42    44
    17     1     0     3     6     0     6    31    38    39    41    43    45
    18     5     9    10     0     0     6    38    39    40    41    43    48
    19     6    10     0     0     6     5    29    38    40    43    44
    20     6     0     0     4     7     4    35    40    42    47
    21     9     0     0     5    10     4    38    39    43    46
    22     2     8     0     1     0     4    41    44    45    46
    23     5     2     9     0     0     3    39    40    42
    24     9     1     7     0     0     3    38    40    47
    25     8     4     6     0     0     2    40    46
    26     9     8     0     2     0     2    38    43
    27     4     0     0     7     5     2    39    42
    28     5     2     0     3     0     2    38    39
    29     6     0     8     0     8     1    39
    30     7    10     8     0     0     1    41
    31     5     0     5     0     1     1    44
    32     1     0     7     3     0     1    41
    33     9     8     0     9     0     1    44
    34     5     2    10     0     0     1    41
    35     7     0     5     0     7     1    38
    36     3     6     6     0     0     1    42
    37     5     2     0     8     0     1    38
    38    10     3     0     0     9     1    51
    39     7     5     0     0    10     1    51
    40     6     0     0     4     2     1    51
    41     7    10     0     0     4     1    51
    42     3     0     9     0     1     1    51
    43     4    10     0     3     0     1    51
    44     4     0     0    10     8     1    51
    45    10     0     0     8     6     1    51
    46     1    10     3     0     0     1    51
    47     8     4     1     0     0     1    51
    48     8     5     7     0     0     1    51
    49     4    10     0     0     3     1    51
    50     1     6     6     0     0     1    51
    51     0     0     0     0     0     0
--------------------------------------------------------------------------------
INFORMATION OF PROJECT 19:
#jobs  release  duedate
    52     0   157
#local resources
     2
R_L1   R_L2   
   170   111
jobnr.  dur.  r_G1  r_G2  r_L1  r_L2  #succ.  successors
     0     0     0     0     0     0     8     1     8    16    17    18    19    22    34
     1     8   113   143   170   111     2     2    40
     2     4   113   143   170   111     2     3    33
     3     1   113   143   170   111     1     4
     4     4   113   143   170   111     3     5    26    44
     5     6    77   103    39    61     4     6    35    37    39
     6     6   113   143   170   111     1     7
     7     7   113   143   170   111     2     9    30
     8     2   113   143   170   111     4     9    21    30    41
     9     4    27   103    39    57     3    10    28    29
    10     2    26    49    39    51     3    11    24    44
    11     3    92   139   161    79     5    12    25    32    38    39
    12     2     5     5    30    13     7    13    20    23    42    43    47    50
    13     2    87    28    39    45     1    14
    14     7   113   143   170   111     2    15    31
    15    10     3    87     9     5     1    51
    16    10    36    40   131    50     1    28
    17     1    35    19    40     3     1    51
    18    10    98    44    55    63     1    27
    19     2    82    52   154    40     1    39
    20     1   103   117   138   101     2    37    46
    21     2   103    56   142   106     1    32
    22    10   103   117   138    98     1    33
    23     3    64   101   135    60     1    50
    24     5    21     4     9    32     1    51
    25     4    78   117   126    98     1    41
    26     6     0     4     4     9     1    42
    27     5   113   143   170   111     1    51
    28     1    92   131   161    72     1    39
    29     7    39    10    95    11     1    51
    30     6    10    12     7    39     2    45    47
    31    10    10    22    28     1     1    49
    32     5    26    40   131    48     1    41
    33     2    44    24    30    31     1    36
    34    10    87    94   131    60     1    48
    35     2    92    52   157    79     2    37    46
    36     9    26   115    71    50     2    42    43
    37     2    46    23    46    79     1    47
    38     6    15    79    54    18     3    41    43    45
    39     1   113   143   170   111     1    45
    40    10    86    40    82    54     3    41    44    45
    41     1     5    44    81     8     1    43
    42     4    74    99    75   100     1    46
    43     4    85    52   142    70     2    47    48
    44     5    28    19    15     8     1    49
    45     1   110    56   161   106     1    46
    46     4    82   117   133    78     2    47    48
    47     9    12    11    75    43     1    49
    48     3    49    14    35    51     1    51
    49    10    26    42    35    51     1    51
    50     3   113   143   170   111     1    51
    51     0     0     0     0     0     0
--------------------------------------------------------------------------------
INFORMATION OF PROJECT 20:
#jobs  release  duedate
    52     0   153
#local resources
     2
R_L1   R_L2   
   170   143
jobnr.  dur.  r_G1  r_G2  r_L1  r_L2  #succ.  successors
     0     0     0     0     0     0     7     1     8    16    20    22    23    44
     1     5   173    12   170   143     2     2    45
     2     1   173    12   170   143     2     3    26
     3     5   173    12   170   143     1     4
     4     1   114     4    68   125     1     5
     5     5   106     8    39   103     4     6    34    37    45
     6     4    13     0    66   100     3     7    19    33
     7     4   173    12   170   143     4     9    30    38    43
     8     9   148     9   100    19     7     9    30    31    38    39    40    41
     9     1   106     8    39   103     3    10    28    29
    10     6    62    10    60    48     3    11    25    39
    11     2    59     8    59    19     2    12    21
    12     9    12     2    16    12     1    13
    13     1    59     8    39   101     3    14    18    38
    14     3    20     1    67    18     2    15    35
    15     9    31     4    11    87     1    17
    16    10    67     4   131    40     1    50
    17    10     0     0     9    19     1    51
    18    10     6     3     0    36     1    51
    19     1    12     1     8    54     2    36    48
    20     8    59     5    83   101     1    42
    21     6    95     2    96    50     4    24    30    35    46
    22     7   128     6    63   112     1    51
    23     8   111     2   110    95     1    27
    24     5    20     5    13     4     3    46    47    48
    25     9   142     7   153    53     3    37    39    42
    26     9    63     3    47   127     1    51
    27     6   173    12   170   143     1    32
    28     7     0     0    40     1     1    32
    29    10     6     2    38    41     1    31
    30     1     0     0    25    84     1    38
    31     2    13     0    28    59     1    50
    32     1   114     2    40    42     2    35    46
    33     5    53     7    18    57     2    35    36
    34     8   142     6   139   120     1    51
    35     7    12     5     1     6     1    51
    36     3    25     3    70   124     2    41    42
    37     2    48     3    71    26     1    48
    38     1    10     5     5    14     1    48
    39    10   154    12   157   134     1    51
    40     8   160    12   104    43     1    41
    41     1    78     2    67     0     1    42
    42     5   114     2    68   121     1    46
    43     1    13     3    50    19     1    46
    44    10    59     8   102    18     2    46    48
    45     5   142     6   159    56     3    46    47    48
    46     9   153     7   103   118     3    47    48    49
    47     9    19     0    13     9     1    50
    48     8    26     6    31    12     1    50
    49     2    45     4    26    12     1    51
    50     7    45     3    98    12     1    51
    51     0     0     0     0     0     0
--------------------------------------------------------------------------------
TRANSFER TIMES OF GLOBAL RESOURCE G1
 DEPOT    P1    P2    P3    P4    P5    P6    P7    P8    P9   P10   P11   P12   P13   P14   P15   P16   P17   P18   P19   P20
     0    12     6    12    10     8     5    10     7    12    11    11    12     8    14     8     4     5    10     8    13
    12     0     7    15    13     5    16    13    17    24    22     4    23     7     3    18    14     7    12    13    24
     6     7     0    11    11     4    10    11    12    18    15     7    17     6     9    11     8     2     9     8    18
    12    15    11     0    20    14    12    21    16    20    14    17    17    16    15    11    15    12     3     5    19
    10    13    11    20     0     9    13     1    11    16    18     9    17     7    15    16     8     9    18    17    18
     8     5     4    14     9     0    12     9    13    19    18     4    19     3     7    14    10     3    11    11    20
     5    16    10    12    13    12     0    13     5     9     7    15     7    13    18     4     5    10    11     9     9
    10    13    11    21     1     9    13     0    11    17    19     9    18     7    15    16     8    10    18    17    18
     7    17    12    16    11    13     5    11     0     7     9    15     7    13    19     8     4    11    15    12     8
    12    24    18    20    16    19     9    17     7     0     7    22     4    19    26    10    10    17    19    16     3
    11    22    15    14    18    18     7    19     9     7     0    21     4    19    23     5    11    16    14    11     5
    11     4     7    17     9     4    15     9    15    22    21     0    22     3     7    17    12     6    14    14    23
    12    23    17    17    17    19     7    18     7     4     4    22     0    19    25     7    11    17    17    14     2
     8     7     6    16     7     3    13     7    13    19    19     3    19     0     9    15     9     5    14    13    20
    14     3     9    15    15     7    18    15    19    26    23     7    25     9     0    19    16     9    13    14    26
     8    18    11    11    16    14     4    16     8    10     5    17     7    15    19     0     9    12    10     7     9
     4    14     8    15     8    10     5     8     4    10    11    12    11     9    16     9     0     8    13    11    11
     5     7     2    12     9     3    10    10    11    17    16     6    17     5     9    12     8     0    10     9    18
    10    12     9     3    18    11    11    18    15    19    14    14    17    14    13    10    13    10     0     3    18
     8    13     8     5    17    11     9    17    12    16    11    14    14    13    14     7    11     9     3     0    15
    13    24    18    19    18    20     9    18     8     3     5    23     2    20    26     9    11    18    18    15     0
--------------------------------------------------------------------------------
TRANSFER TIMES OF GLOBAL RESOURCE G2
 DEPOT    P1    P2    P3    P4    P5    P6    P7    P8    P9   P10   P11   P12   P13   P14   P15   P16   P17   P18   P19   P20
     0    10    10    13     6    11    10    10     9    10    10     8     9    10    11    10     2     5     9    10    12
    10     0     3    10     5    19    10    19    17    19    18     5    18     1     9    19    12     9    18    19    21
    10     3     0     7     5    18    12    20    15    19    16     3    18     4     6    19    11    10    17    19    21
    13    10     7     0    10    17    18    23    14    22    16     6    21    10     2    22    14    15    18    23    24
     6     5     5    10     0    15     9    15    13    15    14     4    14     4     9    15     8     6    14    15    17
    11    19    18    17    15     0    20    13     4    12     2    15    10    19    15    13     9    15     5    14    14
    10    10    12    18     9    20     0    14    19    14    20    13    14     9    17    13    11     6    17    13    15
    10    19    20    23    15    13    14     0    14     1    13    18     3    19    21     1     9    11     9     2     2
     9    17    15    14    13     4    19    14     0    13     2    12    11    16    12    14     8    14     6    15    16
    10    19    19    22    15    12    14     1    13     0    13    17     3    18    21     1     9    11     8     2     3
    10    18    16    16    14     2    20    13     2    13     0    14    11    18    14    13     9    14     5    14    15
     8     5     3     6     4    15    13    18    12    17    14     0    16     6     5    17     9     9    15    18    20
     9    18    18    21    14    10    14     3    11     3    11    16     0    18    19     3     7    10     6     4     5
    10     1     4    10     4    19     9    19    16    18    18     6    18     0    10    18    11     8    18    18    20
    11     9     6     2     9    15    17    21    12    21    14     5    19    10     0    21    13    14    16    21    23
    10    19    19    22    15    13    13     1    14     1    13    17     3    18    21     0     9    10     9     1     3
     2    12    11    14     8     9    11     9     8     9     9     9     7    11    13     9     0     6     7     9    11
     5     9    10    15     6    15     6    11    14    11    14     9    10     8    14    10     6     0    12    10    12
     9    18    17    18    14     5    17     9     6     8     5    15     6    18    16     9     7    12     0    10    10
    10    19    19    23    15    14    13     2    15     2    14    18     4    18    21     1     9    10    10     0     2
    12    21    21    24    17    14    15     2    16     3    15    20     5    20    23     3    11    12    10     2     0
--------------------------------------------------------------------------------
Additional Information: 
global resource strength = 0.2
transfer time factor = 0.2
adapted from RCPSP instances: 
[sD23, sD197, sD51, sD154, sD277, sD126, sD339, sD120, sD237, sD353, sD320, sD372, sD301, sD203, sD315, sD381, sD250, sD17, sD249, sD244]
