--------------------------------------------------------------------------------
PORTFOLIO INFORMATION:
#projects
    20
#global resources
     2
R_G1   R_G2   
   601   576
--------------------------------------------------------------------------------
INFORMATION OF PROJECT 1:
#jobs  release  duedate
    52     0   172
#local resources
     2
R_L1   R_L2   
   113   111
jobnr.  dur.  r_G1  r_G2  r_L1  r_L2  #succ.  successors
     0     0     0     0     0     0     8     1    16    18    19    21    23    34    40
     1     5   170   143   113   111     2     2     8
     2     5   170   143   113   111     1     3
     3     5   170   143   113   111     1     4
     4     1   170   143   113   111     1     5
     5     1    85   103    44    61     2     6    20
     6     1    69   122    38    60     3     7    22    33
     7    10   170   143   113   111     2     9    36
     8     6   170   143   113   111     4     9    26    32    35
     9     4    85   103    44    61     1    10
    10     4   170   143   113   111     1    11
    11     3   170   143   113   111     4    12    24    28    30
    12     9     6     4     4     5     2    13    45
    13     2    79    29    95    61     1    14
    14     7   170   143   113   111     3    15    31    48
    15    10     9    87     3     9     1    17
    16     9    85    40    69    50     4    22    25    26    38
    17     6     5     0     0     3     1    51
    18    10   133   129    63    64     1    51
    19    10    91    48    18    50     1    27
    20     5   164   139   109   106     1    51
    21     2   148   121    84   104     1    51
    22     3   148    56    80    99     1    46
    23     9   139   112    73    62     1    51
    24     2    73    25    85    53     1    51
    25     4   148   121    84   104     2    42    43
    26     1    39     4     7    12     1    51
    27     2   165   143   113   108     1    32
    28     4    75    16    18    49     6    29    37    42    43    44    45
    29     2     9    11    28    12     1    51
    30     1    37    14    50    46     1    42
    31    10    22    22    27     7     1    49
    32     3   161    56   109   102     1    45
    33     4    80   103    44    58     2    35    50
    34    10   124   102    29    61     1    51
    35     2   161    56    85    99     2    36    44
    36     2    69   114    18    48     1    39
    37     4   143   121    81    94     1    46
    38     3   101    21    75    51     1    39
    39     9   164   139   109   106     1    41
    40    10    95    56    58    58     1    41
    41     2    15     8    29     7     3    42    43    45
    42     3   139   110    58    92     1    46
    43     6   156    56    85    96     1    46
    44     1    56     9    27    38     1    49
    45     5   161    56   110   102     1    46
    46     2   165   143   113   108     1    47
    47     7    31    14    18    38     2    48    49
    48    10    31    14    40    47     1    51
    49    10    31    31    40    49     1    51
    50     8   170   143   113   111     1    51
    51     0     0     0     0     0     0
--------------------------------------------------------------------------------
INFORMATION OF PROJECT 2:
#jobs  release  duedate
    52     0   125
#local resources
     2
R_L1   R_L2   
    14    14
jobnr.  dur.  r_G1  r_G2  r_L1  r_L2  #succ.  successors
     0     0     0     0     0     0    13     1     4     5     8    10    12    17    22    23    24    25    35    48
     1     4     5    13     0     1     6     2    40    42    45    46    47
     2     2    20     5    12     5     4     3    11    32    37
     3    10    21     5     7    13     4     6    16    33    34
     4     2    29    11     3     0     5     9    40    41    43    46
     5     8     2     0     0     7     7     7    13    20    29    33    36    41
     6    10    11     9     0    10     3     9    29    30
     7     6    13     9     0     8     5    14    20    30    36    38
     8     3     0     0     3     9     5    18    28    32    33    43
     9     6     9     1     5     3     3    13    28    31
    10     2     3     0     1     0     3    13    19    30
    11     2     0     5     5     0     2    18    27
    12     8    10     0     0     9     6    26    27    32    39    43    44
    13     2     3     5     0     9     2    15    28
    14     9     8     0     6     0     4    28    32    33    44
    15    10     4     4     0     2     1    18
    16     5     0     0     7     7     1    51
    17     5    17     4     0     8     3    27    29    34
    18     3     1     0     0     9     3    19    21    39
    19     5    23     2     8     4     2    26    41
    20     4     3    10     0     0     1    51
    21     3     5     9     9     6     1    51
    22     7    30     5     3     0     1    51
    23     2     0     8     5     4     2    26    39
    24     8    14     0     0     0     1    51
    25    10    18     0     4     9     1    42
    26    10    17     8     0     3     1    51
    27     6     0     6     6     0     1    51
    28    10     6     5     9     7     2    39    50
    29     2     0     0     2    11     1    32
    30     9    14     0     2     0     1    51
    31     8     0     8     0     1     2    32    39
    32     3    15     0     0    10     1    38
    33     5     3     0     5     0     2    41    45
    34     6    30     6     6    12     1    44
    35     7    22    11     2     8     2    38    39
    36     6     3     8     0     8     1    51
    37     4     6     1    12     8     1    45
    38     8    11     0     0     4     2    45    49
    39     3     9     1    10     3     1    51
    40     9     0    10     2     0     1    45
    41    10     0     0     7     4     1    51
    42     2     0     2     6     4     2    47    49
    43     7     4    14     0     1     1    49
    44     2    11     0     8     7     1    51
    45     1     1     0     1    10     1    50
    46     3    30     0     0    10     1    51
    47     2     4     0     1     0     1    51
    48     6     6     9     6     8     1    49
    49    10     1     9     0     2     1    51
    50    10     9     6     8     0     1    51
    51     0     0     0     0     0     0
--------------------------------------------------------------------------------
INFORMATION OF PROJECT 3:
#jobs  release  duedate
    52     0   157
#local resources
     2
R_L1   R_L2   
   173    12
jobnr.  dur.  r_G1  r_G2  r_L1  r_L2  #succ.  successors
     0     0     0     0     0     0    10     1     8    16    20    22    23    38    43    44    45
     1     7   170   143   173    12     1     2
     2     4   170   143   173    12     1     3
     3     2   170   143   173    12     1     4
     4     3   170   143   173    12     1     5
     5     7   170   143   173    12     1     6
     6     3    67    92    13     2     5     7    19    26    33    34
     7     3   170   143   173    12     1     9
     8     4   100    19   148    10     3     9    40    41
     9    10   166   143   173    12     2    10    29
    10     6    53    48    20     7     4    11    25    28    41
    11     2    55    18   120     3     2    12    21
    12     1    15    55    12     2     1    13
    13     2    25    32    50     0     2    14    18
    14     3    44    18    12     1     1    15
    15     9    12    61    21     4     1    17
    16     4   154    82   152     6     2    30    36
    17     9     7    19     0     0     1    51
    18     7     0    36     3     3     1    51
    19     2   111   124    53     9     2    30    42
    20    10    84   101   119     6     1    39
    21     6    72    58    75     1     2    24    46
    22     8    70   131   128     8     1    51
    23     7   117    95   153     5     5    24    27    30    33    39
    24     9     9     4    12     3     1    51
    25     9   152   106   161     9     2    35    37
    26     9     4     0     0     0     1    35
    27    10   166   143   173    12     1    51
    28    10    40    15    10     2     2    32    35
    29     1    52    29    14     2     1    31
    30     2     7     1     7     0     2    35    46
    31     6    26    10     1     2     1    32
    32     2    77    48    88     7     1    46
    33     5    94    85    53     9     1    36
    34     7   139    98   142     6     2    37    50
    35     1    63    15    39     7     1    46
    36     2    70   124    25     2     1    41
    37     1   130    73   123     7     1    51
    38     2   130   107   161     9     1    41
    39     6   166   143   173    12     1    51
    40     5   103    51   160     7     1    41
    41     1    82    27    54     5     1    42
    42     8    67   116    95     2     1    46
    43     6   114   114   154    10     1    51
    44    10   103    27    78    10     1    47
    45    10   111    82   152     8     1    47
    46     4   126   120   161     9     1    47
    47     4    15     9    19     1     2    48    49
    48     9    31    23    31     6     1    50
    49     4    54    23    54     5     1    51
    50     8   100    12    45     4     1    51
    51     0     0     0     0     0     0
--------------------------------------------------------------------------------
INFORMATION OF PROJECT 4:
#jobs  release  duedate
    52     0    80
#local resources
     2
R_L1   R_L2   
    13    15
jobnr.  dur.  r_G1  r_G2  r_L1  r_L2  #succ.  successors
     0     0     0     0     0     0    13     1     2     4     7     9    10    11    15    17    18    21    23    50
     1     4     6     0     0     3     6     3    20    30    45    46    48
     2     9     0     3     3     0     7     5    20    40    41    42    44    45
     3     6     4     4     0     0     6     6    34    40    41    42    47
     4     6     0     0     5     4    11    16    20    25    31    34    36    39    40    41    42    46
     5     1     5     1     0     0     6     8    25    27    30    34    46
     6     8     8     2     0     0     5     8    19    28    43    44
     7     1     0     0     9     8    10    14    27    28    31    33    38    42    43    44    49
     8     4     0     3     0     6     4    12    35    37    39
     9     9    10     0     0     5     4    13    28    36    40
    10     8     0     0     2     1     5    16    34    40    43    45
    11    10     0     8     0     9     6    19    37    40    41    42    43
    12     6     0    10    10     0     2    16    36
    13     9     5     9     0     0     5    24    25    32    34    35
    14     8     1     9     0     0     5    29    34    36    37    39
    15     3     0     8     0     8     5    29    30    35    41    45
    16     8     5     0     0    10     3    22    32    38
    17     7     7     0     7     0     4    29    35    36    47
    18     2     0     9     0     1     3    26    32    48
    19     1     9     6     0     0     2    26    27
    20     4     7     0     3     0     3    32    33    35
    21     2     0     0     4     9     2    31    34
    22    10     1     0     7     0     1    24
    23     3     0     0    10     6     2    33    34
    24     1     9     0     0     1     1    26
    25     4     4     4     0     0     1    26
    26     4     6     2     0     0     1    33
    27     4     2     0     0     6     1    32
    28     6     3     0     6     0     1    37
    29     3     0    10     9     0     1    32
    30     7     0     0     8     1     1    32
    31     3     0     3     2     0     1    32
    32     4    10     2     0     0     1    51
    33     1     2     0     8     0     1    51
    34     1     6     1     0     0     1    51
    35     8    10     0     9     0     1    51
    36     3     7     0     0     1     1    51
    37     3     5     3     0     0     1    51
    38     7     0     0     6     7     1    51
    39    10     4     0     0     1     1    51
    40     4     0     7     6     0     1    51
    41     8     6     0     2     0     1    51
    42     2     4     0     0     5     1    51
    43     4     8     0     9     0     1    51
    44     7     2     0     0     7     1    51
    45     3     0     0    10     5     1    51
    46     6     4     0     4     0     1    51
    47     7    10     2     0     0     1    51
    48     1     0    10     0     1     1    51
    49     7     0     0     5     6     1    51
    50     4     3     0     0     8     1    51
    51     0     0     0     0     0     0
--------------------------------------------------------------------------------
INFORMATION OF PROJECT 5:
#jobs  release  duedate
    52     0   145
#local resources
     2
R_L1   R_L2   
    11    12
jobnr.  dur.  r_G1  r_G2  r_L1  r_L2  #succ.  successors
     0     0     0     0     0     0    13     1     2     4     7     9    10    11    13    15    17    18    23    50
     1     2     5     3     3     0     6     3    20    29    30    45    48
     2     4    12     1     3     5     5     5    20    41    44    45
     3     8    10     8     6     4     5     6    31    40    41    47
     4     6     5     5     6     2    15     5     6    16    20    21    25    31    34    36    39    40    41    42    46    48
     5     3     5     0     0     3     6     8    25    27    30    34    46
     6     7     8     1     0     2     4     8    28    43    44
     7    10     3     6     9     5    10    14    26    27    28    31    33    42    43    44    49
     8     1     3     3     3     8     4    12    20    35    39
     9     9    14     8     2    12     2    36    37
    10     7     0     1     2     0     5    34    35    40    43    45
    11    10     5     9     0     9     6    19    21    25    40    41    43
    12     6    12     2    11    12     2    16    36
    13     9     5     0     3     9     4    24    32    34    35
    14    10     1     0     0    10     2    31    34
    15     1    15     9     5    12     4    16    29    31    45
    16    10     5     1     2     7     3    22    32    38
    17     5     2     8     7     0     3    26    29    35
    18     2     6     1     1     8     3    20    26    36
    19     3     9     3     0     8     2    26    27
    20     4     7     0     3     2     4    24    32    33    35
    21     9    11     9     4     1     1    34
    22    10     1     0     7     0     1    24
    23     7     0     2    11     0     1    51
    24     8     9     1     0     0     1    26
    25     1     4     0     0     4     1    41
    26     9    12     0     0     2     1    33
    27     5     9     6     0     1     1    37
    28     2     1     0     6     0     1    44
    29     9     6     1     9    10     1    40
    30     2     0     3     8     0     2    32    41
    31     3     0     7    10     4     1    37
    32     8    11     2     0     8     1    46
    33    10     2     0     9     0     1    51
    34     6     6     1     5     8     1    51
    35     7    11     0    11     2     1    47
    36     7     7     1     0     1     1    47
    37     1     5     7     1     4     1    44
    38     8    12     4     9    12     1    51
    39     9     4     2     0     0     1    51
    40     1     0     2     6     7     1    47
    41     3    12     0     2     0     1    51
    42     8     4     5     2     0     1    51
    43     7     8     2    11     1     1    47
    44     7     1     4     0     5     1    46
    45     1     7     8    11     8     1    51
    46     6     4     0     4    11     1    51
    47     7    10     2     0     2     1    51
    48     6     0     1     9    10     1    51
    49     8     8     6     6     8     1    51
    50    10     2     7     0     0     1    51
    51     0     0     0     0     0     0
--------------------------------------------------------------------------------
INFORMATION OF PROJECT 6:
#jobs  release  duedate
    52     0   127
#local resources
     2
R_L1   R_L2   
    14    22
jobnr.  dur.  r_G1  r_G2  r_L1  r_L2  #succ.  successors
     0     0     0     0     0     0    10     1     4     5     8    10    12    22    25    35    48
     1     2     4     6     1    13     6     2    40    42    45    46    47
     2     2     5    22    12    14     5     3    11    24    32    37
     3    10    10    11     7    10     4     6    16    33    34
     4     1     0    28     5    13     7     6    14    17    40    41    43    46
     5     8     7     4     2     4     7     7    13    20    29    33    36    41
     6     1    10    12     1    15     3     9    29    30
     7    10     8    14     8     9     6    14    20    30    31    36    38
     8     7    10     4     3     2     4    18    28    31    43
     9     1     2     9     5     1     3    13    28    31
    10     6     0     3     1     0     4    13    19    30    31
    11     9     0     0     5     5     2    18    27
    12    10     9    10     1     1     7    15    26    27    32    39    43    44
    13     8     9    15     8     2     2    15    28
    14     7     0     8     6     0     4    20    28    33    44
    15     8     2     0     0     4     3    18    20    23
    16     4     7     0     3     0     1    51
    17     4     8    17     0     4     2    27    34
    18     3     8     9     0     6     3    19    21    39
    19     5     4    23     8     2     2    26    41
    20     4     0     3     7    10     1    43
    21     5     6     5     1    10     1    51
    22     8     2    31     4     5     1    51
    23     1     2     0     6     8     1    39
    24     5     3    14     0     0     1    51
    25     5     9    18     2     0     1    42
    26     9     3    17     0     4     1    51
    27     7     0     0     6     6     1    51
    28     6     7     7     9     4     1    44
    29     1    11    26     2    10     1    32
    30     9     0    14     1     0     3    32    41    49
    31    10     1     0     0     8     3    32    39    43
    32     1    10    18     0     8     1    38
    33     4     0     3     5     0     1    51
    34     6    12    32     3     6     1    43
    35     7     8    22     2    11     1    39
    36     6     8     3     0     8     1    51
    37     4     8    11    12     5     1    45
    38     8     4    11     0     0     2    45    49
    39     3     3     7    10     3     1    51
    40     5     0     0     5     2     1    44
    41    10     4     0     7     0     1    51
    42     2     4    11     0     2     2    45    49
    43     4     6     4     0    14     2    49    50
    44     7     7    11     8     0     2    45    49
    45     2    10     1     1     2     1    50
    46     4    10     3     6     0     1    51
    47     6     0     4     1     8     1    50
    48     6     8     6     6     9     1    49
    49    10     2     1     0     9     1    51
    50    10     1     9     8     6     1    51
    51     0     0     0     0     0     0
--------------------------------------------------------------------------------
INFORMATION OF PROJECT 7:
#jobs  release  duedate
    52     0   134
#local resources
     2
R_L1   R_L2   
    18   151
jobnr.  dur.  r_G1  r_G2  r_L1  r_L2  #succ.  successors
     0     0     0     0     0     0     7     1     3     6    12    18    25    49
     1     2   107   110    13   144     1     2
     2    10   107   110    13   144     3     4    14    44
     3     3    12     5     5     7     3     4    14    48
     4     1   110   109    13   145     2     5    41
     5     2   110   110    18   145     4     7    16    26    39
     6     6   110   110    18   145     1     8
     7     1   119   115    18   151     1     8
     8     2    28    16    11    59     2     9    39
     9     1    37    47     6    12     2    10    35
    10     9    28    16    11    59     3    11    37    38
    11    10    77    85     6    90     3    13    31    32
    12    10    91    99     7    92     9    17    21    22    23    29    31    34    41    43
    13     1    89    73     8   124     3    15    28    43
    14     6   116    88     3    65     2    17    32
    15     3    45    47    14    12     1    17
    16     1    48    53     0    72     1    17
    17     6    96    84    15   101     1    19
    18     8    86    60     7   124     2    24    42
    19     8    13    49    12    18     3    20    27    30
    20     4    12    21     2     7     1    50
    21     2   107    86     8   143     2    48    50
    22     6     9     5     0     6     1    30
    23     6    98    89    12    93     3    27    28    37
    24     7    58    85    16   111     2    40    46
    25    10    65    63     4   133     1    51
    26     2    16     7    10     4     3    31    33    39
    27     4    16    27     5    66     2    36    46
    28     7    61    30     2    20     1    33
    29    10    46    54    12    35     3    30    41    45
    30     4    23    47    11    18     1    51
    31     4    10    28     9    21     1    51
    32     1     4    47     5    53     1    51
    33     5    12    29     4     8     1    42
    34     4    73    47     8    53     2    36    50
    35     9    42    30     3    61     2    46    50
    36     3    23    47     9    58     1    51
    37     6    30    42    10    27     3    42    43    46
    38     2    75    39     9    60     1    51
    39     4   107    86    14   117     1    45
    40     3    96    39     1    88     2    45    47
    41     1     1    27    12    16     1    51
    42     5    23    31     3    46     2    44    46
    43     2    21    31     1    50     1    45
    44     9     1     4     1    34     1    51
    45    10     2    18    10     2     1    51
    46     2     0    18     0     7     1    51
    47     3     0     1     5     0     1    51
    48     1     1    15     6    52     1    50
    49    10    82    49     3   110     1    50
    50     6    12    21     4     8     1    51
    51     0     0     0     0     0     0
--------------------------------------------------------------------------------
INFORMATION OF PROJECT 8:
#jobs  release  duedate
    52     0   131
#local resources
     2
R_L1   R_L2   
    14    31
jobnr.  dur.  r_G1  r_G2  r_L1  r_L2  #succ.  successors
     0     0     0     0     0     0    10     1     4     5     8    10    12    22    23    25    48
     1     3     4    13     6     6     5     2    42    45    46    47
     2     1     5    17    14    21     5     3    11    32    37    47
     3    10     8     4     7    11     4     6    16    33    34
     4     1     3    16     6    29     2     9    40
     5     7     7     1     0     2     8     7    13    20    29    33    35    36    41
     6     3     8     7     2    12     4     9    16    29    30
     7     9     8     9     0    13     5    14    20    30    36    38
     8     3     9     3     8    12     4    18    28    31    33
     9     6     3     1     5     9     1    13
    10     5     0     0     0     3     3    13    19    30
    11     2     0     5     1     3     3    18    27    31
    12    10     9     0     0    10     8    17    26    27    29    32    39    43    44
    13     1     9     2     2     7     2    15    28
    14     9     0    15     6     8     4    20    28    32    44
    15    10     2     4     5     0     1    18
    16     5     7    24     3     8     1    51
    17    10     8     4     1    20     3    20    27    34
    18     3     9     5     7     1     4    19    21    39    42
    19     5     4     2     8    23     2    26    41
    20     4     0    19     0     4     1    24
    21     9     5     9     0     5     1    51
    22     7     0    12     4    30     1    33
    23     6     1     8     5     0     1    39
    24     2     3    13     0    16     1    30
    25     7     9    10     4    16     1    51
    26    10     3     8     0    14     1    51
    27    10     0     5     6     0     1    51
    28    10     7    13     9    12     1    51
    29     2    11     0     2     0     2    32    42
    30     3     0     0     5    14     1    51
    31     3     1     8     0     0     2    32    39
    32     1     9     9     7    17     2    38    39
    33     2     0     0     5     3     3    40    45    49
    34     6     5     7     7    30     1    44
    35     7     8    11     3    22     2    39    47
    36     6     8     8     0     3     1    51
    37     5     8     1    12     9     2    43    45
    38    10     5     1    11    12     2    45    49
    39     8     2     1     8    22     1    50
    40     7     0    10     5     0     1    45
    41    10     4     0     7     0     1    51
    42     2     4     2     5     0     1    51
    43     4     6    14     0     4     1    51
    44     4     7     0     8    11     3    45    49    50
    45     2    10     0     1     3     1    50
    46     3    12     0     2     7     1    49
    47     2     0     6     1    16     1    51
    48     8     9    16     6     8     2    49    50
    49     3     2     9     0     1     1    51
    50     7     1     7     8     9     1    51
    51     0     0     0     0     0     0
--------------------------------------------------------------------------------
INFORMATION OF PROJECT 9:
#jobs  release  duedate
    52     0   139
#local resources
     2
R_L1   R_L2   
   151   115
jobnr.  dur.  r_G1  r_G2  r_L1  r_L2  #succ.  successors
     0     0     0     0     0     0     4     1    12    25    49
     1     7   119    18   151   115     5     2     3    18    40    47
     2     4   119    18   151   115     2     4    40
     3     1    36    18    41    64     4     4    23    29    34
     4     2   119    18   151   115     3     5     6    40
     5     1   119    18   151   115     5     7    16    24    26    38
     6     2   119    18   151   115     1     8
     7     6   119    18   151   115     4     8    26    41    47
     8     3    28    11    59    16     2     9    32
     9     2   119    18   151   115     3    10    16    35
    10     9    28    11    59    16     3    11    22    37
    11     8    98    14    85   100     2    13    14
    12    10    91     7    92    99     8    15    16    21    23    29    31    41    48
    13     1    89     9   133    88     3    15    28    31
    14     6     9     2     6     1     1    20
    15     4    56    14    26    71     1    17
    16     1     5     0    59    29     3    17    22    43
    17     7   119    18   151   115     2    19    33
    18    10    85     8   104    62     3    24    36    43
    19     8    11    12    18    49     5    20    27    30    44    45
    20     6    12     3     7    21     1    50
    21     7   107     5   143    86     1    51
    22     3     2     2    12     3     1    51
    23     8   105    13   132    91     5    26    28    35    37    46
    24     8    56    13   117    84     2    26    47
    25    10    65     6   133    59     1    51
    26     2    30     9     4    27     3    31    39    46
    27     2    11     5    66    33     3    30    36    46
    28     6    54     2    16    30     4    30    33    36    45
    29     9    75    12    19    64     3    36    38    45
    30     3    34    10    18    53     1    51
    31     3    11    10    23    32     1    51
    32     1    91    10    85    82     1    51
    33     5    12     2    11    29     1    42
    34     4    49     8    55    49     1    46
    35     8    21     0    66    11     1    50
    36     3    70    10    92    61     1    51
    37     6    30    10    38    50     1    51
    38     2   107     8    99    83     2    43    47
    39     2   107    15   117    86     3    45    46    48
    40     5    96     2    78    37     1    41
    41     1    27    14    20    55     2    45    48
    42     4    19     3    40    30     3    44    46    50
    43     1    78    15    83    81     1    51
    44     9     1     1    34     4     1    51
    45     8    12    10     6    26     1    51
    46     1    20     3     2    23     1    51
    47     3     0     3     0     3     1    51
    48     3     4     4    42    15     1    50
    49     9    83     0   110    51     1    50
    50     6    12     4     8    26     1    51
    51     0     0     0     0     0     0
--------------------------------------------------------------------------------
INFORMATION OF PROJECT 10:
#jobs  release  duedate
    52     0   121
#local resources
     2
R_L1   R_L2   
   115    11
jobnr.  dur.  r_G1  r_G2  r_L1  r_L2  #succ.  successors
     0     0     0     0     0     0     8     1    16    25    27    36    44    46    49
     1     5    18     9   107    11     8     2    33    37    38    39    40    41    42
     2     1    16     5   107    11     1     3
     3     1     6     0    52     0     2     4    35
     4     2     8     0    52     0     5     5    29    30    31    32
     5     2    14    15   106    11     3     6    26    28
     6     9    12     4    85     7     1     7
     7     2    18     9    71     2     4     8    15    21    24
     8     9     4    13    51     4     3     9    23    42
     9     8     5     0     7     3     2    10    22
    10     8     0     5     0     5     4    11    17    20    29
    11     4     0     8     2     0     2    12    19
    12     7     2     7    17     4     1    13
    13     6     2     5    47    11     3    14    26    38
    14     7    10     8     0     0     1    18
    15     2    10     8    13     0     1    51
    16     9     0    14    84     3     1    35
    17     2     2     9     8     3     1    33
    18     4    15     0    21     1     1    51
    19     8     1    10    16     4     1    48
    20     9    10     9    15     0     1    51
    21     1    14     0    12     0     1    45
    22    10     0     0    69     4     1    34
    23     6     6     6    52     0     1    43
    24     1     9     7    57    10     1    41
    25     3     0    14    11     3     1    51
    26     1     1     0     0     1     1    51
    27    10    10     0    49     8     2    39    48
    28     5     0     1    10     6     1    34
    29     8     4     0     9     0     1    51
    30    10     9    13    21     0     1    51
    31     6     4     0     9     0     1    51
    32     8     6     0     6     7     2    43    45
    33     7     4     1    12     0     1    51
    34     9     0     0    24     6     1    39
    35     5     0     0    74     6     1    51
    36     7     8     5    17     8     1    51
    37     3     4     1    22     4     1    43
    38     3    11     0     2     0     1    41
    39     5     6     0     5     0     1    48
    40     7     0     2    55     5     2    42    50
    41     8     4     8    38     0     1    51
    42     5     4     4    46     0     1    51
    43     5     0     1     7     5     1    45
    44    10     0     6    44     9     2    45    48
    45     9     7     0     7     0     1    48
    46     1     0    10    16     7     2    47    48
    47     7     0     6     8     0     1    51
    48     3     4     8    20     0     1    51
    49    10     0     7     0     7     1    50
    50     8     2    10     0     0     1    51
    51     0     0     0     0     0     0
--------------------------------------------------------------------------------
INFORMATION OF PROJECT 11:
#jobs  release  duedate
    52     0   125
#local resources
     2
R_L1   R_L2   
    18   151
jobnr.  dur.  r_G1  r_G2  r_L1  r_L2  #succ.  successors
     0     0     0     0     0     0     6     1     3    12    18    25    49
     1     3   107   110    13   133     4     2     6    43    47
     2     4   107   110    13   133     1     4
     3     1    12     5     5    18     4     4     6    42    48
     4     1    28    16     6    59     1     5
     5     1   119   115    18   151     2     7    16
     6    10    94    99    15   105     1    38
     7     6   119   115    18   151     1     8
     8     1    28    16    11    59     2     9    14
     9     2    37    51     6    12     3    10    35    38
    10     9    28    16    11    59     4    11    34    37    41
    11     7    65    83    18    88     2    13    32
    12    10    91    99     7    92     7    15    21    22    23    29    31    41
    13     3    95    73     8   124     3    15    28    43
    14     9     9     1     0     6     4    17    26    33    36
    15     2    45    51    14    12     3    17    22    26
    16     2     5    52     0     6     1    37
    17     3    94    81    13    98     1    19
    18     6    87    42     7   124     1    24
    19     8    11    49    12    18     3    20    27    30
    20     5     8    21     2     7     1    48
    21    10   107    86     8   143     1    51
    22     3     9     5     0     6     1    30
    23     5    91    89    12    92     4    26    28    37    38
    24     5    56    80    16   129     6    26    32    33    38    40    46
    25    10    65    63     4   133     2    40    45
    26     2     2     2    10    32     3    31    39    41
    27     2    11     5     5    66     2    36    50
    28     7    54    30     2    16     2    30    33
    29    10    47    54    12     4     2    38    46
    30     3    32    43    11    18     2    32    43
    31     4    10    16     9    41     1    46
    32     1    21    86     5    58     1    51
    33     3    12    29     4     8     1    42
    34     4    37    47     8    53     2    36    45
    35     9    54    32     0    63     1    41
    36     3    10    45     9    23     1    51
    37     5    24    42    10    27     1    51
    38     1     5    74     5    90     1    47
    39     3   107    86    14   117     2    45    47
    40     2    96    13     0    49     1    48
    41     4     1    23     4    13     1    43
    42     5    16    11     3    40     4    44    46    47    50
    43     2    21    31     1    81     1    51
    44     9     1     4     1    34     1    47
    45     9     2    16    10     2     1    51
    46     2    43     0     2     7     1    51
    47     4     0    29     3    10     1    51
    48     2     2    18     6    52     1    51
    49     9    82    49     3   110     1    50
    50     6    12    26     4     8     1    51
    51     0     0     0     0     0     0
--------------------------------------------------------------------------------
INFORMATION OF PROJECT 12:
#jobs  release  duedate
    52     0   134
#local resources
     2
R_L1   R_L2   
    12    40
jobnr.  dur.  r_G1  r_G2  r_L1  r_L2  #succ.  successors
     0     0     0     0     0     0     7     1    11    29    37    39    44    46
     1     3    12   120    12    40     4     2    19    27    43
     2     2    12   120    12    40     2     3    32
     3     3    12   120    12    40     1     4
     4     2    12   120    12    40     1     5
     5     1     9    84     2    22     5     6    18    34    36    50
     6     1     4    84     2    22     3     7    30    31
     7     5    12   120    12    40     1     8
     8     3    12   120    12    40     4     9    14    16    26
     9     4    12   120    12    40     3    10    20    47
    10     5     4    52     6    16     4    12    18    23    24
    11     7     3    36    10    18     7    15    21    22    23    24    27    38
    12     6    12   120    12    40     4    13    22    36    42
    13     4     8    24     1    18     4    15    16    28    34
    14     1    12   120    12    40     3    15    25    30
    15     1     5    63    10    24     4    17    38    40    50
    16     8     0    14     0     9     1    41
    17     2     9    47     3    16     2    21    33
    18     3     4    96     6    21     2    30    43
    19     1     4    57     2    16     1    51
    20     5     1    40     0     0     1    51
    21     5     2     9     1     6     1    51
    22     3     9    38     0    10     1    31
    23     3     7    52     2     9     1    25
    24     1     9   106     6    40     2    25    35
    25     1     8    79     2    31     1    51
    26     7    12    79     8    21     2    31    33
    27     9     9    99     6    27     1    43
    28     9    12   120    12    40     1    40
    29    10     8   106     3    40     1    51
    30     2     8     4     0     7     1    48
    31     4     4     4     0    16     1    51
    32     3     9    51     5    19     1    45
    33     5     3    14     6     0     1    51
    34     7     8    65    10    21     1    48
    35     3     3    49     5    12     2    40    49
    36     2     3    51     9    15     1    43
    37     9     3    36    10    18     2    40    47
    38     7     0    27     4     6     1    43
    39     9     8    24     3    18     3    40    42    45
    40    10     8    29     2    19     3    41    43    48
    41     8     0     6     0    13     1    51
    42     5    10   106    11    27     2    48    49
    43     8     4    13     9     0     1    51
    44     9     1    68     5    24     1    45
    45     1     5    24     6     9     1    50
    46     9     1    36    10    15     3    47    49    50
    47     7     0    21     6     6     1    48
    48     2     0    15     1     9     1    51
    49     1     4    23     9    21     1    51
    50     2     4    42     2     3     1    51
    51     0     0     0     0     0     0
--------------------------------------------------------------------------------
INFORMATION OF PROJECT 13:
#jobs  release  duedate
    52     0    91
#local resources
     2
R_L1   R_L2   
    13    10
jobnr.  dur.  r_G1  r_G2  r_L1  r_L2  #succ.  successors
     0     0     0     0     0     0    12     1     2     4     7     9    10    11    15    18    21    23    49
     1     4     6     3     1     0     7     3    20    30    31    45    46    48
     2     3     1     0     7     3     7     5    20    40    41    42    44    45
     3     3     6     0     0     4     6     6    34    40    41    42    47
     4     2     0     4     5     0    11    16    20    25    31    34    36    39    40    41    42    46
     5     1     5     0     0     1     5     8    27    30    34    46
     6     8     8     0     0     2     5     8    28    43    44    48
     7     3     2    10     9     9     9    14    27    28    31    33    38    42    43    44
     8     4     0     6     0     3     5    12    17    35    37    39
     9     9    10     5     0     0     5    13    17    28    36    40
    10     8     0     1     2     0     6    16    34    38    40    43    45
    11    10     0     9     2     9     6    19    37    40    41    42    43
    12     3     4     1    10    10     2    16    36
    13     9     5     0     0     9     5    24    25    32    34    35
    14     8     1     0     0     9     5    29    34    36    37    39
    15     3     0     8    10     8     4    29    30    35    41
    16     8     5    10     0     0     3    22    32    35
    17     7     7     0     6     0     4    29    35    36    47
    18     2     0     1     0     9     3    26    32    48
    19     1     9     3    13     6     2    27    45
    20     4     7     0     3     0     2    32    35
    21     9     0     9     4     0     1    34
    22    10     1     0     7     0     1    24
    23     3     0     6    10     4     2    33    34
    24     1     9     1     0     0     1    26
    25     6     4     0     0     4     1    26
    26     4     6     0     0     2     1    33
    27     4     2     6     0     0     1    32
    28     9     0     0     6     0     1    37
    29     3     0     0     9    10     1    32
    30     7     0     1     8     0     1    51
    31     9     0     0     2     3     1    32
    32     4    10     0     0     3     1    41
    33     1     2     0     8     0     1    51
    34     1     6     0     0     1     1    51
    35     8    10     0    11     0     1    51
    36     3     7     1     0     0     1    41
    37     3     5     0     0     3     1    41
    38     9     0     8     6     0     1    51
    39     8     4     1     0     0     1    42
    40     4     0     0     6     7     1    43
    41    10     6     0     2     0     1    51
    42     2     4     5     0     0     1    51
    43     4     8     0     9     0     1    51
    44     2     2     7     0     0     1    51
    45     3     0     5    10     0     1    51
    46     6     4     0     4     0     1    48
    47     7    10     0     0     2     1    51
    48    10     0     1     0    10     1    51
    49     7     0     6     5     0     1    50
    50     4     3     6     0     0     1    51
    51     0     0     0     0     0     0
--------------------------------------------------------------------------------
INFORMATION OF PROJECT 14:
#jobs  release  duedate
    52     0    83
#local resources
     2
R_L1   R_L2   
    14    17
jobnr.  dur.  r_G1  r_G2  r_L1  r_L2  #succ.  successors
     0     0     0     0     0     0    17     1     2     3     4     5     6     7     9    10    11    13    14    17    18    22    29    50
     1     6     9     0     0     8     9     8    16    19    21    25    32    41    44    47
     2    10     6     0     0     1    10    16    19    23    27    32    34    36    39    41    44
     3     8     0     1     0     9     8    16    21    25    28    31    32    39    41
     4     1     9     0     4     0     8    12    30    41    42    44    46    47    48
     5     8     3     0     3     0     6    15    20    26    30    39    44
     6     8     0     0    10     6     8    24    25    30    32    39    41    42    47
     7     9     7     0     0     9     8    31    34    35    36    37    39    41    47
     8     5     0     0     2     4     5    15    30    40    42    45
     9    10     2     0     0     4     4    16    25    32    41
    10     5     0     4     3     0     4    20    30    38    43
    11     2     0     3     0     3     7    33    35    38    39    40    41    46
    12     4     7     0     0     2     5    32    33    38    39    40
    13     7     6     3     0     0     4    21    37    39    41
    14     4     0     0     5     9     1    15
    15     3     3     0     0    10     4    31    35    36    37
    16    10     0     0     8     9     3    26    30    43
    17     5     0     8     0     6     3    25    37    45
    18     4     0     3     7     0     2    25    26
    19     2     4     0     0     6     3    31    35    40
    20     3     7     5     0     0     2    25    42
    21     9     5     0     0     9     3    35    36    46
    22     7     0     8     0     4     3    35    39    49
    23     6     0     0     8     7     2    30    43
    24     6     8     0     0    10     2    33    35
    25     6     6     0     0    10     2    35    36
    26     4     5     0     0     5     2    35    37
    27     5     3     8     0     0     2    40    45
    28     7     6     0     0     2     2    36    44
    29     9     3     0     3     0     2    37    45
    30     6     0     2     0     5     1    37
    31     6     8     9     0     0     1    38
    32     2     0     1     6     0     1    35
    33     2     7     0     7     0     1    36
    34     6     5     0     0     9     1    40
    35    10     0     6     0     6     1    51
    36     8     5     8     0     0     1    51
    37     9     4     0     0     4     1    51
    38     4     0    10    10     0     1    51
    39     3     0     8     7     0     1    51
    40    10     0     0     8     1     1    51
    41     4     0     0     8     6     1    51
    42     7     3    10     0     0     1    51
    43     3     7     0     5     0     1    51
    44     7     0     0     2     8     1    51
    45     8     0     5     2     0     1    51
    46     7    10     8     0     0     1    51
    47    10     0     4     6     0     1    51
    48     6     3     0     8     0     1    51
    49     7     0     0     5     9     1    51
    50    10     7     0     4     0     1    51
    51     0     0     0     0     0     0
--------------------------------------------------------------------------------
INFORMATION OF PROJECT 15:
#jobs  release  duedate
    52     0    65
#local resources
     2
R_L1   R_L2   
    16    16
jobnr.  dur.  r_G1  r_G2  r_L1  r_L2  #succ.  successors
     0     0     0     0     0     0    22     1     2     3     4     5     7     8     9    10    14    15    16    18    22    23    44    45    46    47    48    49    50
     1     5     0     4     2     0     6     6    17    31    33    34    43
     2     1     0     0     3     1     8    12    19    24    27    30    31    35    41
     3    10     4     0     4     0     7    13    26    28    30    32    36    40
     4     5     9     0     9     0     8    19    24    25    27    30    33    34    38
     5     4     5     0     3     0     5    20    21    27    30    31
     6     4     7     0     0     4     3    11    27    28
     7     5     6     0     6     0     5    24    26    27    33    34
     8     6     8     0     0     7     5    24    25    27    32    36
     9     3     2     6     0     0     3    17    26    32
    10    10     8     0     2     0     4    26    28    32    36
    11     3     8     0     5     0     3    19    25    26
    12     7    10     5     0     0     3    25    26    38
    13     2     0     0     7     2     3    24    25    39
    14     6     3     0     5     0     3    25    33    34
    15    10     0     2     3     0     3    24    25    37
    16     8     0     0     8     9     3    25    27    31
    17     1     0     4     1     0     2    24    35
    18     3     7     9     0     0     2    30    42
    19     4     0     0     4     4     1    29
    20    10     4     0     6     0     1    28
    21     5     6     0     6     0     1    37
    22     3     4     0     6     0     1    24
    23     1     0     7     9     0     1    24
    24     4     5     0     8     0     1    51
    25     7     0    10     0     8     1    51
    26     7     0    10     0    10     1    51
    27    10     0    10     0     5     1    51
    28     1     0     0     4     5     1    51
    29     4     1     0     0     3     1    51
    30     9     0     3     0     9     1    51
    31     7    10     0     0     6     1    51
    32     9     5     0     0     4     1    51
    33     3     2     0     4     0     1    51
    34     3     0     5     9     0     1    51
    35     7     0     4     0     8     1    51
    36     1     0     0     3     9     1    51
    37    10     0     7    10     0     1    51
    38     8     0     0    10     5     1    51
    39     2     9     0     0     8     1    51
    40     6     0     0     5     9     1    51
    41     8     4     0     0     9     1    51
    42     1     0     2     0     9     1    51
    43     3     0    10     0     1     1    51
    44     2     6     4     0     0     1    51
    45     9     7     0     4     0     1    51
    46     5     0     3     0     2     1    51
    47     9     8     0     0     8     1    51
    48     5    10     0     6     0     1    51
    49    10     8     0     0     7     1    51
    50     8     1     0     6     0     1    51
    51     0     0     0     0     0     0
--------------------------------------------------------------------------------
INFORMATION OF PROJECT 16:
#jobs  release  duedate
    52     0    81
#local resources
     2
R_L1   R_L2   
    14    13
jobnr.  dur.  r_G1  r_G2  r_L1  r_L2  #succ.  successors
     0     0     0     0     0     0    17     1     4     5     7     8    10    11    12    17    21    22    23    24    25    48    49    50
     1     4     0     0     3     7     5     2    40    42    45    47
     2     2     2     1     0     0     4     3    32    37    38
     3     4     7     8     0     0     4     6    16    33    34
     4     2     3     0     8     0     7     9    29    34    40    41    43    46
     5     8     0     7     2     0     6    13    20    29    33    36    41
     6    10     0     9     0     7     4     9    27    29    30
     7     3     0     8     0     8     5    14    20    30    36    38
     8     3     6     9     0     0     6    18    28    31    32    33    43
     9     6     0     3     9     0     3    13    28    31
    10    10     1     0     3     0     4    19    27    30    36
    11     1     5     0     0     5     3    18    27    30
    12     8     0     9    10     0     4    26    27    32    39
    13     7     1     9     0     0     1    15
    14     3     6     0     8     0     3    28    32    44
    15     5     0     2     0     4     1    18
    16     2     8     1     0     0     2    26    35
    17     6     0     4     0     4     2    27    29
    18     3     0     9     1     0     1    19
    19     1     8     0     0     2     1    26
    20     6     0     0     3    10     1    27
    21     4     0     0     5     9     1    29
    22     7     5     0     0     5     1    42
    23     2     9     4     0     0     1    39
    24     8     0     3     3     0     1    37
    25     2     4     9     0     0     1    27
    26     7     0     3     0     4     1    51
    27     5     2     0     0     6     1    51
    28    10     9     7     0     0     1    51
    29     2     2     6     0     0     1    51
    30     7     1     0     4     0     1    51
    31     8     0     1     0     2     1    51
    32     3     0     0     2     3     1    51
    33     7     4     0     3     0     1    51
    34     4     0     2     7     0     1    51
    35     7     2     0     0    10     1    51
    36     3     0     8     2     0     1    51
    37     8     2     8     0     0     1    51
    38     7     0     4     3     0     1    51
    39     6    10     0     9     0     1    51
    40     5     5     0     0     5     1    51
    41    10     7     4     0     0     1    51
    42     1     0     2     0     2     1    51
    43     4     0     6     4     0     1    51
    44     2     0     7    10     0     1    51
    45    10     1    10     0     0     1    51
    46     9     0    10     1     0     1    51
    47     5     1     0     4     0     1    51
    48     6     0     8     0     9     1    51
    49     5     0     2     6     0     1    51
    50     5     8     0     9     0     1    51
    51     0     0     0     0     0     0
--------------------------------------------------------------------------------
INFORMATION OF PROJECT 17:
#jobs  release  duedate
    52     0    88
#local resources
     2
R_L1   R_L2   
    13    14
jobnr.  dur.  r_G1  r_G2  r_L1  r_L2  #succ.  successors
     0     0     0     0     0     0    16     1     2     3     4     5     6     7     8     9    10    11    12    13    14    15    20
     1     1     9     0     5     0     9    18    19    21    22    23    25    27    32    50
     2     9     0     2     0     3     6    16    18    19    22    35    50
     3     7     0     3    10     0     6    18    19    22    25    35    50
     4     6     0     6     3     0     6    21    22    23    24    28    36
     5     9     0     0     2     3    10    17    22    26    28    32    34    35    45    47    49
     6     8     4     0     2     0     7    16    27    29    32    35    44    48
     7     9     0     0     8     5     6    18    22    30    31    32    50
     8     1     0     0     3     8     7    22    23    25    28    30    34    50
     9     7     0     5     0     9     9    22    26    34    35    45    46    47    49    50
    10     9     8     0     0     1     7    21    28    31    32    33    35    48
    11    10     0     8     0     4     5    18    34    43    48    49
    12    10     0     9     6     0    12    29    30    33    35    38    43    44    45    46    47    49    50
    13     3     0     6     0     2     6    22    28    39    42    45    49
    14    10    10     0     0     7    10    28    29    34    41    42    43    44    45    46    48
    15     4     0     5     0     8     7    26    29    31    33    41    46    48
    16     7     8     6     0     0     5    25    30    31    33    34
    17     4     0     3     2     0    10    29    30    33    38    39    42    43    44    46    48
    18     3     0     2     4     0     7    26    28    29    41    45    46    47
    19     1     0     2     0     9     7    30    31    34    40    43    45    48
    20     7     0     9     2     0     9    29    33    38    39    41    42    43    46    48
    21     4     6     0     5     0     8    30    34    38    40    42    44    45    46
    22     8     2     0     0     5     7    29    33    38    41    43    44    48
    23     3     0     4     0     2     7    29    38    39    41    42    45    47
    24     6     0     0     2     2     5    27    38    42    44    47
    25     3    10     0     0     5     6    37    38    40    43    45    46
    26     3     7     6     0     0     5    37    39    40    42    44
    27     7     0     3     5     0     3    34    43    49
    28     8     0     7     0     5     3    37    38    40
    29     8     0     8     0     8     2    37    40
    30    10     0     0     6     5     2    37    41
    31     4     3     1     0     0     2    38    47
    32    10     9     9     0     0     2    42    43
    33     3     0     8     2     0     1    37
    34     2     0     5     0     5     1    39
    35     2     3     0     9     0     1    39
    36     6     0     3     0    10     1    42
    37     5     0     3     0     9     1    51
    38     8     0     9     0     2     1    51
    39    10     9     5     0     0     1    51
    40     9     0     1     2     0     1    51
    41     9     9     0     0     9     1    51
    42     2     0    10     0     3     1    51
    43     6     0     0     5     5     1    51
    44     7     9     3     0     0     1    51
    45     7     0     3     3     0     1    51
    46    10     2     0     0     9     1    51
    47     8     2     0     0     9     1    51
    48     5     3     5     0     0     1    51
    49     5     0     7     0     8     1    51
    50     9     0     1     0     3     1    51
    51     0     0     0     0     0     0
--------------------------------------------------------------------------------
INFORMATION OF PROJECT 18:
#jobs  release  duedate
    52     0   111
#local resources
     2
R_L1   R_L2   
    14    32
jobnr.  dur.  r_G1  r_G2  r_L1  r_L2  #succ.  successors
     0     0     0     0     0     0    11     1     4     5    10    12    17    22    25    35    37    48
     1     2     4    13     4     6     6     2    20    24    40    46    47
     2     2     2    12    13    21     2     3    47
     3     4    11    11     8    24     4     6    16    33    34
     4     2     0    10     5    16     5     9    24    40    41    42
     5     9     7     1     3     9     7     7    13    20    29    33    36    41
     6     6    11    11     7     9     6     9    11    29    30    42    44
     7     2     8     9     8    16     7     8    14    20    30    31    36    38
     8     2    10     0     3    16     6    18    28    31    32    33    43
     9     1     4     1     1     9     4    13    28    31    46
    10     2     0     0     0     7     5    11    13    19    30    40
    11     1     3     5     5     0     1    27
    12     4     9     0     0    10     3    20    26    32
    13     2     9     2     1    16     1    15
    14     7     0     0     6     8     3    32    33    44
    15     9     2     5     0     5     1    18
    16     3     7     0     8     3     1    43
    17     4     8     4     7    18     4    27    33    34    40
    18     3     8     6     1    10     3    19    21    39
    19     5     4     2     8    23     2    26    41
    20     1    11    10     1     4     1    51
    21     6     6    11     2     5     1    51
    22    10     1     6     3    31     2    23    39
    23     2     0    11     6     0     1    51
    24     8     3     0     0     6     1    51
    25     5     9     0     4    18     2    27    42
    26    10     6     8     0    14     1    51
    27    10     0     6     4     0     1    51
    28     5     8     9    11    18     1    51
    29     1    11     2     2     1     1    32
    30     4     0     7     1    14     1    45
    31     2     1     8     3     0     1    39
    32     2    10     8     0    25     2    33    38
    33     2    12     0     3     5     1    45
    34     8    13     8     1     8     1    43
    35     9     8    13     3    22     1    39
    36     4     9     8     0     4     1    51
    37     8     8     7    12     7     1    51
    38     8     4     4     9    11     3    45    47    49
    39     3     3     3    11     7     1    51
    40     2     0    10     1     7     1    44
    41    10     2     0     7     0     1    51
    42     2     4     2     0     9     1    45
    43     2     6    12     0    21     3    45    49    50
    44     3     7     0     8    12     1    51
    45     2     9     8     1     1     2    49    50
    46     2    10    10     6    24     1    51
    47     6     0     6     1     4     1    51
    48    10     8     9     6     4     2    49    50
    49    10     3     9     0     1     1    51
    50    10     0     7     9    10     1    51
    51     0     0     0     0     0     0
--------------------------------------------------------------------------------
INFORMATION OF PROJECT 19:
#jobs  release  duedate
    52     0   147
#local resources
     2
R_L1   R_L2   
   120    12
jobnr.  dur.  r_G1  r_G2  r_L1  r_L2  #succ.  successors
     0     0     0     0     0     0    11     1    11    14    26    29    32    36    37    39    44    46
     1     3    17    39   120    12     4     2    19    40    41
     2     4    17    39   120    12     2     3    18
     3     5    17    39   120    12     1     4
     4     4    17    39   120    12     1     5
     5     3    11    19    75     2     3     6    33    34
     6     3     5    19    72     2     2     7    31
     7     1    17    39   120    12     2     8    31
     8     3    17    39   120    12     4     9    16    25    34
     9     1    17    39   120    12     3    10    20    47
    10     1     5     2     9     0     2    12    23
    11    10     4    20    30     7     3    23    24    27
    12     2    17    39   120    12     3    13    22    42
    13     4     8     4     3     6     4    15    27    28    30
    14    10     9    29   108     0     1    51
    15     1     5    24    33    10     2    17    38
    16     3     6     6    20     0     3    28    41    45
    17     3    12    24    48    11     3    21    33    48
    18     1    12    33   111     7     5    21    23    33    41    49
    19    10     5    29   111     7     2    31    40
    20     2    12    18    20     4     1    51
    21    10     5     6    33     1     1    51
    22    10     3     9    54     0     1    51
    23     7    12     6     7     2     1    51
    24     5     5    33   111     6     1    45
    25     6     9    18    24     9     1    51
    26     5    12    24    57     7     1    33
    27     1     0     0     3    11     2    33    40
    28     1    17    39   120    12     2    35    40
    29     8    12    30   104     1     1    51
    30     1     8    10     9     0     2    38    49
    31     1     8    18    90     0     1    35
    32     4    12    20    48     5     1    40
    33     9     4     3    20     6     1    51
    34     2     8    27    33     4     1    51
    35    10     5     9    63     0     1    51
    36     4     2    18    21     9     1    45
    37    10     6    14    45    10     1    47
    38     4     9    12    57     6     1    41
    39    10     8    20    29     6     2    42    43
    40     7    10    12    45     2     1    43
    41     1     5    21    97     0     1    51
    42     9    12    33    87     7     3    45    49    50
    43     7     4    10     3    10     1    51
    44    10     5    24    67     5     2    45    50
    45     6     0     6     9     1     1    51
    46    10     4    14    45    10     1    48
    47     7     0    17    21     6     1    48
    48     4     0     3     4     5     1    51
    49     6     0     9    16     8     1    51
    50     4     5    11    87     2     1    51
    51     0     0     0     0     0     0
--------------------------------------------------------------------------------
INFORMATION OF PROJECT 20:
#jobs  release  duedate
    52     0   160
#local resources
     2
R_L1   R_L2   
   170   143
jobnr.  dur.  r_G1  r_G2  r_L1  r_L2  #succ.  successors
     0     0     0     0     0     0    13     1    16    18    19    20    21    22    23    25    32    35    40    44
     1     8   113   111   170   143     2     2    43
     2     5   113   111   170   143     2     3    34
     3     3   113   111   170   143     2     4    41
     4     4   113   111   170   143     2     5     7
     5     2    44    61    85   103     2     6    29
     6     9   113   111   170   143     1     8
     7     4   113   111   170   143     3     9    24    33
     8    10   113   111   170   143     2     9    33
     9     3    27    57    82    66     3    10    27    30
    10     1   113   111   170   143     2    11    38
    11     7   113   111   170   143     4    12    26    28    39
    12    10     4     5    15     7     1    13
    13     2    50    61    47    32     1    14
    14     6   113   111   170   143     3    15    31    48
    15    10    32     9     9    42     1    17
    16     6    69    50    85    40     2    28    38
    17     5     0     3     9    19     1    51
    18    10    73    66   100   129     1    51
    19     1    24    34    65    91     1    28
    20     8    47   105   148   102     2    39    41
    21     2    81   106   148   102     1    42
    22     3    49    70   127   110     1    51
    23    10    73    62   139   102     1    51
    24     1     5    32    31     6     1    51
    25     5    75   105   148   102     1    41
    26     1     6    12    25    13     1    45
    27     5   109   106   155   124     1    36
    28     6    18    49    78    18     2    37    45
    29     1    34     1     7    17     1    46
    30     1    29    45    70    10     1    38
    31    10    32     2    13    22     1    49
    32     4   109   106   155   124     1    42
    33     2    44    57    70    84     1    38
    34     3    73    62   136   101     1    50
    35     3    79   102   155   101     3    37    38    49
    36     4   113   108   161   124     2    39    41
    37     4    63    50   123   111     1    47
    38     3    89    74   105    52     2    39    41
    39     1    81   106   155   121     1    45
    40    10    86    54    88    77     4    41    42    43    50
    41     1    57    18    67    45     2    42    45
    42     3    81    74   124   101     1    46
    43     7    79   102   157   101     1    45
    44     1    29    49    91    79     3    45    46    50
    45     2   113   108   161   124     1    46
    46     1   109   106   155   124     2    47    48
    47     7    32    38    30    11     2    48    49
    48     9    40    45    31    14     1    51
    49    10    40    49    31    41     1    51
    50     1   113   111   170   143     1    51
    51     0     0     0     0     0     0
--------------------------------------------------------------------------------
TRANSFER TIMES OF GLOBAL RESOURCE G1
 DEPOT    P1    P2    P3    P4    P5    P6    P7    P8    P9   P10   P11   P12   P13   P14   P15   P16   P17   P18   P19   P20
     0     9     4     9    10     5     7    12     9     4     9    10    12     7    12    13    12    10     5     8    11
     9     0    10     3    18    13    11     9    12    12    17    18    17    15     7     9    19    17    13    15     8
     4    10     0    10     9     4    10    11    12     6     9     9     8     7    11    12    10     8     5    11    14
     9     3    10     0    19    13    13     6    14    13    18    18    16    16     4     6    19    16    14    17    11
    10    18     9    19     0     6    14    19    15     8     4     2     9     4    20    20     4     7     6    10    20
     5    13     4    13     6     0     9    15    11     4     5     6     9     3    14    15     8     7     1     8    14
     7    11    10    13    14     9     0    17     3     6    11    14    17    11    16    17    16    16     9     6     8
    12     9    11     6    19    15    17     0    19    16    19    18    15    17     2     1    19    15    15    20    16
     9    12    12    14    15    11     3    19     0     8    13    16    19    13    17    19    18    18    11     7     7
     4    12     6    13     8     4     6    16     8     0     6     9    12     5    15    17    10    10     3     5    12
     9    17     9    18     4     5    11    19    13     6     0     5    11     3    19    20     7     9     5     7    18
    10    18     9    18     2     6    14    18    16     9     5     0     7     4    19    19     2     5     6    11    20
    12    17     8    16     9     9    17    15    19    12    11     7     0     9    15    16     7     2    10    16    22
     7    15     7    16     4     3    11    17    13     5     3     4     9     0    17    18     6     7     3     8    17
    12     7    11     4    20    14    16     2    17    15    19    19    15    17     0     2    20    16    15    19    14
    13     9    12     6    20    15    17     1    19    17    20    19    16    18     2     0    20    16    16    21    16
    12    19    10    19     4     8    16    19    18    10     7     2     7     6    20    20     0     5     8    13    22
    10    17     8    16     7     7    16    15    18    10     9     5     2     7    16    16     5     0     8    15    21
     5    13     5    14     6     1     9    15    11     3     5     6    10     3    15    16     8     8     0     7    15
     8    15    11    17    10     8     6    20     7     5     7    11    16     8    19    21    13    15     7     0    13
    11     8    14    11    20    14     8    16     7    12    18    20    22    17    14    16    22    21    15    13     0
--------------------------------------------------------------------------------
TRANSFER TIMES OF GLOBAL RESOURCE G2
 DEPOT    P1    P2    P3    P4    P5    P6    P7    P8    P9   P10   P11   P12   P13   P14   P15   P16   P17   P18   P19   P20
     0     8     7     9     8    10    11     8    11     8     7     9    11     7     7     9     6     8    12     5     6
     8     0    13    11     4    17     5    15    18     5     1    15    11     4    10    16    10    14    16    12     3
     7    13     0    15    14    11    16     6    14    10    12    13     7    13     4    10    12    12     6     4    12
     9    11    15     0     8    12    10    13    11    14    11     7    19     8    15    12     3     7    21    12     9
     8     4    14     8     0    16     3    15    17     8     4    13    14     1    12    15     8    12    18    12     3
    10    17    11    12    16     0    19     6     3    17    16     5    17    15    13     2    10     6    17     8    15
    11     5    16    10     3    19     0    18    19    10     6    15    16     4    14    18    10    14    20    15     5
     8    15     6    13    15     6    18     0     8    14    14     9    13    14     9     4    11     8    12     4    13
    11    18    14    11    17     3    19     8     0    19    17     4    20    16    15     5    10     5    19    10    16
     8     5    10    14     8    17    10    14    19     0     5    17     7     8     7    16    13    15    11    11     6
     7     1    12    11     4    16     6    14    17     5     0    14    11     4     9    15     9    13    15    11     2
     9    15    13     7    13     5    15     9     4    17    14     0    19    12    14     6     6     2    19     9    13
    11    11     7    19    14    17    16    13    20     7    11    19     0    14     5    16    16    17     5    10    12
     7     4    13     8     1    15     4    14    16     8     4    12    14     0    11    14     7    11    17    11     2
     7    10     4    15    12    13    14     9    15     7     9    14     5    11     0    12    12    13     6     6     9
     9    16    10    12    15     2    18     4     5    16    15     6    16    14    12     0     9     6    15     6    14
     6    10    12     3     8    10    10    11    10    13     9     6    16     7    12     9     0     5    18     9     8
     8    14    12     7    12     6    14     8     5    15    13     2    17    11    13     6     5     0    18     8    11
    12    16     6    21    18    17    20    12    19    11    15    19     5    17     6    15    18    18     0    10    15
     5    12     4    12    12     8    15     4    10    11    11     9    10    11     6     6     9     8    10     0    10
     6     3    12     9     3    15     5    13    16     6     2    13    12     2     9    14     8    11    15    10     0
--------------------------------------------------------------------------------
Additional Information: 
global resource strength = 0.5
transfer time factor = 0.2
adapted from RCPSP instances: 
[sD373, sD114, sD368, sD11, sD130, sD151, sD251, sD144, sD335, sD123, sD217, sD254, sD86, sD47, sD41, sD38, sD25, sD235, sD216, sD350]
