--------------------------------------------------------------------------------
PORTFOLIO INFORMATION:
#projects
    20
#global resources
     2
R_G1   R_G2   
   420   328
--------------------------------------------------------------------------------
INFORMATION OF PROJECT 1:
#jobs  release  duedate
    52     0   130
#local resources
     2
R_L1   R_L2   
   170    12
jobnr.  dur.  r_G1  r_G2  r_L1  r_L2  #succ.  successors
     0     0     0     0     0     0     8     1     8    16    20    22    23    34    44
     1     2   173   143   170    12     1     2
     2     6   173   143   170    12     1     3
     3     4   173   143   170    12     1     4
     4     5   173   143   170    12     2     5    25
     5     1   106   103    39    11     5     6    19    32    39    45
     6     4    13   100    66     0     2     7    33
     7     8   173   143   170    12     3     9    30    43
     8     9   148    19   100     7     4     9    27    30    45
     9     1   106   103    39    11     3    10    28    29
    10     3    62    45    39     6     2    11    26
    11     4    59    19    53     9     3    12    21    31
    12     8    13    12    16     0     2    13    46
    13     1    46     3    47     6     3    14    18    31
    14     1    17    18    29     1     2    15    48
    15     8    31    73    14     4     1    17
    16    10    67    40   131     1     1    39
    17    10     0     3     9     0     1    51
    18     9     6    36     0     3     1    51
    19     2     2    73    11     3     2    42    43
    20     8    59    89    83     5     1    42
    21     6    97    50    98     1     2    24    32
    22     9   128   112    63     7     1    51
    23    10   111    98   117     3     5    27    31    37    39    40
    24     8    12     4     9     5     1    48
    25     4   142    70   152     6     2    35    42
    26     6     0     0     4     1     4    28    31    35    37
    27     6   173   143   170    12     1    49
    28     5    43     1    40     1     1    32
    29     7     6    41    38     2     1    51
    30     1    41    68    49     9     2    38    42
    31    10     1    22     1     0     2    49    50
    32     1   114    29    29     2     1    46
    33     4    53    57    43     7     2    36    38
    34     4   148   121   141     7     1    51
    35     1    18     6     6     5     1    51
    36     1    25   124    70     2     1    41
    37     2    76    26    71     1     1    42
    38     1   109     9     9     5     1    51
    39     1   154   134   157     7     1    51
    40     7   160    43   104    12     3    41    42    43
    41     2    28    19    66     6     1    42
    42     6   114   115    67     1     1    46
    43     1    13     3    37     5     1    51
    44     8    59    28   103     8     2    45    48
    45     2    44    70   103     7     1    49
    46     8   155   121   124     7     2    47    48
    47     6    19     9    13     0     1    51
    48    10    44    20    38     6     2    49    50
    49     2    45    28    72     4     1    51
    50     7    45    28    98     4     1    51
    51     0     0     0     0     0     0
--------------------------------------------------------------------------------
INFORMATION OF PROJECT 2:
#jobs  release  duedate
    52     0    85
#local resources
     2
R_L1   R_L2   
    13    15
jobnr.  dur.  r_G1  r_G2  r_L1  r_L2  #succ.  successors
     0     0     0     0     0     0    10     1     2     3     5     6     9    10    12    13    18
     1     1     0     3    10     0     5     4    21    29    31    39
     2     2     4     7     0     0    12    14    15    16    21    24    26    28    29    31    39    40    50
     3     8     0     8     0     7     9    11    16    19    23    24    25    28    38    39
     4    10     0     9     0     5     5     7    23    28    34    50
     5     1     1     0     0    10     5     8    21    24    26    40
     6     1     3     0     0     1    10    16    22    23    26    28    31    36    38    39    40
     7     1     3     0     7     0     7    15    16    24    26    38    40    41
     8     8     4     3     0     0     7    15    16    23    28    38    39    50
     9     9     7     7     0     0     7    17    21    22    26    28    31    49
    10     2     0     0     7     2     6    16    19    26    31    38    39
    11     9    10     0     0     5    10    26    30    31    32    36    37    41    44    47    50
    12     3     8     0     0     4     7    20    28    32    36    39    40    49
    13     8     0     0     7     6     7    21    25    32    37    40    47    50
    14     4     7     5     0     0     7    25    30    38    44    45    46    47
    15     6     5     0     0    10     4    19    37    44    48
    16     5     0     7     0     9     7    27    37    44    45    46    48    49
    17     8     1     2     0     0     4    23    39    41    46
    18    10     7     0     8     0     6    32    33    34    44    46    47
    19     4     0    10     1     0     3    22    36    45
    20     2    10     0     0     2     5    30    43    45    46    47
    21     8     0     0     4     9     2    23    36
    22     5     9     5     0     0     3    30    43    47
    23     4     0     4     0     8     3    33    43    44
    24     7     0     6     0     2     4    42    43    44    46
    25     9     0     4     0     3     3    36    42    48
    26     5     8     5     0     0     3    42    43    46
    27     6    10     0     1     0     2    35    43
    28    10     0     0     9     8     2    37    44
    29     7     0    10     0     5     2    35    38
    30     3     0     8     0     6     1    33
    31     3     0     9     1     0     2    43    45
    32     1     4     0     9     0     2    42    43
    33    10     3     0     1     0     1    35
    34     4     3     0     0     7     1    35
    35     2     0     0     6     4     1    42
    36     5     0     5     6     0     1    43
    37     9     0     2     0    10     1    43
    38     9     0     0     6     8     1    42
    39     4     0     4     1     0     1    42
    40    10     0     8     0     1     1    45
    41     6     0     3     9     0     1    48
    42     1     0     0     8    10     1    51
    43     1     0     5    10     0     1    51
    44     1     0     0     2     2     1    51
    45     4     8     0     4     0     1    51
    46     7     7     8     0     0     1    51
    47     5     0     0     8     1     1    51
    48     1     0     7     0     6     1    51
    49     3     8     0     3     0     1    51
    50     7     1     0     2     0     1    51
    51     0     0     0     0     0     0
--------------------------------------------------------------------------------
INFORMATION OF PROJECT 3:
#jobs  release  duedate
    52     0   153
#local resources
     2
R_L1   R_L2   
    12   143
jobnr.  dur.  r_G1  r_G2  r_L1  r_L2  #succ.  successors
     0     0     0     0     0     0     7     1     8    20    22    23    34    44
     1     6   173   170    12   143     1     2
     2     6   173   170    12   143     1     3
     3     4   173   170    12   143     2     4    26
     4     2   173   170    12   143     2     5    26
     5     1   173   170    12   143     2     6    32
     6     5    25    70     2   125     1     7
     7     2   173   170    12   143     1     9
     8     8   148   100    10    18     7     9    16    26    31    38    40    41
     9     6   173   170    12   143     4    10    19    29    43
    10     9    66    86     7    42     4    11    26    28    30
    11    10    62    44     9    19     3    12    21    25
    12     5    12    20     2    16     2    13    46
    13     1    58    32     8    10     2    14    18
    14     2    10    67     1     6     2    15    48
    15    10    31    16     4    87     1    17
    16    10   142   101     3    56     1    49
    17    10     0     9     0    19     1    51
    18    10     1     0     4    47     1    51
    19     2    85    58     0    18     3    25    37    42
    20    10   107    84     4   101     3    33    38    39
    21     6    65    96     3    27     2    24    46
    22    10   128    63     7   112     1    51
    23    10   111    84     2   119     4    27    30    39    45
    24     8    12     9     4     4     2    35    48
    25     6   142    67     6    55     3    32    37    42
    26     5     0     4     2     0     1    51
    27     1   173   166    10   143     1    51
    28    10    10    61     0     5     1    47
    29     6     6    38     2    41     1    31
    30     2   141    17     7    56     1    42
    31     5     4    64     0     3     1    50
    32     2    87    41     4    62     1    46
    33     5    76    65     8    65     2    36    37
    34    10    61   139     4    99     1    49
    35     2     1     0     4     6     1    51
    36     3    25    70     1   124     1    41
    37     2    81    10     3    50     1    48
    38     1    88   144     9    74     1    48
    39     5   173   166    10   143     1    51
    40     6   163   106     8    77     3    41    42    43
    41     1   107    22     5    40     1    42
    42     5   114    68     3   117     1    46
    43     2    76    26    10    19     1    46
    44    10    59   102     9    26     1    48
    45     7   142   139     6    56     1    46
    46    10   151    94     7   118     1    48
    47     6     4    13     0     9     1    48
    48     8   112    31     4    44     2    49    50
    49     3    45    56     0    12     1    51
    50     7    45    98     4    12     1    51
    51     0     0     0     0     0     0
--------------------------------------------------------------------------------
INFORMATION OF PROJECT 4:
#jobs  release  duedate
    52     0    47
#local resources
     2
R_L1   R_L2   
    21    25
jobnr.  dur.  r_G1  r_G2  r_L1  r_L2  #succ.  successors
     0     0     0     0     0     0    19     1     2     3     4     5     7     8     9    11    12    13    14    17    19    21    24    25    27    50
     1     2     4     0     7     0    11    10    15    18    26    29    40    43    44    45    47    49
     2     4    10     0     0     6     7     6    16    18    29    30    40    46
     3     3     0     7     0     1     5     6    18    40    47    49
     4     9     0     0     1     4    11    18    20    26    34    39    40    41    43    44    47    48
     5     6     3     0     0     4    11    18    20    34    37    39    40    41    43    44    45    46
     6     9    10     0     9     0     8    15    33    34    35    37    38    44    45
     7    10     1     0     0     9     9    18    22    34    36    37    40    43    45    48
     8    10     1     0     0     3     9    23    30    33    34    36    37    41    45    49
     9     1     7     0    10     0     8    20    29    37    41    43    44    46    47
    10     8     0     0     2     1     6    22    32    34    35    37    48
    11     6     3     3     0     0     9    31    32    33    35    36    38    39    40    46
    12     3     0     0    10     1     4    18    36    42    43
    13     5     9     0     9     0     6    28    29    33    35    39    41
    14     3     0     8     0     9     6    28    30    33    39    40    43
    15     2     0     0    10     3     4    20    28    39    41
    16     9     0     0     4     7     3    22    34    43
    17     9     2     0     0     9     6    32    34    37    40    44    45
    18     1     0     3     2     0     4    28    32    33    35
    19     5     6     0     0     1     1    22
    20    10     1     0     9     0     4    31    32    36    42
    21     5     0     1     3     0     4    31    33    34    38
    22     3     0    10     8     0     3    28    33    38
    23    10     5     0     6     0     3    28    35    40
    24     8     0     6     3     0     3    29    36    39
    25    10     4     0     0    10     3    35    37    39
    26     5     0     0     5     8     2    37    38
    27     6     0     1     2     0     2    31    32
    28     4     0     0     1     2     1    31
    29     8     0     2     0     1     1    34
    30     3     3     0     0     6     1    32
    31     6     8     0     0     1     1    51
    32     7     0     8     0     1     1    51
    33     3     8    10     0     0     1    51
    34     4     5     0     0     5     1    51
    35     2     0     0     1     5     1    51
    36     6     9     0     0     1     1    51
    37     1     9     0     0     8     1    51
    38     2     3     8     0     0     1    51
    39     2     9     0     9     0     1    51
    40     8     2     0     0     8     1    51
    41     3     4     3     0     0     1    51
    42     4     0     0     2     4     1    51
    43     8     0     6     0     8     1    51
    44    10     0     3    10     0     1    51
    45     6     7     0     0     9     1    51
    46     3     9     0     7     0     1    51
    47    10     0     0     6     8     1    51
    48    10     5     7     0     0     1    51
    49     1     5     0     3     0     1    51
    50     3     7     0     0     4     1    51
    51     0     0     0     0     0     0
--------------------------------------------------------------------------------
INFORMATION OF PROJECT 5:
#jobs  release  duedate
    52     0    97
#local resources
     2
R_L1   R_L2   
    11    13
jobnr.  dur.  r_G1  r_G2  r_L1  r_L2  #succ.  successors
     0     0     0     0     0     0    14     1     5     7     8     9    11    13    18    19    20    21    22    38    43
     1     6     5     0     0     5     6     2    23    31    34    35    37
     2     6     8     7     0     2     3     3    32    36
     3     6     0     7     9     1     7     4    16    29    30    33    48    50
     4     8     0     7     7     0     3     6    25    27
     5     2     0     9     0     1     6    10    26    35    40    41    46
     6     2     9     0    10     0     2    10    28
     7     4     0     5     0     6     3    25    31    32
     8     8     0     1     0     7     3    15    26    29
     9     8     0     0     4    11     3    15    17    40
    10     6     0     0     3    12     1    12
    11     7     3     4     0     3     4    24    25    27    31
    12     6     3     5     0     0     1    14
    13     5     6     0     0    12     2    31    37
    14     3     9     3     0     6     1    15
    15     2     8     3     6     6     1    24
    16     3     1     0     0     7     1    42
    17     4     0    10     6     0     2    25    42
    18    10    10     6     0     6     1    30
    19     8     6     4     0     0     1    25
    20     8     6     0    10     0     1    25
    21     3    11     4     9     0     2    39    50
    22     2     0     4     9     6     1    44
    23     6     0     6     0     5     1    25
    24     2     3     0     3     0     1    51
    25     2     2     0     7     0     1    51
    26     5     8     4     0     0     1    51
    27     7     0     7     7     0     1    51
    28     4     6     0     3     4     1    51
    29     8     0    10     3     0     1    51
    30     4     0     3     1     0     1    51
    31     9     1     0     9     0     1    51
    32     4     0     0     2     8     1    48
    33     7    10     0     0     1     1    51
    34     4     1     0     2     0     1    51
    35    10     2     8     0     0     1    51
    36     6     0     1     0     4     1    51
    37     4     3     0     4     0     1    51
    38     2     6     0     2     0     1    51
    39     6     0     0     9     4     1    51
    40     1     0     0     2     7     1    48
    41     8     6     0     9     0     1    45
    42     8    10     0     0     6     1    51
    43     6     0     0     3     7     1    51
    44     4     0    10     9     0     2    45    47
    45     6     5     4     0     0     1    51
    46     2     0    11     0    12     1    49
    47    10     4     0     4     0     1    51
    48     6     0     2     0     5     1    49
    49     7     0     0     2     4     1    51
    50     9     5     0     1    12     1    51
    51     0     0     0     0     0     0
--------------------------------------------------------------------------------
INFORMATION OF PROJECT 6:
#jobs  release  duedate
    52     0   120
#local resources
     2
R_L1   R_L2   
    59    14
jobnr.  dur.  r_G1  r_G2  r_L1  r_L2  #succ.  successors
     0     0     0     0     0     0     8     1    11    20    31    42    44    45    48
     1     4    14    10    59    14     5     2    14    19    38    40
     2     7     6     2    47    14     2     3    39
     3     8     3     0    47     9     1     4
     4     5     6     6    56    12     3     5    35    36
     5     7     3     6    41     4     6     6    18    27    32    33    34
     6     6     2     0     9     0     3     7    29    30
     7     6     4     0    16     5     1     8
     8     6     0     8    21     0     4     9    16    25    28
     9     5     4     0    20    10     3    10    26    39
    10     3     4     0    19     0     3    12    23    24
    11     6     4     0    41    10     5    21    22    23    27    37
    12     3     5     7    26     0     2    13    35
    13     1     7     0     2     0     1    15
    14     3     0     3     3     2     1    51
    15     5     1     3    27     0     2    17    24
    16     8    12    10    53     7     1    17
    17     3     3     0     5     6     1    21
    18     7    11     2    29     7     1    28
    19     2     0     0    50    13     1    25
    20     5     4     5    21    11     1    51
    21     9     0     6    21     1     1    51
    22     4     6     4     3     0     1    51
    23     6     4     0     2     0     1    51
    24     7     0     3     9     4     1    51
    25     1     4     0     0     9     1    41
    26     9     0     6     9     0     1    51
    27     2     3     0     3     0     1    51
    28     2     9     2     0     0     1    51
    29     2     8    10    37     5     1    51
    30    10     8     0     7     4     1    43
    31     1    11     4    36     1     1    50
    32     3     9     4    24     1     1    49
    33     9     2     0     0     4     1    51
    34     2     0     0     6     3     1    43
    35     3     0     7     0     1     1    51
    36     4     6     7    41    10     1    46
    37     7     0     5    20    10     1    51
    38     4     3     3     0     0     1    43
    39     5     9     3    33    13     1    51
    40     4     8     4     0     0     1    51
    41     2     9     7    23     0     1    51
    42    10     6     0    18    10     1    51
    43     3     3     0     0     3     1    51
    44     4     0    10    43     5     1    51
    45     4     0     4     9     0     3    47    49    50
    46     3     8     0     7     4     1    51
    47     9     0     5    20     8     1    51
    48     6    11     3    18     5     1    51
    49     9     0     5     8     5     1    51
    50     9     0     5     3     5     1    51
    51     0     0     0     0     0     0
--------------------------------------------------------------------------------
INFORMATION OF PROJECT 7:
#jobs  release  duedate
    52     0   118
#local resources
     2
R_L1   R_L2   
    14    32
jobnr.  dur.  r_G1  r_G2  r_L1  r_L2  #succ.  successors
     0     0     0     0     0     0    11     1     4     5    10    12    17    22    23    25    35    48
     1     2     4    13     4     6     6     2    24    40    42    46    47
     2     2     1    10    13    21     6     3    11    37    40    46    47
     3    10    10     4     8    21     4     6    16    33    34
     4     2     0    10     6    16     3     9    40    41
     5     9     7     4     1    11     8     7    13    20    27    29    33    36    41
     6     5    10     8     6    11     5     9    11    29    30    44
     7     3     8     9     3    15     7     8    14    20    30    31    36    38
     8     6    10     0     3    16     6    18    28    31    32    33    43
     9     1     4     1     5     3     3    13    28    31
    10     2     0     0     1     7     3    13    19    30
    11     2     3     5     5     0     4    18    27    43    44
    12     4     9     0     0    10     5    20    26    31    32    47
    13     2     9     2     1    15     2    15    43
    14     7     0     0     6     8     3    32    33    44
    15     9     2     5     0     5     1    18
    16     1     7     0     8    12     1    45
    17     4     8     1     1    18     3    27    33    34
    18     3     8     6     0    10     3    19    21    39
    19     5     4     2     8    23     2    26    41
    20     1     1    10     0     3     1    44
    21     7     6    11     2     5     1    51
    22     9     1     3     3    31     1    39
    23     2     1     8     5     0     1    37
    24    10     3     0     0     6     1    51
    25     5     9     0     4    18     1    42
    26     9     6     8     0    14     1    51
    27    10     0     6     4     0     1    51
    28     6     7     9     9     7     1    39
    29     1    11     2     2     0     1    32
    30     4     0     7     1    14     1    45
    31     5     1     8     3     0     2    39    43
    32     2    10     8     0    18     1    38
    33     2    12     0     3     5     1    45
    34     8    13     8     1     6     1    43
    35     9     8    11     2    22     1    39
    36     3     9     8     0     3     1    51
    37     4     8     7    12     7     1    45
    38     8     4     4     9    11     2    45    49
    39     3     3     1    10     7     1    51
    40     5     0    10     1     4     2    44    45
    41    10     2     0     7     0     1    51
    42     2     4     2     0     0     1    45
    43     2     6    14     0     4     2    49    50
    44     4     7     0     8    12     2    45    49
    45     2     9     5     1     1     2    49    50
    46     2    10    10     6    24     1    51
    47    10     0     6     1     4     1    50
    48     8     8     5     6     8     2    49    50
    49    10     2     9     0     1     1    51
    50    10     0     7    10    10     1    51
    51     0     0     0     0     0     0
--------------------------------------------------------------------------------
INFORMATION OF PROJECT 8:
#jobs  release  duedate
    52     0   116
#local resources
     2
R_L1   R_L2   
    11    15
jobnr.  dur.  r_G1  r_G2  r_L1  r_L2  #succ.  successors
     0     0     0     0     0     0    10     1    19    21    27    29    30    36    44    46    49
     1     6   132    17    11     9     7     2    33    38    39    40    41    42
     2     1   132    17    11     9     1     3
     3     1    94    13     2     4     2     4    25
     4     2    94     8     2     0     2     5    31
     5     4   131    13    11    15     2     6    32
     6     1   122     9    11     5     1     7
     7     2   123    12     4     5     3     8    15    24
     8     8    93    12     6    11     5     9    16    23    37    43
     9     8    19     5     3     0     4    10    15    22    32
    10     5    34     5     5     5     3    11    17    20
    11     3    12     0     0     8     1    12
    12     6   112     1     2     7     1    13
    13     6    97     5    10     4     3    14    26    38
    14     7    29     4     0     8     1    18
    15     3    16     2     0     9     1    51
    16     9    10     0     0     2     1    51
    17     4    12     2     3     9     2    28    39
    18     4    12     5     0     0     1    51
    19     8    39     4     4    11     1    51
    20     9    33    10     0     9     2    35    45
    21     4    36    12     0    10     1    51
    22     7    20     0     4     0     2    34    45
    23     9    65     7     0     6     1    51
    24     2    63     3     7     7     1    35
    25     1    37     0     4     0     1    43
    26     2    77     0     1     4     1    39
    27     7    20    10     8     0     1    39
    28     8    10     0     6     0     1    51
    29     8     9     4     0     0     1    51
    30    10    57    12     0    13     2    33    50
    31     2     9     4     0    10     1    50
    32     1    51    10     9     0     2    38    50
    33     2    13    15     0     3     3    38    43    50
    34     8    24     0     6     0     1    51
    35     3     0     4     6     0     1    38
    36     7    18    16     9     5     1    47
    37    10    22     0     5     1     1    51
    38     4    85    11     0     0     1    51
    39     5     7     6     4     3     1    51
    40     1    34     1     1    11     1    48
    41     3    38     4     5     9     1    50
    42     5    38     1     5     4     1    51
    43     4     7     0     5     1     1    45
    44     7   102     6    11     6     3    45    47    48
    45     5     7     7     2     0     1    51
    46    10   111     2     7     5     1    47
    47     8     8     0     0     6     1    51
    48     2    29     1     9     8     1    51
    49     8    12     5     7     7     1    50
    50     9   106    12     0    10     1    51
    51     0     0     0     0     0     0
--------------------------------------------------------------------------------
INFORMATION OF PROJECT 9:
#jobs  release  duedate
    52     0   165
#local resources
     2
R_L1   R_L2   
   173   170
jobnr.  dur.  r_G1  r_G2  r_L1  r_L2  #succ.  successors
     0     0     0     0     0     0     8     1     8    16    20    22    23    34    44
     1     4    12   143   173   170     2     2    27
     2     6    12   143   173   170     1     3
     3     7    12   143   173   170     4     4    26    32    42
     4     1    10   143   173   166     1     5
     5     4    10   143   173   166     3     6    32    37
     6     5     2   125    25    70     2     7    33
     7     2    12   143   173   170     2     9    30
     8     8    10    18   148   100     5     9    31    38    40    41
     9     3    10   143   173   166     4    10    19    29    43
    10     8     7    42    66    86     4    11    25    28    30
    11    10     9    19    62    44     3    12    21    25
    12     5     2    16    12    16     1    13
    13     1     8     7    56    32     2    14    18
    14     2     1     6    10    67     1    15
    15    10     4    87    31    16     1    17
    16    10     3    56   142   150     1    51
    17     8     0    19     0     9     1    51
    18    10     3    47     1     0     1    51
    19     2     0    55    85     5     1    42
    20    10     4   101    87    84     5    33    36    38    39    47
    21     6     3    27    65    96     2    24    46
    22    10     7   112   128    63     1    51
    23    10     2   119   111    84     4    27    30    39    45
    24     8     4     4    12     9     2    35    48
    25     6     6    54   142    66     3    32    37    42
    26     7     2     0     0     4     1    42
    27     9    10   143   173   166     1    51
    28    10     0     5    10    48     1    47
    29     6     2    41     6    38     1    31
    30     2     0    52     0     5     1    42
    31     6     0     3    10    64     1    50
    32     2     4    40    86    41     1    46
    33     5     8    57    66    65     2    36    37
    34     9     4    99    61   139     1    49
    35     2     4     6     1     0     1    51
    36     3     1   124    25    70     1    41
    37     2     3    50    81    10     1    48
    38     2     9    60    76   143     1    48
    39     9    10   143   173   166     1    51
    40     9    12    72   163   106     4    41    42    43    47
    41     1     5     0   107    17     1    42
    42     5     0   117   114    68     1    46
    43     2    10    19    76    26     1    46
    44    10     9    19    59   102     1    48
    45     7     6    56   142   139     2    46    50
    46    10     7   118   151    94     1    48
    47     6     0     9     4    13     3    48    49    50
    48     7     8    44   112    31     2    49    50
    49     3     0    12    45    56     1    51
    50     7     4    12    45    98     1    51
    51     0     0     0     0     0     0
--------------------------------------------------------------------------------
INFORMATION OF PROJECT 10:
#jobs  release  duedate
    52     0   137
#local resources
     2
R_L1   R_L2   
   173    12
jobnr.  dur.  r_G1  r_G2  r_L1  r_L2  #succ.  successors
     0     0     0     0     0     0     3     1    20    23
     1     4   170   143   173    12     4     2    16    22    44
     2    10   170   143   173    12     3     3     8    25
     3     6   170   143   173    12     1     4
     4     2   170   143   173    12     1     5
     5     1    39   103   106    11     7     6    19    32    34    35    39    45
     6     4    66   100    13     0     2     7    33
     7     3   170   143   173    12     3     9    30    43
     8     9   100    19   148     7     4     9    27    30    45
     9     1    39   103   106    11     3    10    28    29
    10     3    39    45    62     7     2    11    26
    11     4    53    19    59     9     3    12    21    31
    12     8    16    12    13     0     2    13    46
    13     1    47     0     8     1     3    14    18    31
    14     2    67    18    14     3     2    15    35
    15     8    14    73    31     4     1    17
    16    10   131    40    67     1     1    39
    17    10     9     3     0     0     1    51
    18    10     0    36     6     3     1    51
    19     2     9    73    12     3     2    42    43
    20     8    83    89    59     5     1    42
    21     6    98    50    97     1     2    24    32
    22     9    63   112   128     7     1    51
    23    10   117    98   111     3     3    27    37    40
    24     8     9     4    12     5     1    48
    25     4   152    67   142     6     3    34    37    42
    26     6     4     0     0     1     3    28    31    37
    27     7   170   143   173    12     1    51
    28     6    40     1    12     1     1    32
    29     8    38    41     6     2     1    51
    30     1    45    68     0     4     2    38    42
    31     6     1    22     1     0     2    49    50
    32     1    38    29   114     2     1    46
    33     4    43    57    53     7     1    36
    34     2   141   121   148     6     2    46    48
    35     1     0     6    18     5     1    51
    36     1    70   124    25     2     1    41
    37     2    71    26    76     0     1    42
    38     1    25     9   140     5     1    51
    39     6   157   134   154    11     1    51
    40     9   104    43   160    12     3    41    42    43
    41     1    19    41    20     6     1    42
    42     6    67   121   114     3     1    46
    43     1    43    19    13     5     1    46
    44     9   103    22    59     8     3    45    47    48
    45     2   122    70    32     7     1    49
    46     8   103   121   153     6     2    47    48
    47     6    13     9    19     0     1    50
    48     8    38    20    32     6     2    49    50
    49     2    72    25    45     4     1    51
    50     7    98    28    45     4     1    51
    51     0     0     0     0     0     0
--------------------------------------------------------------------------------
INFORMATION OF PROJECT 11:
#jobs  release  duedate
    52     0   134
#local resources
     2
R_L1   R_L2   
    14    31
jobnr.  dur.  r_G1  r_G2  r_L1  r_L2  #succ.  successors
     0     0     0     0     0     0    10     1     4     5     8    10    12    22    23    25    48
     1     3     6    13     4     6     5     2    42    45    46    47
     2     1    14    17     5    21     5     3    11    32    37    47
     3    10     7     4     8    11     4     6    16    33    34
     4     1     6    16     3    29     2     9    40
     5     7     0     1     7     2     8     7    13    20    29    33    35    36    41
     6     3     2     7     8    12     4     9    16    29    30
     7     9     0     9     8    13     5    14    20    30    36    38
     8     3     8     3     9    12     4    18    28    31    33
     9     6     5     1     3     9     1    13
    10     5     0     0     0     3     3    13    19    30
    11     2     1     5     0     3     3    18    27    31
    12    10     0     0     9    10     8    17    26    27    29    32    39    43    44
    13     1     2     2     9     7     2    15    28
    14     9     6    15     0     8     4    20    28    32    44
    15    10     5     4     2     0     1    18
    16     5     3    24     7     8     1    51
    17    10     1     4     8    20     3    20    27    34
    18     3     7     5     9     1     4    19    21    39    42
    19     5     8     2     4    23     2    26    41
    20     4     0    19     0     4     1    24
    21     9     0     9     5     5     1    51
    22     7     4    12     0    30     1    33
    23     6     5     8     1     0     1    39
    24     2     0    13     3    16     1    30
    25     7     4    10     9    16     1    51
    26    10     0     8     3    14     1    51
    27    10     6     5     0     0     1    51
    28    10     9    13     7    12     1    51
    29     2     2     0    11     0     2    32    42
    30     3     5     0     0    14     1    51
    31     3     0     8     1     0     2    32    39
    32     1     7     9     9    17     2    38    39
    33     2     5     0     0     3     3    40    45    49
    34     6     7     7     5    30     1    44
    35     7     3    11     8    22     2    39    47
    36     6     0     8     8     3     1    51
    37     5    12     1     8     9     2    43    45
    38    10    11     1     5    12     2    45    49
    39     8     8     1     2    22     1    50
    40     7     5    10     0     0     1    45
    41    10     7     0     4     0     1    51
    42     2     5     2     4     0     1    51
    43     4     0    14     6     4     1    51
    44     4     8     0     7    11     3    45    49    50
    45     2     1     0    10     3     1    50
    46     3     2     0    12     7     1    49
    47     2     1     6     0    16     1    51
    48     8     6    16     9     8     2    49    50
    49     3     0     9     2     1     1    51
    50     7     8     7     1     9     1    51
    51     0     0     0     0     0     0
--------------------------------------------------------------------------------
INFORMATION OF PROJECT 12:
#jobs  release  duedate
    52     0   100
#local resources
     2
R_L1   R_L2   
    15    17
jobnr.  dur.  r_G1  r_G2  r_L1  r_L2  #succ.  successors
     0     0     0     0     0     0    15     1     2     3     4     6     7     9    10    11    13    14    17    18    22    29
     1    10     0    10     9     8     8     8    16    19    21    25    32    44    47
     2    10     0     0     6     6     9    16    19    23    27    34    36    39    41    44
     3     7    11     1     0     9     9     5    16    21    25    28    31    32    39    41
     4     1     4     0     9     0     9    12    15    30    41    42    44    46    47    48
     5     8     3     7     3     0     7    15    19    26    28    30    39    44
     6     6    10     0     0     6     8    24    25    30    32    39    41    42    47
     7     9     0     0     7     9     9    31    34    35    36    37    39    41    43    47
     8     2     2     0     0     4     6    15    30    33    40    42    45
     9    10     0     0     2     4     3    16    19    25
    10     5     0     4     0     6     4    20    30    38    43
    11     3     0     3     3     3     6    33    35    38    40    41    46
    12    10     0     0     7     2     5    32    33    38    39    40
    13     7     0     3     6     0     4    21    39    41    47
    14     2     4     8     0     9     1    15
    15     3     0     0     6    10     4    31    35    36    37
    16    10     8     0     0     9     3    26    30    43
    17     7     1     7    12     6     3    25    37    45
    18     6     7     0     0     0     3    25    26    27
    19     2     0     0     4     6     3    31    35    40
    20     3     7     5     7     0     2    25    42
    21     4     0     0     5    11     3    35    36    46
    22     6     0     8     0     4     3    35    45    49
    23     8     8     0     0     7     1    51
    24    10     0     0     8    10     3    33    35    47
    25     3     0     7     6    10     2    35    36
    26    10     0     0     5     5     3    35    37    41
    27     5     6     8    11     0     2    40    45
    28     4     0     0     6     1     1    51
    29     2     6     0     3     0     3    33    37    45
    30     6     0     2     0     5     1    37
    31     6    19    10     8     3     1    38
    32     5     6     1     0     0     1    51
    33     2     7     0     7     6     2    36    37
    34     6     0     0     5     9     1    43
    35    10     0     6     0     6     1    51
    36     8     2     9     5     0     1    43
    37     1     0     0     4    16     1    51
    38     8    19    11     1     0     1    51
    39     2     7     4     0     0     1    51
    40    10     8     0     0     1     1    45
    41     5     8     0     0     6     1    43
    42     8     0    10     3     0     1    51
    43     3     5     6     7     0     1    51
    44     6     6     0     0    13     1    51
    45     6     3     5     0     0     1    51
    46     7    17    10    10     3     1    50
    47    10     6     4     0     0     1    51
    48     6     8     0     3     0     1    49
    49     7     5     0     0     9     1    51
    50     8     4     6     8     0     1    51
    51     0     0     0     0     0     0
--------------------------------------------------------------------------------
INFORMATION OF PROJECT 13:
#jobs  release  duedate
    52     0   134
#local resources
     2
R_L1   R_L2   
   151   115
jobnr.  dur.  r_G1  r_G2  r_L1  r_L2  #succ.  successors
     0     0     0     0     0     0     8     1     3     6    12    18    25    26    49
     1     2   107    13   144   110     1     2
     2     7   107    13   144   110     3     4    14    44
     3     3    12     5     7     5     4     4    14    23    48
     4     1   109    12    93    95     2     5    41
     5     4   110    18   145   110     4     7    16    34    39
     6     1   109    17   111   106     1    51
     7     5   119    18   151   115     1     8
     8     2    28    11    59    16     2     9    39
     9     1    37     6    12    47     2    10    35
    10     9    28    11    59    16     3    11    37    38
    11    10    77     6    68    85     3    13    31    32
    12    10    91     7    92    99     9    17    21    22    23    29    31    34    41    43
    13     1    89     8   124    73     3    15    28    43
    14     6   116     3    65    88     2    17    32
    15     3    45    14    12    47     2    17    44
    16     1    48     0    72    53     2    17    37
    17     4    96    15   101    84     1    19
    18     9    86     7   124    60     2    24    42
    19     8    13    12    18    49     3    20    27    30
    20     4    12     2     7    21     1    50
    21     4   107     8   143    86     2    48    50
    22     6     9     0     6     5     1    30
    23     7    98    12    93    89     3    27    28    37
    24     7    58    16   111    85     3    40    41    46
    25    10    65     2   133    63     1    51
    26     2    16    10     2     5     4    31    33    39    43
    27     4    12     5    66    27     2    36    46
    28     7    61     2    16    30     1    33
    29    10    46    12    18    54     2    30    45
    30     4    23    11    18    47     1    51
    31     4    10     9    21    32     1    51
    32     1     4     5    53    47     1    51
    33     5    12     4     8    29     1    42
    34     4    46     8    53    47     2    36    50
    35     9    42     3    83    30     2    46    50
    36     3    23     9    58    47     1    51
    37     6    30    10    27    42     3    42    43    46
    38     2    73     9    60    39     1    47
    39     4   107    14   117    86     1    45
    40     3    96     1    88    39     3    45    47    48
    41     1     1    12    16    27     1    51
    42     5    23     3    46    31     2    44    46
    43     2    21     1    50    31     1    45
    44     9     1     1    34     4     1    51
    45    10     2    10     2    18     1    51
    46     2     0     0     7    18     1    51
    47     4     0     5     0     1     1    51
    48     1     1     6    52    15     1    51
    49    10    82     3   110    49     1    50
    50     6    12     4     8    21     1    51
    51     0     0     0     0     0     0
--------------------------------------------------------------------------------
INFORMATION OF PROJECT 14:
#jobs  release  duedate
    52     0   137
#local resources
     2
R_L1   R_L2   
   173   143
jobnr.  dur.  r_G1  r_G2  r_L1  r_L2  #succ.  successors
     0     0     0     0     0     0    14     1     8    16    19    20    22    23    26    28    30    34    40    44    45
     1     2   170    12   173   143     1     2
     2     1   170    12   173   143     1     3
     3     2   170    12   173   143     1     4
     4     2   170    12   173   143     1     5
     5     3   170    12   173   143     3     6    32    43
     6     3    66     1    25   125     2     7    33
     7     1   170    12   173   143     1     9
     8     7   100     9   148    18     3     9    31    38
     9     8   170    12   173   143     2    10    29
    10     4    60     7    62    42     2    11    25
    11     2    39     9    50    19     2    12    21
    12     6    16     3    10    12     2    13    50
    13     1    37     8    47     7     3    14    18    50
    14     2    67     0    31    18     1    15
    15    10    11     4    31    87     1    17
    16     7   152     4   142    56     1    46
    17     8     9     0     0    19     1    51
    18    10     0     3     3    36     1    51
    19     2     9     1    12    27     1    25
    20     8    85     4    87   101     2    36    37
    21     7    95     2    65    53     2    24    46
    22     8    74     9   128   112     1    43
    23     7   110     2   111    66     7    27    31    33    36    37    39    43
    24     8     9     4    12     4     2    35    48
    25     6   152     8   142    56     2    37    42
    26     1    47     2    20     0     3    36    37    46
    27     3   170    12   173   143     1    47
    28     2    21     0    10    26     3    37    41    47
    29     5    38     2    16    41     2    31    49
    30    10   161     9   170    88     1    50
    31     4    28     0    27    35     1    50
    32     2    37     4    86    37     2    35    46
    33     5    66     9    96    60     1    36
    34     8   139     6   142    98     1    49
    35     4    53     4    12     6     1    51
    36     1    70     3    25   124     1    41
    37     2    64     3    48    48     1    46
    38     1    74     9   123    98     1    49
    39     7   170    12   173   143     1    42
    40     1   104    10   147    18     1    51
    41     1    68     4    38     8     1    42
    42     5    68     0   114   121     1    46
    43     2    14     1    16    99     1    51
    44    10   102    11    59    18     2    47    48
    45     7   159     8   142    56     1    46
    46    10   108     8   161   118     2    47    48
    47     3    15     3    19     9     2    49    50
    48     8    31     6    31    15     1    50
    49     1    60     6   103    13     1    51
    50     7    87     3    45    12     1    51
    51     0     0     0     0     0     0
--------------------------------------------------------------------------------
INFORMATION OF PROJECT 15:
#jobs  release  duedate
    52     0   153
#local resources
     2
R_L1   R_L2   
    15    11
jobnr.  dur.  r_G1  r_G2  r_L1  r_L2  #succ.  successors
     0     0     0     0     0     0    13     1     2     4     7     9    10    11    13    15    17    18    23    50
     1     5     0     3     5     0     6     3    20    29    30    45    48
     2     4     3     0     0     3     6     5    20    41    42    44    45
     3     5     4     8     8     0     5     6    31    40    41    47
     4     6     0     4     2     5    14     5    16    20    21    25    31    34    36    39    40    41    42    46    48
     5     5     1     0     5     0     6     8    25    27    30    34    46
     6     5     2     1     8     0     5     8    27    28    43    44
     7    10     5     6     2     9     9    14    27    28    31    33    42    43    44    49
     8     1     3     8     2     2     4    12    35    37    39
     9     9     4     7    13     2     1    36
    10     9     0     1     0     2     6    16    34    35    40    43    45
    11    10     9     9     2     0     7    19    21    25    37    40    41    43
    12     6    12     2     9    11     2    16    36
    13     8     9     0     5     0     4    24    32    34    35
    14    10    10     0     1     0     3    31    34    39
    15     7    11     9    10     5     6    16    29    30    31    41    45
    16     8     7     1     5     1     3    22    32    38
    17     5     0     8     7     7     4    26    29    35    47
    18     1     8     1     0     0     2    26    36
    19     2     8     3     9     0     2    26    27
    20     8     0     0     7     3     3    32    33    35
    21     9     0     9     2     4     1    34
    22    10     0     0     1     7     1    24
    23     7     0     6     0    11     1    51
    24     8     0     1     9     0     2    25    26
    25     1     4     0     4     0     1    51
    26    10     2     0    12     0     1    33
    27     5     0     6     2     0     1    37
    28     7     0     0     1     6     1    44
    29     9    10     1     6     9     1    39
    30     2     0     1     0     8     1    32
    31     3     3     7     0     2     1    37
    32     4     8     2    11     0     1    46
    33    10     0     0     2     9     1    51
    34     6     8     1     6     5     1    41
    35     8     2     0    11    11     1    47
    36     6     1     1     7     0     1    51
    37     4     4     7     5     1     1    44
    38     8    12     9     8     8     1    51
    39     9     0     1     4     0     1    51
    40     8     7     0     0     6     1    47
    41     8     0     0    12     2     1    51
    42     5     0     5     4     2     1    51
    43     7    11     1     8    11     1    47
    44     7     5     7     2     0     1    46
    45     9     8     8     6    11     1    48
    46     6    11     0     4     4     1    51
    47     7     2     2    10     0     1    51
    48     6    10     1     0     0     1    51
    49     7     6     6     0     6     1    51
    50    10     0     7     3     0     1    51
    51     0     0     0     0     0     0
--------------------------------------------------------------------------------
INFORMATION OF PROJECT 16:
#jobs  release  duedate
    52     0   150
#local resources
     2
R_L1   R_L2   
    17    39
jobnr.  dur.  r_G1  r_G2  r_L1  r_L2  #succ.  successors
     0     0     0     0     0     0    11     1    11    14    26    29    32    36    37    39    44    46
     1     3   120    12    17    39     4     2    19    40    41
     2     4   120    12    17    39     2     3    18
     3     5   120    12    17    39     1     4
     4     4   120    12    17    39     1     5
     5     3    75     2    11    19     3     6    33    34
     6     3    72     2     5    19     2     7    31
     7     1   120    12    17    39     2     8    31
     8     3   120    12    17    39     4     9    16    25    34
     9     1   120    12    17    39     3    10    20    47
    10     1     9     0     5     2     2    12    23
    11    10    30     7     4    20     3    23    24    27
    12     2   120    12    17    39     3    13    22    42
    13     4     3     6     8     4     4    15    27    28    30
    14    10   108     0     9    29     1    51
    15     1    33    10     5    24     2    17    38
    16     3    20     0     6     6     3    28    41    45
    17     3    48    11    12    24     3    21    33    48
    18     1   111     7    12    33     5    21    23    33    41    49
    19    10   111     7     5    29     2    31    40
    20     2    20     4    12    18     1    51
    21    10    33     1     5     6     1    51
    22    10    54     0     3     9     1    51
    23     7     7     2    12     6     1    51
    24     5   111     6     5    33     1    45
    25     6    24     9     9    18     1    51
    26     5    57     7    12    24     1    33
    27     1     3    11     0     0     2    33    40
    28     1   120    12    17    39     2    35    40
    29     8   104     1    12    30     1    51
    30     1     9     0     8    10     2    38    49
    31     1    90     0     8    18     1    35
    32     4    48     5    12    20     1    40
    33     9    20     6     4     3     1    51
    34     2    33     4     8    27     1    51
    35    10    63     0     5     9     1    51
    36     4    21     9     2    18     1    45
    37    10    45    10     6    14     1    47
    38     4    57     6     9    12     1    41
    39    10    29     6     8    20     2    42    43
    40     7    45     2    10    12     1    43
    41     1    97     0     5    21     1    51
    42     9    87     7    12    33     3    45    49    50
    43     7     3    10     4    10     1    51
    44    10    67     5     5    24     2    45    50
    45     6     9     1     0     6     1    51
    46    10    45    10     4    14     1    48
    47     7    21     6     0    17     1    48
    48     4     4     5     0     3     1    51
    49     6    16     8     0     9     1    51
    50     4    87     2     5    11     1    51
    51     0     0     0     0     0     0
--------------------------------------------------------------------------------
INFORMATION OF PROJECT 17:
#jobs  release  duedate
    52     0   135
#local resources
     2
R_L1   R_L2   
   173    12
jobnr.  dur.  r_G1  r_G2  r_L1  r_L2  #succ.  successors
     0     0     0     0     0     0     6     1     8    20    22    23    44
     1     5   170   143   173    12     2     2    16
     2     2   170   143   173    12     1     3
     3     1   170   143   173    12     2     4    27
     4    10   170   143   173    12     1     5
     5     2    39   103   106    11     6     6    19    32    34    35    45
     6     4    66   100    13     0     2     7    33
     7     6   170   143   173    12     3     9    30    43
     8     9   100    19   148     4     4     9    38    41    45
     9     1    39   103   106    11     3    10    28    29
    10     3    39    45    62     7     5    11    25    26    27    30
    11     4    53    19    59     9     3    12    21    31
    12     9    16    12    13     0     2    13    46
    13     1    30     7     8     1     3    14    18    50
    14     2    67    12    10     1     2    15    35
    15     8    14    73    31     4     1    17
    16     9   131    40    67     1     1    39
    17    10     9     7     0     0     1    51
    18    10     0    36     6     3     1    51
    19     2     9    73    12     3     1    42
    20    10    83    90    59     5     1    42
    21     6    97    50   107     2     2    24    32
    22     9    63   112   128     7     1    51
    23     9   117    98   111     2     3    27    37    40
    24     6     9     4    12     5     2    31    48
    25     7   152    63   142     6     2    37    42
    26     6     4     0     0     1     2    28    37
    27     1   170   143   173    12     1    51
    28     6    40     1    12     3     1    32
    29     8    38    41     6     2     1    31
    30     1    48    68     0     4     2    38    42
    31     3     1    22    10     0     1    49
    32     1    38    29   114     2     1    46
    33     5    43    57    53     7     2    34    36
    34     6   139   121   142     6     1    51
    35     1     0     6   118     5     1    51
    36     1    70   124    25     1     1    41
    37     2    71    26    97     3     1    42
    38     1    25     5   141     5     3    42    47    48
    39     2   157   136   173    11     1    42
    40    10   104    43   160    12     2    41    42
    41     1    67    43     3     6     1    42
    42     8    67   121   114     3     1    46
    43     1    43    19    13     5     1    46
    44     9   103    22    59     8     2    45    48
    45     2   122    70    26     7     1    49
    46     7    94   121   151     6     2    47    48
    47     5    13     9    19     0     1    50
    48     8    31    20    31     6     2    49    50
    49     1    72    24    45     4     1    51
    50     7    98    24    45     4     1    51
    51     0     0     0     0     0     0
--------------------------------------------------------------------------------
INFORMATION OF PROJECT 18:
#jobs  release  duedate
    52     0   109
#local resources
     2
R_L1   R_L2   
    14    18
jobnr.  dur.  r_G1  r_G2  r_L1  r_L2  #succ.  successors
     0     0     0     0     0     0     8     1     6     9    10    16    41    48    50
     1     5    13     8     3     9     6     2    14    34    45    46    47
     2     1    13     8     0     9     5     3    13    23    39    40
     3     8    13    16     0     9     6     4    24    35    36    37    38
     4     6     0     2     0    11     9     5    21    25    26    27    30    31    32    33
     5     8     1    16     3     2     5     7    15    22    28    29
     6    10     0     9     0    10     7    11    19    21    22    24    27    31
     7     8     9     0     0     0     1     8
     8     3     0    10     0     4     2    11    20
     9     4     0     0     5     5     3    15    26    34
    10     4     0     0     6     4     3    24    25    34
    11     3     7     0     0     9     2    12    18
    12    10     4    10     0     5     2    17    28
    13     9     0     9    11     9     1    21
    14     2     4     0     2     0     1    51
    15     6     1    10     0     0     2    23    44
    16     7     7     3    10     0     1    44
    17    10     5     6     0     0     1    51
    18     8     0     0     8     2     1    34
    19     1     6     0    10     6     1    51
    20     8     3     0     3     0     1    51
    21     8    10     0     0    10     1    51
    22    10     5     0     7     3     1    44
    23     7     0     3     0     5     1    51
    24     4     5     0     9     0     1    28
    25     2    10     0     2    11     1    51
    26    10     0    12     1     1     1    39
    27     1     6    15     6     0     2    30    37
    28     2     8     0     0     2     1    51
    29     7     0     0     2     9     1    51
    30     3    12     0     5     9     1    51
    31     3     8    12     6     3     1    51
    32     5     3     8     0     0     1    34
    33    10     1     0     8    10     1    51
    34     3     5     0     4     0     1    51
    35     2    11     3     5     0     1    36
    36     6     0     5     0     5     1    42
    37     6     8     0     5     0     1    51
    38     7     0     5     0    10     2    40    43
    39     2     3     9     9     3     2    42    46
    40     2     5     1     3     3     1    51
    41     6     2     0     8    16     1    51
    42     5     6     0     7     0     1    46
    43     4     0     0     8    10     1    45
    44     1     0     6     0     1     1    51
    45     7     9     4     9     2     1    51
    46     1     8     0     8     0     1    49
    47     6     0     0     8     1     1    51
    48     9     0     8     4     0     1    51
    49     4    10     0    10     2     1    51
    50     9     3    13     3     0     1    51
    51     0     0     0     0     0     0
--------------------------------------------------------------------------------
INFORMATION OF PROJECT 19:
#jobs  release  duedate
    52     0    71
#local resources
     2
R_L1   R_L2   
    14    13
jobnr.  dur.  r_G1  r_G2  r_L1  r_L2  #succ.  successors
     0     0     0     0     0     0    18     1     4     6     7     8    10    11    13    17    21    22    23    24    25    47    48    49    50
     1     5     2     0     9     0     5     2    39    40    42    44
     2     7     0     0     7     3     3     3    30    36
     3     1     0     1     1     0     4     5    15    33    37
     4    10     0     0     4     3     7     9    28    29    40    41    43    46
     5     6     9     0     0    10     5     9    27    28    29    31
     6     7     6     7     0     0     6    14    20    28    33    35    41
     7    10     0     9     0     2     5    18    29    30    33    43
     8     6     0     0     8     2     5    16    27    35    36    45
     9    10     5     0     0     2     2    12    32
    10     5     0     0     7     1     4    19    27    31    35
    11     4     5     0     1     0     3    19    27    31
    12     3     9     8     0     0     1    14
    13     3     1     0     6     0     3    27    30    38
    14     1     0    10    10     0     1    18
    15     3     1     0     7     0     2    26    34
    16     3     0     2     0     3     2    29    30
    17     6     0     0     5     5     2    27    28
    18     9     4     0     4     0     1    19
    19     2     0     5     6     0     1    26
    20     5     4     0     3     0     1    27
    21    10     7     5     0     0     1    28
    22     8     0     0     2     3     1    27
    23     4    10     0     6     0     1    42
    24     5     6     0     0     3     1    39
    25    10     8     0     1     0     1    38
    26     9     0     0     4     4     1    51
    27     1     0     0    10     7     1    51
    28     3     5     7     0     0     1    51
    29    10     0     4     0     7     1    51
    30     5     5     6     0     0     1    51
    31     8     0     7     0     2     1    51
    32    10    10     3     0     0     1    51
    33     1     9     0     0     9     1    51
    34     1     5    10     0     0     1    51
    35     2     0     4     0     6     1    51
    36     7     0     0     3     7     1    51
    37     4     1     7     0     0     1    51
    38     8     0     5     1     0     1    51
    39     7     4     0     9     0     1    51
    40    10     0     0     5    10     1    51
    41     6     7     0     0     1     1    51
    42     3     1     0     9     0     1    51
    43    10     3     0     0     9     1    51
    44     8     0     8     9     0     1    51
    45     5     0     4     0     1     1    51
    46     1     5     0     5     0     1    51
    47    10     0     3     0     4     1    51
    48     3     0    10     0     4     1    51
    49     6     1     0     0     2     1    51
    50     4     5     2     0     0     1    51
    51     0     0     0     0     0     0
--------------------------------------------------------------------------------
INFORMATION OF PROJECT 20:
#jobs  release  duedate
    52     0   117
#local resources
     2
R_L1   R_L2   
    14    59
jobnr.  dur.  r_G1  r_G2  r_L1  r_L2  #succ.  successors
     0     0     0     0     0     0     8     1    11    20    31    42    44    45    49
     1     2    14    10    14    59     6     2    14    19    38    40    41
     2     4    14     2    10    47     2     3    39
     3     8     9     0    10    39     2     4    39
     4     3    14     6    14    56     3     5    35    36
     5     7     4     6     6    41     5     6    18    32    33    34
     6     6     0     0     2     9     3     7    29    30
     7     6     5     0     5    16     1     8
     8     6     0     8     0    24     4     9    16    25    28
     9     5    10     1     5    20     3    10    26    39
    10     3     0     6     5     0     3    12    23    24
    11    10    10     0     4    41     4    21    22    27    37
    12     3     0     7     8    35     4    13    33    35    43
    13     1     0     0     7     2     1    15
    14     3     8     3     0     3     1    51
    15     5     0     3     1    20     2    17    24
    16     8     7    10    12    53     1    17
    17     7     6     0     3     5     1    21
    18     7     7     2    11    29     1    51
    19     4    13     0     0    50     1    25
    20     5     0     5     4    11     1    36
    21     2     2     6     0    21     1    51
    22     8     0     4     0     3     1    34
    23     6     0     0     4     2     1    51
    24     5     3     3     0     9     1    27
    25     1     9     0     4     0     1    51
    26     9     0     6     0     9     1    51
    27     6     0     0     2     3     1    51
    28     2     0     3     9    54     2    38    41
    29     2     5    10     8    37     1    51
    30    10     0     0     8     6     1    51
    31     1     1     4    11    36     1    51
    32     9     1     4     9    24     1    51
    33     9     4     0     2     0     1    51
    34     8     3     0     0     6     1    51
    35     8     1     7     0     0     1    51
    36     6    10     7     4    44     2    38    46
    37     3    10     4     0    20     1    39
    38     4     0     3     3     0     1    43
    39     5     5     2     9    29     1    48
    40     9     8     4     8    18     1    51
    41     2     0     7     9    33     1    51
    42    10    10     0     6    18     1    51
    43     1     3     0     3     0     1    51
    44     4     9    10     0    43     1    50
    45     2     0     4     0     9     2    47    50
    46     6     4     0     8     7     1    51
    47     9     8     5     0    20     1    51
    48     9     5     3     0     5     1    51
    49     9     5     5     0     8     1    51
    50     1     5     5     0     3     1    51
    51     0     0     0     0     0     0
--------------------------------------------------------------------------------
TRANSFER TIMES OF GLOBAL RESOURCE G1
 DEPOT    P1    P2    P3    P4    P5    P6    P7    P8    P9   P10   P11   P12   P13   P14   P15   P16   P17   P18   P19   P20
     0    10     5    10     8     8    13     8     9    11    12     9     8    12     9    11    12     2     7     5    12
    10     0    14    17    17    17    19     4    17    19    20    14     5    19    17    19     9     9     3     8    21
     5    14     0     8     4     3    12    12     6     8     8    10    13    10     5     7    16     6    12     8     7
    10    17     8     0     7     8     5    14     3     3    14     6    14     2     4     4    21    11    16    14    12
     8    17     4     7     0     2    11    15     4     6     7    11    16     8     4     5    18     9    15    11     6
     8    17     3     8     2     0    12    15     5     7     6    12    15     9     5     6    18     9    14    11     5
    13    19    12     5    11    12     0    15     8     6    18     6    15     4     8     8    24    14    18    17    16
     8     4    12    14    15    15    15     0    14    16    19    10     1    16    14    16    11     7     5     8    19
     9    17     6     3     4     5     8    14     0     3    11     8    15     4     1     3    20    10    15    13     9
    11    19     8     3     6     7     6    16     3     0    12     8    16     3     3     2    22    12    17    15    10
    12    20     8    14     7     6    18    19    11    12     0    17    20    14    10    11    19    12    17    13     3
     9    14    10     6    11    12     6    10     8     8    17     0    10     7     9    10    19    10    13    13    16
     8     5    13    14    16    15    15     1    15    16    20    10     0    16    15    17    12     8     6     9    20
    12    19    10     2     8     9     4    16     4     3    14     7    16     0     5     5    23    13    17    16    13
     9    17     5     4     4     5     8    14     1     3    10     9    15     5     0     3    20    10    15    12     8
    11    19     7     4     5     6     8    16     3     2    11    10    17     5     3     0    22    12    17    14     9
    12     9    16    21    18    18    24    11    20    22    19    19    12    23    20    22     0    10     7     8    20
     2     9     6    11     9     9    14     7    10    12    12    10     8    13    10    12    10     0     6     3    12
     7     3    12    16    15    14    18     5    15    17    17    13     6    17    15    17     7     6     0     5    18
     5     8     8    14    11    11    17     8    13    15    13    13     9    16    12    14     8     3     5     0    14
    12    21     7    12     6     5    16    19     9    10     3    16    20    13     8     9    20    12    18    14     0
--------------------------------------------------------------------------------
TRANSFER TIMES OF GLOBAL RESOURCE G2
 DEPOT    P1    P2    P3    P4    P5    P6    P7    P8    P9   P10   P11   P12   P13   P14   P15   P16   P17   P18   P19   P20
     0    10     7     8     7     8    13    13    10    13    11     5     6     9     9     7     7     7     9     6     7
    10     0     4    12    17    17    14    18    18     4    18    14    14    14    19    13     9    16    13    15    13
     7     4     0     8    13    14    11    16    16     7    16    11    11    11    16    10     8    13    10    12     9
     8    12     8     0    11    15     5    20    17    15    18    11     6     4    14     3    14    13     2    12     3
     7    17    13    11     0     6    15    14     8    19    10     5     5     9     4     8    13     5    10     5     9
     8    17    14    15     6     0    20     9     2    19     5     4    10    14     5    13    10     2    15     3    13
    13    14    11     5    15    20     0    25    21    17    23    16    10     7    18     7    18    18     5    17     7
    13    18    16    20    14     9    25     0     7    18     5    10    17    20    13    19     9     9    21    10    19
    10    18    16    17     8     2    21     7     0    20     3     6    12    16     6    15    11     4    17     5    15
    13     4     7    15    19    19    17    18    20     0    20    16    17    17    21    16    10    18    16    17    16
    11    18    16    18    10     5    23     5     3    20     0     8    14    18     9    17    10     6    19     7    17
     5    14    11    11     5     4    16    10     6    16     8     0     7    11     6    10     8     3    12     1    10
     6    14    11     6     5    10    10    17    12    17    14     7     0     4     8     4    13     9     6     8     4
     9    14    11     4     9    14     7    20    16    17    18    11     4     0    12     2    15    13     3    12     2
     9    19    16    14     4     5    18    13     6    21     9     6     8    12     0    12    14     5    14     5    12
     7    13    10     3     8    13     7    19    15    16    17    10     4     2    12     0    14    12     3    11     1
     7     9     8    14    13    10    18     9    11    10    10     8    13    15    14    14     0     9    15     9    14
     7    16    13    13     5     2    18     9     4    18     6     3     9    13     5    12     9     0    14     2    12
     9    13    10     2    10    15     5    21    17    16    19    12     6     3    14     3    15    14     0    13     2
     6    15    12    12     5     3    17    10     5    17     7     1     8    12     5    11     9     2    13     0    11
     7    13     9     3     9    13     7    19    15    16    17    10     4     2    12     1    14    12     2    11     0
--------------------------------------------------------------------------------
Additional Information: 
global resource strength = 0.2
transfer time factor = 0.2
adapted from RCPSP instances: 
[sD348, sD33, sD387, sD4, sD72, sD111, sD203, sD167, sD382, sD287, sD144, sD80, sD246, sD309, sD120, sD216, sD277, sD90, sD37, sD107]
