--------------------------------------------------------------------------------
PORTFOLIO INFORMATION:
#projects
    20
#global resources
     2
R_G1   R_G2   
   745   734
--------------------------------------------------------------------------------
INFORMATION OF PROJECT 1:
#jobs  release  duedate
    52     0   135
#local resources
     2
R_L1   R_L2   
    16   119
jobnr.  dur.  r_G1  r_G2  r_L1  r_L2  #succ.  successors
     0     0     0     0     0     0    12     1    11    18    20    25    26    34    36    38    42    45    48
     1    10    14    11    16   119     5     2    14    40    41    43
     2     4    14    11    16   119     3     3    39    43
     3     6    14     8    16    93     2     4    27
     4     2    14     8    16    93     2     5    35
     5     5     2     7     6    67     3     6    32    33
     6     2     2    10    10   113     3     7    19    30
     7     7     5     1     6    41     1     8
     8     5     0     3     4    67     4     9    16    28    29
     9     5    11     4     7    42     3    10    33    39
    10     3     0     0     4    13     2    12    23
    11     7     5     1    12    60     6    22    27    29    33    37    49
    12     3     5     7     5    43     2    13    35
    13     5     0     2     7    23     2    15    22
    14     8     0     3     0    26     1    51
    15    10     0     3     1    12     5    17    24    27    28    49
    16     7    14    11    16   119     1    31
    17     1     1     0    10    12     1    21
    18     7     7     2     6    52     2    37    46
    19     2     0     0     5    50     1    51
    20    10     0     5    12    74     1    35
    21     7     3     4     0    38     1    51
    22     6     6     3     0     3     1    37
    23     9     0     0     4    19     1    51
    24     5     4     6     3    33     1    51
    25     1     9     7     4    74     1    51
    26     9     0     5     2    73     1    51
    27     6     0     0     3     3     1    51
    28     9     0     2     7    37     1    35
    29     2     5     5     8    74     1    51
    30    10     5     0     8     2     1    51
    31     4     3     2    11    78     1    40
    32     5     3     7     9    52     2    35    47
    33     3     9     0     2     0     1    51
    34     1    12     1     6     6     1    44
    35     1     2     7     1    37     1    51
    36     8     3     5     0    78     1    46
    37     4    12     4     1    42     1    51
    38     2     4     6     6    46     1    39
    39     3     7     1     9    49     1    51
    40     4     3     4     8    31     1    51
    41    10     3     7     0    77     1    51
    42    10    11     1    15    55     1    51
    43     3     5     1     3     0     1    47
    44     9     9    10     2    66     1    50
    45     1     9     4     0    20     2    47    50
    46     3     4     0    10    37     1    49
    47     1     8     4     4    60     1    49
    48     9     5     4    13    73     2    49    50
    49    10     5     5     0    32     1    50
    50     8     0     5     0    32     1    51
    51     0     0     0     0     0     0
--------------------------------------------------------------------------------
INFORMATION OF PROJECT 2:
#jobs  release  duedate
    52     0    97
#local resources
     2
R_L1   R_L2   
    13    15
jobnr.  dur.  r_G1  r_G2  r_L1  r_L2  #succ.  successors
     0     0     0     0     0     0    16     1     2     3     4     5     6     7     8     9    10    11    12    13    14    17    18
     1     2     0     0     5     7     7    19    20    21    22    23    28    32
     2     3     3     0     3     0     7    15    19    20    21    22    35    49
     3     2     0     0     4     8     7    15    19    20    22    35    49    50
     4     8    10     0     0     2     7    15    23    27    28    32    35    50
     5     2     0     3     0     8     8    19    22    26    31    32    36    49    50
     6     4     8     0     0     4     7    16    22    26    28    32    35    48
     7     5     6     0     0     8     6    21    22    23    24    27    29
     8     4     4     0     2     0    10    22    23    25    26    27    29    33    36    49    50
     9     2     0    10     0     4     6    21    22    29    31    32    35
    10     6     7     0     0    10     8    22    25    33    35    36    48    49    50
    11    10     0     8     5     0     4    19    22    36    49
    12     5     0     0     9     9    12    30    33    34    35    41    42    45    46    47    48    49    50
    13     6     9     0     0     4     8    25    30    31    33    34    36    46    50
    14     7     6     9     0     0     6    22    29    33    35    48    49
    15     8     0     3     0     4     7    26    31    33    34    36    41    46
    16     8     0     6     0     3     6    25    29    33    34    46    47
    17     9     0     5     7     0    10    29    36    41    42    43    44    45    46    47    49
    18     5     4     0     0     1     7    27    30    32    34    44    46    49
    19     8     7     0    10     0     6    25    29    33    46    47    48
    20     7     0     1     6     0     6    26    31    33    36    41    46
    21    10    10     8     0     0     9    33    36    39    40    41    42    45    47    50
    22     4     8     6     0     0     8    30    34    38    41    42    44    46    47
    23     6     1     0     3     0     8    30    38    41    42    44    46    47    48
    24    10     0    10     9     0     6    28    37    39    41    42    48
    25     3    10     0     0     4     6    37    38    40    41    42    45
    26     7     6     0     4     0     6    37    39    40    43    45    47
    27    10     6     0     0     5     4    38    40    41    42
    28     8     4     0     0     3     3    36    43    49
    29     1     0     0     7     7     1    30
    30     9     0     0     2     7     3    37    39    40
    31    10     0     0    10     7     3    37    39    48
    32     3     0     0     6     1     3    42    43    45
    33    10     8     0     0     6     2    37    44
    34     5     9     0     4     0     2    37    43
    35     2     0     7     5     0     2    38    39
    36     9     0     7     5     0     1    38
    37     4     0     3     0     1     1    51
    38     5     0     0    10     9     1    51
    39     5     0     0     6     6     1    51
    40     7     9     0     6     0     1    51
    41    10     8     0     0     9     1    51
    42     2     2     0     1     0     1    51
    43     4     0     4     0     2     1    51
    44    10     0     0    10     9     1    51
    45     3     2     0     5     0     1    51
    46     7     3     5     0     0     1    51
    47    10     0     4     0     5     1    51
    48     9     5     8     0     0     1    51
    49     3     6     0     0     5     1    51
    50     4     3     0     8     0     1    51
    51     0     0     0     0     0     0
--------------------------------------------------------------------------------
INFORMATION OF PROJECT 3:
#jobs  release  duedate
    52     0   160
#local resources
     2
R_L1   R_L2   
   113   143
jobnr.  dur.  r_G1  r_G2  r_L1  r_L2  #succ.  successors
     0     0     0     0     0     0    13     1    16    18    19    20    21    22    23    25    32    35    40    44
     1     8   170   111   113   143     2     2    43
     2     5   170   111   113   143     2     3    34
     3     3   170   111   113   143     2     4    41
     4     4   170   111   113   143     2     5     7
     5     2    85    61    44   103     2     6    29
     6     9   170   111   113   143     1     8
     7     4   170   111   113   143     3     9    24    33
     8    10   170   111   113   143     2     9    33
     9     3    82    57    27    66     3    10    27    30
    10     1   170   111   113   143     2    11    38
    11     7   170   111   113   143     4    12    26    28    39
    12    10    15     5     4     7     1    13
    13     2    47    61    50    32     1    14
    14     6   170   111   113   143     3    15    31    48
    15    10     9     9    32    42     1    17
    16     6    85    50    69    40     2    28    38
    17     5     9     3     0    19     1    51
    18    10   100    66    73   129     1    51
    19     1    65    34    24    91     1    28
    20     8   148   105    47   102     2    39    41
    21     2   148   106    81   102     1    42
    22     3   127    70    49   110     1    51
    23    10   139    62    73   102     1    51
    24     1    31    32     5     6     1    51
    25     5   148   105    75   102     1    41
    26     1    25    12     6    13     1    45
    27     5   155   106   109   124     1    36
    28     6    78    49    18    18     2    37    45
    29     1     7     1    34    17     1    46
    30     1    70    45    29    10     1    38
    31    10    13     2    32    22     1    49
    32     4   155   106   109   124     1    42
    33     2    70    57    44    84     1    38
    34     3   136    62    73   101     1    50
    35     3   155   102    79   101     3    37    38    49
    36     4   161   108   113   124     2    39    41
    37     4   123    50    63   111     1    47
    38     3   105    74    89    52     2    39    41
    39     1   155   106    81   121     1    45
    40    10    88    54    86    77     4    41    42    43    50
    41     1    67    18    57    45     2    42    45
    42     3   124    74    81   101     1    46
    43     7   157   102    79   101     1    45
    44     1    91    49    29    79     3    45    46    50
    45     2   161   108   113   124     1    46
    46     1   155   106   109   124     2    47    48
    47     7    30    38    32    11     2    48    49
    48     9    31    45    40    14     1    51
    49    10    31    49    40    41     1    51
    50     1   170   111   113   143     1    51
    51     0     0     0     0     0     0
--------------------------------------------------------------------------------
INFORMATION OF PROJECT 4:
#jobs  release  duedate
    52     0   109
#local resources
     2
R_L1   R_L2   
    15    19
jobnr.  dur.  r_G1  r_G2  r_L1  r_L2  #succ.  successors
     0     0     0     0     0     0    11     1     2     3     4     7     8    10    17    19    25    30
     1     5     7     5     2    14     9     5    12    14    20    21    24    44    46    49
     2    10     6     2     5     6    12    11    14    15    20    21    23    29    42    43    44    45    48
     3     9     5    10     0     5     6     9    23    24    42    43    44
     4     8     0     6     3     3     8    11    21    23    29    42    43    45    46
     5     2     0     1     4     8     2     6    43
     6     6     6     1     4     9     2     9    23
     7     5     0     1     1     0     7    14    18    20    37    38    42    44
     8     6     9     1     5     5     6    13    16    21    29    41    47
     9     6    11    11     4    16     4    11    22    29    47
    10     8     0     4    10     2     4    13    14    16    45
    11     6     6     0     4     4     5    13    28    40    41    47
    12     4     0    11     5     4     6    29    34    35    39    42    47
    13     8     0     5    10    10     7    18    34    35    37    38    39    49
    14    10    10     0     0     1     3    16    35    36
    15     4     1     0     3     1     6    26    32    33    35    36    37
    16    10     5     0     2     0     4    22    27    28    37
    17    10     7    10     1    10     4    31    33    40    42
    18     9    10     0     1     3     3    26    32    36
    19     7     9     0     9     0     4    32    33    34    42
    20     9     0     2     1     0     3    27    34    47
    21     2    10     4     2    18     3    27    33    39
    22     2     7     0    10     0     3    27    31    34
    23     2     6     2     0    15     2    43    49
    24     8     0     2     4     0     2    32    35
    25     4     8     6     0     0     2    31    44
    26     7     0    10     0     6     1    27
    27     7     0     5     5     6     1    31
    28     3     3     0     0     3     1    33
    29     3     0     0     1     2     1    51
    30     9     6     0     2     0     1    51
    31     8     0    10     0    12     1    51
    32     6     0     9    13     0     1    43
    33     8     0     8     2     0     1    51
    34     6     1     3     0     0     1    51
    35     9     0     7     0     6     1    46
    36     9     6     0     8     0     1    50
    37     9     0     3     7     0     1    48
    38     7     8    10    12     4     1    51
    39     3     1     4     8     8     1    51
    40     5     6     0     4     2     1    46
    41     3     0     9     5     0     2    46    48
    42     1     3    10     0     6     1    51
    43     2     3     6     0     7     1    51
    44     6     7     0     5     4     2    47    50
    45     8     0     5     1     2     1    51
    46     4     0     5     0     1     1    51
    47    10     0     5     0     3     1    50
    48     4     0     0     6     3     1    50
    49     2     1     7     0     2     1    50
    50    10     0     4     2    10     1    51
    51     0     0     0     0     0     0
--------------------------------------------------------------------------------
INFORMATION OF PROJECT 5:
#jobs  release  duedate
    52     0   137
#local resources
     2
R_L1   R_L2   
   119   115
jobnr.  dur.  r_G1  r_G2  r_L1  r_L2  #succ.  successors
     0     0     0     0     0     0     7     1     3     5    12    24    25    49
     1     4    17   141   119   110     5     2     6    21    29    43
     2     1    17   141   119   110     1     4
     3     1     1    10     0     5     2     4    23
     4     1     7    59    28    16     2     6    48
     5     3    18   151   119   115     2     7    21
     6     2    18   151   119   115     1     7
     7     4    18   151   119   115     3     8    22    48
     8     1     4    76    67    30     1     9
     9     2     7    18    23    28     2    10    35
    10     9    11    59    28    16     3    11    14    18
    11     9    18   128   106    87     2    13    14
    12    10     7    92    91    99    10    13    17    21    22    23    29    31    34    41    43
    13     8    18   151   119   115     3    15    16    28
    14     1     8    32    12    49     1    51
    15     2    14    18    54    52     3    17    31    42
    16     1     4    95    86    52     1    17
    17     4    15   111    98    87     1    19
    18     6    12   111    67    69     1    43
    19     7     9    18    23    50     4    20    27    30    41
    20     9     3     7     7    21     1    50
    21    10     8   143   107    94     1    44
    22     2     2     5     0    37     1    51
    23     6    15   144   112    94     7    26    28    30    32    37    40    46
    24     9    15   117    65    85     4    26    41    43    50
    25    10     1   133    65    63     3    41    44    45
    26     2    14    10    33    24     2    32    39
    27     3     0    29    52    31     4    36    37    43    45
    28     6     2    34    54    30     3    30    33    44
    29    10    11    42    43    55     4    37    38    48    50
    30     2     8    18    36    44     2    36    46
    31     4     9    33    16    35     1    36
    32     2    11    68    25    65     1    51
    33     5     3     8    20    28     1    42
    34     3     8    70    52    48     1    51
    35    10     0    23    13    28     1    47
    36     3    10    50    67    59     1    51
    37     6    10    27    37    43     1    51
    38     1    14   111    98    80     1    51
    39    10    14   143   107    94     4    44    45    47    48
    40     3     6   105    96    53     2    44    45
    41     2     4   101    50    25     1    46
    42     6     3    40    21    13     3    43    47    50
    43     2     1    70    82    13     1    51
    44     1     4    35    42     4     1    46
    45    10    10     8    11    19     1    51
    46     1     0    20    13    31     1    51
    47     8     3    13     0     4     1    51
    48     1     7    92    77    28     1    51
    49     9     4   111    82    50     1    50
    50     8     4     8    12    18     1    51
    51     0     0     0     0     0     0
--------------------------------------------------------------------------------
INFORMATION OF PROJECT 6:
#jobs  release  duedate
    52     0   119
#local resources
     2
R_L1   R_L2   
    16    12
jobnr.  dur.  r_G1  r_G2  r_L1  r_L2  #succ.  successors
     0     0     0     0     0     0     6     1     3    12    18    37    46
     1     5     9    18    11    10     4     2     6    43    47
     2     8     9    18    11    10     4     4    24    44    49
     3    10     9     0     5     2     7     4     6    16    23    43    44    47
     4     1     2     7     4     0     3     5    22    45
     5     7    12    18    16     5     6     7    16    39    40    41    44
     6     8     2    10    12    12     2     7    39
     7     8     2    13     6    12     2     8    38
     8     4     2     8    10     0     3     9    14    41
     9     3     0     4     6     5     3    10    35    48
    10     5     1    10     9     0     4    11    22    33    34
    11     5     7     5    11     8     5    13    30    31    32    50
    12     8     0     5     6    10     9    17    21    22    23    28    29    41    43    47
    13     4     0     8     0     8     3    15    21    28
    14     4     9     4     0     0     5    17    26    30    35    36
    15     3     2     0     2     6     3    17    26    29
    16     8     0     2     3     3     3    19    28    30
    17     5     7    10     2    12     2    19    27
    18     6     0     6     7    10     2    20    26
    19     4     8    10     8     0     3    20    21    27
    20     9     4     7     2     0     1    25
    21     3     0     4     1     4     1    51
    22    10     9     5     0     0     1    51
    23     9    10     1    15     3     2    26    34
    24     2    16     5     0     0     1    40
    25    10     8     3     0     0     1    51
    26    10    10     2     6     0     1    51
    27     9     9     7     0     0     1    51
    28     3    10    16     1     0     1    51
    29     3     4     2     8     0     1    51
    30     9     0     2     0     7     1    51
    31     9     2     4     9     0     1    47
    32     5     7     8     0     0     1    33
    33     1     1     4    14     0     1    51
    34     2     0     9     8     0     1    51
    35     9     2     8     0     4     1    41
    36    10     0     9     9     0     1    51
    37     7     0     5    10     3     1    42
    38     6     6     0     0    12     1    51
    39     5     8     0     0     7     1    45
    40     4     8     0     0     3     1    47
    41     7     0     5     0     4     1    51
    42     4     8     1     6     9     2    43    50
    43     2    14     1     0     0     1    51
    44    10     0     4     5     1     1    51
    45     9     2     0    10     0     1    51
    46     7     6     0     0     7     1    50
    47     6     0     1     3     0     1    48
    48     2     0     8     0     6     1    51
    49     4     7     7     7     7     1    51
    50     3     0     0     1     3     1    51
    51     0     0     0     0     0     0
--------------------------------------------------------------------------------
INFORMATION OF PROJECT 7:
#jobs  release  duedate
    52     0   121
#local resources
     2
R_L1   R_L2   
    14    32
jobnr.  dur.  r_G1  r_G2  r_L1  r_L2  #succ.  successors
     0     0     0     0     0     0    11     1     4     5    10    12    17    22    23    25    35    48
     1     2     4    13     1     6     7     2    20    24    40    42    46    47
     2     2     5    14    13    22     4     3    11    37    40
     3     6    11     4     7    13     3     6    16    33
     4     3     0    10     6    12     4     9    14    40    41
     5     8     7     4     1     8     7     7    13    20    27    29    33    41
     6     9    10     8     6    12     5     9    20    29    30    44
     7     5     8     2     8    16     6     8    14    20    31    36    38
     8     2    10     0     3    16     5    18    28    32    33    43
     9     1     4     1     5     9     3    13    28    31
    10     1     0     0     1     7     5    11    13    19    27    32
    11     2     3     5     5     0     2    13    27
    12     4     9     0     0    10     4    26    27    32    44
    13     2     9     2     0    16     2    15    43
    14     7     0     0     6     8     2    32    44
    15     9     2     5     0     6     1    18
    16     2     7     0     6    10     2    24    38
    17     4    10     4     1    14     3    27    33    34
    18     3     9     6     0    12     4    19    21    30    39
    19     5     3     2     8    23     2    26    41
    20    10     1     3     0     3     1    51
    21     5     6    14     2     5     1    51
    22     9     1     3     4    31     1    39
    23     2     0     8     5     0     1    51
    24     1     3     0     2     8     1    42
    25     5     9     0     4    18     1    42
    26     9     6     8     0    14     1    51
    27    10     0     6     4     0     1    51
    28     6     7     9     9    15     1    51
    29     1    11     8     1     1     2    30    32
    30     4     0    16     1    14     1    51
    31     3     1     8     3     0     1    43
    32     2    10     8     0     1     1    38
    33     2    13     0     5    14     1    51
    34    10    13    16    11    22     1    43
    35     9     8    11     3    22     1    39
    36     4     8     8     0     3     1    51
    37     7     8     7    12    15     1    45
    38     8     4     4     9    11     2    45    49
    39     4     3     1    10     8     1    51
    40     4     0    13     1     4     1    44
    41    10     2     0    10     0     1    51
    42     2     4     2     0     0     1    45
    43     1     6    14     0     5     2    49    50
    44     5     8     0     8    13     2    45    49
    45     2     9     5     1     1     2    49    50
    46     3    10    10     6    24     1    51
    47     2     0     6     3     4     1    51
    48     8     8     9     6     9     2    49    50
    49     9     2     9     0     1     1    51
    50    10     0     6     9    10     1    51
    51     0     0     0     0     0     0
--------------------------------------------------------------------------------
INFORMATION OF PROJECT 8:
#jobs  release  duedate
    52     0   122
#local resources
     2
R_L1   R_L2   
    18   151
jobnr.  dur.  r_G1  r_G2  r_L1  r_L2  #succ.  successors
     0     0     0     0     0     0     7     1     3     6    12    25    34    49
     1    10   110   110    14   133     4     2    14    18    43
     2     4   110   110    14   133     1     4
     3     1     9     5     4    18     5     4    22    23    42    48
     4     1    28    16     6    59     1     5
     5     2   110   114    18   145     4     7    16    41    48
     6     1   110   114    18   145     1     8
     7     4   119   115    18   151     2     8    39
     8     2    28    16    11    12     2     9    22
     9     1    59    50     6    35     2    10    35
    10     9    28    16    11    59     2    11    37
    11    10    94    83    12    68     3    13    31    32
    12    10    91    99     7    92     8    15    17    21    22    23    31    41    43
    13     1    89    82     8   124     2    15    28
    14     7     9     1     0     6     4    15    17    22    47
    15     3    45    47    14    12     1    17
    16     1    44    45     0    64     2    17    37
    17     1    94    81    13   105     1    19
    18     5    51    64     7   105     3    22    24    26
    19     8    11    49    12    18     5    20    27    30    44    45
    20     4    12    21     3    38     1    50
    21     4   107    86     6   143     1    51
    22     9     9     5     2     6     1    51
    23     9    91    89    12    92     8    26    27    28    29    30    32    37    46
    24     7    75    84    14   117     3    26    38    40
    25    10    65    63     2   133     1    51
    26     2    30    11    10     2     2    31    39
    27     5    11    31     5    66     2    36    46
    28     8    35    30     2    16     1    33
    29    10    84    55    12    28     2    30    38
    30     3    36    47    11     8     1    43
    31     4    10    32     9    21     1    43
    32     1    40    47     0    97     1    51
    33     4    12    29     0     8     2    36    42
    34     4    51    37     8    53     1    51
    35     9    25    32     2    83     1    41
    36     2    68    65     8    91     1    51
    37     4    36    42    10    49     1    51
    38     2   107    83     9    93     2    43    47
    39     3   107    86    14   117     1    45
    40     3    96    37     3    77     2    41    48
    41     4    26    23     4    14     1    51
    42     5    16    15     3    40     4    44    46    47    50
    43     2    42    42     1    82     1    51
    44     9     1     9     1    34     1    51
    45     9     2    16    10     2     1    51
    46     1    41     9     0     7     1    51
    47     3     0     1     0     0     1    51
    48     2     1    15     6    52     1    50
    49     9    83    49     4   111     1    50
    50     6    12    26     4     8     1    51
    51     0     0     0     0     0     0
--------------------------------------------------------------------------------
INFORMATION OF PROJECT 9:
#jobs  release  duedate
    52     0   129
#local resources
     2
R_L1   R_L2   
    18   115
jobnr.  dur.  r_G1  r_G2  r_L1  r_L2  #succ.  successors
     0     0     0     0     0     0     8     1     5    12    14    16    24    25    40
     1     2   119   151    18   115     4     2     3    18    47
     2     5   110   133    17   110     2     4    23
     3     1     9    18     1     5     1     4
     4     1    28    59    10    16     2     6    26
     5     1   119   151    18   115     3     7    23    49
     6     6   119   151    18   115     1     7
     7     2   119   151    18   115     1     8
     8     1    28    59    11    16     1     9
     9     2    23    40     7    56     2    10    35
    10     9    28    59    11    16     2    11    18
    11     1   119   151    18   115     2    13    38
    12    10    91    92     7    99     9    13    17    21    22    23    29    34    43    48
    13    10   112   146    16    80     2    15    28
    14     1    11    82     1    14     1    37
    15     2    58   112    14    52     4    17    31    42    47
    16     1    65    87     4    59     2    17    33
    17     3    98   111    15    87     1    19
    18     1    84    61    12    66     1    38
    19     7    23    18    14    52     6    20    27    30    41    45    47
    20    10    14     7     3    21     2    43    50
    21     9   107   143     8    87     1    41
    22     4     7     5     2    35     1    44
    23    10   105   144    15    94     7    26    27    28    30    32    38    46
    24    10    65   117    14    87     1    26
    25    10    76   133     1    63     3    43    44    45
    26     2    29    10    14    24     3    31    38    39
    27     1    35    78     1    31     3    36    37    46
    28     7    54    34     2    28     2    30    33
    29    10    51    32    11    56     2    38    50
    30     1    54    43     8    45     1    51
    31     5    16    38     9    34     1    51
    32     2    23    39     8    69     1    51
    33     2    12     8     1    28     1    42
    34     4    51    61     8    49     1    39
    35     3    35    90     5    38     1    51
    36     3    65    53     9    59     1    51
    37     3    37    40    11    49     1    51
    38     2    96   109     9    80     1    41
    39     5   107   143    14    87     5    43    45    46    47    48
    40     3    96    79     4    46     4    41    45    46    48
    41     2    58   111    14    49     1    48
    42     6    21    40     3    24     5    43    44    46    47    50
    43     2    48    19     1    31     1    51
    44     3     5    34     2     4     1    47
    45    10    12     8    10    18     1    51
    46     7    23    18     0    31     1    51
    47     4     0    13     3     7     1    51
    48     1    36    80    13    35     1    51
    49    10    82   111     7    49     1    50
    50     6    12     8     4    18     1    51
    51     0     0     0     0     0     0
--------------------------------------------------------------------------------
INFORMATION OF PROJECT 10:
#jobs  release  duedate
    52     0   135
#local resources
     2
R_L1   R_L2   
   119   151
jobnr.  dur.  r_G1  r_G2  r_L1  r_L2  #succ.  successors
     0     0     0     0     0     0     4     1    12    34    49
     1     2    18   115   119   151     7     2     3    18    21    25    40    47
     2     7    18   115   119   151     4     4     6    29    44
     3     1    18    64    36    41     4     4     6    23    29
     4     2    18   115   119   151     3     5     6    24
     5     2    18   115   119   151     4     7    16    26    48
     6     6    18   115   119   151     2     8    41
     7     1    18   115   119   151     2     8    41
     8     2    11    16    28    59     1     9
     9     1    18   115   119   151     2    10    35
    10     9    11    16    28    59     3    11    22    37
    11    10    14   100    94    85     3    13    14    32
    12    10     7    99    91    92     9    15    16    17    21    23    29    31    41    48
    13     1     8    88    89   133     3    15    28    31
    14    10     0     1     9     6     1    51
    15     3    14    66    54    26     1    17
    16     1     0    38     1    59     1    17
    17     7    18   114   110   145     2    19    33
    18    10     7    62    85   104     1    24
    19     8    12    49    11    18     5    20    27    30    44    45
    20     5     3    21    12     7     1    50
    21     7     5    86   107   143     1    51
    22     5     2     3     2    12     1    30
    23     9    13    91    98   132     4    26    28    37    46
    24     7    13    84    56   117     3    26    32    38
    25    10     6    58    65   133     1    51
    26     2    10    27    30     4     3    31    39    46
    27     1     5    30    11    66     2    36    46
    28     7     2    30    54    16     4    30    33    36    45
    29     9    12    61    74    13     3    36    38    45
    30     3    11    53    34    18     2    32    43
    31     3    10    32    10    21     1    46
    32     1    10    82    89   104     1    51
    33     5     2    29    12     8     1    42
    34     4     8    38    49    54     1    51
    35     7     0    11    25    66     1    50
    36     3     9    61    70    92     1    51
    37     6    10    49    25    27     1    51
    38     2     8    83   107    96     2    43    47
    39     2    15    86   107   117     4    45    46    47    48
    40     5     2    37    96    78     2    41    48
    41     1    14    32    27    14     1    48
    42     5     3    29    19    40     3    44    47    50
    43     1     1    53    58    81     1    51
    44     9     1     4     1    34     1    51
    45     9    10    26     4     6     1    51
    46     1     2    15    20     2     1    51
    47     3     3     3     0     0     1    51
    48     3     4    15     4    55     1    50
    49     9     0    51    83   110     1    50
    50     6     4    26    12     8     1    51
    51     0     0     0     0     0     0
--------------------------------------------------------------------------------
INFORMATION OF PROJECT 11:
#jobs  release  duedate
    52     0   167
#local resources
     2
R_L1   R_L2   
   173    12
jobnr.  dur.  r_G1  r_G2  r_L1  r_L2  #succ.  successors
     0     0     0     0     0     0    10     1     8    16    19    20    22    23    27    34    44
     1     6   170   143   173    12     2     2    45
     2     4   170   143   173    12     1     3
     3     4   170   143   173    12     2     4    40
     4     4   170   143   173    12     1     5
     5     9   170   143   173    12     1     6
     6     3    68   125    25     1     2     7    33
     7     7   170   143   173    12     1     9
     8     9   100    18   148    11     4     9    30    40    41
     9     3   170   143   173    12     3    10    28    29
    10     4    82    42    72     5     2    11    25
    11     5    84    19    72     9     3    12    21    42
    12     5    16    12    12     1     2    13    50
    13     1    34     7    41     8     2    14    18
    14     4    67    23    29     2     1    15
    15    10    18    87    31     4     1    17
    16     9   102    56    91     8     1    26
    17     5     9    14     0     0     1    51
    18    10     0    36     3     3     1    51
    19     1    70    27    25     1     3    24    35    40
    20     5    88   101   101     3     1    51
    21     6    98    53    69     2     2    24    46
    22    10    69   115   142    10     1    32
    23    10    86    96   101     3     4    28    39    42    43
    24     9     9     4    12     3     2    35    48
    25     5   152    56   142     8     2    37    42
    26     6   161   139   161     9     1    51
    27     1   170   143   173    12     2    38    47
    28     4    47     1    12     2     2    35    48
    29     5    38    39    24     2     3    31    35    42
    30     8   161    93   170     9     1    50
    31     7    21    35     0     1     1    51
    32     1    63    40   101     0     1    51
    33     6    63    58    72     8     2    35    36
    34     8   135    89   142     6     1    49
    35     2    53     6    17     3     1    51
    36     1    70   124    25     1     1    41
    37     3    64    80    82     3     1    46
    38     1    50    98   113     6     1    48
    39     9   170   143   173    12     1    51
    40     7   154   129   161    11     1    42
    41     1    68     9    60     7     1    42
    42     5    68   120   110     1     1    46
    43     6    50    99   101     4     1    46
    44    10   102    18    63    11     2    47    48
    45     6   123    72   149     8     1    46
    46     7   117   125   156     9     2    47    48
    47     4    15     9    19     0     2    49    50
    48     7    35    12    31     6     1    50
    49     6    11    21    47     4     1    51
    50     7    92    14    22     2     1    51
    51     0     0     0     0     0     0
--------------------------------------------------------------------------------
INFORMATION OF PROJECT 12:
#jobs  release  duedate
    52     0    65
#local resources
     2
R_L1   R_L2   
    18    17
jobnr.  dur.  r_G1  r_G2  r_L1  r_L2  #succ.  successors
     0     0     0     0     0     0    14     1     4     5     8     9    10    12    44    45    46    47    48    49    50
     1     2     0     9     0    10     6     2    18    34    39    40    42
     2     4     0    10    10     0     3     3    22    35
     3     7     0     0     5     6     2     6    37
     4     3     0     0     4     1    13    13    21    24    27    28    29    30    31    32    33    34    35    38
     5     8     7     0     2     0     9    11    14    16    22    28    30    31    34    41
     6     7     0     9     8     0     5     7    15    21    27    31
     7     6     0     0     6     5     6    11    25    28    30    32    33
     8     1     4     0     6     0     9    19    24    25    26    28    29    30    37    40
     9     3     0     0     3     2     6    16    17    27    28    35    39
    10     5     6     0     2     0     7    17    21    24    27    28    36    43
    11     5     2     9     0     0     3    13    24    29
    12     1     2     0     0     2     4    23    24    26    34
    13     6     6     0     0    10     2    19    26
    14     6     0     7     5     0     2    19    27
    15     1     0     0     3     8     2    23    24
    16     9     0     2     0     1     2    24    36
    17     1     3     0     0     6     2    23    25
    18     8     0     8     0     9     2    31    38
    19     7     2     8     0     0     1    20
    20     5     3     7     0     0     1    23
    21     6     0     4     8     0     1    25
    22    10     0     0     5     8     1    27
    23     5     5     3     0     0     1    51
    24    10     0     5     8     0     1    51
    25     7     6     0     5     0     1    51
    26     5     0     6     0     7     1    51
    27     6     0     5     0     1     1    51
    28     8     4     4     0     0     1    51
    29     4     6     0     3     0     1    51
    30     8     0     0     9     3     1    51
    31     7    10     3     0     0     1    51
    32     2     8     0     0     3     1    51
    33     4     2     0     0     3     1    51
    34     7     4     0     7     0     1    51
    35     5     0     9     7     0     1    51
    36    10     5     0     3     0     1    51
    37     3     5     0     0     9     1    51
    38     9     0     4     0     1     1    51
    39     5     7     0     2     0     1    51
    40     3     0     0     6     6     1    51
    41     7     1     0    10     0     1    51
    42     7     0     3     0     8     1    51
    43     9     0     0     5     9     1    51
    44     3     0     4     0     2     1    51
    45     1     8     0     5     0     1    51
    46     8     0     0     7     1     1    51
    47     7     3     0     0     3     1    51
    48     4     9     0     0     1     1    51
    49     9     0     5     0     6     1    51
    50    10     0     0     8     2     1    51
    51     0     0     0     0     0     0
--------------------------------------------------------------------------------
INFORMATION OF PROJECT 13:
#jobs  release  duedate
    52     0   123
#local resources
     2
R_L1   R_L2   
    10    19
jobnr.  dur.  r_G1  r_G2  r_L1  r_L2  #succ.  successors
     0     0     0     0     0     0     7     1    12    16    19    39    46    47
     1     4     9     4    10    19     8     2    18    37    38    40    41    42    43
     2     2    10     6     4    19     3     3    41    45
     3     3     3     4     1    12     1     4
     4     2    12    11    10    19     5     5    33    35    36    43
     5     3     4    11     1    17     4     6    29    30    31
     6     7     0     5     4    11     3     7    28    45
     7     2     0     1    10     8     4     8    15    26    27
     8     9     9     7     8    18     4     9    23    32    33
     9     4     0     2     0     2     3    10    24    25
    10     8     6    11     4    12     2    11    21
    11     5     9     7     0    11     2    13    22
    12     2     3     7     0     0     1    51
    13    10     6     0     8     3     3    14    45    50
    14    10     6     0     2     0     2    17    44
    15    10     8     2     0    10     1    17
    16    10     6     8     0     9     2    17    49
    17     6     1     1     0     4     3    20    31    34
    18     5     2     4     1     0     1    51
    19     5     0     5     3     0     1    37
    20     6     8     2     0     6     1    51
    21    10     1     0     0     2     1    51
    22    10     4     2     2     0     1    51
    23     3     0     4     3     6     1    44
    24     5     0     8     6     3     1    34
    25     3     4     7     1    14     1    51
    26     8     3     2     2     0     1    51
    27     1     3     0     6     2     1    51
    28     5     6     3     0     6     1    51
    29     5     0     2     0     1     1    49
    30     4     8     3     9    12     1    33
    31     9     0     8     0    14     1    51
    32     8     8     3     0     0     1    51
    33     7     4     2     0    14     1    51
    34     7     1     2     1     0     1    51
    35     6     2     8     4    18     1    48
    36    10     8     0     9     4     1    48
    37     6     6     0     0     1     1    51
    38     8     0     2     6     0     1    51
    39    10     8     0     9     2     1    45
    40     8     6     0     2     0     1    51
    41     3     9     2     5     5     1    45
    42     9     0     9     5     2     1    45
    43     6     1     0    10     5     1    51
    44     1     0     7     9     2     1    51
    45     2     5     8     2     1     1    51
    46    10     0     0     6     6     1    51
    47     8     4     4     0     1     1    51
    48     2     0    10     0     6     1    49
    49     8     0     3     4     4     1    51
    50     7     1     8     1     3     1    51
    51     0     0     0     0     0     0
--------------------------------------------------------------------------------
INFORMATION OF PROJECT 14:
#jobs  release  duedate
    52     0   141
#local resources
     2
R_L1   R_L2   
   170    12
jobnr.  dur.  r_G1  r_G2  r_L1  r_L2  #succ.  successors
     0     0     0     0     0     0    10     1     8    16    22    23    27    34    38    44    45
     1    10   173   143   170    12     1     2
     2     4   173   143   170    12     2     3    30
     3     2   173   143   170    12     6     4    20    26    32    40    42
     4     2   173   143   170    12     1     5
     5     1   173   143   170    12     1     6
     6     3    13   125    39     1     3     7    19    33
     7     5   173   143   170    12     1     9
     8     8   160    18   131    10     4     9    30    31    41
     9     9   173   143   170    12     3    10    28    29
    10     4    62    42    85     8     2    11    25
    11     2    52    36    69     9     2    12    21
    12     5    12     5    16     2     2    13    31
    13     1    32    18    33     8     2    14    18
    14     1    10    18    67     1     3    15    35    47
    15    10    31    87    11     4     1    17
    16     7   142    56   152     8     1    51
    17     9     0    19     9     0     1    51
    18    10     3    36     0     3     1    51
    19     2    12    20     9     1     1    25
    20     8   111   101    85     4     1    40
    21     6    26    55    99     3     2    24    46
    22     8   128   112    63     8     1    26
    23     7   111    97    78     3     4    31    39    40    43
    24     8    12     4     7     4     1    51
    25     5   142    56   154     8     2    37    41
    26     1     3   106    16     2     1    51
    27     1   173   143   170    12     1    51
    28     4    10     1    23     0     1    47
    29     5    13    41    38     2     1    31
    30     2   170    88   161     9     2    35    41
    31     1    57    67    17     0     1    50
    32     1    84    40    66     0     1    50
    33     5    55    67    60     7     1    36
    34     8   147   100   139     5     1    49
    35     1    90     6    24     0     1    51
    36     1   131   124    80     4     1    41
    37     2    44    40    71     3     1    46
    38     2   116    76    71     9     2    47    48
    39    10   173   143   170    12     1    42
    40     1   160    18   123     8     1    42
    41     1   107    76    65     4     1    42
    42     5   114   121    68     1     1    46
    43     1    13    99    36     1     1    46
    44    10    59    18   102    11     1    48
    45     9   142    56   159     8     2    46    48
    46     8   149   119    96     6     2    47    48
    47     1    33     9    85     0     1    51
    48     7    26    12    31     6     2    49    50
    49     3    45    12    56     3     1    51
    50     7    45    12    98     4     1    51
    51     0     0     0     0     0     0
--------------------------------------------------------------------------------
INFORMATION OF PROJECT 15:
#jobs  release  duedate
    52     0   135
#local resources
     2
R_L1   R_L2   
   119    18
jobnr.  dur.  r_G1  r_G2  r_L1  r_L2  #succ.  successors
     0     0     0     0     0     0     6     1     3    12    25    34    49
     1     9   145   110   110    16     6     2     6    18    21    23    43
     2     7   145   110   110    16     3     4    14    18
     3     1    18    52    54    10     2     6    18
     4     1    59    16     5     8     1     5
     5     8   145   114   110    18     2     7    48
     6     1   139   109   101    16     1     8
     7     5   151   115   119    18     1     8
     8     2    59    16    28    11     1     9
     9     3   143   110    81     8     2    10    35
    10     9    59    16    28    11     2    11    37
    11    10    68    83    94    16     3    13    31    32
    12    10    92    99    91     7     7    16    17    21    22    23    29    41
    13     1   124    93    89     8     4    15    28    31    47
    14     8     6     1     9     0     2    35    43
    15     3    12    47    45    14     1    17
    16     1    61    52    44     0     2    19    38
    17     5   145   110   110    15     2    19    33
    18     5   104    60    85     7     2    24    41
    19     7    16    49    11    12     5    20    27    30    44    45
    20     6     7    21    12     3     1    50
    21     5   143    86   107     5     1    38
    22     8     6     5     9     2     1    51
    23     4   136    89    98    12     5    26    27    28    37    46
    24     7   117    85    56    14     3    26    38    40
    25    10   133    63    65     1     1    51
    26     2     2     2    29    10     3    31    39    46
    27     3    66    30    11     5     1    36
    28     7    16    20    54     2     1    33
    29    10    22    54    40    12     1    38
    30     3    16    42    34    11     1    51
    31     4    37    32    12     9     1    51
    32     1    44    41    14     2     1    37
    33     3     8    29    12     1     1    42
    34     4    54    41    37     8     1    51
    35     9    83    32    25     0     2    46    50
    36     4    60    56    65     9     1    51
    37     5    27    22    30    10     1    43
    38     2   111    83   107     9     1    47
    39     3   117    86   107    12     2    45    50
    40     2    78    37    96     3     3    45    46    48
    41     2    18    51    26     8     1    51
    42     7    40    20    22     3     3    44    46    50
    43     2    51    39    25     4     1    51
    44     9    34     8     2     1     1    51
    45     9     2    16     3    11     1    46
    46     1    53    44    45     2     1    51
    47     4     2     3     0     3     1    51
    48     2    85    42    27     6     1    50
    49    10   110    49    84     3     1    50
    50     7     8    27    12     5     1    51
    51     0     0     0     0     0     0
--------------------------------------------------------------------------------
INFORMATION OF PROJECT 16:
#jobs  release  duedate
    52     0   121
#local resources
     2
R_L1   R_L2   
    14   112
jobnr.  dur.  r_G1  r_G2  r_L1  r_L2  #succ.  successors
     0     0     0     0     0     0    12     1    11    16    20    22    26    29    31    42    44    45    49
     1     5    14    10    14   112     7     2    14    19    38    40    41    43
     2     1    14     5    11   100     2     3    39
     3     8     9     1     6    77     1     4
     4     7    13     6     6   109     3     5    35    36
     5     2     4     6     3    47     5     6    18    32    33    34
     6     9     0     0     2     9     2     7    30
     7     6     5     0     5    18     2     8    34
     8     5     1     8     0    35     3     9    25    28
     9     5    10     1     4    47     1    10
    10     3     0     0     4    12     3    12    23    24
    11     6     5     1    13    71     4    21    23    27    37
    12     6     3     7     5    41     2    13    35
    13     1     0     0     7     2     2    15    33
    14     2    11     3     0     6     1    51
    15     5     0     3     1     0     2    17    24
    16     9     7    10    12   103     2    17    23
    17     8     6     0     3     9     1    21
    18     9     7     2    11    50     1    48
    19     2    14     8     0    97     1    25
    20     8     0     5    12    63     1    51
    21     3     1     6     0    22     1    51
    22     2     6     8     0    16     1    51
    23     6     0     0     4     2     1    51
    24     6     4     3     0     9     1    47
    25     5     3     0     4     0     1    51
    26     9     0     5     0     9     1    51
    27     3     0     0     3     3     1    35
    28     2     0     2     1     0     1    51
    29     4     5    10     8    94     1    51
    30    10     5     0     8    25     1    51
    31     1     8     5    11    71     1    43
    32     9     1     4     9    30     1    51
    33     9     4     0     2     0     1    51
    34     1     3     0     0     6     2    43    47
    35     3     1     7     1    10     1    46
    36     8    10     7     0    75     1    51
    37     4    10     5     0    40     1    48
    38     7     0     2     3    62     1    51
    39     6     5     2    12    67     1    51
    40     4     1     4     8     3     1    51
    41     9     6     7     9    89     1    46
    42    10    10     0     6    38     1    51
    43     4     3     0     3     0     1    51
    44     9     9    10     0    75     1    51
    45     3     9     4     0     9     2    47    50
    46     3     4     0    12    37     1    51
    47     6     8     3     0    20     1    51
    48     3     5     3     0     4     1    51
    49     9     5     5     0    13     1    50
    50     2     3     5     0    32     1    51
    51     0     0     0     0     0     0
--------------------------------------------------------------------------------
INFORMATION OF PROJECT 17:
#jobs  release  duedate
    52     0   113
#local resources
     2
R_L1   R_L2   
    33    22
jobnr.  dur.  r_G1  r_G2  r_L1  r_L2  #succ.  successors
     0     0     0     0     0     0     9     1     4     5    10    12    22    25    35    48
     1     2     1     4     7    13     7     2    24    40    42    45    46    47
     2     2    12     1    20    10     4     3    11    37    47
     3    10     7    10    21     4     4     6    16    33    34
     4     2     8     0    29    10     5     9    17    40    41    43
     5    10     1     7     4     4     7     7    13    20    29    33    36    41
     6     1     6    10    12    10     4     9    29    30    44
     7     9     8     8    14     9     7     8    14    20    30    31    36    38
     8     2     3    10    11     0     7    18    28    29    31    32    33    43
     9     1     5     3     9     1     3    13    28    31
    10     2     1     0     3     0     5    11    19    27    30    31
    11     2     5     3     0     0     3    18    27    34
    12     4     0     9    10     0     6    26    27    32    43    44    47
    13     2     1     9    15     2     2    15    43
    14     9     6     0     8     0     5    20    28    32    33    44
    15     7     0     2     0     4     2    18    23
    16     4     6     7     2    19     1    51
    17     4     0     8    17     4     4    21    27    33    34
    18     3     0     8     9     0     3    19    21    39
    19     5     8     4    20     2     2    26    41
    20     5     0     0     3    10     1    51
    21     5     1     6     5    11     1    51
    22     8     3     1    32     7     1    51
    23     1     5     2     0     8     1    39
    24     2     0     3     6     0     1    51
    25     5     4     9    18     0     1    42
    26    10     0     3    20     8     1    51
    27     6     6     0     0     6     1    51
    28     6     9     7     7     9     1    51
    29     1     9    11     1     0     1    32
    30     9     1     0    14     0     1    49
    31    10     0     1     0     8     3    32    39    43
    32     2     0    10    19     2     1    38
    33     7     5     0     3     0     1    45
    34     9     3    12    33     8     1    44
    35     7     2     8    22    11     1    39
    36     6     0     8     3     8     1    51
    37     4    12     8     7     0     1    45
    38     8     0     4    11     0     2    45    49
    39     3    10     3     6     1     1    51
    40     2     5     0     4    10     3    43    44    45
    41    10     7     4     0     0     1    51
    42     2     0     4     0     2     1    45
    43     2     0     6     8    14     3    44    49    50
    44     4     8     7    11     0     2    45    49
    45     2     1    10     1     2     2    49    50
    46     2     6    10    19     0     1    51
    47     6     1     0     4     6     1    50
    48     6     6     8     4     9     1    49
    49    10     0     2     1     9     1    51
    50    10     8     0    10     6     1    51
    51     0     0     0     0     0     0
--------------------------------------------------------------------------------
INFORMATION OF PROJECT 18:
#jobs  release  duedate
    52     0   121
#local resources
     2
R_L1   R_L2   
   162    14
jobnr.  dur.  r_G1  r_G2  r_L1  r_L2  #succ.  successors
     0     0     0     0     0     0     7     1    11    36    42    44    48    49
     1     1    14    10   162    14     7     2    19    37    38    40    41    43
     2     2    10     6   159    14     1     3
     3    10     6     1   148     9     1     4
     4     6    14    10   162    14     2     5    35
     5     1     6     6    38     4     5     6    18    32    33    34
     6     4     2     0    28     3     5     7    20    29    30    31
     7    10    10     4   145     9     3     8    14    38
     8     4     6    10    38     4     4     9    16    25    28
     9     5     4     2    29     6     3    10    16    26
    10     3     4     0     0     2     1    12
    11     8     4     0    29    10     7    21    22    23    24    27    28    38
    12     5     6     6    38     1     1    13
    13     8    10     8    82    11     3    15    19    30
    14     3    11     3    32     2     1    51
    15     3     2     3     7     9     3    17    27    45
    16     2     0    10    24     0     3    24    28    47
    17     5     3     7    14     5     2    21    39
    18     5    11     3   148     9     1    21
    19     4     0     3    10    12     1    51
    20     5     4     0    11     0     1    51
    21     9     0     6    19     0     1    51
    22     8     4     4     3     0     1    51
    23     6     4     2    80     0     1    51
    24     1     0     3     9     5     1    43
    25     7     4     0    23     3     1    51
    26     2     5     2     9     5     1    46
    27     4     3     0     3     0     1    50
    28     7     8     2    19     0     1    39
    29     2     8     4    62     6     1    51
    30     8     8     0    14     1     1    33
    31     1     3     3   133     3     1    51
    32     4     7     4   128     6     1    51
    33     7     2     0     0     4     1    51
    34     7     0     6     6     5     1    38
    35     6    11     7   141     2     2    37    46
    36     9     0     7   130    10     2    43    46
    37     4     0     8    19     5     1    51
    38     1     3     7     3     2     1    43
    39     5    10     6   151     9     1    51
    40     9    14     1   143     4     1    51
    41     3    10     7    82     6     1    45
    42    10     6     0   124    10     1    51
    43     2     5     2     0     2     1    51
    44     8     1    10   137     9     1    51
    45     3     0     0    11     0     1    50
    46     6     8     0    22     0     1    51
    47     7     0     5    18     9     1    51
    48     6     8     3    14     5     1    50
    49     6     2     5     3     5     1    51
    50     1    10     5   139     5     1    51
    51     0     0     0     0     0     0
--------------------------------------------------------------------------------
INFORMATION OF PROJECT 19:
#jobs  release  duedate
    52     0   153
#local resources
     2
R_L1   R_L2   
   151   115
jobnr.  dur.  r_G1  r_G2  r_L1  r_L2  #succ.  successors
     0     0     0     0     0     0     9     1     3     6    12    16    18    25    26    49
     1     6   110    13   144   110     1     2
     2     8   110    13   144   110     1     4
     3     2     9     5     7     5     5     4    14    23    34    48
     4     4   110    18   145   110     3     5    14    23
     5     1   110    18   145   110     1     7
     6     5   110    18   145   110     2    38    50
     7     8   119    18   151   115     1     8
     8     2    28    11    59    16     1     9
     9     1    37     6    12    47     2    10    35
    10     9    28    11    59    16     3    11    37    38
    11    10    77     6   112    85     4    13    30    31    32
    12    10    91     7    92    99     9    17    21    22    23    24    29    31    34    43
    13     1    89     8   124    73     3    15    28    43
    14     4   116     6    92    88     2    17    32
    15     3    45    14    12    47     2    17    44
    16     1    64     4    86    56     3    17    23    37
    17     4    96    15   105    84     1    19
    18     9    89     7   124    68     2    24    42
    19     8    13    12    18    49     3    20    27    30
    20     4    49     2    32    21     1    50
    21     4   107     8   143    87     1    51
    22     7     9     0     6     5     1    30
    23     9    98    14   137    89     5    27    28    30    37    48
    24     9    58    16   111    89     3    40    41    46
    25    10    65     4   133    63     1    51
    26     2    49    10   113    94     4    31    33    39    43
    27     6    11     5    66    35     3    31    36    46
    28     7    61     2    32    10     1    33
    29    10    46    12    45    54     1    45
    30     3    23    11    18    47     1    51
    31     4    11     9    21    32     1    51
    32     1    58    10   117   105     2    36    50
    33     5    12     4     8    28     1    42
    34     4    46     8    53    47     2    36    50
    35     9    42     3    39    30     2    46    50
    36     3    13    14    60    48     1    51
    37     6    30    10    27    42     2    42    43
    38     2    73     9    91    58     2    47    48
    39     6   107    14   117    87     1    51
    40     3    96     1    51    48     5    45    46    47    48    50
    41     2     2    12    18    27     1    50
    42     5    23     3    46    31     1    44
    43     2    22    13    66    48     1    45
    44     7     1     1    34    10     1    51
    45    10     2    10     2    17     1    51
    46     1    65     0    26    31     1    51
    47     4     2     8     7     5     1    51
    48     1     3     9    59    27     1    51
    49     9    82     4   110    50     1    50
    50     7    12     4     8    21     1    51
    51     0     0     0     0     0     0
--------------------------------------------------------------------------------
INFORMATION OF PROJECT 20:
#jobs  release  duedate
    52     0   128
#local resources
     2
R_L1   R_L2   
    18   151
jobnr.  dur.  r_G1  r_G2  r_L1  r_L2  #succ.  successors
     0     0     0     0     0     0     7     1     3     6    12    18    25    49
     1     1   110   110    13   133     1     2
     2     5   110   110    13   133     1     4
     3     1     9     5     5    18     3     4    21    24
     4     1    28    16    11    59     2     5    24
     5     1   119   115    18   151     1     7
     6     3   119   115    18   151     1     7
     7    10   119   115    18   151     2     8    23
     8     1    28    16    11    59     1     9
     9     2    37    52     7    18     4    10    14    16    35
    10     9    28    16    11    59     4    11    34    38    41
    11    10    76    94    15    88     3    13    22    37
    12    10    91    99     7    92     6    14    16    21    22    23    29
    13     1    89    93     8   124     3    15    28    43
    14     1    30    21     3    18     5    17    19    26    28    39
    15     2    33    52    14    18     2    17    26
    16     1    11    13     1     7     1    33
    17     8   106    95    15   115     2    19    45
    18     7    89    83     8   124     2    24    36
    19     4    37    52    12    18     5    20    27    30    43    46
    20     6     7    21     1     7     1    50
    21    10   100    89     8   143     1    43
    22     2    13    11     0     6     3    30    36    39
    23     4    94    83    14   125     6    26    28    32    36    37    38
    24     2    95    85    16   133     4    26    33    38    40
    25     9    82    63     4   133     1    45
    26     3    63    83    14    54     2    31    39
    27     1    82    53    14   110     2    36    43
    28     7    12    30     2    18     1    33
    29     9    56    55    11    47     1    38
    30     3    36    42    11    18     1    43
    31     8    25    33    10    35     1    43
    32     1    83    72     7    98     1    38
    33     2    12    20     1     8     3    42    45    46
    34     4    23    53    10    81     3    43    45    47
    35     9    43    21     0    63     1    46
    36     4    23    42     9    47     1    51
    37     5    30    22    10    27     1    51
    38     1    64    53    12    92     2    39    50
    39     2   107    94    15   117     2    45    46
    40     2    96    62     8    70     1    51
    41     8    12     9     3    19     2    48    50
    42     5    13    19     3    36     6    43    44    46    47    48    50
    43     1    23    43     2    81     1    51
    44    10     3    11     3    34     1    47
    45     9    12    24    10     7     1    48
    46     4    12     5     1     0     3    47    48    50
    47     5    25    18     1    22     1    51
    48     2    37    28     6    36     1    51
    49    10    82    63     5   110     1    51
    50     6    19    26     4     8     1    51
    51     0     0     0     0     0     0
--------------------------------------------------------------------------------
TRANSFER TIMES OF GLOBAL RESOURCE G1
 DEPOT    P1    P2    P3    P4    P5    P6    P7    P8    P9   P10   P11   P12   P13   P14   P15   P16   P17   P18   P19   P20
     0    24     9    30    17    33    17    22     7    23    28    22    17    14    12    15    19    20    20    20    20
    24     0    26    49    35    16    30    45    19    35    29    38    27    11    24    36    41    33    34    40    39
     9    26     0    37    10    38     8    20     8    14    20    14    26    19    21    10    25    29    12    14    28
    30    49    37     0    41    49    43    31    37    48    57    44    23    39    25    35    13    18    45    39    11
    17    35    10    41     0    47     7    15    18     8    20     5    34    28    29     7    28    36     5     6    33
    33    16    38    49    47     0    43    54    30    49    44    51    27    20    26    46    44    32    47    51    40
    17    30     8    43     7    43     0    21    15     7    15     9    33    24    28    11    31    36     5    12    34
    22    45    20    31    15    54    21     0    26    23    35    16    33    35    30    11    20    33    20    11    26
     7    19     8    37    18    30    15    26     0    21    22    22    21    11    16    17    26    25    19    22    26
    23    35    14    48     8    49     7    23    21     0    14     7    39    30    34    14    36    42     3    13    40
    28    29    20    57    20    44    15    35    22    14     0    21    43    29    37    26    45    47    16    26    47
    22    38    14    44     5    51     9    16    22     7    21     0    38    32    33    10    31    40     6     6    36
    17    27    26    23    34    27    33    33    21    39    43    38     0    18     6    30    19     6    37    35    14
    14    11    19    39    28    20    24    35    11    30    29    32    18     0    14    27    30    23    28    32    28
    12    24    21    25    29    26    28    30    16    34    37    33     6    14     0    25    18    10    32    31    15
    15    36    10    35     7    46    11    11    17    14    26    10    30    27    25     0    22    32    11     6    27
    19    41    25    13    28    44    31    20    26    36    45    31    19    30    18    22     0    16    33    27     7
    20    33    29    18    36    32    36    33    25    42    47    40     6    23    10    32    16     0    39    37    10
    20    34    12    45     5    47     5    20    19     3    16     6    37    28    32    11    33    39     0    10    37
    20    40    14    39     6    51    12    11    22    13    26     6    35    32    31     6    27    37    10     0    32
    20    39    28    11    33    40    34    26    26    40    47    36    14    28    15    27     7    10    37    32     0
--------------------------------------------------------------------------------
TRANSFER TIMES OF GLOBAL RESOURCE G2
 DEPOT    P1    P2    P3    P4    P5    P6    P7    P8    P9   P10   P11   P12   P13   P14   P15   P16   P17   P18   P19   P20
     0    19    21    26    21    12     3    16    22     9    25    35    25     8    13    10     3    31    33    15    12
    19     0    20    27    36    13    21    20    12    17    42    41    38    24    13    27    22    49    40    34    30
    21    20     0     8    40    10    22    32    30    12    44    54    24    28     9    21    23    43    52    32    25
    26    27     8     0    45    17    28    39    38    18    48    61    23    34    17    25    28    45    59    35    28
    21    36    40    45     0    32    19    20    33    29     8    24    35    13    33    22    18    24    22    14    20
    12    13    10    17    32     0    14    23    22     5    36    44    25    20     1    16    15    39    43    25    20
     3    21    22    28    19    14     0    17    24    11    23    35    24     7    15     9     1    28    33    13    10
    16    20    32    39    20    23    17     0    13    22    27    22    40    14    24    25    17    40    21    25    25
    22    12    30    38    33    22    24    13     0    24    40    32    45    24    22    32    24    51    31    35    34
     9    17    12    18    29     5    11    22    24     0    33    43    22    17     6    12    11    35    41    21    16
    25    42    44    48     8    36    23    27    40    33     0    30    34    18    37    24    22    18    28    13    20
    35    41    54    61    24    44    35    22    32    43    30     0    56    29    45    42    35    47     2    36    41
    25    38    24    23    35    25    24    40    45    22    34    56     0    28    26    16    24    25    54    22    16
     8    24    28    34    13    20     7    14    24    17    18    29    28     0    21    13     6    27    27    12    13
    13    13     9    17    33     1    15    24    22     6    37    45    26    21     0    17    16    40    43    26    21
    10    27    21    25    22    16     9    25    32    12    24    42    16    13    17     0     9    23    40    11     4
     3    22    23    28    18    15     1    17    24    11    22    35    24     6    16     9     0    28    33    13    10
    31    49    43    45    24    39    28    40    51    35    18    47    25    27    40    23    28     0    45    16    20
    33    40    52    59    22    43    33    21    31    41    28     2    54    27    43    40    33    45     0    35    39
    15    34    32    35    14    25    13    25    35    21    13    36    22    12    26    11    13    16    35     0     8
    12    30    25    28    20    20    10    25    34    16    20    41    16    13    21     4    10    20    39     8     0
--------------------------------------------------------------------------------
Additional Information: 
global resource strength = 0.5
transfer time factor = 0.5
adapted from RCPSP instances: 
[sD160, sD24, sD350, sD127, sD363, sD119, sD218, sD262, sD370, sD329, sD338, sD30, sD141, sD292, sD300, sD140, sD155, sD191, sD258, sD372]
