--------------------------------------------------------------------------------
PORTFOLIO INFORMATION:
#projects
    20
#global resources
     2
R_G1   R_G2   
   971   803
--------------------------------------------------------------------------------
INFORMATION OF PROJECT 1:
#jobs  release  duedate
    52     0    60
#local resources
     2
R_L1   R_L2   
    17    19
jobnr.  dur.  r_G1  r_G2  r_L1  r_L2  #succ.  successors
     0     0     0     0     0     0    17     1     2     3     4     5     6     8     9    10    11    14    15    16    18    21    24    28
     1     7     4     4     0     0    12    12    13    20    22    23    26    29    34    46    47    48    49
     2     8    10     7     1     1     8     7    17    22    29    33    34    35    49
     3     3     0     3     0    11    11    19    20    23    25    26    27    46    47    48    49    50
     4     9     0    10     0    10     4     7    22    29    49
     5     9     0    10     0     1     8    12    20    31    34    41    46    48    50
     6    10     0     0     1     9     9    20    27    31    33    34    35    46    47    50
     7     9    10    10     0     0     6    12    20    31    40    41    48
     8     6     8     1     0     0    10    22    29    33    35    38    39    40    44    45    47
     9     9     9     3     0     0     9    25    32    33    34    40    44    46    48    49
    10     6     0     4     0     1     8    27    31    32    33    34    42    43    44
    11     1     0     1     0     2     5    20    25    31    34    46
    12     8     7     0     8     0     6    25    30    32    39    43    44
    13     2     6     0     0     6     6    27    36    39    41    43    50
    14    10     0    10     0     6     6    30    32    33    40    43    44
    15     5     7    13     9     0     6    30    31    32    35    40    46
    16     9     6     0     3     0     6    30    36    40    45    46    47
    17     1     0     3     1     0     4    27    41    46    47
    18     6     1    16     9     0     6    33    37    38    39    40    46
    19     7    10     0     3     0     5    31    32    39    43    44
    20     4     0     7     0     8     6    30    31    36    38    42    43
    21     7     4     3     0     0     5    31    39    41    47    48
    22     6     0     6     0     1     5    30    31    42    43    49
    23     7     9     2     0     0     4    32    33    36    42
    24     7     0     5    15     1     2    27    36
    25     4     4     1     0     0     3    37    42    45
    26     3    10     9     0     0     4    36    38    39    40
    27     2     2     1     0     0     3    30    38    40
    28     5     0     4     0     2     2    39    42
    29    10     0     5    10     0     1    30
    30     1     1     2     0     2     2    37    43
    31     5     1     8     0     0     1    51
    32     1     2     0     0     2     1    38
    33     2    10     0     4     0     1    41
    34     8     0     7     8     5     2    39    46
    35     1     0    10     0     9     1    36
    36     3     7     0     0    10     1    51
    37     3     9    10     0     0     1    51
    38     7     5     0     0     6     1    51
    39     6    17     0     1    11     1    51
    40     3    10     0     5     4     1    51
    41     4     0     3     0     8     1    51
    42    10     2     0     0     1     1    51
    43     5     8     8     0     0     1    51
    44    10     5     0     0     8     1    51
    45     7     1     0     0     5     1    51
    46     8     0     2     0     7     1    49
    47     1     0     8     0     1     1    51
    48     5     1     0     0     6     1    51
    49     2     0     5     0     5     1    50
    50     2     0     2     0     1     1    51
    51     0     0     0     0     0     0
--------------------------------------------------------------------------------
INFORMATION OF PROJECT 2:
#jobs  release  duedate
    52     0   114
#local resources
     2
R_L1   R_L2   
    14    14
jobnr.  dur.  r_G1  r_G2  r_L1  r_L2  #succ.  successors
     0     0     0     0     0     0    11     1     4     5    10    12    17    22    23    25    35    48
     1     2     6    13     1     4     6     2    24    40    42    46    47
     2     2    20    10    12     1     4     3    11    37    47
     3    10    21     4     7    10     4     6    16    33    34
     4     2    16    10     6     0     3     9    40    41
     5     8     6     4     1     7     8     7    13    20    27    29    33    36    41
     6     4    11     8     6    10     5     9    11    29    30    44
     7     9    15     9     8     8     7     8    14    20    30    31    36    38
     8     2    16     0     3    10     6    18    28    31    32    33    43
     9     1     9     1     5     4     3    13    28    31
    10     2     7     0     1     0     5    11    13    19    27    30
    11     2     0     5     5     3     2    18    27
    12     4    10     0     0     9     6    26    27    32    43    44    47
    13     2    15     2     1     9     2    15    43
    14     9     8     0     6     0     4    20    32    33    44
    15     9     5     4     0     2     1    18
    16     4     0     0     6     7     1    51
    17     4    17     4     1     8     3    27    33    34
    18     3     9     6     0     8     3    19    21    39
    19     5    23     2     8     4     2    26    41
    20     1     3    10     0     0     1    51
    21     5     5    11     2     6     1    51
    22     9    31     0     3     1     1    39
    23     6     0     8     5     0     1    51
    24     7     6     0     0     3     1    51
    25     5    18     0     4     9     1    42
    26     9    13     8     0     3     1    51
    27    10     0     6     4     0     1    51
    28     6     7     9     9     7     1    51
    29     1     0     0     2    11     1    32
    30     2    14     7     1     0     1    51
    31     5     0     8     3     1     2    39    43
    32     2    18     8     0    10     1    38
    33     2     3     0     5     0     1    45
    34     7     6     8     3    13     1    43
    35     9    22    11     2     8     1    39
    36     6     3     8     0     8     1    51
    37     4     7     6    12     8     1    45
    38     8    11     4     9     4     2    45    49
    39     3     6     1    10     3     1    51
    40     6     4    10     1     0     3    43    44    45
    41    10     0     0     7     4     1    51
    42     2     0     2     0     4     1    45
    43     2     4    14     0     6     2    49    50
    44     4    11     0     8     7     2    45    49
    45     2     1     8     1     9     2    49    50
    46     2     3    10     6    10     1    51
    47     9     4     6     1     0     1    51
    48     8     8     9     6     8     1    50
    49    10     1     9     0     2     1    51
    50    10     9     6     8     0     1    51
    51     0     0     0     0     0     0
--------------------------------------------------------------------------------
INFORMATION OF PROJECT 3:
#jobs  release  duedate
    52     0   133
#local resources
     2
R_L1   R_L2   
    18   151
jobnr.  dur.  r_G1  r_G2  r_L1  r_L2  #succ.  successors
     0     0     0     0     0     0     7     1     3    12    18    25    29    49
     1     3   115   110    17   133     2     2     6
     2     5   115   110    17   133     1     4
     3     5     4     5     1    18     4     4     6    42    48
     4     1    28    16     6    59     1     5
     5     1   119   115    18   151     1     7
     6    10    95   104    15   111     1    38
     7     5   119   115    18   151     2     8    40
     8     1    28    16    11    59     2     9    14
     9     2    37    51     6    12     3    10    35    38
    10     9    28    16    11    59     4    11    16    34    37
    11    10    65    83    18    88     3    13    16    32
    12    10    91    99     7    92     8    15    16    21    22    23    24    31    41
    13     1    95    73     8   124     3    15    28    43
    14     9     9     1     0     6     4    17    26    36    42
    15     1    45    51    13    12     4    17    22    26    34
    16     1     2    52     0     7     1    17
    17     3   102    83    13    98     1    19
    18     6    87    57     7   124     1    24
    19     8    11    52    12    18     3    20    27    30
    20     5     8    21     1     7     2    46    48
    21    10   107    89     8   143     1    51
    22     6    15     5     0     6     1    30
    23     9    91    89    12    92     3    26    28    37
    24     8    56    84    16   129     7    26    27    32    33    38    40    46
    25    10    65    63     5   133     1    45
    26     2     3     6    10    33     4    31    32    39    41
    27     2    11     5     0    66     2    36    50
    28     7    54    30     2    16     2    30    33
    29    10    48    54    12    22     3    38    43    46
    30     3    32    43    11    18     2    32    43
    31     4    11    18     9    41     1    46
    32     1    21    86     3    59     1    51
    33     3    12    31     4     8     1    42
    34     4    38    47    13    54     4    36    38    45    46
    35     9    54    32     0    63     2    38    41
    36     3    46    53     9    46     1    51
    37     5    24    42    10    27     1    38
    38     1     8    74     5    91     1    47
    39     3   107    89    14   117     2    45    47
    40     2    96    13     5    51     1    48
    41     4     1    23     4    13     1    43
    42     5    17    11     3    40     3    44    46    50
    43     2   108   110    17    85     1    51
    44     9     1     4     1    34     2    46    47
    45     9     2    16    10     2     1    51
    46     2     7     0     2     8     1    51
    47     4     0     3     3    10     1    51
    48     3     2    18     6    52     1    51
    49     9    82    49     3   110     1    50
    50     6    12    26     4     8     1    51
    51     0     0     0     0     0     0
--------------------------------------------------------------------------------
INFORMATION OF PROJECT 4:
#jobs  release  duedate
    52     0   122
#local resources
     2
R_L1   R_L2   
    12    11
jobnr.  dur.  r_G1  r_G2  r_L1  r_L2  #succ.  successors
     0     0     0     0     0     0    10     1    12    16    19    24    28    36    39    46    47
     1     7    11    18     9     4     8     2    18    37    38    40    41    42    43
     2     2     1    13    10     5     2     3    45
     3     4     1     9     3     0     1     4
     4     6     5    13    12    11     4     5    32    33    35
     5     2     1    13     4    11     4     6    29    30    31
     6     5     3    14     0     5     2     7    45
     7     2    11     3     0     1     4     8    15    26    27
     8     9     7    15     9     7     3     9    23    32
     9     4     0     9     0     3     2    10    25
    10     9     5     4     4    10     3    11    21    34
    11     2     0     3     9     7     2    13    22
    12     4     0     0     3     7     1    37
    13    10     8     3     6     0     2    14    50
    14    10     2     0     6     0     3    17    44    45
    15    10     0     3     8     2     1    17
    16    10     0     7     6     8     1    49
    17    10     0     4     0     1     2    20    31
    18     5     0     0     2     4     1    51
    19     6     3     0     0     5     1    37
    20     3     0     9     8     7     1    51
    21     3     0     2     7     0     1    51
    22    10     2     0     4     1     3    31    44    45
    23     1     8     6     0     4     1    51
    24     5     7     2     0     8     1    34
    25     5     0    14     2     0     1    51
    26     8     2     0     3     2     1    45
    27     2     5    16     3     4     1    51
    28     2     0     9     6     9     1    51
    29    10     0     1     0     1     2    44    49
    30     4     9     4     8     3     1    33
    31     7     0     4     0     8     1    51
    32     4     0     0     8     3     1    51
    33     7     0    14     4     2     1    51
    34     8     1     0     1     2     1    51
    35     6     5    18     1     8     1    48
    36    10     9     2     8     0     1    48
    37     6     0     1     6     1     1    51
    38     8     6     0     0     2     1    51
    39    10     9    15     8     0     1    45
    40     8     2     0     6     0     1    51
    41     3     0     4     9     2     1    49
    42     9     7    14     0     9     1    51
    43     5    10     0     1     0     1    51
    44     1     0     2     0     9     1    51
    45     3     0    14     2     8     1    51
    46    10     6     6     0     0     1    51
    47     3     0     1     0     5     1    50
    48     2     0    15     1    10     1    49
    49     8     4     4     0     1     1    51
    50     9     1    12     1     8     1    51
    51     0     0     0     0     0     0
--------------------------------------------------------------------------------
INFORMATION OF PROJECT 5:
#jobs  release  duedate
    52     0   135
#local resources
     2
R_L1   R_L2   
   170   143
jobnr.  dur.  r_G1  r_G2  r_L1  r_L2  #succ.  successors
     0     0     0     0     0     0     4     1     8    40    44
     1     5    11     3    70   131     1     2
     2     6    15    12   170   143     2     3    43
     3     8    15    12   170   143     3     4    16    42
     4     2    11     0    66   131     3     5    26    39
     5     2    11    10   166   143     4     6    35    37    49
     6     4     6     0    66   125     5     7    19    32    33    34
     7     2    15    12   170   143     3     9    30    31
     8     8     4     9   100    12     4     9    31    38    41
     9     1     2     0    42   103     4    10    27    28    29
    10     5     2     2    36    92     5    11    23    24    25    29
    11     4     2     0     1    10     5    12    20    21    22    38
    12     6     4     2    17    21     1    13
    13     2     5     8    29     6     3    14    18    50
    14     3    10     1    25    16     1    15
    15    10     3     0    28    87     1    17
    16    10    10    10   133    46     2    30    31
    17     7     0     5    16    19     1    51
    18    10     0     3     7    36     1    51
    19     2     2     0     1     1     1    23
    20     2     8     5    68   101     1    46
    21     4     9     9   135    44     1    38
    22     6     2     5    62   108     1    23
    23     3     4     9   131    95     1    37
    24     3     9     4    76     5     1    51
    25     2     1     7    95    28     1    42
    26     5     4     2     4     0     1    30
    27     3     9    12   162   121     1    51
    28     5    10     0    25    10     1    51
    29    10     0     2     7    10     1    51
    30     7     0     0     7    12     1    42
    31     5    10     0    31    30     1    51
    32     3     9     0   127    39     1    46
    33     9     2     6    35    82     2    36    38
    34    10    11     5   139    95     1    51
    35     3     4     0     0     6     1    51
    36     3     9     2    69   124     1    42
    37     2    15    10   156   121     1    48
    38     8     8     6   100    15     1    51
    39     6     7     8   158   130     1    46
    40    10     0    12   104    12     1    51
    41     5     5     8    29    19     1    42
    42     4     0     0    65   121     1    45
    43    10    13     2   132    65     1    51
    44    10     9     8   104    18     1    48
    45     1    11     5   135    46     1    46
    46     9     0     4    62   117     3    47    48    49
    47     5    10     0    32     7     1    49
    48     7     0     6    31     3     1    49
    49     1     3     5    42    10     1    51
    50     7     7     3     5     0     1    51
    51     0     0     0     0     0     0
--------------------------------------------------------------------------------
INFORMATION OF PROJECT 6:
#jobs  release  duedate
    52     0   132
#local resources
     2
R_L1   R_L2   
   173   143
jobnr.  dur.  r_G1  r_G2  r_L1  r_L2  #succ.  successors
     0     0     0     0     0     0     5     1    16    20    22    23
     1     4   170    12   173   143     2     2    44
     2    10   170    12   173   143     3     3     8    25
     3     5   170    12   173   143     1     4
     4     3   170    12   173   143     2     5    25
     5     1    39    11   106   103     6     6    19    32    34    39    45
     6     4    66     0    13   100     2     7    33
     7     6   170    12   173   143     3     9    30    43
     8     9   100     7   152    19     4     9    27    30    45
     9     1    39    11   106   103     2    10    29
    10     4    53     7    62    45     2    11    26
    11     4    53     9    62    19     3    12    21    31
    12     8    16     0    13    12     2    13    46
    13     1    47     1     8     0     3    14    18    31
    14     1    67     3    17    18     2    15    35
    15     7    14     4    31    73     1    17
    16    10   131     1    67    40     1    39
    17    10     9     0     0     3     1    51
    18    10     0     3    38    36     1    51
    19     2     9     3    12    73     2    42    43
    20     8    83     4    59    89     1    42
    21     6    98     1    97    57     2    24    32
    22    10    63     7   128   112     1    51
    23    10   117     3   111    98     4    27    32    37    40
    24     8     9     5    12     4     1    48
    25     4   152     6   142    67     2    34    42
    26     5     4     1     0     0     2    28    37
    27     5   170    12   173   143     1    35
    28     6    40     1    12     1     1    32
    29     8    38     0     6    41     1    51
    30     1    45     4   137    86     2    38    42
    31     7     1     0     1    22     1    49
    32     1    64     7   114    29     1    46
    33     5    43     7    63    57     1    36
    34     1   141     6   148   121     1    48
    35     1    36     5    18     6     1    51
    36     1    70     2    21   124     1    41
    37     2    71     0    76    26     1    42
    38     1    25     5   140     9     1    51
    39     3   157     6   154   134     1    51
    40     9   104    12   160    43     2    41    42
    41     1    19    10    63    42     1    42
    42     6    67     1   114   121     1    46
    43     1    43     5    13     3     1    46
    44     8   103     8    59    22     1    45
    45     2   122     7    32    70     2    48    49
    46     8   103     6   153   121     2    47    48
    47     5    13     0    19     9     1    50
    48     9    38     6    32    20     2    49    50
    49     2    72     4    45    28     1    51
    50     7    98     4    45    28     1    51
    51     0     0     0     0     0     0
--------------------------------------------------------------------------------
INFORMATION OF PROJECT 7:
#jobs  release  duedate
    52     0   146
#local resources
     2
R_L1   R_L2   
    12   143
jobnr.  dur.  r_G1  r_G2  r_L1  r_L2  #succ.  successors
     0     0     0     0     0     0    10     1     8    16    19    22    23    29    34    44    45
     1     7   173   170    12   143     1     2
     2     1   173   170    12   143     1     3
     3     6   173   170    12   143     3     4    20    32
     4     7   173   170    12   143     1     5
     5     4   173   170    12   143     3     6    32    35
     6     3    13    66     0   125     1     7
     7     5   173   170    12   143     4     9    30    36    38
     8     5   148   100    12    18     6     9    30    38    39    40    41
     9     9   173   170    12   143     3    10    26    28
    10     5    62    60    12    48     2    11    25
    11     2    53    60    11    19     5    12    21    30    35    42
    12     2    11    16     2     6     1    13
    13     1    59    56     8    16     2    14    18
    14     3     2    35     1    18     2    15    48
    15     7    31    11     4    87     1    17
    16     1   120    14     1    63     2    27    47
    17     9     0     9     0     5     1    51
    18     9     6     0     3    36     1    51
    19     3   147   161     2    67     1    51
    20     3   128    90     7   112     1    51
    21     6    74    72     0    50     3    24    26    46
    22     7   128    63    10   115     1    51
    23    10   111   110     0    95     4    27    33    37    40
    24     1    12     9     5     4     1    51
    25     4   142   135     7    56     3    35    37    42
    26     8     0     4     1     0     1    47
    27     4   173   166    11   143     1    51
    28     7    10    40     0    19     1    32
    29     1     6    65     0    51     2    31    42
    30     9     0     7     3     3     1    51
    31     8     0    51     0    22     1    51
    32     2    76    41     4    46     1    46
    33     5    53    24     7    57     1    36
    34    10   142   119     6   104     1    49
    35     2    20     0     6    35     1    38
    36     3    25    70     0   124     1    41
    37     2     4    71     5    26     1    51
    38     1    12     6     6    21     1    47
    39    10   173   166    11   143     1    51
    40     4   160   104    12    18     2    41    43
    41     1    24    82     5    39     1    42
    42     8   114    64     0   121     1    46
    43     1    53    40     9    69     1    51
    44    10    59   102    10    18     1    47
    45     8   142   159     3    56     2    48    49
    46     9   150    95     4   117     1    47
    47     3   142    39     5    34     2    48    49
    48     9    31    39     6    34     1    50
    49     3    45    32     4    20     1    51
    50     7    45    98     2    20     1    51
    51     0     0     0     0     0     0
--------------------------------------------------------------------------------
INFORMATION OF PROJECT 8:
#jobs  release  duedate
    52     0   117
#local resources
     2
R_L1   R_L2   
    33    22
jobnr.  dur.  r_G1  r_G2  r_L1  r_L2  #succ.  successors
     0     0     0     0     0     0     9     1     4     5    10    12    22    25    35    48
     1     2     1     4     7    13     6     2    24    40    42    46    47
     2     2    12     1    20    10     4     3    11    37    47
     3    10     7    10    21     4     4     6    16    33    34
     4     2     8     0    29    10     5     9    17    40    41    43
     5    10     1     7     4     4     7     7    13    20    29    33    36    41
     6     1     6    10    12    10     4     9    29    30    44
     7     9     8     8    14     9     6     8    14    30    31    36    38
     8     6     3    10    11     0     7    18    28    29    31    32    33    43
     9     1     5     3     9     1     3    13    28    31
    10     4     1     0     3     0     6    11    15    19    27    30    31
    11     2     5     3     0     0     3    18    27    34
    12     4     0     9    10     0     6    26    27    32    43    44    47
    13     2     1     9    15     2     2    15    43
    14     9     6     0     8     0     5    20    28    32    33    44
    15     8     0     2     0     4     2    18    23
    16     4     6     7     2    19     1    51
    17     6     0     8    17     4     4    21    27    33    34
    18     3     0     8     9     0     3    19    21    39
    19     5     8     4    20     2     2    26    41
    20     5     0     0     3    10     1    51
    21     5     1     6     5    11     1    51
    22     8     3     1    32     7     1    51
    23     1     5     2     0     8     1    39
    24     2     0     3     6     0     1    33
    25     5     4     9    18     0     1    42
    26    10     0     3    20     8     1    51
    27     3     6     0     0     6     1    51
    28     6     9     7     7     9     1    51
    29     1     9    11     1     0     1    32
    30     9     1     0    14     0     1    49
    31    10     0     1     0     8     3    32    39    43
    32     2     1    10    19     2     1    38
    33     7     5     0     0     0     1    45
    34     9     3    12    33     8     1    44
    35     7     2     8    22    11     1    39
    36     9     0     8     3     8     1    51
    37     4    12     8     7     0     1    45
    38     8     0     4    11     0     2    45    49
    39     3    10     3     6     1     1    51
    40     2     5     0     4    10     3    43    44    45
    41    10     7     4     0     0     1    51
    42     2     0     4     0     2     2    45    47
    43     2     0     6    12    14     3    44    49    50
    44     4     8     7    11     0     2    45    49
    45     2     1    10     1     2     2    49    50
    46     2     6    10    19     0     1    51
    47     6     1     0     4     6     1    51
    48     4     6     8     4     9     1    49
    49    10     0     2     1     9     1    51
    50    10     8     0    10     6     1    51
    51     0     0     0     0     0     0
--------------------------------------------------------------------------------
INFORMATION OF PROJECT 9:
#jobs  release  duedate
    52     0   113
#local resources
     2
R_L1   R_L2   
   140    11
jobnr.  dur.  r_G1  r_G2  r_L1  r_L2  #succ.  successors
     0     0     0     0     0     0    10     1    19    21    27    29    30    36    44    46    49
     1     6    17     9   132    11     7     2    33    38    39    40    41    42
     2     1    17     9   132    11     1     3
     3     1    13     4    94     2     2     4    25
     4     2     8     0    94     2     2     5    31
     5     4    13    15   131    11     2     6    32
     6     1     9     5   122    11     1     7
     7     2    12     5   123     4     3     8    15    24
     8     8    12    11    93     6     5     9    16    23    37    43
     9     8     5     0    19     3     4    10    15    22    32
    10     5     5     5    34     5     3    11    17    20
    11     3     0     8    12     0     1    12
    12     6     1     7   112     2     1    13
    13     6     5     4    97    10     3    14    26    38
    14     7     4     8    29     0     1    18
    15     3     2     9    16     0     1    51
    16     9     0     2    10     0     1    51
    17     4     2     9    12     3     2    28    39
    18     4     5     0    12     0     1    51
    19     8     4    11    39     4     1    51
    20     9    10     9    33     0     2    35    45
    21     4    12    10    36     0     1    51
    22     7     0     0    20     4     2    34    45
    23     9     7     6    65     0     1    51
    24     2     3     7    63     7     1    35
    25     1     0     0    37     4     1    43
    26     2     0     4    77     1     1    39
    27     7    10     0    20     8     1    39
    28     8     0     0    10     6     1    51
    29     8     4     0     9     0     1    51
    30    10    12    13    57     0     2    33    50
    31     2     4    10     9     0     1    50
    32     1    10     0    51     9     2    38    50
    33     2    15     3    13     0     3    38    43    50
    34     8     0     0    24     6     1    51
    35     3     4     0     0     6     1    38
    36     7    16     5    18     9     1    47
    37    10     0     1    22     5     1    51
    38     4    11     0    85     0     1    51
    39     5     6     3     7     4     1    51
    40     1     1    11    34     1     1    48
    41     3     4     9    38     5     1    50
    42     5     1     4    38     5     1    51
    43     4     0     1     7     5     1    45
    44     7     6     6   102    11     3    45    47    48
    45     5     7     0     7     2     1    51
    46    10     2     5   111     7     1    47
    47     8     0     6     8     0     1    51
    48     2     1     8    29     9     1    51
    49     8     5     7    12     7     1    50
    50     9    12    10   106     0     1    51
    51     0     0     0     0     0     0
--------------------------------------------------------------------------------
INFORMATION OF PROJECT 10:
#jobs  release  duedate
    52     0    93
#local resources
     2
R_L1   R_L2   
    12    15
jobnr.  dur.  r_G1  r_G2  r_L1  r_L2  #succ.  successors
     0     0     0     0     0     0    16     1     2     3     4     5     6     7     8     9    10    11    12    13    15    16    19
     1     9     2     0     0     9     9    18    20    21    22    23    26    27    30    50
     2     6     8     9     0     0     7    14    18    20    21    36    49    50
     3     2     0     0     3     5     7    18    20    21    26    36    49    50
     4     4     0     0     6     9     8    20    21    26    30    33    34    49    50
     5     5     9     0     0     7     7    21    22    23    24    29    31    50
     6     1     0    10    10     0     8    17    21    26    30    34    36    48    49
     7     1     9     4     0     0     5    14    22    27    30    36
     8     3     3     0     0     3     9    23    28    29    30    33    35    36    46    50
     9     1     7     0     0    10     8    21    22    26    29    32    34    49    50
    10     2     8     2     0     0     9    21    25    32    34    36    47    48    49    50
    11     7     2     0     0     7     6    20    34    35    42    46    49
    12    10     5     5     0     0    13    28    32    35    36    41    42    43    45    46    47    48    49    50
    13     5     5     3     0     0     9    25    28    33    34    35    42    44    46    50
    14     1     9     0     2     0     7    26    32    33    34    35    43    46
    15     6     8     7     0     0     5    21    29    32    47    49
    16    10     4     0     0    10    11    28    29    34    41    42    43    44    45    46    47    49
    17    10     0     3     6     0     7    25    28    29    32    35    42    46
    18     5     3     0     0     5     9    32    33    34    39    42    43    45    46    47
    19     2     0     0     1     3     7    28    30    31    35    44    46    49
    20     6     7     0     5     0     6    25    28    29    32    47    48
    21     9     4     0     0     1     8    28    35    38    41    42    43    44    46
    22     3    10     0     0     3     8    28    38    41    43    44    46    47    48
    23     8     2     0     3     0     8    32    34    39    40    41    43    45    47
    24     4     1     0     0     8     6    27    37    40    41    43    48
    25     9    10     0     0     4     6    37    38    39    41    43    45
    26     3     0     0     8     9     6    37    39    40    42    45    47
    27    10     9     0     8     0     3    34    42    49
    28     3     5     6     0     0     3    37    39    40
    29    10     8     0     0    10     3    37    39    40
    30     8     5     0     1     0     3    41    42    45
    31    10    10     0     6     0     3    38    39    41
    32     1     6     0     0     6     2    37    44
    33     3     6     9     0     0     2    40    48
    34    10     7    10     0     0     1    38
    35    10     3     1     0     0     1    37
    36    10     0     1     0     9     1    38
    37    10     0     6     2     0     1    51
    38     1     8     0     5     0     1    51
    39     5     2     0    10     0     1    51
    40     9     0     8     5     0     1    51
    41     4     6     7     0     0     1    51
    42     4     3     5     0     0     1    51
    43    10     0     1     8     0     1    51
    44    10     0     0     5     9     1    51
    45     8     0     6     0     3     1    51
    46    10     0     0     1     1     1    51
    47     9     7     0     9     0     1    51
    48     4     0     0     7     9     1    51
    49     1     0     7     0     5     1    51
    50     5     6     0     0     6     1    51
    51     0     0     0     0     0     0
--------------------------------------------------------------------------------
INFORMATION OF PROJECT 11:
#jobs  release  duedate
    52     0   152
#local resources
     2
R_L1   R_L2   
   173    12
jobnr.  dur.  r_G1  r_G2  r_L1  r_L2  #succ.  successors
     0     0     0     0     0     0     9     1     8    20    22    23    38    43    44    45
     1     1   170   143   173    12     1     2
     2     8   170   143   173    12     2     3    16
     3     5   170   143   173    12     1     4
     4     3   170   143   173    12     1     5
     5     4   170   143   173    12     2     6    32
     6     3    67    92    13     2     4     7    19    26    33
     7     1   170   143   173    12     1     9
     8     8   100    19   148    10     5     9    34    39    40    41
     9     5   159   140   173    12     3    10    28    29
    10     7    53    48    62    10     3    11    25    28
    11     2    55    19   120     3     2    12    21
    12     1    15    55    12     0     1    13
    13     1    40    70    50     0     2    14    18
    14     3    44    18    10     0     1    15
    15     9    11    61    21     4     1    17
    16     1   152    79   152     6     2    36    46
    17     8     7    19     0     0     1    51
    18    10     0    36     3     3     1    51
    19     1   111   121    53     9     2    28    30
    20    10    84   101   119     6     1    51
    21     6    72    55    73     1     2    24    46
    22     8    63   112   128     8     1    51
    23     9   117    95   111     2     6    24    26    27    30    32    33
    24     9     9     4    12     3     1    51
    25     4   152   104   161     9     3    35    37    42
    26    10     4     0     0     0     1    35
    27     6   163   140   173    12     1    51
    28    10    40    15    10     2     1    32
    29     1    52    29    14     2     1    31
    30     4     7     3     0     0     2    37    46
    31     7    46    22     1     0     1    32
    32     3    76    29    88     8     1    46
    33     5    29    58    53     9     1    36
    34     7   139    98   142     6     2    37    50
    35     1    73    15    54     5     1    46
    36     2    70   124    25     2     1    41
    37     1   130    29   120     7     1    51
    38     9   130   107   161     9     2    39    41
    39    10   159   140   173    12     1    51
    40     6   101    51   160     7     2    41    42
    41     2    82     3    54     5     1    42
    42     8    67   121   114     2     1    46
    43     1    33   114    53     3     1    51
    44     9   103    22    59    10     1    47
    45    10   110    82   152     8     3    47    48    50
    46     8   117   120   151     9     1    47
    47     4    15     9    19     1     2    48    49
    48     9    31    23    31     6     1    50
    49     4    54    12    45     4     1    51
    50     8   100    12    45     4     1    51
    51     0     0     0     0     0     0
--------------------------------------------------------------------------------
INFORMATION OF PROJECT 12:
#jobs  release  duedate
    52     0   141
#local resources
     2
R_L1   R_L2   
    18   115
jobnr.  dur.  r_G1  r_G2  r_L1  r_L2  #succ.  successors
     0     0     0     0     0     0     7     1     3    12    14    25    34    49
     1     7   110   145    16   110     7     2     6    18    21    23    43    47
     2     7   110   145    16   110     4     4     6    26    44
     3     1    14    18     5    30     3     4     6    23
     4     1    28    59     8    16     1     5
     5     8   110   145    18   114     5     7    16    39    41    48
     6     1   101   139    16   109     3     8    38    41
     7     2   119   151    18   115     2     8    38
     8     2    28    59    11    16     1     9
     9     7    84   132    12    87     2    10    35
    10     9    28    56    11    16     2    11    37
    11    10    94    68    12    83     3    13    30    32
    12    10    91    92     7    99     9    16    17    21    22    23    29    31    41    48
    13     1    89   124     8    73     3    15    28    31
    14     1     9     6     0     1     1    51
    15     3    45    12    14    47     1    17
    16     1    44    59     0    38     1    17
    17     7   110   145    16   110     2    19    33
    18     7    85   104     7    60     1    24
    19     8    11    16    12    49     5    20    27    30    44    45
    20     4    12     7     3    21     1    50
    21     4   107   143     5    86     1    51
    22     6     9     6     2     5     1    30
    23     8    93    96    12    89     5    26    27    28    37    46
    24     7    56   117    13    84     4    26    32    38    40
    25    10    65   133     1    63     1    51
    26     2    30     2    10     2     3    31    39    46
    27     5    11    66     5    30     2    36    46
    28     7    54    16     2    30     1    33
    29     9    74     7    12    54     1    38
    30     3    34    18    11    47     2    32    43
    31     4    10    21     9    32     1    43
    32     1    21    55     5    59     1    51
    33     3    12     8     4    29     1    42
    34     4    49    54     8    34     1    51
    35     9    25    83     0    32     1    50
    36     3    65    92     9    53     1    51
    37     5    30    27    10    42     1    43
    38     2   107    96     8    83     1    47
    39     3   107   117    11    86     2    45    46
    40     3    96    78     2    37     3    41    46    48
    41     3    26    13     4    23     1    51
    42     5    19    40     3    15     3    44    47    50
    43     2    58    81     1    47     1    51
    44     9     1    34     1     4     1    51
    45     9     2     2    10    18     1    51
    46     2    20     7     7    31     1    51
    47     4     0     0     3     3     1    51
    48     2     1    55     6    15     1    50
    49     9    83   110     3    49     1    50
    50     6    12     8     4    26     1    51
    51     0     0     0     0     0     0
--------------------------------------------------------------------------------
INFORMATION OF PROJECT 13:
#jobs  release  duedate
    52     0   171
#local resources
     2
R_L1   R_L2   
   113   170
jobnr.  dur.  r_G1  r_G2  r_L1  r_L2  #succ.  successors
     0     0     0     0     0     0     7     1     8    16    19    32    34    40
     1     4   111   143   113   170     1     2
     2     3   111   143   113   170     1     3
     3     6   111   143   113   170     1     4
     4    10   111   143   113   170     2     5    26
     5     7    61   103    45    39     5     6    18    35    36    50
     6     3   111   143   113   170     1     7
     7     6   111   143   113   170     3     9    25    36
     8     7   111   143   113   170     1     9
     9     1    57   103    27    39     3    10    21    29
    10     3    45    49    26    39     4    11    24    28    44
    11     4   102   139   113   166     3    12    38    44
    12     2    55    28    58    52     5    13    20    22    23    42
    13     1    63    28    87    39     1    14
    14     3   111   143   113   170     2    15    31
    15     7     5    87     0    17     1    17
    16    10    50    40    68   131     1    39
    17     1     3    19     0    39     1    51
    18    10    70    42    98    60     1    27
    19     6     0     6     2    21     3    20    23    35
    20     2   101   117   103   131     3    27    37    46
    21     1   106    56   103   142     1    51
    22     2   101   117    86   131     1    51
    23     7    60   101    75   135     1    51
    24     1    10    38    15    36     1    42
    25     9   102   124    86   145     2    37    38
    26     8     9     4     0     4     1    45
    27    10   111   143   113   170     1    51
    28     3   102   139   113   166     5    30    39    42    43    44
    29     4    11    11    39    82     1    51
    30     1    54    14    85    14     1    46
    31    10     1    22    10    28     1    49
    32     6    48    52    26   131     3    33    39    41
    33     1   101    28    74   103     1    36
    34    10    66    94    87   117     1    48
    35     1   102   124    86   157     1    45
    36     4    48   115    26   118     1    38
    37     2    36    22    26    47     1    47
    38     4    39    79    26    54     3    43    45    50
    39     6   111   143   113   170     1    45
    40     9    54    40    86    77     2    43    50
    41     7    39    90    26   106     3    42    45    46
    42     4   100   105    74    88     1    46
    43     4   103   121    86   142     2    47    48
    44     6     8    19    27    13     1    46
    45     6   111   143   113   170     1    46
    46     2   110   121   103   142     2    47    48
    47     9    36    14    15    71     1    49
    48     7    51    42    38    35     1    51
    49    10    45    49    26    49     1    51
    50     5   111   143   113   170     1    51
    51     0     0     0     0     0     0
--------------------------------------------------------------------------------
INFORMATION OF PROJECT 14:
#jobs  release  duedate
    52     0    69
#local resources
     2
R_L1   R_L2   
    17    14
jobnr.  dur.  r_G1  r_G2  r_L1  r_L2  #succ.  successors
     0     0     0     0     0     0    17     1     2     3     4     5     7     8     9    10    12    13    18    19    25    26    32    50
     1     4     0     9    10     0     7     6    16    20    28    29    40    47
     2     1     0     9     9     0     9    21    23    27    28    31    34    35    39    45
     3     4     0     0     6     8     7    11    22    27    29    39    41    43
     4     6     4     2     0     0     6    14    15    28    37    39    45
     5     8     0     9     0    10     7    17    35    39    41    46    47    49
     6     7    10     0     0     3     6    14    34    37    38    42    44
     7     6     0     0     6     5     4    15    35    36    37
     8     7     1     0     0     5     6    28    34    35    37    40    47
     9     9     9     0    10     0     5    24    30    37    41    46
    10     1     2     6     0     0     5    31    35    39    41    46
    11     6     4     0     5     0     4    28    35    37    40
    12     8     0     0     1     3     4    30    33    36    43
    13     3     9     0    10     0     3    20    35    41
    14     6     0     8     2     0     3    27    33    35
    15     8     6     0     5     0     3    29    34    44
    16     9     7     0     0     2     3    27    33    38
    17    10     0     4     0     4     3    30    33    38
    18     4     0     0     4     3     3    29    34    42
    19     4     3     0     3     0     3    33    35    36
    20     7     0     2     0    10     2    34    43
    21     4    10     0     0    10     2    38    42
    22     5     0     3     7     0     2    34    45
    23     3    10     3     0     0     2    37    40
    24     7     0     3     0     5     2    33    34
    25     8     0     5    10     0     2    39    48
    26     2     0     6     9     0     2    34    35
    27     8     2     0     0     4     1    36
    28     7    10     0     9     0     1    33
    29     7    10     0     0     5     1    33
    30     1     0     0     1     7     1    34
    31     9     2     0     4     0     1    38
    32     3     1     5     0     0     1    35
    33     7     0     9     3     0     1    51
    34     1     7     0     0     4     1    51
    35     4     2     0     0    10     1    51
    36     5     0     0     4     1     1    51
    37     8    10     0     0     1     1    51
    38     5     0     0     5     7     1    51
    39     9     0     1     3     0     1    51
    40     2     0     9     0     6     1    51
    41     6     6     8     0     0     1    51
    42    10     0     0    10     3     1    51
    43     3     0     1    10     0     1    51
    44     4     1     0     8     0     1    51
    45     8     0     1     5     0     1    51
    46    10     3     0     4     0     1    51
    47     4     7     0     0     1     1    51
    48     7     0     3     2     0     1    51
    49     3     0     4     6     0     1    51
    50     9     0     0     4     3     1    51
    51     0     0     0     0     0     0
--------------------------------------------------------------------------------
INFORMATION OF PROJECT 15:
#jobs  release  duedate
    52     0   143
#local resources
     2
R_L1   R_L2   
   170    12
jobnr.  dur.  r_G1  r_G2  r_L1  r_L2  #succ.  successors
     0     0     0     0     0     0    10     1     8    16    23    27    34    38    43    44    45
     1    10   173   143   170    12     1     2
     2     4   173   143   170    12     2     3    30
     3     1   173   143   170    12     6     4    20    26    32    40    42
     4     2   173   143   170    12     1     5
     5     1   173   143   170    12     2     6    37
     6     3    13   125    41     1     3     7    19    33
     7     4   173   143   170    12     1     9
     8     8   160    18   129    10     5     9    30    31    40    41
     9     9   173   143   170    12     3    10    28    29
    10     4    62    42    85     8     2    11    25
    11     2    52    27    69     9     2    12    21
    12     5    12     5    16     2     2    13    31
    13     1    32    18    33     8     2    14    18
    14     1    10    18    67     1     3    15    35    47
    15    10    31    87    11     4     1    17
    16     7   142    56   152     8     1    49
    17     9     0    19     9     0     1    51
    18    10     3    36     0     3     1    51
    19     2    12    20     9     1     1    25
    20     8   111   101    85     4     2    22    40
    21     6    63    50    99     3     2    24    46
    22     8   128   112    63     8     1    26
    23     7   111    97    78     3     2    31    39
    24     8    12     4     7     4     1    51
    25     5   142    56   154     8     2    37    41
    26     1     3   116    16     2     1    51
    27     4   173   143   170    12     1    51
    28     4    10     1    23     0     1    51
    29     5    13    41    38     2     1    31
    30     2   170    88   161     9     1    41
    31     1    57    67    29     0     1    50
    32     1    97    40    66     0     2    49    50
    33     5    54    67    60     7     1    36
    34     8   147   100   139     5     1    49
    35     1    90     6    53     5     1    51
    36     2   131   124    80     4     1    41
    37     2    44    40    71     3     1    46
    38     2   110    93    71     9     2    47    48
    39    10   173   143   170    12     1    42
    40     1   160    18   123     8     1    42
    41     1   107    76    65     4     1    42
    42     5   114   121    68     1     1    46
    43     1    13    99    36     1     1    46
    44    10    59    18   102    11     2    47    48
    45     9   142    56   159     8     2    46    48
    46     8   149   119    96     6     2    47    48
    47     1    33     9    82     0     1    51
    48     7    26    12    31     6     2    49    50
    49     3    45    12    56     3     1    51
    50     7    45    12    98     3     1    51
    51     0     0     0     0     0     0
--------------------------------------------------------------------------------
INFORMATION OF PROJECT 16:
#jobs  release  duedate
    52     0   130
#local resources
     2
R_L1   R_L2   
    18   151
jobnr.  dur.  r_G1  r_G2  r_L1  r_L2  #succ.  successors
     0     0     0     0     0     0    11     1     3     6    12    14    24    25    34    38    40    49
     1     6   119   115    18   151     2     2    18
     2     1   110   110    16   145     3     4    21    26
     3     1    54    52    16    18     3     4    22    23
     4     1    60    73     8    91     1     5
     5     3   110   114    18   145     2     7    41
     6     1   110   110    16   145     3     8    18    29
     7     2   119   115    18   151     1     8
     8     3    28    16    11    59     1     9
     9     1    59    52    10    41     2    10    35
    10     9    28    16    11    59     2    11    37
    11    10   108    90    12    78     3    13    31    32
    12    10    91    99     7    92     9    13    16    17    22    23    29    31    41    43
    13     1    99    82     9   124     2    15    28
    14     1     9     1     0     6     3    17    22    33
    15     4    45    47    14    12     1    17
    16     1    75    80    13    73     2    17    32
    17     4    94    81    13   105     1    19
    18     5    51    62     7   104     1    51
    19     8    11    49    12    18     5    20    27    30    44    45
    20     5    12    21     3     7     1    50
    21     8   107    90     6    78     1    47
    22     8     9     5     2     6     1    47
    23     7    98    89    13   137     5    26    27    28    30    31
    24     8    75    84    13   117     1    26
    25    10    65    63     2   133     1    51
    26     2    35    24    13     7     1    39
    27     4    11    31     5    28     1    36
    28     8    35    30     2    18     2    30    33
    29     9    84    55    12    39     1    51
    30     2    36    52    11    18     1    43
    31     4    11    32     9    21     1    51
    32     1    54    48     4    88     1    51
    33     3    12    29     1    12     2    42    45
    34     3    50    37     8    54     1    51
    35     9    11    25     2    72     3    36    41    46
    36     2    69    61     8    83     1    51
    37     4    50    42    10    50     1    51
    38     8    97    83     9   111     1    47
    39     6   107    86    15   117     2    45    48
    40     2    96    37     3   107     2    43    48
    41     2    20    23     4    14     1    51
    42     5    16    15     3    40     4    44    46    47    50
    43     2    53    42     1    54     1    51
    44     9     1    20     1    34     1    51
    45    10     2    20    10     3     1    46
    46     1    53    23    13    89     1    51
    47     2     1    29     1     0     1    51
    48     2     2    18     6    67     1    50
    49    10    83    49     3   110     1    50
    50     8    13    26     4    28     1    51
    51     0     0     0     0     0     0
--------------------------------------------------------------------------------
INFORMATION OF PROJECT 17:
#jobs  release  duedate
    52     0   134
#local resources
     2
R_L1   R_L2   
    12   143
jobnr.  dur.  r_G1  r_G2  r_L1  r_L2  #succ.  successors
     0     0     0     0     0     0    14     1     8    16    19    20    22    23    26    28    30    34    40    44    45
     1     2   173   170    12   143     1     2
     2     1   173   170    12   143     1     3
     3     2   173   170    12   143     1     4
     4     2   173   170    12   143     1     5
     5     3   173   170    12   143     3     6    32    43
     6     3    25    66     1   125     2     7    33
     7     1   173   170    12   143     1     9
     8     7   148   100     9    18     3     9    31    38
     9     8   173   170    12   143     2    10    29
    10     4    62    60     7    42     2    11    25
    11     2    50    39     9    19     2    12    21
    12     6    10    16     3    12     2    13    50
    13     1    47    37     8     7     3    14    18    50
    14     2    31    67     0    18     1    15
    15    10    31    11     4    87     1    17
    16     7   142   152     4    56     1    46
    17     8     0     9     0    19     1    51
    18    10     3     0     3    36     1    51
    19     2    12     9     1    27     1    25
    20     8    87    85     4   101     2    36    37
    21     7    65    95     2    53     2    24    46
    22     8   128    74     9   112     1    43
    23     7   111   110     2    66     7    27    31    33    36    37    39    43
    24     8    12     9     4     4     2    35    48
    25     6   142   152     8    56     2    37    42
    26     1    20    47     2     0     3    36    37    46
    27     3   173   170    12   143     1    47
    28     2    10    21     0    26     3    37    41    47
    29     5    16    38     2    41     2    31    49
    30    10   170   161     9    88     1    50
    31     4    27    28     0    35     1    50
    32     2    86    37     4    37     2    35    46
    33     5    96    66     9    60     1    36
    34     8   142   139     6    98     1    49
    35     4    12    53     4     6     1    51
    36     1    25    70     3   124     1    41
    37     2    48    64     3    48     1    46
    38     1   123    74     9    98     1    49
    39     7   173   170    12   143     1    42
    40     1   147   104    10    18     1    51
    41     1    38    68     4     8     1    42
    42     5   114    68     0   121     1    46
    43     2    16    14     1    99     1    51
    44    10    59   102    11    18     2    47    48
    45     7   142   159     8    56     1    46
    46    10   161   108     8   118     2    47    48
    47     3    19    15     3     9     2    49    50
    48     8    31    31     6    15     1    50
    49     1   103    60     6    13     1    51
    50     7    45    87     3    12     1    51
    51     0     0     0     0     0     0
--------------------------------------------------------------------------------
INFORMATION OF PROJECT 18:
#jobs  release  duedate
    52     0   137
#local resources
     2
R_L1   R_L2   
    14    11
jobnr.  dur.  r_G1  r_G2  r_L1  r_L2  #succ.  successors
     0     0     0     0     0     0    12     1    11    16    18    20    26    29    31    36    39    42    49
     1     5   112    14    14    11     7     2    14    19    38    40    41    43
     2     3   100    14    11     6     2     3    22
     3     8    77    11    11     6     1     4
     4     4   109    14    11    11     2     5    35
     5     2    47     4     7     6     4     6    32    33    34
     6     9     9     0     2     0     2     7    30
     7     6    18     5     5     0     1     8
     8     5    39     1     0     8     3     9    25    28
     9     6    47    10     4     1     1    10
    10     3    12     0     3     0     3    12    14    23
    11     6    99    10    13     3     2    27    37
    12     6    42     3     5     7     2    13    35
    13     1     2     0     7     0     2    15    33
    14     4    13    11     0     1     1    51
    15     7     2     0     4     3     2    17    24
    16     9   103     8     3    11     2    17    23
    17    10     9     6     3     0     1    21
    18     9    50     7    11     2     1    48
    19     2    97    14     1    11     1    51
    20    10    63     3    12     5     1    51
    21     3    22     4     0     6     1    51
    22     1    29     6     0     8     1    51
    23     6     2     0     6     0     1    51
    24     6     9     4     0     3     1    51
    25     5     0     3     4     0     1    51
    26     6     9     0     0     5     1    51
    27     3     3     0     3     0     1    35
    28     2     0     0     1     3     1    48
    29     6    94     7     8     8     1    45
    30    10    25     5     8     0     1    51
    31     5    71    10     9     6     1    51
    32     9    30     1     9     4     1    51
    33     9     0     1     2     6     1    51
    34     2    44     3     0     0     2    43    47
    35     3    48    13     1     7     1    46
    36     8    75    10     0     7     1    51
    37     4    40    10     0     5     1    48
    38     6    62     0     3     2     1    51
    39     9    71     6    12     2     1    43
    40     1    24     1     7     4     3    44    47    50
    41     9    94     7     9     8     1    46
    42    10    38    10     6     0     3    43    47    50
    43     3     0     3     3     0     1    48
    44     9    75     9     0    11     1    51
    45     3    70     9     0     4     2    47    50
    46     3    37     4    12     0     1    48
    47     6    45     8     0     3     1    48
    48     4    49     5     2     3     1    51
    49     6    13     3     0     5     1    51
    50     5    32     3     0     5     1    51
    51     0     0     0     0     0     0
--------------------------------------------------------------------------------
INFORMATION OF PROJECT 19:
#jobs  release  duedate
    52     0   128
#local resources
     2
R_L1   R_L2   
   119   151
jobnr.  dur.  r_G1  r_G2  r_L1  r_L2  #succ.  successors
     0     0     0     0     0     0     7     1     3    12    14    25    34    49
     1     3    16   110   110   145     7     2     6    18    21    23    43    47
     2    10    16   110   110   145     2     4    44
     3     1     6    49    14    18     2     6    23
     4     1     4    16    28    59     1     5
     5     6    18   114   110   145     5     7    16    39    41    48
     6     2    16   109   101   139     3     8    38    41
     7     3    18   115   119   151     1     8
     8     2    11    16    28    59     1     9
     9     1     8   112    80   142     2    10    35
    10     9    11    16    28    58     2    11    37
    11     9    12    83    94    90     4    13    30    31    32
    12    10     7    99    91    92    10    15    16    17    21    22    23    29    31    41    43
    13     1     8    73    89   124     3    15    28    31
    14     8     0     1     9     6     1    51
    15     3    14    47    45    12     1    17
    16     1     0    38    44    59     2    17    39
    17     6    16   110   110   145     2    19    33
    18     4     7    60    85   104     1    24
    19     8    12    49    11    18     4    20    27    30    45
    20     4     3    21    12     7     1    50
    21     4     5    86   107   143     1    51
    22     9     2     5     9     6     2    30    50
    23     8    12    89    93    96     5    26    27    28    32    37
    24     7    13    84    56   117     4    26    36    38    40
    25    10     1    63    65   133     1    51
    26     2    10     2    30     3     2    31    39
    27     5     2    30    11    66     2    36    46
    28     7     2    30    54    16     1    33
    29    10    12    54    74    30     1    38
    30     3    11    47    34    18     2    32    43
    31     4     9    32    10    21     2    43    46
    32     1     5    11    21     6     1    51
    33     3     4    29    12     8     1    42
    34     4     8    35    49    54     1    51
    35     9     0    32    25    28     1    51
    36     3     9    53    65    92     1    51
    37     3    10    42    30    27     1    51
    38     2     9    83   107    96     1    47
    39     3    11    86   107   117     1    45
    40     3     2    37    96    78     3    41    46    48
    41     3     4    23    26    13     1    51
    42     5     3    15    19    40     3    44    47    50
    43     2     1    45    26    81     1    51
    44     8     1     4     1    34     1    51
    45     9    10    16     2     2     1    51
    46     2     5    31    20     7     1    51
    47     4     3     3     0     0     1    51
    48     2     6    15     1    55     1    50
    49     9     3    49    83   110     1    50
    50     6     4    26    12     8     1    51
    51     0     0     0     0     0     0
--------------------------------------------------------------------------------
INFORMATION OF PROJECT 20:
#jobs  release  duedate
    52     0   138
#local resources
     2
R_L1   R_L2   
   173   143
jobnr.  dur.  r_G1  r_G2  r_L1  r_L2  #succ.  successors
     0     0     0     0     0     0     3     1    20    23
     1     4   170    12   173   143     4     2    16    22    44
     2    10   170    12   173   143     3     3     8    25
     3     5   170    12   173   143     1     4
     4     9   170    12   173   143     2     5    25
     5     1    39    11   106   103     7     6    19    32    34    35    39    45
     6     4    66     0    13   100     2     7    33
     7     4   170    12   173   143     3     9    30    43
     8     9   100     7   148    19     4     9    27    30    45
     9     1    39    11   106   103     3    10    28    29
    10     3    39     7    62    45     2    11    26
    11     4    53     9    59    19     3    12    21    31
    12     8    16     0    13    12     2    13    46
    13     1    47     1     8     0     3    14    18    31
    14     1    67     3    17    18     2    15    35
    15     8    14     4    31    73     1    17
    16    10   131     1    67    40     1    39
    17    10     9     0     0     3     1    51
    18    10     0     3     6    36     1    51
    19     2     9     3    12    73     2    42    43
    20     8    83     5    59    89     1    42
    21     6    98     1    97    50     2    24    32
    22     9    63     7   128   112     1    51
    23    10   117     3   111    98     4    27    37    39    40
    24     8     9     5    12     4     1    48
    25     4   152     6   142    67     2    34    42
    26     6     4     1     0     0     3    28    31    37
    27     1   170    12   173   143     1    51
    28     6    40     1    12     1     1    32
    29     7    38     2     6    41     1    51
    30     1    45     4     0    68     2    38    42
    31     7     1     0     1    22     2    49    50
    32     1    38     2   114    29     1    46
    33     4    43     7    53    57     1    36
    34     2   141     6   148   121     2    46    48
    35     1    36     5    18     6     1    51
    36     1    70     2    25   124     1    41
    37     2    71     0    76    26     1    42
    38     1    25     5   140     9     1    51
    39    10   157    11   154   134     1    51
    40     9   104    12   160    43     3    41    42    43
    41     1    19     6    20    41     1    42
    42     6    67     3   114   121     1    46
    43     1    43     5    13     3     1    51
    44     9   103     8    59    22     3    45    47    48
    45     2   122     7    32    70     1    49
    46     8   103     6   153   121     2    47    48
    47     6    13     0    19     9     2    49    50
    48     8    38     6    32    20     2    49    50
    49     2    72     4    45    28     1    51
    50     7    98     4    45    28     1    51
    51     0     0     0     0     0     0
--------------------------------------------------------------------------------
TRANSFER TIMES OF GLOBAL RESOURCE G1
 DEPOT    P1    P2    P3    P4    P5    P6    P7    P8    P9   P10   P11   P12   P13   P14   P15   P16   P17   P18   P19   P20
     0    24    18    23     9    33    26    21    31    24    23    24    16    25    28    26    10    28    23    16    31
    24     0    13    38    33    22    43     5    50    47    35    40    40     7    47    34    17    26    40    28    47
    18    13     0    26    26    32    32     8    39    39    36    39    33    18    36    22    16    16    39    17    46
    23    38    26     0    24    54     7    33    15    28    46    45    28    42    13     8    32    21    43    10    50
     9    33    26    24     0    39    24    30    27    15    23    22     8    33    24    28    18    34    20    19    26
    33    22    32    54    39     0    58    25    64    53    27    34    44    16    60    53    23    46    35    44    40
    26    43    32     7    24    58     0    39     8    24    46    45    26    47     6    15    35    28    43    16    48
    21     5     8    33    30    25    39     0    46    44    34    39    37    10    43    30    15    22    39    24    46
    31    50    39    15    27    64     8    46     0    22    49    47    28    54     4    23    41    36    45    23    50
    24    47    39    28    15    53    24    44    22     0    32    28    10    48    20    35    33    44    25    28    29
    23    35    36    46    23    27    46    34    49    32     0     7    23    31    46    49    21    49     9    38    14
    24    40    39    45    22    34    45    39    47    28     7     0    20    37    43    49    25    51     3    39     8
    16    40    33    28     8    44    26    37    28    10    23    20     0    40    25    34    24    41    17    25    23
    25     7    18    42    33    16    47    10    54    48    31    37    40     0    51    40    16    32    38    33    44
    28    47    36    13    24    60     6    43     4    20    46    43    25    51     0    21    37    34    41    20    46
    26    34    22     8    28    53    15    30    23    35    49    49    34    40    21     0    32    14    47    11    54
    10    17    16    32    18    23    35    15    41    33    21    25    24    16    37    32     0    30    25    22    32
    28    26    16    21    34    46    28    22    36    44    49    51    41    32    34    14    30     0    51    17    58
    23    40    39    43    20    35    43    39    45    25     9     3    17    38    41    47    25    51     0    38     8
    16    28    17    10    19    44    16    24    23    28    38    39    25    33    20    11    22    17    38     0    45
    31    47    46    50    26    40    48    46    50    29    14     8    23    44    46    54    32    58     8    45     0
--------------------------------------------------------------------------------
TRANSFER TIMES OF GLOBAL RESOURCE G2
 DEPOT    P1    P2    P3    P4    P5    P6    P7    P8    P9   P10   P11   P12   P13   P14   P15   P16   P17   P18   P19   P20
     0     2    20    10    20    31    14    12    20    22    11    21    25    34    23    34    10    17    24    25    10
     2     0    18     9    22    33    15    13    19    22    12    20    23    34    25    36    10    15    22    24     9
    20    18     0    16    39    49    20    27     5    13    26     5    19    33    42    53    27    16    22    10    10
    10     9    16     0    28    40    21    21    19    24    20    19    15    40    31    43    13     7    14    25    10
    20    22    39    28     0    14    26    15    38    38    15    39    42    41     4    15    17    34    39    42    29
    31    33    49    40    14     0    33    23    48    46    24    49    54    43    13     6    30    47    52    51    40
    14    15    20    21    26    33     0    12    17    14    11    18    34    20    30    37    23    26    34    19    14
    12    13    27    21    15    23    12     0    26    25     2    26    36    28    19    27    16    28    35    29    18
    20    19     5    19    38    48    17    26     0     8    25     1    24    28    42    52    28    20    27     6    11
    22    22    13    24    38    46    14    25     8     0    24     8    31    21    42    50    31    26    34     6    15
    11    12    26    20    15    24    11     2    25    24     0    25    34    28    19    28    16    27    34    28    17
    21    20     5    19    39    49    18    26     1     8    25     0    24    29    43    53    29    20    27     6    11
    25    23    19    15    42    54    34    36    24    31    34    24     0    50    44    57    26     8     5    29    20
    34    34    33    40    41    43    20    28    28    21    28    29    50     0    44    48    42    44    52    26    32
    23    25    42    31     4    13    30    19    42    42    19    43    44    44     0    13    19    37    41    46    33
    34    36    53    43    15     6    37    27    52    50    28    53    57    48    13     0    31    49    54    55    44
    10    10    27    13    17    30    23    16    28    31    16    29    26    42    19    31     0    19    23    34    18
    17    15    16     7    34    47    26    28    20    26    27    20     8    44    37    49    19     0     8    25    13
    24    22    22    14    39    52    34    35    27    34    34    27     5    52    41    54    23     8     0    32    21
    25    24    10    25    42    51    19    29     6     6    28     6    29    26    46    55    34    25    32     0    16
    10     9    10    10    29    40    14    18    11    15    17    11    20    32    33    44    18    13    21    16     0
--------------------------------------------------------------------------------
Additional Information: 
global resource strength = 0.5
transfer time factor = 0.5
adapted from RCPSP instances: 
[sD54, sD184, sD248, sD121, sD136, sD314, sD298, sD164, sD167, sD1, sD324, sD265, sD320, sD42, sD282, sD313, sD309, sD177, sD267, sD295]
