--------------------------------------------------------------------------------
PORTFOLIO INFORMATION:
#projects
     2
#global resources
     2
R_G1   R_G2   
   154   119
--------------------------------------------------------------------------------
INFORMATION OF PROJECT 1:
#jobs  release  duedate
    52     0   129
#local resources
     2
R_L1   R_L2   
   119    18
jobnr.  dur.  r_G1  r_G2  r_L1  r_L2  #succ.  successors
     0     0     0     0     0     0     6     1     3    12    18    25    49
     1     3   133   110   107    13     4     2     6    43    47
     2     7   133   110   107    13     2     4    40
     3     1    18     5    12     5     3     4     6    48
     4     1    59    16    28     6     1     5
     5     5   151   115   119    18     2     7    16
     6    10   105   103    94    15     1    38
     7     4   151   115   119    18     1     8
     8     1    59    16    28    11     2     9    14
     9     2    12    51    37     6     3    10    35    38
    10     9    59    16    28    11     4    11    34    37    41
    11     1    88    83    65    18     1    13
    12    10    92    99    91     7     7    15    21    22    23    29    31    41
    13     3   124    73    95     8     3    15    28    43
    14    10     6     1     9     0     4    17    26    33    36
    15     2    12    51    45    14     3    17    22    26
    16     2     6    52     5     0     1    37
    17     6   100    85    94    13     1    19
    18     5   124    42    87     7     1    24
    19     8    18    49    11    12     3    20    27    30
    20     5     7    21     8     2     1    48
    21    10   143    89   107     8     1    51
    22     2     6     1     9     0     1    30
    23     5    92    93    91    12     4    26    28    37    38
    24     5   129    84    56    16     5    26    32    33    38    40
    25    10   133    63    65     4     4    32    40    45    50
    26     2    32     4     2    10     3    31    39    41
    27     2    66     5    11     5     2    36    50
    28     7    16    30    54     2     2    30    33
    29    10    22    54    47    12     2    38    46
    30     5    18    43    32    11     1    43
    31     4    41    16    10     9     1    46
    32     1    58    86    21     5     1    51
    33     3     8    14    12     4     1    42
    34     3    53    47    37     8     2    36    45
    35     9    63    32    54     0     2    41    46
    36     3    27    45    10     9     1    51
    37     5    27    42    24    10     1    51
    38     1   112    75    47     6     1    47
    39     3   117    89   107    14     2    45    47
    40     1    49    13    96     0     1    48
    41     4    11    23     1     4     1    43
    42     5    40    11    16     3     4    44    46    47    50
    43     2    85    31    23     9     1    51
    44     7    34     4     1     1     1    47
    45     9     2     9     2    10     1    51
    46     2     7     0    43     2     1    51
    47     4    11    29     0     3     1    51
    48     2    52    18     2     6     1    51
    49     9   110    49    82     3     1    50
    50     6     8    26    12     4     1    51
    51     0     0     0     0     0     0
--------------------------------------------------------------------------------
INFORMATION OF PROJECT 2:
#jobs  release  duedate
    52     0    95
#local resources
     2
R_L1   R_L2   
    14    16
jobnr.  dur.  r_G1  r_G2  r_L1  r_L2  #succ.  successors
     0     0     0     0     0     0    20     1     2     3     4     5     7     8     9    10    14    15    16    18    22    23    42    44    47    48    49
     1     2     1     0    14     0     6     6    17    31    33    34    43
     2     1     3     0     6     1     8    12    19    24    27    30    31    35    41
     3    10     4    17     0     1     8    13    19    26    30    32    36    40    45
     4     5     9     9     0     0     8    19    24    25    27    30    33    34    38
     5     3     3     3     0     0     5    20    21    27    30    31
     6     2     0    11     7     4     4    11    27    28    32
     7     8     6     6     0     0     5    24    26    27    33    34
     8     6     0     8     0     7     6    17    24    25    27    36    46
     9     3     0    15     6     0     3    17    26    32
    10    10     2     8     0     0     4    26    28    32    36
    11     3     5    11     0     0     3    19    25    26
    12     8     0    10     3     0     3    25    26    38
    13     6     7     0     0     2     3    24    25    39
    14     9     5     3     0     0     1    51
    15    10     3     7     2     0     5    21    24    25    29    37
    16     2     6     0     8    15     4    21    25    27    31
    17     1     1    15    11     0     1    35
    18     8     0     7     5     0     2    20    30
    19     4     9     0     7     4     1    29
    20     5     6     4     0     0     1    37
    21     5    10     6     0     0     1    37
    22     4     6     4     0     0     1    51
    23     3     9     0     7     6     4    24    35    36    40
    24     5     8     5     0     0     1    51
    25     5     0     0    13     8     1    34
    26     7     0     2    12    11     1    34
    27     9     0     0    10     5     1    51
    28     3     4     0     0     5     1    51
    29     4     0     1     0     3     1    51
    30     9     0     0     3     9     1    51
    31     5     0    10     0     9     1    33
    32     9     0     5     7     4     1    51
    33     3     4     6    11     0     1    51
    34     3    13     0     5     0     1    51
    35     9     0     2     1     8     1    51
    36     2     3    14     0     9     1    51
    37    10     3     0     7     0     1    40
    38     3    10     7     0    14     1    41
    39    10     3     9     0     8     3    41    43    46
    40     6     3     0     0     9     1    51
    41     8     5     4     0    13     1    45
    42     6     0     7     2     9     1    51
    43     8     0     0     4     1     1    51
    44     2     0     6     1     0     1    51
    45     4     4     7     6     0     1    51
    46     3     0     0    10     2     1    51
    47     9     0     8     0     8     1    51
    48     1    12    10     0    12     1    50
    49     8     0     8     6     7     1    50
    50     8     6     1     0     0     1    51
    51     0     0     0     0     0     0
--------------------------------------------------------------------------------
TRANSFER TIMES OF GLOBAL RESOURCE G1
 DEPOT    P1    P2
     0    16    28
    16     0    30
    28    30     0
--------------------------------------------------------------------------------
TRANSFER TIMES OF GLOBAL RESOURCE G2
 DEPOT    P1    P2
     0    18    23
    18     0    40
    23    40     0
--------------------------------------------------------------------------------
Additional Information: 
global resource strength = 0.2
transfer time factor = 0.5
adapted from RCPSP instances: 
[sD234, sD101]
