--------------------------------------------------------------------------------
PORTFOLIO INFORMATION:
#projects
     2
#global resources
     2
R_G1   R_G2   
   230    24
--------------------------------------------------------------------------------
INFORMATION OF PROJECT 1:
#jobs  release  duedate
    52     0   151
#local resources
     2
R_L1   R_L2   
   151   115
jobnr.  dur.  r_G1  r_G2  r_L1  r_L2  #succ.  successors
     0     0     0     0     0     0     7     1     6    12    18    25    38    49
     1     7   119    18   151   115     6     2     3    14    29    43    48
     2     6   107    15   133   110     2     4    48
     3     1    12     3    18     5     2     4    14
     4     4   119    18   151   115     2     5    32
     5     2   119    18   151   115     1     7
     6     3   107    15   133   110     1     7
     7     2   119    18   151   115     1     8
     8     2    28    11    59    16     1     9
     9     2    37     9    18    52     3    10    35    48
    10     9    28    11    59    16     4    11    14    40    41
    11     9   109    18    68    84     2    13    23
    12    10    91     7    92    99     6    13    14    21    23    29    34
    13     1    89     8   124    92     2    15    42
    14     9   115    11   145   100     2    16    33
    15     2    54    14    18    52     2    17    26
    16     1   103    14    68    84     1    17
    17     7   103    14   111    92     1    19
    18     6    89     8   124    72     1    24
    19     7    21    12    18    52     4    20    27    30    39
    20     1    12     2     7    21     2    22    50
    21    10   107     8   143    88     1    51
    22     7     9     1     7     5     1    51
    23     9   107    16   144    94     4    26    28    37    41
    24     4    65    11   131    85     3    26    42    46
    25    10    65     4   133    63     1    31
    26     1     4     7     6    15     4    31    39    42    50
    27     3    11     5    46    19     1    36
    28     5    54     1    16    30     2    33    43
    29    10    56    12    61    61     1    51
    30     5    15    10    18    43     2    36    47
    31     2    42     9    21    20     1    36
    32     1    38     7    76    49     1    37
    33     2     7     6     8    12     3    42    45    47
    34    10    53    14    61    54     1    51
    35     5    10     0    83    31     3    41    45    50
    36     3     9     9    60     1     1    51
    37     4    30    10    27    23     1    51
    38     7    73     9    90    44     1    47
    39     2   107    14   138    92     4    44    45    46    50
    40     3    91     0    60    51     1    42
    41     7     4     4    13    23     1    43
    42     5    16     3    40    16     2    44    50
    43     1    35     0    22    33     3    44    46    47
    44    10    55     1    37     4     1    51
    45     9     5    10     5    19     1    51
    46    10     4     0     8    31     1    51
    47     1    14     1    15    34     1    51
    48     1    28     3    53    56     1    51
    49    10    82     4   111    49     1    50
    50     7    12     4     8    27     1    51
    51     0     0     0     0     0     0
--------------------------------------------------------------------------------
INFORMATION OF PROJECT 2:
#jobs  release  duedate
    52     0   160
#local resources
     2
R_L1   R_L2   
   173   143
jobnr.  dur.  r_G1  r_G2  r_L1  r_L2  #succ.  successors
     0     0     0     0     0     0    10     1     8    16    19    20    22    23    34    44    45
     1     2   170    12   173   143     1     2
     2    10   170    12   173   143     1     3
     3     1   170    12   173   143     1     4
     4     6   170    12   173   143     1     5
     5     5   170    12   173   143     1     6
     6     3    68     1    25   125     2     7    33
     7     3   170    12   173   143     1     9
     8     8   100    11   148    18     3     9    30    40
     9     6   170    12   173   143     3    10    28    29
    10     4    82     5    72    42     2    11    25
    11     4    81     9    60    19     3    12    21    42
    12     6    16     1    12    12     2    13    24
    13     1    34     8    40     7     3    14    18    24
    14     4    67     2    27    23     1    15
    15    10    18     4    31    87     1    17
    16     9   152     8   142    56     1    26
    17     5     9     0     0    19     1    51
    18    10     0     3     3    36     1    51
    19     1     9     1    12    27     3    25    35    39
    20     5    88     4   101   101     1    51
    21     7    98     2    91    53     2    24    46
    22    10    69    10   128   112     1    32
    23     9    80     2   101    96     3    27    39    43
    24     9     9     4    12     4     2    35    48
    25     5   152     8   142    56     3    32    37    42
    26     3   161     8   161   139     1    51
    27     3   170    12   173   143     2    38    47
    28     5    47     1    10     1     1    51
    29     5    38     2    19    48     2    31    47
    30     8   161     9   170    88     1    50
    31     6    21     0    30    35     1    50
    32     1     3     0    86    40     1    51
    33     6    63     8    70    58     1    36
    34     8   135     6   142    98     1    49
    35     3    53     3    17     6     1    51
    36     1    70     1    25   124     1    41
    37     2    64     3    82    80     1    46
    38     1    70     6   114    98     1    48
    39     6   170    12   173   143     1    46
    40     7   154    11   161   124     1    46
    41     1    68     7    60     9     1    42
    42     5    68     1   110   119     1    46
    43     6    50     4    75    99     1    46
    44    10   102    11    63    18     2    47    48
    45     6   123     7   142    61     1    46
    46     8   117     8   156   120     2    47    48
    47     4    15     0    19     9     1    49
    48     7    35     6    31    12     1    50
    49     6    11     4    45    13     1    51
    50     7    92     2    45    12     1    51
    51     0     0     0     0     0     0
--------------------------------------------------------------------------------
TRANSFER TIMES OF GLOBAL RESOURCE G1
 DEPOT    P1    P2
     0     7     8
     7     0    12
     8    12     0
--------------------------------------------------------------------------------
TRANSFER TIMES OF GLOBAL RESOURCE G2
 DEPOT    P1    P2
     0     7     4
     7     0    10
     4    10     0
--------------------------------------------------------------------------------
Additional Information: 
global resource strength = 0.5
transfer time factor = 0.2
adapted from RCPSP instances: 
[sD321, sD323]
