--------------------------------------------------------------------------------
PORTFOLIO INFORMATION:
#projects
     2
#global resources
     2
R_G1   R_G2   
   173   146
--------------------------------------------------------------------------------
INFORMATION OF PROJECT 1:
#jobs  release  duedate
    52     0   150
#local resources
     2
R_L1   R_L2   
   173    12
jobnr.  dur.  r_G1  r_G2  r_L1  r_L2  #succ.  successors
     0     0     0     0     0     0     8     1     8    16    22    23    26    34    44
     1     5   170   143   173    12     2     2    45
     2     1   170   143   173    12     3     3    20    40
     3     2   170   143   173    12     1     4
     4     1    68   125   114     4     1     5
     5     5    39   103   106     8     2     6    45
     6     4    66   100    13     0     3     7    19    33
     7     4   170   143   173    12     3     9    38    43
     8    10   100    19   148     9     6     9    30    31    38    39    40
     9     1    39   103   106     8     3    10    28    29
    10     6    60    48    62    10     3    11    25    39
    11     2    59    19    59     8     2    12    21
    12     9    16    12    12     2     1    13
    13     5    65   101    59     8     3    14    18    38
    14     3    67     7    20     2     1    15
    15     8    11    87    31     4     1    17
    16    10   131    40    67     4     1    50
    17    10     9    19     0     0     1    51
    18    10     0    36     6     3     1    51
    19     5     8    54    19     1     3    36    37    48
    20     9    83   101    59     5     1    42
    21     6    96    50    95     2     3    24    30    35
    22     7    63   112   128     6     1    51
    23     9   110    95   111     2     2    27    33
    24     5    13     4    20     5     1    46
    25     7   153    53   142     7     3    35    37    42
    26     9    47   127    63     3     1    51
    27     7   170   143   173    12     1    32
    28     3    40     1     0     0     1    32
    29    10    38    41     6     2     1    31
    30     1    25    84     0     0     1    38
    31     2    28    59    13     0     1    50
    32     1    40    21   114     2     2    35    46
    33     5    25    57    53     7     1    36
    34     2   139   120   142     6     1    51
    35     5     1     6    12     5     1    49
    36     3    70   124    25     3     2    41    42
    37     2    71    26    43     3     1    46
    38     4     5    14    10     5     1    48
    39     6   157   134   154    12     1    51
    40    10   104    43   160    12     2    41    45
    41     1    67     0    78     2     1    42
    42     5    68   122   114     2     1    46
    43     1    50    19    13     3     1    51
    44    10   102    18    59     8     2    46    48
    45     7   159    56   142     6     3    46    47    48
    46     9   103   118   153     7     3    47    48    49
    47     9    13     9    19     0     1    50
    48     8    31    12    26     6     1    50
    49     2    62    12   110     9     1    51
    50     7    98    12    45     3     1    51
    51     0     0     0     0     0     0
--------------------------------------------------------------------------------
INFORMATION OF PROJECT 2:
#jobs  release  duedate
    52     0   104
#local resources
     2
R_L1   R_L2   
    10    10
jobnr.  dur.  r_G1  r_G2  r_L1  r_L2  #succ.  successors
     0     0     0     0     0     0    12     1     2     4     7     9    10    11    13    15    18    21    23
     1     4     7     3     0     3     8     3    20    30    31    45    46    48    49
     2     3     2     7     4     0     7     5    20    40    41    42    44    45
     3     1     8    10     6     3     7     6    34    40    41    42    47    49
     4     2     1     5     0     4    10     6    16    20    25    31    34    39    41    42    46
     5     1     5     0     1     0     6     8    27    30    34    40    46
     6     8     8     0     2     0     6     8    28    43    44    48    50
     7    10     2     8     9    10     8    14    27    31    33    38    42    43    44
     8     4     0     0     3     7     5    12    17    35    37    39
     9     6    10     1     0     5     4    16    17    28    40
    10     9     0     2     0     1     7    16    20    34    38    40    43    45
    11    10     0     2     9     9     6    19    37    40    41    42    43
    12     3     4    10    10     1     4    16    36    37    45
    13     9     5     0     9     0     5    24    25    32    34    35
    14     8     1     0     9     0     4    29    36    37    39
    15     4     0    12     8     8     4    29    30    35    41
    16     8     5     0     0    10     3    22    32    35
    17     7     7     6     0     0     4    29    35    36    47
    18     2     0     0     9     1     5    19    22    26    32    48
    19     7     9    15     3     3     2    27    36
    20     3     7     3     0     0     2    32    35
    21     7     0    13     0     9     1    51
    22    10     1     7     0     0     1    24
    23     3     0     2     4     8     2    33    34
    24     1     9     0     0     1     1    26
    25     6     4     0     4     0     1    26
    26     4     6     0     2     0     1    33
    27     3     2     0     0     6     1    32
    28     9     0     6     0     0     1    37
    29     3     0     9    10     0     1    32
    30     7     0     8     0     1     1    43
    31     5     8     2     6     0     2    32    50
    32     4    10     0     3     0     1    41
    33     1     2     8     0     0     1    51
    34     2     6     0     1     0     1    51
    35     8    10    13     0     0     1    51
    36     3     7     0     0     1     1    41
    37     3     5     0     3     0     1    51
    38     9     5     6     0     8     1    48
    39    10     4     0     0     1     1    42
    40     4     0     6     7     3     1    43
    41    10     6     2     0     0     1    51
    42     1     3     0     0     4     1    47
    43     4     8     9     0     0     1    46
    44     4     2     0     0     7     1    51
    45     1     0    11     0     5     1    48
    46     6     4     4     0     0     1    48
    47     7    10     0     2     0     1    51
    48     4     0     0    10     1     1    50
    49     7     0     5     0     6     1    50
    50     2     3     0     0     8     1    51
    51     0     0     0     0     0     0
--------------------------------------------------------------------------------
TRANSFER TIMES OF GLOBAL RESOURCE G1
 DEPOT    P1    P2
     0     7    22
     7     0    22
    22    22     0
--------------------------------------------------------------------------------
TRANSFER TIMES OF GLOBAL RESOURCE G2
 DEPOT    P1    P2
     0    31    10
    31     0    35
    10    35     0
--------------------------------------------------------------------------------
Additional Information: 
global resource strength = 0.2
transfer time factor = 0.5
adapted from RCPSP instances: 
[sD257, sD92]
