--------------------------------------------------------------------------------
PORTFOLIO INFORMATION:
#projects
     2
#global resources
     2
R_G1   R_G2   
   174   114
--------------------------------------------------------------------------------
INFORMATION OF PROJECT 1:
#jobs  release  duedate
    52     0   172
#local resources
     2
R_L1   R_L2   
   113   143
jobnr.  dur.  r_G1  r_G2  r_L1  r_L2  #succ.  successors
     0     0     0     0     0     0    10     1     8    16    19    21    23    34    35    37    40
     1     1   170   111   113   143     1     2
     2     6   170   111   113   143     2     3    22
     3     4   170   111   113   143     5     4    18    25    41    43
     4     6   170   111   113   143     2     5    20
     5     1    85    61    94   103     1     6
     6     2    69     1     8   105     3     7    20    33
     7     2   170   111   113   143     1     9
     8     4   101   110   105    38     3     9    22    30
     9     2    82    56    38   103     2    10    27
    10     2   170   111   113   143     1    11
    11     6   170   111   113   143     6    12    24    26    28    29    39
    12     7   163   109   113   133     2    13    45
    13     1    69    61    94    32     1    14
    14     4   170   111   113   143     3    15    31    48
    15     9    13     9    25    91     1    17
    16    10    85    50    19    40     1    38
    17     7     9     3     0    18     1    51
    18    10   135    65    73   132     1    20
    19     1   161   108   113   125     2    24    27
    20     5   161   108   113   125     1    51
    21     2   157   104    81   117     1    42
    22     2   161   108   113   125     1    30
    23    10   135    62    73   112     1    51
    24     2    47    32    88    12     2    32    45
    25     2   161   108   113   125     4    26    38    43    50
    26     2     7     2     0    10     2    42    44
    27     8   161   108   113   125     1    36
    28     3    82    50    19   103     2    32    45
    29     4    15    26     6    10     3    32    42    45
    30     7   161   108   113   125     1    36
    31     9    13     7    32    26     1    49
    32     2   161   108   113   125     1    46
    33     2    85    61    75    62     1    39
    34     4   126    62    62   107     1    50
    35     2   157   102    81    52     1    44
    36     1    70    35    19    81     2    39    41
    37     9   101    50    19   111     1    45
    38     4   154   106   113   115     1    41
    39     2   161   108   113   125     2    42    44
    40    10    88    55    75    40     1    45
    41     1     6     7    32    81     1    42
    42     3   148   101    81    99     1    46
    43     8   157   102    81    52     2    45    46
    44     2   142    78    75    99     1    46
    45     9   161   108   113   125     1    46
    46     2   161   108   113   125     2    47    48
    47     6    31    42    19    10     1    49
    48     8    35    46    40    11     1    51
    49    10    35    49    40    31     1    51
    50     7   170   111   113   143     1    51
    51     0     0     0     0     0     0
--------------------------------------------------------------------------------
INFORMATION OF PROJECT 2:
#jobs  release  duedate
    52     0    60
#local resources
     2
R_L1   R_L2   
    21    15
jobnr.  dur.  r_G1  r_G2  r_L1  r_L2  #succ.  successors
     0     0     0     0     0     0    17     1     2     3     5     6     7     8     9    10    13    14    17    18    19    21    22    23
     1     3     5     0     0     4     8     4    30    31    32    33    34    44    47
     2     3     0     2     4     0    13    16    24    25    31    33    39    41    42    43    44    45    46    47
     3     1     7     0     7     0     7    12    15    32    33    34    39    45
     4     5     0     1     5     0     6    11    35    40    41    43    46
     5     8    10     0     6     0     9    27    29    30    34    41    42    43    45    47
     6     6    10     0     0     8     7    20    26    36    37    40    44    49
     7     2     9     0     0     5     6    20    30    31    32    36    42
     8     9     2     9     0     0     9    30    31    32    36    41    43    44    46    48
     9     6     2     0     0     6     6    20    26    36    43    44    49
    10     4     1     0     6     0     8    25    30    31    36    38    39    41    42
    11    10    10     0     7     0     8    29    36    37    39    42    45    48    50
    12     4    10     5     0     0     7    29    31    35    36    37    41    43
    13     9     9     0     8     0     6    28    29    36    39    42    46
    14    10     0     0     4     1     7    29    35    37    43    44    47    49
    15     8     0     0     8     2     4    29    30    36    44
    16     5    10     0     7     0     4    29    30    35    36
    17     6     0     1     9     0     3    24    30    41
    18     9     0     5     7     0     3    25    36    39
    19    10     6     3     0     0     4    35    36    39    46
    20     5     6     6     0     0     3    29    39    41
    21     3     9    10     0     0     2    25    42
    22     3     0     9     5     0     3    35    36    45
    23     5     0     0     8     4     3    36    43    45
    24     5     9     0     0     2     2    29    37
    25    10     0     0     7    10     2    35    40
    26    10     0     9    10     0     2    35    42
    27     1     0     8     0     6     2    39    40
    28     7     0     3     1     0     2    35    37
    29     9     0     9     4     0     1    38
    30     1     3     0     0     7     1    37
    31     3     1     1     0     0     1    40
    32     2     0     3     6     0     1    35
    33     6     6     1     0     0     1    37
    34     2     0     8     1     0     1    36
    35     3     2     0     0    10     1    51
    36     9     0     0     3     2     1    51
    37     9     0     4     4     0     1    51
    38     9     2     6     0     0     1    51
    39     2     7     0     7     0     1    51
    40     6     0     4     0     3     1    51
    41     2     0     0     8     5     1    51
    42     2     6     0     6     0     1    51
    43     2     7     0     0     4     1    51
    44     2     9     0     0     3     1    51
    45     5     0     1     0     2     1    51
    46     8     2     0     0     9     1    51
    47     3     4     0     2     0     1    51
    48     9     0    10     0     2     1    51
    49     1     0     0     6     9     1    51
    50     9     4     0     0     5     1    51
    51     0     0     0     0     0     0
--------------------------------------------------------------------------------
TRANSFER TIMES OF GLOBAL RESOURCE G1
 DEPOT    P1    P2
     0    14    10
    14     0    21
    10    21     0
--------------------------------------------------------------------------------
TRANSFER TIMES OF GLOBAL RESOURCE G2
 DEPOT    P1    P2
     0     7     6
     7     0     8
     6     8     0
--------------------------------------------------------------------------------
Additional Information: 
global resource strength = 0.2
transfer time factor = 0.2
adapted from RCPSP instances: 
[sD354, sD9]
