--------------------------------------------------------------------------------
PORTFOLIO INFORMATION:
#projects
     2
#global resources
     2
R_G1   R_G2   
   122    21
--------------------------------------------------------------------------------
INFORMATION OF PROJECT 1:
#jobs  release  duedate
    52     0   107
#local resources
     2
R_L1   R_L2   
    13    16
jobnr.  dur.  r_G1  r_G2  r_L1  r_L2  #succ.  successors
     0     0     0     0     0     0    12     1    17    21    25    36    37    38    41    42    43    44    46
     1     2     9     1     2     2     4     2    33    34    35
     2     7     8     0     4     0     3     3    31    32
     3     2     7     5     0     1     1     4
     4     4     5     3     5     2     6     5    26    27    28    29    30
     5     5     1     5     3     9     3     6    15    24
     6     5     8     5     0     0     2     7    23
     7     5    12     2     0     8     2     8    22
     8     7     8     7     0     4     2     9    20
     9     5    11     1     0     0     3    10    19    40
    10     1     1     4    10     0     3    11    18    19
    11     8     4     7    10     1     1    12
    12     3     6     0     0     5     1    13
    13     4     0     0     5    10     1    14
    14     4     0     0     2     0     2    16    48
    15     4     4     7     0     0     1    16
    16     2     0     0     5     2     1    51
    17     2     9     1    10     0     1    51
    18     8     0     8     0     3     1    51
    19    10     0    10     0     6     1    50
    20    10     2     0     9     8     1    51
    21     8    12     0     5     0     1    31
    22     6     2     0    11    13     1    29
    23     8     0     8     5     0     1    51
    24     8     0     7     0     1     1    51
    25     8     0     6    10     0     1    27
    26     6     3     0    10     5     1    48
    27    10     0     6     2     0     1    51
    28     1     0     1     6     2     1    51
    29     9     5     2     0     0     1    51
    30     4     0     0     9    10     1    51
    31     9     0     3     7     0     1    50
    32    10     1     0     0    10     1    51
    33     6     7     3     6     0     1    50
    34     1     0     3     0     4     2    39    48
    35    10     4     0     0    10     1    51
    36     6     0     0     3     4     1    51
    37     7     6     0     7     0     1    51
    38     6     8     0     7     0     1    51
    39     8     1    10     0     2     1    51
    40     5     8     7     0     3     1    51
    41     6     1     0     0     9     1    51
    42     7     0     4     0    10     1    49
    43     8     0     0     8     9     1    51
    44     9     9     0     5     8     2    45    48
    45    10     3     5     0     0     1    51
    46     3     0     5     0     9     2    47    48
    47     5     4     0     6     3     1    51
    48     1     4     1     0     1     1    51
    49     8     0     3     0     1     1    51
    50    10     3     0     0     9     1    51
    51     0     0     0     0     0     0
--------------------------------------------------------------------------------
INFORMATION OF PROJECT 2:
#jobs  release  duedate
    52     0   129
#local resources
     2
R_L1   R_L2   
    11    18
jobnr.  dur.  r_G1  r_G2  r_L1  r_L2  #succ.  successors
     0     0     0     0     0     0     9     1    16    21    24    25    36    44    46    49
     1     5   114     9    11    18     9     2    27    33    37    38    39    40    41    42
     2     8   114     5    11    16     1     3
     3     1    50     0     1     4     1     4
     4     2    50     0     1    12     6     5    17    29    30    31    32
     5     2    93    15    11     3     2     6    28
     6     9    49     4     7     0     1     7
     7     2    93     2     1    12     2     8    15
     8     9    50    11     4     2     2     9    23
     9     8     2     0     3     5     3    10    22    31
    10     5     1     5     5     0     3    11    20    29
    11     4    78     8     0    14     2    12    19
    12     6    14     7     4     8     1    13
    13     8    47     1    10     0     3    14    26    38
    14    10     0     8     0     1     1    18
    15     2     0     8     0    10     1    51
    16     9    10    12     0     0     1    35
    17     6    10     3     3     2     1    33
    18     4    12     0     0     5     1    51
    19     8    14    10     4     4     1    51
    20     5    13     9     0     9     1    51
    21     1     4     1     0    14     1    51
    22    10    32     0     4     0     1    34
    23     7    37     6     6     7     2    41    43
    24     3    31     7    10     9     1    31
    25     3    11     0     3    17     1    51
    26     1    59     0     1     1     2    29    42
    27     6   110     1     8    10     1    48
    28     2    10     0     6     0     2    34    45
    29     2    21     0     0     4     1    51
    30    10    58    13     0     9     2    33    39
    31    10     9     0     0     4     1    51
    32     4     5     0     0     6     1    43
    33    10    12     0     0     3     1    51
    34     9    24     0     6     0     1    51
    35     9    10    13     6     3     1    47
    36     7     1     5     9     0     1    45
    37     3    22     1     4     4     1    51
    38     2     2     0     0    11     2    41    45
    39     3     5     0     0     6     1    48
    40     1    55     2     1     0     3    42    48    50
    41     8    38     8     0     4     1    51
    42     4    46     4     0     4     1    51
    43     4     7     1     5     0     1    45
    44     9    46     6    10     7     3    45    48    50
    45     9     7     0     1     7     1    51
    46     4     8    12     6     0     1    47
    47     7     1     6     0     0     1    51
    48     3     0     8     0     4     1    51
    49    10     0     7     7     0     1    50
    50     9     0    10     0     2     1    51
    51     0     0     0     0     0     0
--------------------------------------------------------------------------------
TRANSFER TIMES OF GLOBAL RESOURCE G1
 DEPOT    P1    P2
     0    10    13
    10     0     9
    13     9     0
--------------------------------------------------------------------------------
TRANSFER TIMES OF GLOBAL RESOURCE G2
 DEPOT    P1    P2
     0     3    14
     3     0    12
    14    12     0
--------------------------------------------------------------------------------
Additional Information: 
global resource strength = 0.5
transfer time factor = 0.2
adapted from RCPSP instances: 
[sD77, sD122]
