--------------------------------------------------------------------------------
PORTFOLIO INFORMATION:
#projects
     2
#global resources
     2
R_G1   R_G2   
    17    24
--------------------------------------------------------------------------------
INFORMATION OF PROJECT 1:
#jobs  release  duedate
    52     0   121
#local resources
     2
R_L1   R_L2   
    14    32
jobnr.  dur.  r_G1  r_G2  r_L1  r_L2  #succ.  successors
     0     0     0     0     0     0    10     1     4     5    10    12    22    23    25    35    48
     1     2     4    13     1     6     7     2    24    40    42    45    46    47
     2     2     1    10    12    20     4     3    11    37    47
     3    10    10     4     7    21     4     6    16    33    34
     4     2     0    10     6    16     4     9    17    40    41
     5     8     7     4     1     6     8     7    13    20    27    29    33    36    41
     6     4    10     8     1    11     4     9    29    30    44
     7     9     8     9     8    15     7     8    14    20    30    31    36    38
     8     2    10     0     3    16     6    18    28    31    32    33    43
     9     1     4     1     5     9     3    13    28    31
    10     2     0     0     1     7     5    11    13    19    27    30
    11     2     3     5     5     0     2    18    27
    12     4     9     0     0    10     6    26    27    32    43    44    47
    13     2     9     2     1    15     2    15    43
    14     9     0     0     6     8     5    20    28    32    33    44
    15     9     2     4     0     5     1    18
    16     4     7     0     6     0     1    51
    17     4     8     4     1    17     3    27    33    34
    18     3     8     6     0     9     3    19    21    39
    19     5     4     2     8    23     2    26    41
    20     1     0    10     0     3     1    51
    21     5     6    11     1     5     1    51
    22     9     1     7     3    31     1    39
    23     3     0     8     5     0     1    51
    24     7     3     0     0     6     1    51
    25     5     9     0     4    18     1    42
    26     9     3     8     0    13     1    51
    27     6     0     6     4     0     1    51
    28     6     7     9     9     7     1    51
    29     1    11     0     2     0     1    32
    30     9     0     0     1    14     1    51
    31     9     1     8     0     0     3    32    39    43
    32     2    10     8     0    18     1    38
    33     4     0     0     5     3     1    45
    34    10    13     8     3     6     1    43
    35     9     8    11     2    22     1    39
    36     6     8     8     0     3     1    51
    37     4     8     5    12     7     1    45
    38     8     4     4     9    11     2    45    49
    39     3     3     1    10     6     1    51
    40     6     0    10     1     4     3    43    44    45
    41    10     4     0     7     0     1    51
    42     2     4     2     0     0     1    45
    43     2     6    14     0     4     2    49    50
    44     4     7     0     8    11     2    45    49
    45     2    10     2     1     1     1    50
    46     2    10    10     6     2     1    51
    47     6     0     6     1     4     1    51
    48     9     8     9     6     8     2    49    50
    49    10     2     9     0     1     1    51
    50    10     0     6     8     9     1    51
    51     0     0     0     0     0     0
--------------------------------------------------------------------------------
INFORMATION OF PROJECT 2:
#jobs  release  duedate
    52     0   104
#local resources
     2
R_L1   R_L2   
    15    10
jobnr.  dur.  r_G1  r_G2  r_L1  r_L2  #succ.  successors
     0     0     0     0     0     0    12     1     2     4     7     9    10    11    13    15    18    21    23
     1     4     7     3     3     0     8     3    20    30    31    45    46    48    49
     2     3     2     0     7     4     7     5    20    40    41    42    44    45
     3     1     8     3    10     6     7     6    34    40    41    42    47    49
     4     2     1     4     5     0    10     6    16    20    25    31    34    39    41    42    46
     5     1     5     0     0     1     6     8    27    30    34    40    46
     6     8     8     0     0     2     6     8    28    43    44    48    50
     7    10     2    10     8     9     8    14    27    31    33    38    42    43    44
     8     4     0     7     0     3     5    12    17    35    37    39
     9     6    10     5     1     0     4    16    17    28    40
    10     9     0     1     2     0     7    16    20    34    38    40    43    45
    11    10     0     9     2     9     6    19    37    40    41    42    43
    12     3     4     1    10    10     4    16    36    37    45
    13     9     5     0     0     9     5    24    25    32    34    35
    14     8     1     0     0     9     4    29    36    37    39
    15     4     0     8    12     8     4    29    30    35    41
    16     8     5    10     0     0     3    22    32    35
    17     7     7     0     6     0     4    29    35    36    47
    18     2     0     1     0     9     5    19    22    26    32    48
    19     7     9     3    15     3     2    27    36
    20     3     7     0     3     0     2    32    35
    21     7     0     9    13     0     1    51
    22    10     1     0     7     0     1    24
    23     3     0     8     2     4     2    33    34
    24     1     9     1     0     0     1    26
    25     6     4     0     0     4     1    26
    26     4     6     0     0     2     1    33
    27     3     2     6     0     0     1    32
    28     9     0     0     6     0     1    37
    29     3     0     0     9    10     1    32
    30     7     0     1     8     0     1    43
    31     5     8     0     2     6     2    32    50
    32     4    10     0     0     3     1    41
    33     1     2     0     8     0     1    51
    34     2     6     0     0     1     1    51
    35     8    10     0    13     0     1    51
    36     3     7     1     0     0     1    41
    37     3     5     0     0     3     1    51
    38     9     5     8     6     0     1    48
    39    10     4     1     0     0     1    42
    40     4     0     3     6     7     1    43
    41    10     6     0     2     0     1    51
    42     1     3     4     0     0     1    47
    43     4     8     0     9     0     1    46
    44     4     2     7     0     0     1    51
    45     1     0     5    11     0     1    48
    46     6     4     0     4     0     1    48
    47     7    10     0     0     2     1    51
    48     4     0     1     0    10     1    50
    49     7     0     6     5     0     1    50
    50     2     3     8     0     0     1    51
    51     0     0     0     0     0     0
--------------------------------------------------------------------------------
TRANSFER TIMES OF GLOBAL RESOURCE G1
 DEPOT    P1    P2
     0    26    30
    26     0    22
    30    22     0
--------------------------------------------------------------------------------
TRANSFER TIMES OF GLOBAL RESOURCE G2
 DEPOT    P1    P2
     0    21    29
    21     0    25
    29    25     0
--------------------------------------------------------------------------------
Additional Information: 
global resource strength = 0.2
transfer time factor = 0.5
adapted from RCPSP instances: 
[sD182, sD92]
