--------------------------------------------------------------------------------
PORTFOLIO INFORMATION:
#projects
     2
#global resources
     2
R_G1   R_G2   
    17   146
--------------------------------------------------------------------------------
INFORMATION OF PROJECT 1:
#jobs  release  duedate
    52     0   163
#local resources
     2
R_L1   R_L2   
   173   170
jobnr.  dur.  r_G1  r_G2  r_L1  r_L2  #succ.  successors
     0     0     0     0     0     0    10     1     8    16    19    20    22    23    34    44    45
     1     2    12   143   173   170     1     2
     2    10    12   143   173   170     1     3
     3     1    12   143   173   170     1     4
     4     6    12   143   173   170     1     5
     5     5    12   143   173   170     1     6
     6     3     1   125    25    68     2     7    33
     7     3    12   143   173   170     1     9
     8     8    11    18   148   100     3     9    30    40
     9     6    12   143   173   170     3    10    28    29
    10     4     5    42    72    82     2    11    25
    11     4     9    19    60    81     3    12    21    42
    12     6     1    12    12    16     2    13    24
    13     1     8     7    40    34     3    14    18    24
    14     4     2    23    27    67     1    15
    15    10     4    87    31    18     1    17
    16     9     8    56   142   152     1    26
    17     5     0    19     0     9     1    51
    18    10     3    36     3     0     1    51
    19     1     1    27    12     9     3    25    35    39
    20     5     4   101   101    88     1    51
    21     7     2    53    91    98     2    24    46
    22    10    10   112   128    69     1    32
    23     9     2    96   101    80     3    27    39    43
    24     9     4     4    12     9     2    35    48
    25     5     8    56   142   152     3    32    37    42
    26     3     8   139   161   161     1    51
    27     3    12   143   173   170     2    38    47
    28     5     1     1    10    47     1    51
    29     5     2    48    19    38     2    31    47
    30     8     9    88   170   161     1    50
    31     6     0    35    30    21     1    50
    32     1     0    40    86     3     1    51
    33     6     8    58    70    63     1    36
    34     8     6    98   142   135     1    49
    35     3     3     6    17    53     1    51
    36     1     1   124    25    70     1    41
    37     2     3    80    82    64     1    46
    38     1     6    98   114    70     1    48
    39     6    12   143   173   170     1    46
    40     7    11   124   161   154     1    46
    41     1     7     9    60    68     1    42
    42     5     1   119   110    68     1    46
    43     6     4    99    75    50     1    46
    44    10    11    18    63   102     2    47    48
    45     6     7    61   142   123     1    46
    46     8     8   120   156   117     2    47    48
    47     4     0     9    19    15     1    49
    48     7     6    12    31    35     1    50
    49     6     4    13    45    11     1    51
    50     7     2    12    45    92     1    51
    51     0     0     0     0     0     0
--------------------------------------------------------------------------------
INFORMATION OF PROJECT 2:
#jobs  release  duedate
    52     0    68
#local resources
     2
R_L1   R_L2   
    18    17
jobnr.  dur.  r_G1  r_G2  r_L1  r_L2  #succ.  successors
     0     0     0     0     0     0    14     1     4     5     8     9    10    12    44    45    46    47    48    49    50
     1     2     0     9     0    10     6     2    18    34    39    40    42
     2     4     0    10    10     0     3     3    22    35
     3     7     0     0     5     6     2     6    37
     4     3     0     0     4     1    13    13    21    24    27    28    29    30    31    32    33    34    35    38
     5     8     7     0     2     0     9    11    14    16    22    28    30    31    34    41
     6     7     0     9     8     0     5     7    15    21    27    31
     7     6     0     0     6     5     6    11    25    28    30    32    33
     8     1     4     0     6     0     9    19    24    25    26    28    29    30    37    40
     9     3     0     0     3     2     6    16    17    27    28    35    39
    10     5     6     0     2     0     7    17    21    24    27    28    36    43
    11     5     2     9     0     0     3    13    24    29
    12     1     2     0     0     2     4    23    24    26    34
    13     6     6     0     0    10     2    19    26
    14     6     0     7     5     0     2    19    27
    15     1     0     0     3     8     2    23    24
    16     9     0     2     0     1     2    24    36
    17     1     3     0     0     6     2    23    25
    18     8     0     8     0     9     2    31    38
    19     7     2     8     0     0     1    20
    20     5     3     7     0     0     1    23
    21     6     0     4     8     0     1    25
    22    10     0     0     5     8     1    27
    23     5     5     3     0     0     1    51
    24    10     0     5     8     0     1    51
    25     7     6     0     5     0     1    51
    26     5     0     6     0     7     1    51
    27     6     0     5     0     1     1    51
    28     8     4     4     0     0     1    51
    29     4     6     0     3     0     1    51
    30     8     0     0     9     3     1    51
    31     7    10     3     0     0     1    51
    32     2     8     0     0     3     1    51
    33     4     2     0     0     3     1    51
    34     7     4     0     7     0     1    51
    35     5     0     9     7     0     1    51
    36    10     5     0     3     0     1    51
    37     3     5     0     0     9     1    51
    38     9     0     4     0     1     1    51
    39     5     7     0     2     0     1    51
    40     3     0     0     6     6     1    51
    41     7     1     0    10     0     1    51
    42     7     0     3     0     8     1    51
    43     9     0     0     5     9     1    51
    44     3     0     4     0     2     1    51
    45     1     8     0     5     0     1    51
    46     8     0     0     7     1     1    51
    47     7     3     0     0     3     1    51
    48     4     9     0     0     1     1    51
    49     9     0     5     0     6     1    51
    50    10     0     0     8     2     1    51
    51     0     0     0     0     0     0
--------------------------------------------------------------------------------
TRANSFER TIMES OF GLOBAL RESOURCE G1
 DEPOT    P1    P2
     0     8    12
     8     0    10
    12    10     0
--------------------------------------------------------------------------------
TRANSFER TIMES OF GLOBAL RESOURCE G2
 DEPOT    P1    P2
     0     9     2
     9     0    10
     2    10     0
--------------------------------------------------------------------------------
Additional Information: 
global resource strength = 0.2
transfer time factor = 0.2
adapted from RCPSP instances: 
[sD323, sD30]
