--------------------------------------------------------------------------------
PORTFOLIO INFORMATION:
#projects
     4
#global resources
     2
R_G1   R_G2   
   242   231
--------------------------------------------------------------------------------
INFORMATION OF PROJECT 1:
#jobs  release  duedate
    52     0   135
#local resources
     2
R_L1   R_L2   
    18   115
jobnr.  dur.  r_G1  r_G2  r_L1  r_L2  #succ.  successors
     0     0     0     0     0     0     6     1     3    12    18    25    49
     1     2   110   145    16   110     5     2    21    43    47    48
     2     1   110   145    16   110     2     4    44
     3     1    34    18     6    52     8     6    14    16    21    22    23    24    40
     4     1    28    59     8    16     1     5
     5     4   110   145    18   114     3     7    16    41
     6     4   101   139    16   109     3     7     8    38
     7     3   119   151    18   115     1     8
     8     2    28    59    11    16     2     9    38
     9     1    59    80     6    60     2    10    35
    10     9    28    56    11    16     1    11
    11    10    94    75    12    92     4    13    30    31    32
    12    10    91    92     7    99     8    17    21    22    23    29    31    34    41
    13     1    89   124     8    73     3    15    28    31
    14     4     9     6     0     1     1    31
    15     3    45    12    14    47     1    17
    16     2    22   108     0    37     1    33
    17     9   110   145    16   110     2    19    33
    18    10    85   104     8    63     2    24    44
    19     8    11    17    12    49     5    20    27    30    44    45
    20     5    12     7     3    10     2    43    50
    21     4   117   149     8    99     1    51
    22     7     9     6     2     5     1    30
    23     9    93    99    12    92     4    26    27    28    37
    24     7    56   117    14    85     4    26    36    38    40
    25    10    65   133     1    63     1    51
    26     2    30     2    10     7     4    30    31    39    46
    27     4    11    66     5    26     2    36    46
    28     7    54    16     2    24     1    33
    29    10    40    29    12    54     1    38
    30     3    34    17    11    48     2    36    43
    31     4    12    21     9    26     1    51
    32     1    38    55     2     1     1    37
    33     3    12     8     0    29     2    42    43
    34     4    39    54     8    41     2    45    46
    35     9    25    76     0    20     1    50
    36     3    65    92     9    53     1    51
    37     5    30    27    10    42     1    43
    38     3   107   111    14    86     1    47
    39     3   107   117    11    86     1    45
    40     3    96    78     2    37     1    48
    41     1    26    13     6    23     3    42    43    50
    42     7    21    40     3    30     2    44    46
    43     2    58    81     1    31     1    51
    44     9     2    34     1     5     1    51
    45     9     2     2    10    16     1    51
    46     3    23     7     1    31     1    51
    47     4     0     0     6     3     1    51
    48     1    25    52     6    15     1    50
    49     9    84   110     3    55     1    50
    50     7    12    10     4    18     1    51
    51     0     0     0     0     0     0
--------------------------------------------------------------------------------
INFORMATION OF PROJECT 2:
#jobs  release  duedate
    52     0   129
#local resources
     2
R_L1   R_L2   
   170   143
jobnr.  dur.  r_G1  r_G2  r_L1  r_L2  #succ.  successors
     0     0     0     0     0     0     6     1     8    23    34    44    45
     1     8   173    12   170   143     5     2    16    22    38    39
     2     1   173    12   170   143     2     3    30
     3     2   173    12   170   143     6     4    20    26    32    40    42
     4     4   173    12   170   143     1     5
     5     3   173    12   170   143     2     6    37
     6     3    13     1    41   125     3     7    19    33
     7     4   173    12   170   143     2     9    32
     8     9   160    11   129    18     6     9    30    31    38    40    41
     9     1   173    12   170   143     3    10    28    29
    10     4    62     8    85    42     2    11    25
    11     2    49     9    69    19     2    12    21
    12     5    12     2    16     5     2    13    31
    13     1    32     1    33    16     2    14    18
    14     1    10     1    67    18     3    15    35    48
    15    10    31     4    11    87     2    17    47
    16     7   142     4   152    56     1    51
    17    10     0     0     9    19     1    51
    18    10     3     3     0    36     1    51
    19     2    12     1     9    20     1    25
    20     9   111     4    85   101     2    36    40
    21     6    63     3    99    50     2    24    46
    22     8   128     8    63   112     1    51
    23     7   111     2    78    97     2    27    39
    24     7    12     4     7     4     1    51
    25     5   142     8   154    56     2    37    41
    26     1     3     1    24    24     1    42
    27     4   173    12   170   143     1    51
    28     7    10     0    23     1     1    51
    29     5    13     2    38    41     1    31
    30     2   170     9   161    88     1    41
    31     1    32     0    29    67     1    50
    32     1    64     0     7    40     3    42    49    50
    33     5    55     7    60    67     1    36
    34    10   147     5   139   100     1    49
    35     1     1     5    53     6     1    51
    36     1   124     3    80   124     1    41
    37     2    34     3    71    40     1    46
    38     2   110     9    71    93     2    47    48
    39     2   173    12   170   143     2    42    43
    40     1   160     8   123    18     1    51
    41     1   107     4    67    28     1    42
    42     5   114     1    68   121     1    46
    43     1    13     1    27    99     1    46
    44    10    59    11   102    18     2    47    48
    45     9   142     8   159    56     1    46
    46     4   149     6    94   118     2    47    48
    47     1    23     0    69     9     1    51
    48     8    26     6    31    11     2    49    50
    49     3    35     3    56    12     1    51
    50     7    45     3    98    12     1    51
    51     0     0     0     0     0     0
--------------------------------------------------------------------------------
INFORMATION OF PROJECT 3:
#jobs  release  duedate
    52     0   179
#local resources
     2
R_L1   R_L2   
   113   170
jobnr.  dur.  r_G1  r_G2  r_L1  r_L2  #succ.  successors
     0     0     0     0     0     0     8     1     8    16    18    19    32    34    40
     1    10   111   143   113   170     1     2
     2     3   111   143   113   170     1     3
     3     1   111   143   113   170     1     4
     4     2   111   143   113   170     2     5    26
     5     7    61   103    45    39     4     6    35    36    50
     6    10   111   143   113   170     1     7
     7     6   111   143   113   170     2     9    25
     8     2   111   143   113   170     2     9    41
     9     1    57   103    27    39     3    10    21    29
    10     3    45    49    26    39     4    11    24    28    44
    11     4    94   120    86   153     3    12    38    39
    12     2    10    28    13    52     6    13    20    22    23    42    47
    13     1    63    28    87    39     1    14
    14     3   111   143   113   170     2    15    31
    15     7     5    87     0     2     1    17
    16    10    50    40    68   131     1    39
    17     1     3    19     0    39     1    51
    18    10    70    42    98    60     1    27
    19     6     0     6     2    21     3    23    27    35
    20     2   101   117   103   131     3    27    37    46
    21     1   106    50   103   142     1    39
    22     4   101   117    86   138     1    51
    23     9    60   101    75   135     1    51
    24     1    10   101    15    36     1    42
    25     9   100   102    76   103     3    37    38    41
    26     8     9     4     0     4     1    45
    27    10   111   143   113   170     1    51
    28     3   102   139   113   166     4    30    39    42    43
    29     4    11    11    39    82     1    51
    30     1    54    13    85    14     1    46
    31    10     1    22    10    28     1    49
    32     4    48    52    26   131     3    33    39    41
    33     3   101    28    74    97     1    36
    34    10    66    94    87   117     1    48
    35     1    97    52    86   157     1    45
    36     8    48   115    26   118     1    38
    37     2    36    22    26    47     1    47
    38     4    39    79    26    54     3    43    45    50
    39     8   111   143   113   170     1    45
    40     9    54    40    86    77     2    43    50
    41     8    39    90    26   106     3    43    45    46
    42     4   100   105    74    88     1    46
    43     4   103   121    86   142     2    47    48
    44     6     8    19    27    13     1    46
    45     3   106    56   113   168     1    46
    46     2   110   121   103   142     2    47    48
    47     9    36    14    15    71     1    49
    48    10    51    42    38    35     1    51
    49    10    45    49    26    49     1    51
    50     6   111   143   113   170     1    51
    51     0     0     0     0     0     0
--------------------------------------------------------------------------------
INFORMATION OF PROJECT 4:
#jobs  release  duedate
    52     0   181
#local resources
     2
R_L1   R_L2   
   111   143
jobnr.  dur.  r_G1  r_G2  r_L1  r_L2  #succ.  successors
     0     0     0     0     0     0     7     1     8    16    19    23    34    40
     1     9   113   170   111   143     2     2    38
     2     5   113   170   111   143     1     3
     3     4   113   170   111   143     1     4
     4     3   113   170   111   143     4     5    20    22    44
     5     1    44    85    61   103     1     6
     6     2     4    69     3   125     2     7    33
     7     9   113   170   111   143     1     9
     8    10   109   101   108    18     2     9    18
     9     3    27    78    57   103     3    10    27    30
    10     3   113   170   111   143     1    11
    11     8   113   170   111   143     6    12    21    24    26    28    30
    12    10     4    15     5     4     2    13    50
    13     2    95    47    61    19     1    14
    14     7   113   170   111   143     3    15    31    48
    15    10     3     9    13    87     1    17
    16    10    69    85    50    40     2    25    38
    17     7     0     9     3    19     1    51
    18     9    69   100    64   129     1    51
    19     9    18    91    50    98     1    27
    20     4    79    70    99   102     3    21    26    37
    21     3    81   148   104   102     1    42
    22     2    18   144    92   110     2    24    46
    23    10    50   139    62   112     1    24
    24     1    75    64    56    15     1    51
    25     3    81   148   104   102     2    29    42
    26     1    32     4     2     4     1    51
    27     2   113   161   108   124     1    32
    28     5    18    76    49    11     4    29    37    42    45
    29     3    34     7    12    10     1    51
    30     1    31    70    47    11     1    42
    31    10    32    13     4    22     1    49
    32     1   109   155   106   124     2    43    45
    33     3    44    85    59    92     1    35
    34    10    14   121    61   102     1    51
    35     8    79   155    99   120     6    36    42    43    44    48    50
    36     1    18    69    28   124     1    39
    37     4    18   123    50    24     1    46
    38     3    75   101    83    18     1    39
    39     9    81   155   106   120     1    41
    40    10    86    92    54    40     1    51
    41     1    29    13     4     0     3    42    43    45
    42     1    47    64    92    92     1    46
    43     1    77   151    96    52     1    46
    44     1    31    91     7    19     1    51
    45     8   113   161   108   124     2    46    50
    46     3   109   155   106   124     1    47
    47     7    12    30    36    10     2    48    49
    48     9    38    31    47    14     1    51
    49    10    50    31    49    31     1    51
    50     3   113   170   111   143     1    51
    51     0     0     0     0     0     0
--------------------------------------------------------------------------------
TRANSFER TIMES OF GLOBAL RESOURCE G1
 DEPOT    P1    P2    P3    P4
     0     6    10     6    10
     6     0     7     8     6
    10     7     0    14    10
     6     8    14     0    11
    10     6    10    11     0
--------------------------------------------------------------------------------
TRANSFER TIMES OF GLOBAL RESOURCE G2
 DEPOT    P1    P2    P3    P4
     0     5     5     8     4
     5     0     4    10     7
     5     4     0     7     5
     8    10     7     0     4
     4     7     5     4     0
--------------------------------------------------------------------------------
Additional Information: 
global resource strength = 0.2
transfer time factor = 0.2
adapted from RCPSP instances: 
[sD275, sD280, sD307, sD253]
