--------------------------------------------------------------------------------
PORTFOLIO INFORMATION:
#projects
     4
#global resources
     2
R_G1   R_G2   
   245   148
--------------------------------------------------------------------------------
INFORMATION OF PROJECT 1:
#jobs  release  duedate
    52     0   145
#local resources
     2
R_L1   R_L2   
   170   143
jobnr.  dur.  r_G1  r_G2  r_L1  r_L2  #succ.  successors
     0     0     0     0     0     0     9     1     8    16    20    22    23    34    43    44
     1     1   173    13   170   143     3     2    19    27
     2     9   173    13   170   143     2     3    19
     3     1   173    13   170   143     1     4
     4     4   173    13   170   143     3     5    26    45
     5     2   173    13   170   143     1     6
     6     4    13     1    66   125     3     7    26    33
     7     7   173    13   170   143     3     9    30    38
     8     9   148    10   100    18     6     9    30    38    39    40    41
     9     8   173    11   166   143     5    10    28    29    30    41
    10     3    62     5    56    42     3    11    25    28
    11     2    49     9    28    20     3    12    21    42
    12     9    25     4    17    12     1    13
    13     1    37     9    32    12     3    14    18    46
    14     1    10     3    67    43     2    15    35
    15     8    31     4    18    87     1    17
    16    10    59     8   132    53     1    51
    17    10     0     0     9    19     1    51
    18    10    35     3     0    36     1    51
    19     1    12     1     7    68     2    32    48
    20    10    59     5    85   101     1    42
    21     5    59     0    65    50     3    24    35    46
    22     9   128     7    82   107     1    51
    23     6   111     2   110   101     1    27
    24     1   113     5    95     4     1    48
    25     6   142     8   152    53     2    37    42
    26     9     0     2     4     0     1    46
    27     6   173    13   170   143     1    32
    28     7    20     2    47     1     2    32    37
    29     8     6     2    38    41     2    31    49
    30     1     0     1     3    90     2    42    49
    31     4    10     0    28    22     1    50
    32     2   114     2    28    33     2    35    46
    33     6    53     7    30    57     1    36
    34     7   142     6    91   110     3    39    40    49
    35     7    15     5     1     6     1    51
    36     3    25     3    70   103     1    41
    37     1    22     2    71    26     1    51
    38     2    10     5     5    14     1    42
    39     1   173    11   166   143     1    51
    40     9   160    12   104    18     1    49
    41     1    14     8    67    10     1    42
    42     7   114     4    68   121     1    46
    43     1   123     3   149    42     1    51
    44    10    59     9   102    18     2    47    48
    45     4   161    10   159    75     2    47    48
    46    10   151     8    99   117     2    47    48
    47    10    35     2    28     9     1    49
    48     7    31     6    32    14     2    49    50
    49     1    45     4    61    17     1    51
    50     8    45     3    88    36     1    51
    51     0     0     0     0     0     0
--------------------------------------------------------------------------------
INFORMATION OF PROJECT 2:
#jobs  release  duedate
    52     0   145
#local resources
     2
R_L1   R_L2   
    12   120
jobnr.  dur.  r_G1  r_G2  r_L1  r_L2  #succ.  successors
     0     0     0     0     0     0     8     1    11    14    26    29    37    39    44
     1     8    12    37    12   120     5     2    19    27    40    41
     2     4    12    37    12   120     1     3
     3     2    12    37    12   120     1     4
     4     2    12    37    12   120     3     5    32    35
     5     3     2    22     7    84     5     6    18    34    36    50
     6     1     2    20     6    69     3     7    30    34
     7     4    12    37    12   120     1     8
     8     3    12    37    12   120     3     9    16    25
     9     3    12    37    12   120     3    10    20    47
    10     3     2    10     6    46     4    12    18    23    24
    11     8    10    14     0    34     7    21    22    23    24    27    38    41
    12     8    11    28    12   102     3    13    22    42
    13     5     0     4     8     8     2    15    28
    14     6    11    31     4   108     2    15    22
    15     3     7    14     2    30     1    17
    16     7     1     9     0    18     3    41    42    45
    17     4     4     9     8    41     2    21    33
    18     1     6    20     4    96     2    30    43
    19     1     5    11     0    62     1    51
    20     4     0     0     4    40     1    23
    21     3     4     0     5    33     1    51
    22    10     0    19     0    37     1    51
    23     2     2     4     6    32     3    31    33    50
    24     4     5    24     9   102     1    51
    25     6     3     5     4    58     1    35
    26     5     7    18     8    70     1    51
    27    10     5    24     8    96     1    43
    28     2    11    37    12   116     3    31    35    40
    29    10     3    37     8   106     1    30
    30     2     0     6     8     3     2    48    50
    31     3     2    16     0    90     1    50
    32     8     5    18    10    86     1    51
    33     8     6     0     3    14     1    51
    34     4     9    18     6    39     2    35    41
    35     4     1     8     3    63     1    51
    36     8    10    16     0    51     1    51
    37     8    10    14     0    36     4    40    42    45    47
    38     4     4     6     0    24     1    51
    39     8     5    17     6    24     5    41    42    43    45    48
    40     7     2    12     8    29     2    41    43
    41     3     1    13     0     6     1    51
    42     9     8    24    12    96     4    43    48    49    50
    43     9     9     0     4    11     1    51
    44     3     5    23     0    69     2    46    48
    45     1     8     8     9    16     1    51
    46     8    10    15     5    36     1    50
    47     5     7     5     0    21     1    48
    48     2     1     0     0     4     1    51
    49     3     1     8     4    16     1    51
    50     7     2    10     0    54     1    51
    51     0     0     0     0     0     0
--------------------------------------------------------------------------------
INFORMATION OF PROJECT 3:
#jobs  release  duedate
    52     0   137
#local resources
     2
R_L1   R_L2   
    18   151
jobnr.  dur.  r_G1  r_G2  r_L1  r_L2  #succ.  successors
     0     0     0     0     0     0     9     1     3     6    12    14    24    25    40    49
     1     3   119   115    18   151     2     2    43
     2     7   110   114    18   145     4     4    21    26    29
     3     1    45    51    16    12     7     4    22    23    34    38    42    48
     4     1    60    76    10    91     1     5
     5     7   110   114    18   145     2     7    41
     6     2   110   114    18   145     4     8    18    29    48
     7     1   119   115    18   151     1     8
     8     3    28    16    11    59     1     9
     9     1    69    77    10    97     2    10    35
    10     9    28    16    11    59     2    11    37
    11    10   108    90    16    68     3    13    31    32
    12    10    91    99     7    92     8    13    16    17    22    23    29    31    43
    13     1    92    82     9   124     2    15    28
    14     4     9     1     0     6     5    17    22    33    35    38
    15     4    45    51    14    12     1    17
    16     1    75    63    13    68     1    17
    17     4    94    86    13   105     1    19
    18     4    57    62     7   104     1    43
    19     8    27    52    12    18     7    20    27    30    44    45    47    48
    20     5    12    21     3     7     1    50
    21     6   107    94     8   144     1    51
    22     9     9    13     2     6     1    47
    23     7    92    92    14   137     6    26    27    28    30    31    46
    24    10    75    84    13   117     1    26
    25    10    65    63     2   133     1    51
    26     2    36    60    13    28     1    39
    27     5    11    12     5    28     3    32    36    46
    28     8    35    30     2    16     2    30    33
    29    10    84    57    12    28     1    30
    30     3    59    47     9    18     1    43
    31     4    11    32     9    21     1    51
    32     1    48    47     4    89     1    51
    33     3    12    29     1    12     3    36    42    45
    34     3    50    38     8    54     1    41
    35     9    11    25     2    83     3    36    46    50
    36     2    69    61     8    85     1    51
    37     4    48    30    10    50     1    51
    38     2   107    83     9    93     2    41    47
    39     8   107    86    14   117     2    45    48
    40     6    96    54     7    89     3    41    43    48
    41     2    27    23     4    14     1    51
    42     5    16    16     3    40     4    44    46    47    50
    43     2    42    42     1    53     1    51
    44     9     2    20     1    34     1    51
    45    10     9    21    10     4     1    46
    46     1     6    11     0    74     1    51
    47     2     0     1     1     0     1    51
    48     2     3    16     4    52     1    50
    49     9    83    49     3   110     1    50
    50     6    12    28     4    27     1    51
    51     0     0     0     0     0     0
--------------------------------------------------------------------------------
INFORMATION OF PROJECT 4:
#jobs  release  duedate
    52     0   109
#local resources
     2
R_L1   R_L2   
    15    19
jobnr.  dur.  r_G1  r_G2  r_L1  r_L2  #succ.  successors
     0     0     0     0     0     0    11     1     2     3     4     7     8    10    17    19    25    30
     1     5     7     5     2    14     9     5    12    14    20    21    24    44    46    49
     2    10     6     2     5     6    12    11    14    15    20    21    23    29    42    43    44    45    48
     3     9     5    10     0     5     6     9    23    24    42    43    44
     4     8     0     6     3     3     8    11    21    23    29    42    43    45    46
     5     2     0     1     4     8     2     6    43
     6     6     6     1     4     9     2     9    23
     7     5     0     1     1     0     7    14    18    20    37    38    42    44
     8     6     9     1     5     5     6    13    16    21    29    41    47
     9     6    11    11     4    16     4    11    22    29    47
    10     8     0     4    10     2     4    13    14    16    45
    11     6     6     0     4     4     5    13    28    40    41    47
    12     4     0    11     5     4     6    29    34    35    39    42    47
    13     8     0     5    10    10     7    18    34    35    37    38    39    49
    14    10    10     0     0     1     3    16    35    36
    15     4     1     0     3     1     6    26    32    33    35    36    37
    16    10     5     0     2     0     4    22    27    28    37
    17    10     7    10     1    10     4    31    33    40    42
    18     9    10     0     1     3     3    26    32    36
    19     7     9     0     9     0     4    32    33    34    42
    20     9     0     2     1     0     3    27    34    47
    21     2    10     4     2    18     3    27    33    39
    22     2     7     0    10     0     3    27    31    34
    23     2     6     2     0    15     2    43    49
    24     8     0     2     4     0     2    32    35
    25     4     8     6     0     0     2    31    44
    26     7     0    10     0     6     1    27
    27     7     0     5     5     6     1    31
    28     3     3     0     0     3     1    33
    29     3     0     0     1     2     1    51
    30     9     6     0     2     0     1    51
    31     8     0    10     0    12     1    51
    32     6     0     9    13     0     1    43
    33     8     0     8     2     0     1    51
    34     6     1     3     0     0     1    51
    35     9     0     7     0     6     1    46
    36     9     6     0     8     0     1    50
    37     9     0     3     7     0     1    48
    38     7     8    10    12     4     1    51
    39     3     1     4     8     8     1    51
    40     5     6     0     4     2     1    46
    41     3     0     9     5     0     2    46    48
    42     1     3    10     0     6     1    51
    43     2     3     6     0     7     1    51
    44     6     7     0     5     4     2    47    50
    45     8     0     5     1     2     1    51
    46     4     0     5     0     1     1    51
    47    10     0     5     0     3     1    50
    48     4     0     0     6     3     1    50
    49     2     1     7     0     2     1    50
    50    10     0     4     2    10     1    51
    51     0     0     0     0     0     0
--------------------------------------------------------------------------------
TRANSFER TIMES OF GLOBAL RESOURCE G1
 DEPOT    P1    P2    P3    P4
     0    18    15    16    17
    18     0    26    26    16
    15    26     0    30    31
    16    26    30     0    14
    17    16    31    14     0
--------------------------------------------------------------------------------
TRANSFER TIMES OF GLOBAL RESOURCE G2
 DEPOT    P1    P2    P3    P4
     0    30    27    22     6
    30     0     6    29    25
    27     6     0    24    23
    22    29    24     0    22
     6    25    23    22     0
--------------------------------------------------------------------------------
Additional Information: 
global resource strength = 0.5
transfer time factor = 0.5
adapted from RCPSP instances: 
[sD290, sD196, sD306, sD127]
