--------------------------------------------------------------------------------
PORTFOLIO INFORMATION:
#projects
     4
#global resources
     2
R_G1   R_G2   
   179    39
--------------------------------------------------------------------------------
INFORMATION OF PROJECT 1:
#jobs  release  duedate
    52     0   104
#local resources
     2
R_L1   R_L2   
    14    12
jobnr.  dur.  r_G1  r_G2  r_L1  r_L2  #succ.  successors
     0     0     0     0     0     0     9     1     6     8    18    19    24    35    48    50
     1     8     8    10    14     9     2     2    26
     2     2    17    10    14    12     2     3    47
     3     6    17     5     9    12     2     4    44
     4     4     7     0     9     6     3     5    42    45
     5     2     9    12     4     3     6     7    39    40    41    43    46
     6     5     2    10     4     3     6     9    15    38    39    41    44
     7     9     3     0     7     3     3     9    15    38
     8     7     9     0     0     3     2     9    42
     9     6     5     5     8     3     5    10    32    37    41    42
    10     3     5     3     0     0     4    11    33    34    36
    11     2     4     2     0     0     6    12    21    25    29    30    31
    12     3     8    12     7     0     5    13    22    23    27    28
    13     1    15     6    11     2     3    14    27    28
    14     7     6     3     0     0     1    16
    15     2    12     2     7     4     3    22    23    32
    16     9     9     8     0     0     1    17
    17     3     7     0     3     0     1    20
    18     1     0     0     9     7     1    51
    19     9     1     2     0     0     1    51
    20     2    12     0     5     1     1    51
    21     3     0     0     3     1     1    43
    22     5     0     2     3     0     1    51
    23    10     6     5     0     0     1    51
    24     3     0     0    10     4     1    51
    25     1     9     0     7     0     1    51
    26     7     4     4    13     3     1    47
    27     6     5     0    12     5     1    51
    28    10     0     1     3     9     1    51
    29     2     0     1    10     0     1    51
    30    10     5     5     1     0     1    42
    31     9     7     4     0     5     1    51
    32    10     0     0     1    10     1    43
    33     2     2     0     0     4     1    51
    34     5     5     0    13     2     1    39
    35     5     0     6     9     6     1    45
    36     2     0     0     3     4     1    51
    37     7    16     0     5     2     1    51
    38     1     6     4    13    12     3    41    43    49
    39     8     5     5     0     0     1    51
    40     4     9     7     0     3     1    51
    41     8     0     4     1     0     1    43
    42     8     6     0     7     0     1    51
    43     6     8     4     0     0     1    51
    44     2     6     0     0     9     1    51
    45    10     4     0     0     3     1    49
    46     7     0     0     6     6     1    51
    47     8     0     5     5     0     1    51
    48    10     2     9     0     9     1    49
    49     6     5     2     0     8     1    51
    50     5     0     6     7     0     1    51
    51     0     0     0     0     0     0
--------------------------------------------------------------------------------
INFORMATION OF PROJECT 2:
#jobs  release  duedate
    52     0    71
#local resources
     2
R_L1   R_L2   
    14    13
jobnr.  dur.  r_G1  r_G2  r_L1  r_L2  #succ.  successors
     0     0     0     0     0     0    18     1     4     6     7     8    10    11    13    17    21    22    23    24    25    47    48    49    50
     1     5     9     0     2     0     5     2    39    40    42    44
     2     7     7     0     0     3     3     3    30    36
     3     1     1     1     0     0     4     5    15    33    37
     4    10     4     0     0     3     7     9    28    29    40    41    43    46
     5     6     0     0     9    10     5     9    27    28    29    31
     6     7     0     7     6     0     6    14    20    28    33    35    41
     7    10     0     9     0     2     5    18    29    30    33    43
     8     6     8     0     0     2     5    16    27    35    36    45
     9    10     0     0     5     2     2    12    32
    10     5     7     0     0     1     4    19    27    31    35
    11     4     1     0     5     0     3    19    27    31
    12     3     0     8     9     0     1    14
    13     3     6     0     1     0     3    27    30    38
    14     1    10    10     0     0     1    18
    15     3     7     0     1     0     2    26    34
    16     3     0     2     0     3     2    29    30
    17     6     5     0     0     5     2    27    28
    18     9     4     0     4     0     1    19
    19     2     6     5     0     0     1    26
    20     5     3     0     4     0     1    27
    21    10     0     5     7     0     1    28
    22     8     2     0     0     3     1    27
    23     4     6     0    10     0     1    42
    24     5     0     0     6     3     1    39
    25    10     1     0     8     0     1    38
    26     9     4     0     0     4     1    51
    27     1    10     0     0     7     1    51
    28     3     0     7     5     0     1    51
    29    10     0     4     0     7     1    51
    30     5     0     6     5     0     1    51
    31     8     0     7     0     2     1    51
    32    10     0     3    10     0     1    51
    33     1     0     0     9     9     1    51
    34     1     0    10     5     0     1    51
    35     2     0     4     0     6     1    51
    36     7     3     0     0     7     1    51
    37     4     0     7     1     0     1    51
    38     8     1     5     0     0     1    51
    39     7     9     0     4     0     1    51
    40    10     5     0     0    10     1    51
    41     6     0     0     7     1     1    51
    42     3     9     0     1     0     1    51
    43    10     0     0     3     9     1    51
    44     8     9     8     0     0     1    51
    45     5     0     4     0     1     1    51
    46     1     5     0     5     0     1    51
    47    10     0     3     0     4     1    51
    48     3     0    10     0     4     1    51
    49     6     0     0     1     2     1    51
    50     4     0     2     5     0     1    51
    51     0     0     0     0     0     0
--------------------------------------------------------------------------------
INFORMATION OF PROJECT 3:
#jobs  release  duedate
    52     0   165
#local resources
     2
R_L1   R_L2   
   173   143
jobnr.  dur.  r_G1  r_G2  r_L1  r_L2  #succ.  successors
     0     0     0     0     0     0     8     1     8    16    20    22    23    34    44
     1     4   170    12   173   143     2     2    27
     2     6   170    12   173   143     1     3
     3     7   170    12   173   143     4     4    26    32    42
     4     1   166    10   173   143     1     5
     5     4   166    10   173   143     3     6    32    37
     6     5    70     2    25   125     2     7    33
     7     2   170    12   173   143     2     9    30
     8     8   100    10   148    18     5     9    31    38    40    41
     9     3   166    10   173   143     4    10    19    29    43
    10     8    86     7    66    42     4    11    25    28    30
    11    10    44     9    62    19     3    12    21    25
    12     5    16     2    12    16     1    13
    13     1    32     8    56     7     2    14    18
    14     2    67     1    10     6     1    15
    15    10    16     4    31    87     1    17
    16    10   150     3   142    56     1    51
    17     8     9     0     0    19     1    51
    18    10     0     3     1    47     1    51
    19     2     5     0    85    55     1    42
    20    10    84     4    87   101     5    33    36    38    39    47
    21     6    96     3    65    27     2    24    46
    22    10    63     7   128   112     1    51
    23    10    84     2   111   119     4    27    30    39    45
    24     8     9     4    12     4     2    35    48
    25     6    66     6   142    54     3    32    37    42
    26     7     4     2     0     0     1    42
    27     9   166    10   173   143     1    51
    28    10    48     0    10     5     1    47
    29     6    38     2     6    41     1    31
    30     2     5     0     0    52     1    42
    31     6    64     0    10     3     1    50
    32     2    41     4    86    40     1    46
    33     5    65     8    66    57     2    36    37
    34     9   139     4    61    99     1    49
    35     2     0     4     1     6     1    51
    36     3    70     1    25   124     1    41
    37     2    10     3    81    50     1    48
    38     2   143     9    76    60     1    48
    39     9   166    10   173   143     1    51
    40     9   106    12   163    72     4    41    42    43    47
    41     1    17     5   107     0     1    42
    42     5    68     0   114   117     1    46
    43     2    26    10    76    19     1    46
    44    10   102     9    59    19     1    48
    45     7   139     6   142    56     2    46    50
    46    10    94     7   151   118     1    48
    47     6    13     0     4     9     3    48    49    50
    48     7    31     8   112    44     2    49    50
    49     3    56     0    45    12     1    51
    50     7    98     4    45    12     1    51
    51     0     0     0     0     0     0
--------------------------------------------------------------------------------
INFORMATION OF PROJECT 4:
#jobs  release  duedate
    52     0   115
#local resources
     2
R_L1   R_L2   
    14    22
jobnr.  dur.  r_G1  r_G2  r_L1  r_L2  #succ.  successors
     0     0     0     0     0     0    11     1     4     5    10    12    17    22    23    25    35    48
     1     2     4     6     7    13     6     2    24    40    42    46    47
     2     2     2     8    13    14     7     3    11    37    40    42    46    47
     3    10    10    22     8     8     4     6    16    33    34
     4     1     0    16     6    10     4     9    36    40    41
     5     7     7    12     1     4     8     7    13    20    27    29    33    36    41
     6     8    10    14     7     8     5     9    11    29    30    44
     7     3     8    16     4     8     5     8    14    30    31    38
     8     3    10    16     7     2     5    18    28    32    33    43
     9     1     4     6     5     1     4    13    28    31    34
    10     2     0     8     1    18     2    13    19
    11     2     3     0     5     5     3    18    27    44
    12     4     9    10     0     0     5    20    26    31    32    47
    13     2     9    10     1     2     2    15    43
    14     1     0     8     6     0     3    32    33    44
    15     4     2     6     0     5     1    18
    16     1     7    12     8     0     1    45
    17     4     8    18     1     1     2    27    33
    18     3     8    10     0     6     3    19    21    39
    19     5     4    23     6     2     2    26    41
    20     2     1    26     8    10     1    44
    21     7     6     5     2    11     1    51
    22     9     1    31     3     3     1    39
    23     2     1     0     5     8     1    51
    24    10     3     6     0     0     1    51
    25     5     9    20     2     0     2    33    42
    26     9     6    14     0     8     1    51
    27     7     0     0     4     6     1    50
    28     6     7    16     9     9     1    51
    29     1    11     0     2     2     1    32
    30     1     0    14     1    14     1    45
    31     5     1     0     3     8     2    39    43
    32     2    10    18     0     4     1    38
    33     2    13     6     3     0     1    45
    34     8    13    20     3    14     1    43
    35     9     8    22     1    12     1    39
    36     3     9     4     0     8     1    51
    37     4     8    12    12     8     1    45
    38     6     4    12     9     4     2    45    49
    39     2     4     8    10     2     1    51
    40     7     0     4     0     6     1    44
    41    10     2     0     7     0     1    51
    42     2     4     0     0     2     1    45
    43     2     6     3     0    14     2    49    50
    44     4     7    16     8    12     2    45    49
    45     2     9     1     1     5     2    49    50
    46     2    10    24     6    10     1    51
    47    10     0     4     1     6     1    50
    48     8     8     8     6     5     2    49    50
    49     8     2     1     0     9     1    51
    50    10     0    10    12     7     1    51
    51     0     0     0     0     0     0
--------------------------------------------------------------------------------
TRANSFER TIMES OF GLOBAL RESOURCE G1
 DEPOT    P1    P2    P3    P4
     0    36    22    24    15
    36     0    22    15    25
    22    22     0    21     7
    24    15    21     0    19
    15    25     7    19     0
--------------------------------------------------------------------------------
TRANSFER TIMES OF GLOBAL RESOURCE G2
 DEPOT    P1    P2    P3    P4
     0    19    17    25    26
    19     0    36     7    27
    17    36     0    42    34
    25     7    42     0    27
    26    27    34    27     0
--------------------------------------------------------------------------------
Additional Information: 
global resource strength = 0.2
transfer time factor = 0.5
adapted from RCPSP instances: 
[sD112, sD37, sD382, sD231]
