--------------------------------------------------------------------------------
PORTFOLIO INFORMATION:
#projects
     4
#global resources
     2
R_G1   R_G2   
   273    35
--------------------------------------------------------------------------------
INFORMATION OF PROJECT 1:
#jobs  release  duedate
    52     0   140
#local resources
     2
R_L1   R_L2   
   137    18
jobnr.  dur.  r_G1  r_G2  r_L1  r_L2  #succ.  successors
     0     0     0     0     0     0     9     1     3    12    16    18    25    37    38    49
     1     3    18    10   117    18     4     2     6    23    43
     2     3    18    10   117    18     3     4    42    44
     3     5     1     2    20     0     6     4     6    23    42    44    47
     4     1     9     2    28    12     3     5    22    24
     5     3    19    12   137    18     4     7    40    41    43
     6     8    10    12    99    11     1    47
     7     4    19    12   129    18     1     8
     8     6    12     0    20     7     2     9    14
     9     3     3     5    24     1     2    10    35
    10     1    13     2    20    10     4    11    33    34    41
    11     9    19     8    60    10     4    13    30    31    32
    12     9     6    10   109     6     8    17    22    23    29    31    39    41    43
    13     5     9     9    91    13     2    15    21
    14     2     0     3    30     4     4    17    26    28    36
    15     4    18    12    27     2     4    17    26    28    29
    16     5     1     7    69    17     1    51
    17     2     9     7   119     9     2    19    47
    18    10     7    10    77     6     1    26
    19     4    13     9    27     2     3    20    21    27
    20    10     2     0    30     7     1    51
    21     5     3     5    24     1     1    51
    22     5     0     2     9     5     1    29
    23     9    14    11    89     6     2    26    42
    24     2    16     3    57     5     5    26    31    33    36    40
    25    10     1     0   102    16     1    51
    26     2     7     8     1     2     1    42
    27     7     5     0    16     7     1    36
    28     1    14     2    28     1     3    33    39    48
    29     8    12     0    49     8     1    48
    30     7     0     8    50     6     1    45
    31    10     9     3    18     4     1    51
    32     9     0     1    10     8     1    51
    33     2     9     9   112     4     1    51
    34     7     8     1    10     9     2    48    50
    35     8     0     4    77     8     1    41
    36     8     9     0    22     5     1    51
    37     6    10     3    38     5     1    42
    38     8    13     5    99    10     2    42    47
    39     6    19    12   129    18     3    41    45    46
    40     8     0     0     8     0     1    42
    41     4     3     1    18     5     1    51
    42     1     6     1    26     0     1    50
    43     3     0     0    53    13     1    48
    44    10     9     2   127     9     1    46
    45     9    10     0    10     0     1    51
    46     8     8     5    10     0     1    51
    47     2    16     1    60     1     1    50
    48     2     6     6    38     6     1    50
    49     9     9     7   105    14     1    50
    50     1     4     2     8     0     1    51
    51     0     0     0     0     0     0
--------------------------------------------------------------------------------
INFORMATION OF PROJECT 2:
#jobs  release  duedate
    52     0    58
#local resources
     2
R_L1   R_L2   
    19    18
jobnr.  dur.  r_G1  r_G2  r_L1  r_L2  #succ.  successors
     0     0     0     0     0     0    18     1     2     3     4     5     6     7     8     9    12    13    14    15    16    17    21    24    37
     1     7     7     0     0     3     9    22    25    26    27    33    35    36    38    50
     2     5     6     0     0     7     9    18    19    23    25    27    29    33    34    35
     3    10     0     2     9     0     4    10    19    26    50
     4     9     6     0     4     0     8    22    25    28    32    33    34    35    38
     5     1     2     1     0     0    10    27    28    29    31    32    33    34    38    39    49
     6     3     3     0     9     0     6    20    22    23    26    32    33
     7     3     0     5     0     1     3    11    30    33
     8     3     3     0     0     6     8    29    31    32    33    34    35    38    49
     9     1     2     0     1     0     7    23    26    31    32    33    39    49
    10     2     8     8     0     0     6    18    29    32    34    39    49
    11    10     8     7     0     0     6    23    29    31    32    44    50
    12     7     0     5     0     5     5    23    28    31    32    33
    13     6     0     6    10     0     5    19    31    38    41    48
    14    10     8     0     0     6     4    22    31    38    50
    15    10    10     6     0     0     3    23    31    32
    16     1     0     7    10     0     8    34    40    41    43    45    46    48    50
    17     6     8     0     0     9     7    36    38    40    43    46    48    49
    18     7     3     3     0     0     6    31    38    41    44    45    46
    19     5     0     0     8     9     6    32    40    42    43    44    47
    20    10     0     0     8     6     5    31    38    41    44    48
    21     1     6     0     5     0     6    38    40    41    43    44    48
    22    10     0     1     0    10     4    29    42    44    49
    23     7     1     0     0     4     5    38    40    41    46    47
    24    10     7     6     0     0     5    38    39    40    41    43
    25     8     0     5     0     6     4    31    41    45    48
    26     2     1     0     8     0     5    40    41    42    44    48
    27     4     0     3     0     4     5    40    42    43    44    48
    28     3     3     9     0     0     4    40    43    45    46
    29     1     1     8     0     0     3    40    41    47
    30     7     0    10     0     8     3    40    41    42
    31     2     3     0     7     0     2    40    43
    32     4     8     4     0     0     2    45    46
    33     2     5     0     0    10     2    41    48
    34     6     4     8     0     0     2    44    47
    35     8     4     0     0     8     2    45    46
    36     6     3     0     7     0     2    41    42
    37     6     1     0     7     0     2    45    48
    38     3    10     9     0     0     1    42
    39     8     2     6     0     0     1    42
    40     8     3     0     5     0     1    51
    41     9     0     4     0     4     1    51
    42     3     0     1     9     0     1    51
    43     5     8     0     2     0     1    51
    44     5     0     5     3     0     1    51
    45     8     0     4    10     0     1    51
    46     9     0     1     0     7     1    51
    47     2     0     0     3    10     1    51
    48     9     0     0     5     1     1    51
    49    10     1     0     1     0     1    51
    50     6     0     7     4     0     1    51
    51     0     0     0     0     0     0
--------------------------------------------------------------------------------
INFORMATION OF PROJECT 3:
#jobs  release  duedate
    52     0   147
#local resources
     2
R_L1   R_L2   
   170   143
jobnr.  dur.  r_G1  r_G2  r_L1  r_L2  #succ.  successors
     0     0     0     0     0     0     9     1    16    19    20    22    23    26    39    44
     1     7   173    12   170   143     1     2
     2     4   173    12   170   143     2     3     8
     3     5   173    12   170   143     1     4
     4     3   173    12   170   143     1     5
     5     4   106    11    39   103     6     6    32    34    35    37    45
     6     4    13     0    66   100     2     7    33
     7     7   173    12   170   143     3     9    30    43
     8     8   148     4   100    19     5     9    27    30    38    41
     9     1   106    11    39   103     3    10    28    29
    10     4    62     7    39    45     3    11    25    30
    11     4    59     9    53    19     3    12    21    31
    12     8    12     0    16    12     1    13
    13     1    12     1    30     7     4    14    18    24    38
    14     3    12     1    67    18     2    15    35
    15     8    31     4    11    73     1    17
    16    10    67     1   131    40     1    25
    17    10     0     0     9     7     1    51
    18    10     6     3     0    36     1    51
    19     2    12     3     9    73     1    51
    20     7    53     5    83    89     1    42
    21     6    97     0    97    50     4    24    32    35    46
    22     9   128     7    63   112     1    51
    23     9   111     2   117    98     3    33    37    40
    24     5    12     5     9     4     2    31    48
    25     7   142     7   152    63     2    37    42
    26     1   138     1    54   136     1    37
    27     8   173    12   170   143     1    51
    28     6    12     0    40     1     1    32
    29    10     6     2    33    41     1    31
    30     1     0     0    48    43     2    38    42
    31     3    10     0     1    22     2    49    50
    32     1   114     2    46    17     1    46
    33     5    53     7    42    57     1    36
    34     7   142     6   139   121     1    35
    35     1    13     5     0     6     1    51
    36     3    25     2    70   124     1    41
    37     2    76     3    71    26     1    42
    38     1    10     5     4     0     2    48    50
    39     7   154    12   157   134     1    51
    40    10   160    12   104    43     1    41
    41     1     7     6    67     0     1    42
    42     8   114     1    67   121     1    46
    43     1    13     5    43    19     1    46
    44     9    59    10   103    22     2    46    48
    45     2   161     7   122    70     1    51
    46     7   149     6    94   121     2    47    48
    47     6    19     0    13     9     1    50
    48     8    31     6    31    20     2    49    50
    49     1    45     0    72    19     1    51
    50     7    45     3    98    24     1    51
    51     0     0     0     0     0     0
--------------------------------------------------------------------------------
INFORMATION OF PROJECT 4:
#jobs  release  duedate
    52     0   132
#local resources
     2
R_L1   R_L2   
    15   143
jobnr.  dur.  r_G1  r_G2  r_L1  r_L2  #succ.  successors
     0     0     0     0     0     0     5     1     8    16    26    48
     1     1   151     3    13   131     3     2    45    50
     2     3   159    12    15   143     3     3    43    44
     3     9   159    12    15   143     5     4    33    40    41    42
     4     2   159     8    11   143     3     5    38    39
     5     2    28     5     7   103     5     6    36    37    47    49
     6     3   151     0     2   125     3     7    32    34
     7     9   159     8    10   138     4     9    30    31    32
     8     3     8     9     2    12     1    51
     9     2    28     0     1   100     5    10    27    28    29    33
    10     6     6     0     5     9     5    11    19    23    24    25
    11     8     5     0     2    34     4    12    20    21    22
    12     8    22     2     4    13     1    13
    13     2     6     0     7     5     2    14    18
    14     3   120     1    10    25     2    15    29
    15     8     5     0     1    16     2    17    35
    16    10   131     4     8    40     3    31    32    46
    17     8   120     2     9    24     1    51
    18    10     0     3     0     4     1    23
    19     5     1     0     2     0     1    28
    20     3    45     5    10    99     1    51
    21     4   144     4     8    98     1    37
    22     7    30     5     0   108     1    51
    23     3    39     9     0   113     1    51
    24     3   115     4     7     4     1    37
    25    10    28     7     6    25     1    51
    26    10     8    11     2     6     1    30
    27     2   153     5     7   104     3    28    29    42
    28     9     8     2     1     0     1    51
    29     6    99     0     0    10     1    47
    30     8     7     2     2    25     1    51
    31     5    11     0    10    22     1    37
    32     3   123     6     9    13     1    51
    33     5    13     8     5    16     1    51
    34     9   144     5    10   109     1    35
    35     5     0     0     2     6     1    51
    36     1   137     0     9   121     1    37
    37     2    53     0     2    30     1    51
    38     7     8     6     8    13     1    51
    39     8    43     8     4   129     1    47
    40     8   147    12     0   121     1    51
    41     6     0     4     2     0     1    43
    42     4    11     0    11     9     1    51
    43     3     8     8     0     5     1    47
    44     9   151     8     9   132     1    51
    45    10     8     7     8     9     1    51
    46     6    47     4    10   117     1    47
    47     2     6     0    10     4     1    51
    48     8     8     9     0     6     1    49
    49     7     0     0     3     5     1    51
    50     3     0     3     4     0     1    51
    51     0     0     0     0     0     0
--------------------------------------------------------------------------------
TRANSFER TIMES OF GLOBAL RESOURCE G1
 DEPOT    P1    P2    P3    P4
     0     5     9    10    11
     5     0    12    11    15
     9    12     0     9     3
    10    11     9     0    10
    11    15     3    10     0
--------------------------------------------------------------------------------
TRANSFER TIMES OF GLOBAL RESOURCE G2
 DEPOT    P1    P2    P3    P4
     0     5     8     4    11
     5     0     9     7     8
     8     9     0    12     8
     4     7    12     0    14
    11     8     8    14     0
--------------------------------------------------------------------------------
Additional Information: 
global resource strength = 0.5
transfer time factor = 0.2
adapted from RCPSP instances: 
[sD209, sD29, sD268, sD132]
