--------------------------------------------------------------------------------
PORTFOLIO INFORMATION:
#projects
     4
#global resources
     2
R_G1   R_G2   
   179   127
--------------------------------------------------------------------------------
INFORMATION OF PROJECT 1:
#jobs  release  duedate
    52     0   135
#local resources
     2
R_L1   R_L2   
   119   151
jobnr.  dur.  r_G1  r_G2  r_L1  r_L2  #succ.  successors
     0     0     0     0     0     0     6     1     3    12    18    25    49
     1     8    16   110   110   145     5     2    21    23    43    47
     2     1    16   110   110   145     2     4    44
     3     1     6    52    23    18     6     6    14    16    21    22    23
     4     1     8    16    28    59     1     5
     5     4    18   114   110   145     3     7    16    41
     6     4    16   109   101   139     3     7     8    38
     7     1    18   115   119   151     2     8    38
     8     2    11    16    28    59     2     9    38
     9     1     6    60    59    80     2    10    35
    10     9    11    16    28    56     1    11
    11    10    12    92    94    75     4    13    30    31    32
    12    10     7    99    91    92     8    17    21    22    23    29    31    34    41
    13     1     8    73    89   124     3    15    28    31
    14     3     0     1     9     6     1    51
    15     3    14    47    45    12     1    17
    16     2     0    37    22   108     1    33
    17     7    13   107   110   145     2    19    33
    18     6     7    63    85   104     3    24    26    44
    19     8    12    49    11    17     5    20    27    30    44    45
    20     5     3    10    12     7     2    43    50
    21     4     8    99   117   149     1    51
    22     9     2     5     9     6     1    30
    23     9    12    92    93    99     4    26    27    28    37
    24     7    14    85    56   117     4    26    36    38    40
    25    10     1    63    65   133     1    51
    26     2    10     2    30     2     3    31    39    46
    27     4     5    17    11    66     2    36    46
    28     7     2    20    54    16     1    33
    29    10    12    54    40     4     1    38
    30     3    11    47    34    17     1    43
    31     4     9    24    12    21     1    43
    32     1     2    59    38    55     1    37
    33     3     0    29    12     8     1    42
    34     4     8    41    39    54     2    45    46
    35     9     0    20    25    76     1    50
    36     3     9    53    65    92     1    51
    37     5    10    42    30    27     1    43
    38     5    14    86   107   111     1    47
    39     3    11    86   107   117     1    45
    40     3     2    37    96    78     2    41    48
    41     3     6    23    26    13     1    51
    42     7     3    15    21    40     2    44    46
    43     2     1    31    25    81     1    51
    44     9     1     5     2    34     1    51
    45     9    10    16     2     2     1    51
    46     3     1    31    23     7     1    51
    47     4     3     3     0     0     1    51
    48     2     6    15    25    52     1    50
    49     9     3    54    84   110     1    50
    50     7     4     8    12    10     1    51
    51     0     0     0     0     0     0
--------------------------------------------------------------------------------
INFORMATION OF PROJECT 2:
#jobs  release  duedate
    52     0   138
#local resources
     2
R_L1   R_L2   
   173   143
jobnr.  dur.  r_G1  r_G2  r_L1  r_L2  #succ.  successors
     0     0     0     0     0     0     6     1     8    16    20    22    23
     1     9   170    12   173   143     2     2    44
     2     1   170    12   173   143     1     3
     3     1   170    12   173   143     1     4
     4     3   170    12   173   143     1     5
     5     1    39    11   106   103     6     6    19    32    34    35    45
     6     4    66     0    13   100     2     7    33
     7     2   170    12   173   143     3     9    41    43
     8     8   100     7   152    19     5     9    27    30    39    45
     9     1    39    11   106   103     2    10    29
    10     3    39     7    62    45     5    11    25    26    29    30
    11     4    53     9    59    19     3    12    21    31
    12     8    16     0    13    12     2    13    46
    13     1    30     1     8     7     2    14    18
    14     2    67     3    11    18     1    15
    15     8    14     4    31    73     1    17
    16    10   131     1    67    40     1    39
    17    10     9     0     0     3     1    51
    18    10     0     3     8    36     1    51
    19     2     9     1    12    73     1    43
    20     8    83     5    59    89     2    35    42
    21     6    97     2    97    50     3    24    32    46
    22     9    63     7   128   112     1    51
    23     9   117     2   111    98     3    27    37    40
    24    10     9     5    12     4     1    48
    25     7   152     6   142    67     2    37    42
    26     8     4     1     0     0     2    28    31
    27    10   170    12   173   143     1    51
    28     6    40     1    12     1     1    32
    29     8    38     2     6    41     1    51
    30     1    45     3     0    68     3    35    38    42
    31     7     1     0     1    22     2    49    50
    32     1    38     2   114    29     1    46
    33     5    43     9    58    58     1    36
    34     6   139     6   142   121     1    48
    35     1     0     5   108     6     1    51
    36     1    70     2    21   124     1    41
    37     1    71     0    76    47     1    42
    38     1    25     5   140    42     1    51
    39    10   157    11   154   134     1    51
    40    10   104    12   160    43     2    41    42
    41     1   122     0    20    41     1    42
    42     7    67     2   114   121     1    46
    43     1    43     5    13    19     1    46
    44     9   103     8    59    22     3    45    47    48
    45     2   150     7    45    70     1    51
    46     5   103     6   153   121     2    47    48
    47     9    13     0    19     9     2    49    50
    48     8    38     6    32    20     2    49    50
    49     2    72     4    45    28     1    51
    50     7    98     4    45    28     1    51
    51     0     0     0     0     0     0
--------------------------------------------------------------------------------
INFORMATION OF PROJECT 3:
#jobs  release  duedate
    52     0   117
#local resources
     2
R_L1   R_L2   
    14    22
jobnr.  dur.  r_G1  r_G2  r_L1  r_L2  #succ.  successors
     0     0     0     0     0     0    11     1     4     5    10    12    17    22    23    25    35    48
     1     2     4     6     1    13     5     2    24    40    42    46
     2     2     1    21    13    10     5     3    11    37    40    47
     3    10    10    21     8     4     4     6    16    33    34
     4     2     0    10     6    10     3     9    40    41
     5    10     7    15     8     4     8     7    13    20    27    29    33    36    41
     6     4    10    20    12    10     5     9    11    29    30    44
     7     8     8    16     8     9     6     8    14    20    30    36    38
     8     2    10    16     3     0     6    18    28    31    32    33    43
     9     1     4     9     5     5     4    13    28    31    34
    10     2     0     7     1     0     5    11    13    19    27    30
    11     1     3     0     5     5     2    18    27
    12     4     9    10     0     0     5    26    27    32    44    47
    13     2     9    15     1     2     3    15    28    43
    14     3     0     8     6     0     4    20    32    33    44
    15     9     2     7     0     5     1    18
    16     3     7     0     6     0     1    45
    17     4     8    17     1     4     3    27    33    34
    18     3     8     9     0     6     3    19    21    39
    19     6     4    23     8     2     2    26    41
    20     1     1     3     0    10     1    44
    21     5     6     5     2    11     1    51
    22     9     1    31     3     3     1    39
    23     2     0     0     5    13     1    40
    24    10     3     1     0     0     1    51
    25     5     9    18     4     0     2    39    42
    26     9     6    13     0     8     1    51
    27    10     0     0     4     6     1    51
    28     4     7    10     9     9     1    51
    29     1    11     1     2     2     1    32
    30     4     0    14     1     7     1    51
    31     5     1     0     3     8     2    39    43
    32     2    10    18     0     8     1    38
    33     2    13     8     5     0     1    45
    34     7    13     6     3     8     1    43
    35     9     8    22     3    11     1    39
    36     5     8     3     0     8     1    51
    37     4     8    10    12     7     1    45
    38     8     4    11     9     4     2    45    49
    39     3     3     7    10     1     1    51
    40     5     0     7     1    10     2    44    45
    41    10     2     0     7     0     1    51
    42     2     4     0     0     2     1    45
    43     2     6     4     0    14     2    49    50
    44     4     7    13     8     0     1    45
    45     2     9     1     1     5     2    49    50
    46     2    10    17     6    10     1    51
    47     9     0     4     1     6     1    51
    48     8     8     9     6     9     2    49    50
    49    10     2     1     0     9     1    51
    50    10     0     9     8     6     1    51
    51     0     0     0     0     0     0
--------------------------------------------------------------------------------
INFORMATION OF PROJECT 4:
#jobs  release  duedate
    52     0    82
#local resources
     2
R_L1   R_L2   
    20    18
jobnr.  dur.  r_G1  r_G2  r_L1  r_L2  #succ.  successors
     0     0     0     0     0     0    18     1     2     3     4     5     7     8    10    14    15    16    18    22    23    42    44    48    49
     1     5     1    14     0     0     6     6    17    31    33    34    43
     2     1     4     0     0     1     8    12    19    24    27    30    31    36    41
     3    10     4     0    17     1     8    13    26    28    30    32    36    40    45
     4     5     9     0     9     0     8    19    24    25    27    30    33    34    38
     5     4     3     0     3     0     5    20    21    27    30    31
     6     3     0     0     7     4     4     9    11    27    28
     7     5     5     0     6     0     5    24    26    27    33    34
     8    10     0     0     8     7     8    17    24    25    27    32    36    37    46
     9     3     0     6     2     0     3    17    26    32
    10    10     2     0     8     0     4    26    28    32    36
    11     3     7     0     8     0     3    19    25    26
    12     6     0     5    15     0     3    25    26    38
    13     5     7     0     0     2     3    24    25    39
    14    10     5     0     3     0     2    34    38
    15     4     3     2     7     0     3    24    25    37
    16     2     8     0     0    14     2    27    31
    17     9     1     4     9     0     1    35
    18     3     0     9     7     0     1    30
    19     4     4     7     0     4     1    29
    20     3     6     0     4     0     1    28
    21     3     6     0     6     0     1    37
    22     4     6     0     4    10     1    24
    23     1     9    12     0     6     3    24    35    40
    24     4     8     0     5     0     1    51
    25     5     0    12     0     8     1    51
    26     7     0    12     0    10     2    40    45
    27    10     0    10     0     5     1    51
    28     1     4     0     0     5     1    50
    29     4     0     0     1     3     1    51
    30     9     7     3     0     1     1    51
    31     7     0     0    10     6     1    51
    32     9     0     0     9     4     1    51
    33     3     4    11     2     0     1    47
    34     3     9     5     0     0     1    51
    35     9     0     4     0     8     1    51
    36     1     3     0    14     9     1    40
    37    10     3     7     0     0     1    51
    38     7    10     0     0     5     1    41
    39     2     3     0     9     8     2    41    43
    40     6     5     0     0     9     1    51
    41     8     0     0     4    13     1    51
    42     1     0     2    11     9     1    51
    43     8     0    10     0     5     1    51
    44     5     0     1     6     0     1    51
    45     4     4     6     7     0     1    51
    46     3     0    10     0     2     1    51
    47     7     0     0     8     8     1    51
    48     5     6     0    10     0     1    50
    49     8     0     2     8     7     1    51
    50     2     6     0     1     0     1    51
    51     0     0     0     0     0     0
--------------------------------------------------------------------------------
TRANSFER TIMES OF GLOBAL RESOURCE G1
 DEPOT    P1    P2    P3    P4
     0    28    21    21    20
    28     0    14    13     9
    21    14     0     1     9
    21    13     1     0     8
    20     9     9     8     0
--------------------------------------------------------------------------------
TRANSFER TIMES OF GLOBAL RESOURCE G2
 DEPOT    P1    P2    P3    P4
     0    30    22     7    28
    30     0    39    24    43
    22    39     0    22     6
     7    24    22     0    28
    28    43     6    28     0
--------------------------------------------------------------------------------
Additional Information: 
global resource strength = 0.2
transfer time factor = 0.5
adapted from RCPSP instances: 
[sD269, sD303, sD214, sD67]
