--------------------------------------------------------------------------------
PORTFOLIO INFORMATION:
#projects
     6
#global resources
     2
R_G1   R_G2   
   163   250
--------------------------------------------------------------------------------
INFORMATION OF PROJECT 1:
#jobs  release  duedate
    52     0   125
#local resources
     2
R_L1   R_L2   
    18   151
jobnr.  dur.  r_G1  r_G2  r_L1  r_L2  #succ.  successors
     0     0     0     0     0     0     8     1     3     6    12    18    25    34    49
     1     7   107   110    13   133     1     2
     2     1   107   110    13   133     3     4    14    23
     3     1    12     5     5    18     5     4    14    23    42    48
     4     1   119   115    18   151     1     5
     5     7   119   115    18   151     2     7    16
     6     1   119   115    18   151     1     8
     7     1   119   115    18   151     1     8
     8     2    28    16    10    59     1     9
     9     1    37    52     6    18     2    10    35
    10     9    28    16    11    59     3    11    37    38
    11     9    93    84    12    68     4    13    30    31    41
    12    10    91    99     7    92     8    17    21    22    23    29    31    41    43
    13     1    89    73     8   124     2    15    28
    14     3   116    84     2    65     1    17
    15     3    45    49    13    18     4    17    21    26    40
    16     1    48    52     0    58     2    17    35
    17     6    96    86    12    99     1    19
    18     9    82    63     7   124     3    24    36    42
    19     8    17    51    12    18     3    20    27    30
    20     3    12     7     2    19     1    50
    21     3   107    86     8   143     1    51
    22     1    52    27     0     6     2    30    43
    23     7   119   114    15   151     5    26    27    28    32    37
    24     7    58    88    16   117     1    40
    25    10    74    63     1   133     1    51
    26     2    17     3    10     1     2    31    39
    27     8    12    27     5    66     2    36    46
    28     6    61    11     2    16     1    33
    29    10    46    57    12    28     1    38
    30     3    32    49    11    18     1    51
    31     4    10    22     9    21     1    36
    32     1     5    35     5    53     2    40    46
    33     4    12    29     6     8     1    42
    34     4    46    60     8    58     3    36    45    50
    35     9    26    30     3    83     1    50
    36     3    16    48     9    58     1    51
    37     7    30    42    10    27     1    51
    38     2    73    52     9    92     1    47
    39     3   107    86    12   117     3    41    45    50
    40     3    50    35     0    51     2    45    48
    41     1     1    17     9    15     1    45
    42     4    23    14     3    40     3    44    46    50
    43     2    46    62    14    93     2    45    50
    44     9     1     4     1    34     1    51
    45    10     2    16    10     2     1    51
    46     1     0    31     0     7     1    51
    47     5     0     1     3     0     1    51
    48     2     1    15     6    52     1    50
    49     9    82    62     3   122     1    50
    50     6    12    28     4     8     1    51
    51     0     0     0     0     0     0
--------------------------------------------------------------------------------
INFORMATION OF PROJECT 2:
#jobs  release  duedate
    52     0   122
#local resources
     2
R_L1   R_L2   
    19    11
jobnr.  dur.  r_G1  r_G2  r_L1  r_L2  #succ.  successors
     0     0     0     0     0     0     9     1    12    16    19    24    28    36    39    46
     1     7    10     9    18     4     8     2    18    37    38    40    41    42    43
     2     2     1    10    13     5     2     3    45
     3     4     1     3     9     0     1     4
     4     6     4    12    13    11     5     5    32    33    35    43
     5     2     1     0    13    11     4     6    29    30    31
     6     5     3     0    14     5     2     7    45
     7     2    10     0     3     1     4     8    15    26    27
     8     9     6     9    15     7     3     9    23    32
     9     4     0     0     9     3     2    10    25
    10     9     4     4     3    10     3    11    21    34
    11     2     0     9     3     7     2    13    22
    12     4     0     3     0     7     1    37
    13    10     8     6     3     0     2    14    50
    14    10     2     6     0     0     3    17    44    45
    15    10     0     8     3     2     1    17
    16    10     0     6     7     8     1    49
    17    10     0     0     4     1     2    20    31
    18     5     0     2     0     4     1    51
    19     6     3     0     0     5     1    37
    20     3     0     8     9     7     1    51
    21     3     0     7     2     0     1    51
    22    10     2     4     0     1     1    44
    23     1     9     0     6     4     1    51
    24     5     6     0     2     8     1    34
    25     5     0     2    13     0     1    51
    26     8     2     3     0     2     1    51
    27     2     5     3    16     0     1    51
    28     2     0     6     9     9     1    51
    29    10     0     0     1     1     2    44    49
    30     4     9     8     4     3     1    33
    31     7     0     0     4     8     1    51
    32     9     0     8     0     3     1    51
    33     7     0     4    14     2     1    51
    34     8     1     1     0     2     1    51
    35     6     4     1    18     8     1    48
    36    10     9     8     2     0     1    48
    37     6     0     6     1     0     1    51
    38     8     6     0     0     2     1    51
    39    10     9     8    15     0     1    45
    40     8     2     6     0     0     1    51
    41     3     0     9     4     2     1    49
    42     9     6     0    14     9     1    51
    43     5    10     1     0     0     1    51
    44     1     0     0     2     9     1    51
    45     5     0     2    14     8     1    51
    46    10     6     0     6     0     1    47
    47     3     0     0     1     5     1    50
    48     2     0     0     4    10     1    49
    49     8     4     0     4     1     1    51
    50     9     1     1    12     8     1    51
    51     0     0     0     0     0     0
--------------------------------------------------------------------------------
INFORMATION OF PROJECT 3:
#jobs  release  duedate
    52     0   108
#local resources
     2
R_L1   R_L2   
    13    12
jobnr.  dur.  r_G1  r_G2  r_L1  r_L2  #succ.  successors
     0     0     0     0     0     0    10     1    21    25    36    37    38    39    42    43    44
     1     2     2     0     7     0     4     2    33    34    35
     2     8     4     0     9     0     4     3    31    32    50
     3     2     0     1     7     5     1     4
     4     4     5     0     5     0     6     5    26    27    28    29    30
     5     5     3     9     0     5     3     6    15    24
     6    10     0     0     8     5     2     7    23
     7     7     0     0    12     2     2     8    22
     8     4     0     4     8     7     2     9    20
     9     5     0     0    11     1     3    10    19    40
    10     1    10     1     9     5     3    11    17    19
    11     8    10     1     4     7     1    12
    12     5     0     5     6     0     2    13    18
    13     4     3    11     0     0     1    14
    14     4     2     0     0     3     2    16    48
    15     1     0     0     4     7     1    51
    16     2     5     2     0     1     1    51
    17     2    10     0     9     1     1    51
    18     8     0     3     0     8     1    51
    19    10     0     4     0    10     1    41
    20    10     9     8     2     0     1    51
    21     8     5     0    12     0     1    27
    22     6     9    13     2     0     1    51
    23     8     5     0     0     8     1    51
    24     9     0     1     0     7     1    51
    25     8    10     0     0     6     1    51
    26     6    10     5     3     0     1    51
    27    10     2     0     0     6     1    51
    28     1     9     2     0     1     1    51
    29     9     0     0     5     2     1    51
    30     5     9    10     0     0     1    51
    31     8    10     0     0     3     1    51
    32    10     0    10     1     0     1    34
    33     8     6     0     7     3     1    51
    34     1     0     3     0     3     1    48
    35    10     0    10     4     0     1    51
    36    10     3     4     0     0     1    51
    37     7     7     0     6     0     1    51
    38     6     7     0     8     0     1    48
    39    10     0     2     0    10     1    51
    40     5     0     3     0     9     1    51
    41     6     0     9     1     2     1    51
    42     7     0    10     0     2     2    47    49
    43     8     8     9     0     0     1    47
    44     6     5     8     9     0     2    45    48
    45     8     0     0     3     5     1    46
    46     1     0     9     0     5     1    47
    47     5     6     0     4     0     1    51
    48     4     0     1     0     1     1    51
    49     8     0     1     0     3     1    51
    50    10     0     9     7     0     1    51
    51     0     0     0     0     0     0
--------------------------------------------------------------------------------
INFORMATION OF PROJECT 4:
#jobs  release  duedate
    52     0   112
#local resources
     2
R_L1   R_L2   
    14    22
jobnr.  dur.  r_G1  r_G2  r_L1  r_L2  #succ.  successors
     0     0     0     0     0     0    10     1     4     5    10    12    17    22    25    35    48
     1     2     5     6     4    13     7     2    24    40    42    45    46    47
     2     2    12    20     1    10     4     3    11    37    47
     3     7     7    21    10     4     4     6    16    33    34
     4     2     6    16     0    10     3     9    41    43
     5     8     1     6     7     4     7     7    13    27    29    33    36    41
     6     4     5    17    10    10     5     9    29    30    33    44
     7     9     1    15     8     9     8     8    14    15    20    30    31    36    38
     8     2     3    16    10     8     5    18    31    32    33    43
     9     1     5     9     3     6     4    13    28    31    44
    10     6     1     1     0     0     4    11    13    19    27
    11     2     5     0     3     5     3    18    20    27
    12     4     0    10     9     0     6    19    26    27    32    43    44
    13     2     6    15     9     2     3    15    38    43
    14     9     2     8     0     0     5    20    28    32    33    44
    15     7     0     5     2     4     2    18    23
    16     4     6     0     7     0     1    51
    17     4     0    17     8     4     2    27    34
    18     3     0     9     8     0     3    19    21    39
    19     5     8    23     4     2     2    26    41
    20     7     0     3     0    10     1    28
    21     5     1     5     6    11     1    51
    22     9     3    31     1     7     1    51
    23     6     5     0     0     8     1    51
    24     3     0     6     3     0     1    51
    25     7     4    18     9     0     1    42
    26     9     0    13     3     8     1    51
    27     9     6     0     0     6     1    51
    28     6     9     8     7     9     1    51
    29     1     2     0     0     0     1    32
    30     9     1    14     0     0     1    49
    31    10     0     0     1     8     3    32    39    43
    32     2     0     3    10     8     1    38
    33     5     5     3     0     0     1    51
    34    10     3    32    13     8     1    43
    35     7     2    22     8    11     1    39
    36     6     0     3     8     8     1    51
    37     4     9     7     8     2     1    45
    38     8     0    14     4     0     2    45    49
    39     3    10     6     3     1     1    51
    40    10     1     4     0    10     2    43    44
    41    10     7     0     4     0     1    51
    42     2     0     0     4     2     2    45    49
    43     2     0     4     6    14     2    49    50
    44     4     8    11     7     0     2    45    49
    45     2     1     1    10     2     1    50
    46     2     6     2    10     0     1    51
    47     6     1     4     0     6     1    51
    48     6     6     3     8     9     2    49    50
    49    10     0     1     2     9     1    51
    50    10     8     9     0     6     1    51
    51     0     0     0     0     0     0
--------------------------------------------------------------------------------
INFORMATION OF PROJECT 5:
#jobs  release  duedate
    52     0   111
#local resources
     2
R_L1   R_L2   
    14    14
jobnr.  dur.  r_G1  r_G2  r_L1  r_L2  #succ.  successors
     0     0     0     0     0     0    10     1     4     5    10    12    17    22    25    35    48
     1     2     6    13     4     4     6     2    24    40    42    46    47
     2     2    20    12    13     2     6     3    11    37    40    46    47
     3    10    21     4     8    11     4     6    16    33    34
     4     2    16    10     6     0     3     9    40    41
     5     8     6     4     1     7     8     7    13    20    27    29    33    36    41
     6     5    11     8     7    11     6     9    11    29    30    42    44
     7     1    15     9     8     8     7     8    14    20    30    31    36    38
     8     2    16     0     3    10     6    18    28    31    32    33    43
     9     1     9     1     5     4     3    13    28    31
    10     2     7     0     0     0     4    11    13    19    30
    11     1     0     5     5     3     2    18    27
    12     4    10     0     0     9     4    20    26    32    47
    13     2    16     2     1     9     1    15
    14     6     8     0     6     0     3    32    33    44
    15     9     5     5     0     2     1    18
    16     3     0     0     8     7     1    51
    17     4    18     4     0     8     3    27    33    34
    18     3    10     6     0     8     3    19    21    39
    19     5    23     2     8     4     2    26    41
    20     1     3    10     0     6     1    51
    21     5     5    11     2     6     1    51
    22     9    31     6     3     1     2    23    39
    23     2     0     8     5     0     1    51
    24     1     6     0     0     3     1    51
    25     5    18     0     4     9     1    42
    26     9    14     8     0     6     1    51
    27    10     0     6     4     0     1    51
    28     6     7     9     9     7     1    51
    29     1     0     2     2    11     1    32
    30     4    14     7     1     0     1    45
    31     5     0     8     3     1     2    39    43
    32     2    25     8     0    10     2    33    38
    33     2     5     0     3    12     1    45
    34     8     6     8     1    13     1    43
    35     9    22    13     2     8     1    39
    36     3     3     8     0     9     1    51
    37     4     7     7    12     8     1    45
    38     8    11     4     9     4     2    45    49
    39     3     7     1    10     3     1    51
    40     7     4    10     1     0     2    44    45
    41    10     0     0     7     2     1    51
    42     2     0     2     0     4     1    45
    43     2     4    14     0     6     2    49    50
    44     4    12     0     8     7     1    45
    45     2     1     8     1     9     2    49    50
    46     2    24    10     6    10     1    51
    47    10     4     6     1     0     1    50
    48    10     8     9     6     8     2    49    50
    49    10     1     9     0     2     1    51
    50    10    10     7     9     0     1    51
    51     0     0     0     0     0     0
--------------------------------------------------------------------------------
INFORMATION OF PROJECT 6:
#jobs  release  duedate
    52     0   135
#local resources
     2
R_L1   R_L2   
   119   115
jobnr.  dur.  r_G1  r_G2  r_L1  r_L2  #succ.  successors
     0     0     0     0     0     0     6     1     3    12    25    34    49
     1     9    16   145   110   110     6     2     6    18    21    23    43
     2     7    16   145   110   110     3     4    14    18
     3     1    10    18    54    52     2     6    18
     4     1     8    59     5    16     1     5
     5     8    18   145   110   114     2     7    48
     6     1    16   139   101   109     1     8
     7     5    18   151   119   115     1     8
     8     2    11    59    28    16     1     9
     9     3     8   143    81   110     2    10    35
    10     9    11    59    28    16     2    11    37
    11    10    16    68    94    83     3    13    31    32
    12    10     7    92    91    99     7    16    17    21    22    23    29    41
    13     1     8   124    89    93     4    15    28    31    47
    14     8     0     6     9     1     2    35    43
    15     3    14    12    45    47     1    17
    16     1     0    61    44    52     2    19    38
    17     5    15   145   110   110     2    19    33
    18     5     7   104    85    60     2    24    41
    19     7    12    16    11    49     5    20    27    30    44    45
    20     6     3     7    12    21     1    50
    21     5     5   143   107    86     1    38
    22     8     2     6     9     5     1    51
    23     4    12   136    98    89     5    26    27    28    37    46
    24     7    14   117    56    85     3    26    38    40
    25    10     1   133    65    63     1    51
    26     2    10     2    29     2     3    31    39    46
    27     3     5    66    11    30     1    36
    28     7     2    16    54    20     1    33
    29    10    12    22    40    54     1    38
    30     3    11    16    34    42     1    51
    31     4     9    37    12    32     1    51
    32     1     2    44    14    41     1    37
    33     3     1     8    12    29     1    42
    34     4     8    54    37    41     1    51
    35     9     0    83    25    32     2    46    50
    36     4     9    60    65    56     1    51
    37     5    10    27    30    22     1    43
    38     2     9   111   107    83     1    47
    39     3    12   117   107    86     2    45    50
    40     2     3    78    96    37     3    45    46    48
    41     2     8    18    26    51     1    51
    42     7     3    40    22    20     3    44    46    50
    43     2     4    51    25    39     1    51
    44     9     1    34     2     8     1    51
    45     9    11     2     3    16     1    46
    46     1     2    53    45    44     1    51
    47     4     3     2     0     3     1    51
    48     2     6    85    27    42     1    50
    49    10     3   110    84    49     1    50
    50     7     5     8    12    27     1    51
    51     0     0     0     0     0     0
--------------------------------------------------------------------------------
TRANSFER TIMES OF GLOBAL RESOURCE G1
 DEPOT    P1    P2    P3    P4    P5    P6
     0     9    10     7     9     7     2
     9     0    19    10    15    11    10
    10    19     0    12     7    15    10
     7    10    12     0     7    13     8
     9    15     7     7     0    15     9
     7    11    15    13    15     0     6
     2    10    10     8     9     6     0
--------------------------------------------------------------------------------
TRANSFER TIMES OF GLOBAL RESOURCE G2
 DEPOT    P1    P2    P3    P4    P5    P6
     0     5     9     6     8    10    10
     5     0     8     2     4    14    12
     9     8     0    10     8    19     6
     6     2    10     0     4    14    13
     8     4     8     4     0    17    13
    10    14    19    14    17     0    18
    10    12     6    13    13    18     0
--------------------------------------------------------------------------------
Additional Information: 
global resource strength = 0.5
transfer time factor = 0.2
adapted from RCPSP instances: 
[sD263, sD139, sD74, sD162, sD201, sD300]
