--------------------------------------------------------------------------------
PORTFOLIO INFORMATION:
#projects
     6
#global resources
     2
R_G1   R_G2   
    91   322
--------------------------------------------------------------------------------
INFORMATION OF PROJECT 1:
#jobs  release  duedate
    52     0   129
#local resources
     2
R_L1   R_L2   
   170    12
jobnr.  dur.  r_G1  r_G2  r_L1  r_L2  #succ.  successors
     0     0     0     0     0     0     8     1    16    22    23    26    39    43    44
     1     4    52   143   170    12     4     2     8    20    45
     2     3    52   143   170    12     1     3
     3     1    52   143   170    12     2     4    42
     4     1    27   125    68     4     1     5
     5     5    29   103    39     8     4     6    34    35    49
     6     4    13   125    66     0     5     7    19    32    33    45
     7     1    52   143   170    12     5     9    30    31    34    38
     8     9    39    18   100     9     5     9    30    38    40    41
     9     2    29   103    39     7     3    10    28    29
    10     3    16    42    25     7     4    11    24    25    28
    11     2    25    19    22     9     2    12    21
    12     9     4    12    15     2     1    13
    13     1    10     9     1     8     2    14    18
    14     2    38    19    59     1     2    15    35
    15    10    13    87    11     4     1    17
    16    10    23    40   131     4     1    32
    17    10     0    19     9     0     1    51
    18    10     0    36     0     3     1    51
    19     1    12     2     9     3     2    47    48
    20     9    16   101    63     5     1    37
    21     6    13    50    96     0     3    24    35    46
    22     8    17   112    63     5     1    51
    23     8    24    95   111     1     3    27    30    31
    24     9    12     4     9     5     1    48
    25     8    27    42   152     7     2    37    42
    26    10     0     0     4     2     1    51
    27     3    52   133   163    12     1    35
    28     3    10     1    40     0     1    37
    29    10     2    41    38     2     1    31
    30     3     0    10     7     0     1    51
    31     2    10    22    28     0     1    50
    32     2    27    40   141     2     2    35    46
    33     5     7    57    16     7     2    36    41
    34     6    36    95   139     6     1    49
    35     3    12     6     0     5     1    51
    36     3    13   124    70     3     2    41    42
    37     2    16    26    71     3     1    48
    38     5    10    14   100     5     2    48    50
    39     4    48   131   155    10     1    51
    40     8    39    18   104    12     1    51
    41     4     5    54     1     4     1    42
    42     5    13   121    61     0     1    46
    43    10    13    55     9     2     1    51
    44    10    25    18   102     8     1    48
    45     5    39    56   159     6     4    46    47    48    50
    46    10    30   117    55     4     3    47    48    49
    47     7    19     9    57     0     1    49
    48     8    14     9    31     6     2    49    50
    49     1    25    12    55     4     1    50
    50     6    31    12    88     3     1    51
    51     0     0     0     0     0     0
--------------------------------------------------------------------------------
INFORMATION OF PROJECT 2:
#jobs  release  duedate
    52     0   116
#local resources
     2
R_L1   R_L2   
    32    22
jobnr.  dur.  r_G1  r_G2  r_L1  r_L2  #succ.  successors
     0     0     0     0     0     0    11     1     4     5    10    12    17    22    23    25    35    48
     1     2     1     4     6    13     6     2    24    40    42    46    47
     2     2    13     1    20    10     5     3    11    37    40    47
     3     2     7    10    21     4     4     6    16    33    34
     4     2     6     0    16    10     3     9    40    41
     5     8     1     7     6     4     8     7    13    20    27    29    33    36    41
     6    10     6    10    11     9     5     9    11    29    30    44
     7     8     8     8    15     9     7     8    14    20    30    31    36    38
     8     2     6    10    16     0     6    18    28    31    32    33    43
     9     1     5     4     9     1     3    13    28    31
    10     2     1     0     7     0     4    13    19    27    30
    11     2     5     3     0     5     2    18    27
    12     4     0     9    10     0     5    26    27    32    44    47
    13     2     1     9    15     2     2    15    43
    14     7     6     0     8     0     4    20    32    33    44
    15     9     0     2     5     5     1    18
    16     3     6     7     0     0     1    51
    17     4     1     8    17     4     3    27    33    34
    18     3     0     8     9     6     3    19    21    39
    19     5     8     4    23     3     2    26    41
    20     1     0     1     3    10     1    44
    21     5     2     6     5    11     1    27
    22     9     3     1    31     3     1    39
    23     2     5     0     0    11     1    37
    24     7     0     3     6     0     1    51
    25     5     4     9    18     0     1    42
    26     9     0     6    13     8     1    51
    27    10     4     0     0     6     1    51
    28     6     9     7     7     9     1    39
    29     1     2    11     0     2     2    32    43
    30     4     1     0    14     7     1    51
    31     5     3     1     0     8     2    39    43
    32     2     0    10    18     8     2    38    44
    33     2     5    13     5     0     1    45
    34    10     3    13     6     8     1    43
    35     9     2     8    22    11     1    39
    36     5     0     8     3     8     1    51
    37     4    12     8     7     7     1    45
    38     8     9     3    11     4     2    45    49
    39     3    10     3     7     1     1    51
    40     6     1     0     4    10     2    44    45
    41    10     7     2     0     0     1    51
    42     1     0     4     0     2     1    45
    43     2     0     6    13    14     2    49    50
    44     4     8     7    12     0     2    45    49
    45     2     1     9     1     5     2    49    50
    46     2     9    10    25    10     1    51
    47     9     1     0     4     6     1    51
    48     8     6     8     8     9     2    49    50
    49    10     0     2     1     9     1    51
    50    10     8     0     9     6     1    51
    51     0     0     0     0     0     0
--------------------------------------------------------------------------------
INFORMATION OF PROJECT 3:
#jobs  release  duedate
    52     0   117
#local resources
     2
R_L1   R_L2   
    14    10
jobnr.  dur.  r_G1  r_G2  r_L1  r_L2  #succ.  successors
     0     0     0     0     0     0     8     1    11    20    31    42    44    45    48
     1     4    14    59    14    10     5     2    14    19    38    40
     2     7     6    47    14     2     2     3    39
     3     8     3    47     9     0     1     4
     4     5     6    56    12     6     3     5    35    36
     5     7     3    41     4     6     6     6    18    27    32    33    34
     6     6     2     9     0     0     3     7    29    30
     7     6     4    16     5     0     1     8
     8     6     0    21     0     8     4     9    16    25    28
     9     5     4    20    10     0     3    10    26    39
    10     3     4    19     0     0     3    12    23    24
    11     6     4    41    10     0     5    21    22    23    27    37
    12     3     5    26     0     7     2    13    35
    13     1     7     2     0     0     1    15
    14     3     0     3     2     3     1    51
    15     5     1    27     0     3     2    17    24
    16     8    12    53     7    10     1    17
    17     3     3     5     6     0     1    21
    18     7    11    29     7     2     1    28
    19     2     0    50    13     0     1    25
    20     5     4    21    11     5     1    51
    21     9     0    21     1     6     1    51
    22     4     6     3     0     4     1    51
    23     6     4     2     0     0     1    51
    24     7     0     9     4     3     1    51
    25     1     4     0     9     0     1    41
    26     9     0     9     0     6     1    51
    27     2     3     3     0     0     1    51
    28     2     9     0     0     2     1    51
    29     2     8    37     5    10     1    51
    30    10     8     7     4     0     1    43
    31     1    11    36     1     4     1    50
    32     3     9    24     1     4     1    49
    33     9     2     0     4     0     1    51
    34     2     0     6     3     0     1    43
    35     3     0     0     1     7     1    51
    36     4     6    41    10     7     1    46
    37     7     0    20    10     5     1    51
    38     4     3     0     0     3     1    43
    39     5     9    33    13     3     1    51
    40     4     8     0     0     4     1    51
    41     2     9    23     0     7     1    51
    42    10     6    18    10     0     1    51
    43     3     3     0     3     0     1    51
    44     4     0    43     5    10     1    51
    45     4     0     9     0     4     3    47    49    50
    46     3     8     7     4     0     1    51
    47     9     0    20     8     5     1    51
    48     6    11    18     5     3     1    51
    49     9     0     8     5     5     1    51
    50     9     0     3     5     5     1    51
    51     0     0     0     0     0     0
--------------------------------------------------------------------------------
INFORMATION OF PROJECT 4:
#jobs  release  duedate
    52     0   128
#local resources
     2
R_L1   R_L2   
   119   151
jobnr.  dur.  r_G1  r_G2  r_L1  r_L2  #succ.  successors
     0     0     0     0     0     0     7     1     3     6    12    18    25    49
     1     4    13   110   107   133     3     2    43    47
     2     4    13   110   107   133     1     4
     3     4     5     5    12    18     1     4
     4     1     6    16    28    58     3     5    38    40
     5     4    18   115   119   151     1     7
     6     1    18   115   119   151     3     9    36    48
     7     7    18   115   119   151     1     8
     8     1    11    16    28    59     1     9
     9     1     6    52    32    18     4    10    14    16    35
    10     9    11    16    28    59     4    11    34    37    41
    11    10    15    83    76    88     3    13    30    37
    12    10     7    99    91    92     6    17    21    22    23    29    41
    13     1     8    73    89   124     3    15    28    43
    14     1     0     5    19    10     1    22
    15     2    14    52    45    18     4    17    22    26    42
    16     1     0    52     9     7     2    22    37
    17     7    14    87    99   111     3    19    44    45
    18     7     7    63    87   124     1    24
    19     8    12    50    22     7     3    20    27    30
    20     5     2    21    19     7     1    50
    21    10     8    63    99   143     1    51
    22     2     1    55     9     7     4    30    39    47    50
    23     7    12    63    91    93     4    26    28    36    37
    24     5    16    85    65   133     5    26    32    33    38    40
    25    10     4    63    65   133     2    45    50
    26     2    10    40    17    34     2    31    39
    27     1     5    33    44   110     1    36
    28     7     2    30    54    18     2    30    33
    29    10    12    55    55    36     3    38    46    48
    30     3    11    43    32    18     1    43
    31     5    11    49    22    41     1    43
    32     1     5    71    78    92     1    51
    33     2     4    22    12     8     1    42
    34     3    10    49     4    70     2    36    45
    35     9     0    32    43    63     1    51
    36     3     9    37    14    70     1    51
    37     5    10    42    30    27     1    51
    38     1    12    39    26    92     2    39    50
    39     3    14    89   107   117     1    45
    40     2     8    23    96    70     1    46
    41     4     3    23     1    18     1    51
    42     5     3    13    13    40     2    44    47
    43     2     1    59    23    81     1    51
    44    10     1     5     2    34     1    47
    45     9    10    18    12     7     1    48
    46     1     2     1    20     0     1    51
    47     4     3    30    25    10     1    51
    48     2     6    21    35    31     1    51
    49     9     3    49    82   110     1    50
    50     6     4    26    12     8     1    51
    51     0     0     0     0     0     0
--------------------------------------------------------------------------------
INFORMATION OF PROJECT 5:
#jobs  release  duedate
    52     0   142
#local resources
     2
R_L1   R_L2   
   119   115
jobnr.  dur.  r_G1  r_G2  r_L1  r_L2  #succ.  successors
     0     0     0     0     0     0     9     1     3     6    12    16    18    25    26    49
     1     5    13   144   107   110     1     2
     2     9    13   144   107   110     1     4
     3     1     5     7    12     5     5     4    14    23    34    48
     4     4    18   145   110   110     1     5
     5     1    18   145   110   110     1     7
     6     7    18   145   110   110     1    39
     7     3    18   151   119   115     1     8
     8     2    11    59    28    16     2     9    39
     9     1     6    12    37    47     2    10    35
    10     9    11    59    28    16     3    11    37    38
    11    10     6   112    80    88     4    13    30    31    32
    12    10     7    92    91    99    10    13    17    21    22    23    24    29    31    34    43
    13     1     8   124    89    73     3    15    28    43
    14     5     6   110   116    88     2    17    32
    15     1    14    12    45    47     1    17
    16     1     1    86    61    55     4    17    23    37    38
    17     1    15   105    96    84     1    19
    18     7     7   124    89    68     2    24    42
    19     8    13    18    13    52     4    20    27    30    32
    20     4     2    40    20    21     1    50
    21     4     8   104   107    87     1    51
    22     9     0     6     9     5     1    30
    23     5    14   137    98    89     4    27    28    37    48
    24     8    16   131    58   109     4    40    41    42    46
    25    10     4   133    65    63     1    46
    26     2    10   125    49   104     6    31    32    33    34    39    43
    27     4     5    66    11    35     2    36    46
    28     7     2    20    61     6     2    30    33
    29    10    12    45    46    55     1    45
    30     3    11    18    23    47     1    51
    31     4     9    21    11    37     1    51
    32     1     8   117    56   105     2    36    50
    33     5     4     8    12    28     1    42
    34     4     8    59    46    47     1    44
    35     9     3    39    39    27     3    42    46    50
    36     3    14    60    13    48     1    51
    37     6    10    27    30    42     3    42    43    46
    38     2     9    73    73    58     1    47
    39     9    14   117    98    87     1    46
    40     3     1    51    96    48     5    45    46    47    48    50
    41     2    12    18     2    27     1    51
    42     5     3    46    23    31     1    44
    43     2    13    66    22    48     2    45    48
    44     8     1    34     1    10     1    51
    45    10    10     4     2    17     1    51
    46     1     0    19    65    31     1    51
    47     4     8     7     2     4     1    51
    48     2     9    72     8    27     1    51
    49     9     4   110    82    50     1    50
    50     7     4     8    12    21     1    51
    51     0     0     0     0     0     0
--------------------------------------------------------------------------------
INFORMATION OF PROJECT 6:
#jobs  release  duedate
    52     0    95
#local resources
     2
R_L1   R_L2   
    13    11
jobnr.  dur.  r_G1  r_G2  r_L1  r_L2  #succ.  successors
     0     0     0     0     0     0    12     1     2     3     6     8     9    10    11    13    15    19    23
     1     9     9     9     0     0     6     4    20    29    31    39    48
     2     7     0     8     0     3     6     7    20    24    36    49    50
     3     2     0     9     8     0    11    16    18    20    24    25    26    35    36    45    48    50
     4     8     0    10     4     0     3     5    25    50
     5     7     9     0     0     8     7    14    18    24    35    36    38    49
     6     1     0     0     8     2     9    12    24    25    26    27    28    35    38    47
     7     1     0     4     3     0     7    14    18    22    25    35    44    48
     8     3    10     0     2     0    11    21    28    29    34    35    36    42    45    47    48    49
     9     4     1     0     0     5     6    18    21    33    35    36    45
    10     6     3     0     8     0     7    17    33    34    36    38    43    47
    11     4     0     1     7     0     8    20    26    34    37    45    46    49    50
    12     1     7     0     0     2     8    29    30    33    37    42    44    45    46
    13     9     0     0     5     4     7    25    30    33    37    43    47    49
    14     1     0     4     0     1     3    16    42    45
    15     7     3     1     0     0     7    26    32    35    43    44    45    46
    16     5     0     4     7     0     3    21    33    43
    17     9     3     3     0     0     3    22    44    48
    18     2    10     0     0     9     5    28    32    34    43    47
    19     1     7     0     0     7     4    30    31    37    44
    20     3     0     1     0     6     2    22    33
    21     7     0     0     9     1     3    27    41    46
    22     4     0    10     0     6     3    30    41    42
    23    10    10     0     5     0     2    30    44
    24     4     0     0     5     3     3    40    41    42
    25     5     0     1     0     9     2    34    42
    26     9     5     0     0     6     2    33    40
    27     7     0     5     0     4     1    30
    28     8     8     0     8     0     2    40    41
    29     2     6     0     0     4     2    41    43
    30     2     0     1     0     5     1    32
    31     2     8     0     4     0     1    32
    32     6     4     0     4     0     1    40
    33     4     3     0     0     3     1    41
    34     8     5     0     0     4     1    41
    35     9     0     0     4     8     1    40
    36     8     0     0     2     8     1    44
    37     3     0     1     0     7     1    41
    38    10     4     5     0     0     1    45
    39     1     0     9     0     9     1    40
    40     4     0     4     9     0     1    51
    41     2     0     4    10     0     1    51
    42    10     0    10     3     0     1    51
    43    10     3     0     0     8     1    51
    44     7    10     0     0     7     1    51
    45     8     0     0     9     5     1    51
    46    10     0     8     0     5     1    51
    47     6     0     8     1     0     1    51
    48     3     0     0     1     2     1    51
    49    10    10     0     4     0     1    51
    50     8     0     5     7     0     1    51
    51     0     0     0     0     0     0
--------------------------------------------------------------------------------
TRANSFER TIMES OF GLOBAL RESOURCE G1
 DEPOT    P1    P2    P3    P4    P5    P6
     0    17    25    18    32    21    10
    17     0    25    28    26    37    25
    25    25     0    16    50    43    23
    18    28    16     0    48    29    10
    32    26    50    48     0    40    41
    21    37    43    29    40     0    20
    10    25    23    10    41    20     0
--------------------------------------------------------------------------------
TRANSFER TIMES OF GLOBAL RESOURCE G2
 DEPOT    P1    P2    P3    P4    P5    P6
     0    14    12    23    21    22    24
    14     0    18    37    24    12    38
    12    18     0    23    10    20    25
    23    37    23     0    29    42     3
    21    24    10    29     0    20    31
    22    12    20    42    20     0    44
    24    38    25     3    31    44     0
--------------------------------------------------------------------------------
Additional Information: 
global resource strength = 0.5
transfer time factor = 0.5
adapted from RCPSP instances: 
[sD189, sD195, sD111, sD305, sD284, sD40]
