--------------------------------------------------------------------------------
PORTFOLIO INFORMATION:
#projects
     6
#global resources
     2
R_G1   R_G2   
   205    30
--------------------------------------------------------------------------------
INFORMATION OF PROJECT 1:
#jobs  release  duedate
    52     0   112
#local resources
     2
R_L1   R_L2   
    10    10
jobnr.  dur.  r_G1  r_G2  r_L1  r_L2  #succ.  successors
     0     0     0     0     0     0    12     1     2     4     6     7     9    10    11    18    21    23    49
     1     3     6     1     1     3     7     3    20    30    31    45    46    48
     2     3     1     7     2     0     6     5    20    40    41    42    45
     3     4     7     0     4     0     7     5    27    34    40    41    42    47
     4     1     0     5     0     4    10    16    20    25    34    36    39    40    41    42    46
     5     1     5     0     1     0     4     8    30    34    46
     6     7     8     0     2     1     6     8    28    30    43    44    48
     7     8     9    10     9     9     9    14    19    27    28    31    33    42    43    44
     8     4     0     0     3     6     5    12    17    35    37    39
     9     9    10     0     0     5     6    13    15    17    28    36    40
    10     7     0     2     0     1     6    16    34    38    40    43    45
    11    10     0     2     9     9     8    19    24    31    37    40    41    42    43
    12     7     4    10    10     1     2    16    36
    13     9     5     0     9     0     5    24    25    32    34    35
    14     8     1     0     9     0     3    29    36    37
    15     3     0    10     8     8     4    29    30    35    41
    16     8     5     0     0    10     3    22    32    35
    17    10     7     6     0     0     4    29    35    36    47
    18     2     7     6     9     1     4    19    26    32    48
    19     1     9    14     6     3     1    45
    20     1    11     3     0     1     2    32    35
    21     9     0     9     0     9     1    34
    22    10     1     8     0     0     1    24
    23     5     0    10     4     6     2    33    34
    24     6     9     0     0     1     1    26
    25     6     4     0     4     0     1    26
    26     4     6     0     2     0     1    33
    27     4     2     0     0     6     1    32
    28     9     0     6     0     0     1    37
    29     3     1     9    10     0     1    32
    30     7     0     8     0     1     1    51
    31     9     0     2     3     0     1    47
    32     7    10     0     3     0     1    41
    33     1     2     8     1     0     1    51
    34     7     6     0     1     0     1    51
    35     8    10    12     0     1     1    51
    36     3     7     0     0     1     1    41
    37     1     5     0     3     0     1    41
    38     9     0     6     0     8     1    51
    39     2     4     0     0     3     1    51
    40     4     2     6     7     3     1    43
    41    10     6     2     0     0     1    51
    42     2    13     0     0     5     1    51
    43     3     8    10     0     0     1    47
    44     5     2     0     0     7     1    47
    45     3     0    10     0     5     1    51
    46     5     4     4     0     0     1    48
    47     7    10     0     2     1     1    51
    48    10     0     0    10     1     1    51
    49     7     0     9     0     6     1    50
    50     6     3     0     2     6     1    51
    51     0     0     0     0     0     0
--------------------------------------------------------------------------------
INFORMATION OF PROJECT 2:
#jobs  release  duedate
    52     0    70
#local resources
     2
R_L1   R_L2   
    17    14
jobnr.  dur.  r_G1  r_G2  r_L1  r_L2  #succ.  successors
     0     0     0     0     0     0    17     1     2     3     4     5     6     8     9    10    11    12    14    16    20    21    32    50
     1     5     0     1     7     0     8     7    15    18    22    24    40    42    44
     2     5     6     0     7     0     9    15    18    25    27    31    34    38    40    42
     3     5     0     0     6     9     7    15    22    24    26    29    38    40
     4     8     3     0     5     0     7    13    35    37    40    42    47    48
     5     7     0     3     5     0     6    17    19    23    37    38    42
     6     2     0     0     9     9    10    22    28    30    35    37    38    40    43    44    47
     7     2     0     3     0     9     6    17    34    37    39    43    45
     8     7     3     0     4     0     7    29    31    34    35    38    40    47
     9     3     5     2     0     0     5    19    35    36    37    41
    10     2     0     6     0     7     3    15    22    44
    11     3     0     7     0     4     7    30    33    36    38    39    40    46
    12     2     0     6     3     0     5    24    33    35    38    40
    13     1     6     0     0     3     5    30    33    38    39    44
    14    10    10     0    10     0     2    17    34
    15     7     0     8     0     3     3    23    37    41
    16     5     0     0    10     8     3    22    35    45
    17     1     8     0     2     0     3    29    33    35
    18     2     0    10    10     0     3    29    33    39
    19     8     0     1     8     0     2    22    43
    20     6     0     0     9     1     2    22    35
    21     2     0     5     5     0     3    33    38    49
    22     4     0     0     6    10     2    33    34
    23    10     0     3     0     4     2    33    35
    24     4     4     8     0     0     2    34    46
    25     7     3     0     0     6     2    39    45
    26     5     5    10     0     0     2    34    42
    27    10     2     0     0     7     2    37    41
    28     4     0    10     8     0     2    33    34
    29     3     9     0     0     3     1    36
    30     8     0     1     0     2     1    34
    31     5     0     0     4     3     1    39
    32     6     0     5     0    10     1    35
    33     6     4     0     5     0     1    51
    34     1    10     0     0     4     1    51
    35     5     6     0    10     0     1    51
    36     5     1     9     0     0     1    51
    37     8     0     8     0     9     1    51
    38     4     0     0     7     7     1    51
    39     6     0     0     8     1     1    51
    40     6     8     0     0     8     1    51
    41     9    10     0     0     3     1    51
    42     9     0     9     4     0     1    51
    43     2     0     3     0     2     1    51
    44     1     9     0     7     0     1    51
    45     8     7     6     0     0     1    51
    46     8     6     4     0     0     1    51
    47     9     8     0     0     7     1    51
    48     6     9     0     5     0     1    51
    49     2     1     8     0     0     1    51
    50     2     8     0     0     8     1    51
    51     0     0     0     0     0     0
--------------------------------------------------------------------------------
INFORMATION OF PROJECT 3:
#jobs  release  duedate
    52     0   137
#local resources
     2
R_L1   R_L2   
    15    12
jobnr.  dur.  r_G1  r_G2  r_L1  r_L2  #succ.  successors
     0     0     0     0     0     0    13     1     2     4     7     9    10    11    13    15    17    18    23    50
     1     4     0     5     2     0     6     3    20    30    45    46    48
     2     9     3     0     2     3     8     5     6    20    40    41    42    44    45
     3     5     0     8     7     4     5     6    31    40    41    47
     4     6     5     4     2     0    14     5    16    20    21    25    31    34    36    39    40    41    42    46    48
     5     1     9     0     6     1     6     8    25    27    30    34    46
     6     8     0     1     8     2     3     8    43    44
     7     3     8     6     3    10    10    14    27    28    31    33    38    42    43    44    49
     8     1     0     6     2     3     4    12    35    37    39
     9     9     2     7    12     3     2    27    36
    10     9     2     1     0     0     6    16    34    35    40    43    45
    11    10     0     9     5     9     7    19    21    25    37    40    41    43
    12     2    11     3    11     3     1    16
    13     8     0     0     5     9     5    24    25    32    34    35
    14    10     0     0     1     9     3    31    34    39
    15     7     5     9    14    12     6    16    29    30    31    41    45
    16     8     1     1     5     7     3    22    32    38
    17     6     7     8     7     0     5    26    29    35    36    47
    18     2     0     1     0     8     3    26    32    36
    19     2     0     3     9     8     2    26    27
    20     8     3     0     7     0     3    32    33    35
    21     3     4     9     3     0     2    26    34
    22    10     7     0     1     0     1    24
    23     8    11     6     4     0     1    51
    24     8     0     1     9     0     1    26
    25     2     5     0     4     4     1    37
    26     4     1     0    12     2     1    33
    27     5     0     6     2     0     1    37
    28     7     6     0     1     0     1    44
    29     9     9     1     6    10     1    51
    30     2     8     1     0     0     2    32    36
    31     3     2     7     0     3     1    37
    32     4     0     2    11     8     1    46
    33     2     9     0     2     0     1    51
    34     3     5     0     6     8     1    41
    35     8    11     0    10     2     1    47
    36     5     0     1     7     2     1    51
    37     5     1     7     5     4     1    51
    38     8     8     9     8    12     1    51
    39     9     5     1     4     0     1    51
    40     8     6     0     0     7     1    47
    41     8     2     0    12     1     1    51
    42     5     0     5     4     0     1    51
    43     7    11     1    11    12     1    51
    44     7     0     8     2     0     1    51
    45     7    11     8     6    10     1    47
    46     9     4     0     6    12     1    51
    47     9     0     3    10     2     1    51
    48     1     0     1     0    10     1    51
    49     5     6     2     0     6     1    51
    50    10     0     8     3     0     1    51
    51     0     0     0     0     0     0
--------------------------------------------------------------------------------
INFORMATION OF PROJECT 4:
#jobs  release  duedate
    52     0   138
#local resources
     2
R_L1   R_L2   
   151   115
jobnr.  dur.  r_G1  r_G2  r_L1  r_L2  #succ.  successors
     0     0     0     0     0     0     5     1     3    12    25    49
     1     1   110    16   145   110     5     2    18    21    43    47
     2    10   110    16   145   110     3     4     6    24
     3     1    17    10    18    52     3     6    18    23
     4     1    17     8    59    16     1     5
     5     2   119    18   151   115     4     7    16    41    48
     6     3   101    16   139   109     4     8    16    34    38
     7     4   119    18   151   115     4     8    14    16    38
     8     5    28    11    59    16     1     9
     9     9    90     8    99   110     2    10    35
    10     9    28    11    56    16     2    11    37
    11    10    94    13    68    83     3    13    31    32
    12    10    91     7    92    99     8    16    17    21    22    23    29    32    41
    13     1    89     8   124    73     2    15    28
    14    10     9     0     6     1     2    44    50
    15     3    45    14    12    47     1    17
    16     1    44     0    62    37     1    19
    17     5   110    15   145   110     2    19    33
    18     5    85     7   104    60     1    24
    19     8    16    12    16    49     5    20    27    30    44    45
    20     4    12     3     7    21     2    46    50
    21     2   107     5   143    89     1    51
    22     9     9     2     6     5     1    51
    23     8   107    13   143    89     5    26    27    28    37    46
    24     7    72    15   121    85     2    26    40
    25    10    65     1   133    63     1    51
    26     2    29    10     2     2     2    31    39
    27     4    13     5    65    30     1    36
    28     7    47     2    16    20     1    33
    29    10    41    12    10    62     1    38
    30     3    34    11    16    40     1    43
    31     4    12     9    21    32     1    51
    32     1    29     2    55    31     2    37    44
    33     3    10     0     9    29     1    42
    34     4    37     8    54    41     3    45    47    50
    35     9    25     0    83    32     2    46    50
    36     3    67     9    91    53     1    51
    37     5    30    10    27    42     1    43
    38     2   107     9   121    83     1    47
    39     3   107    11   119    86     1    45
    40     3    93     2    78    37     3    41    46    48
    41     2    47     6    13    23     1    51
    42     7    22     3    40    22     1    44
    43     2    29     4    81    35     1    51
    44     9     2     1    24    13     1    51
    45     9     3    10     2    16     1    51
    46     1    43     5    54    48     1    51
    47     4     0     3     2     3     1    51
    48     2    25     6    52     4     1    50
    49     9    84     3   111    49     1    50
    50     7    12     4     8    26     1    51
    51     0     0     0     0     0     0
--------------------------------------------------------------------------------
INFORMATION OF PROJECT 5:
#jobs  release  duedate
    52     0   135
#local resources
     2
R_L1   R_L2   
   173   143
jobnr.  dur.  r_G1  r_G2  r_L1  r_L2  #succ.  successors
     0     0     0     0     0     0     5     1    16    20    22    23
     1     4   170    12   173   143     2     2    44
     2    10   170    12   173   143     3     3     8    25
     3     5   170    12   173   143     1     4
     4     3   170    12   173   143     2     5    25
     5     1    39    11   106   103     6     6    19    32    34    39    45
     6     4    66     0    13   100     2     7    33
     7     6   170    12   173   143     3     9    30    43
     8     9   100     7   152    19     4     9    27    30    45
     9     1    39    11   106   103     2    10    29
    10     4    53     7    62    45     2    11    26
    11     4    53     9    62    19     3    12    21    31
    12     8    16     0    13    12     2    13    46
    13     1    47     1     8     0     3    14    18    31
    14     1    67     3    17    18     2    15    35
    15     7    14     4    31    73     1    17
    16    10   131     1    67    40     1    39
    17    10     9     0     0     3     1    51
    18    10     0     3    38    36     1    51
    19     2     9     3    12    73     2    42    43
    20     8    83     4    59    89     1    42
    21     6    98     1    97    57     2    24    32
    22    10    63     7   128   112     1    51
    23    10   117     3   111    98     4    27    32    37    40
    24     8     9     5    12     4     1    48
    25     4   152     6   142    67     2    34    42
    26     5     4     1     0     0     2    28    37
    27     5   170    12   173   143     1    35
    28     6    40     1    12     1     1    32
    29     8    38     0     6    41     1    51
    30     1    45     4   137    86     2    38    42
    31     7     1     0     1    22     1    49
    32     1    64     7   114    29     1    46
    33     5    43     7    63    57     1    36
    34     1   141     6   148   121     1    48
    35     1    36     5    18     6     1    51
    36     1    70     2    21   124     1    41
    37     2    71     0    76    26     1    42
    38     1    25     5   140     9     1    51
    39     3   157     6   154   134     1    51
    40     9   104    12   160    43     2    41    42
    41     1    19    10    63    42     1    42
    42     6    67     1   114   121     1    46
    43     1    43     5    13     3     1    46
    44     8   103     8    59    22     1    45
    45     2   122     7    32    70     2    48    49
    46     8   103     6   153   121     2    47    48
    47     5    13     0    19     9     1    50
    48     9    38     6    32    20     2    49    50
    49     2    72     4    45    28     1    51
    50     7    98     4    45    28     1    51
    51     0     0     0     0     0     0
--------------------------------------------------------------------------------
INFORMATION OF PROJECT 6:
#jobs  release  duedate
    52     0   117
#local resources
     2
R_L1   R_L2   
    11    12
jobnr.  dur.  r_G1  r_G2  r_L1  r_L2  #succ.  successors
     0     0     0     0     0     0    15     1     2     3     4     5     6     7     8     9    10    11    12    13    14    15
     1     6    17     1     5     4    10    17    18    19    21    22    23    25    27    32    50
     2    10     0     2     0     3     6    16    18    19    22    35    50
     3     7     3     3    11     0     6    18    19    22    25    35    50
     4     5     0     6     4     0     6    21    22    23    24    28    36
     5     2     0     0     2     3     9    17    22    26    32    34    35    45    47    49
     6     8     5     0     2     0     7    16    27    29    32    35    44    48
     7     9     0     2     8     5     7    18    20    22    30    31    32    50
     8     1     0     0     3     7     6    22    23    25    28    34    50
     9     7     2     6     8     9     7    26    34    35    46    47    49    50
    10     9     8     0     0     1     8    21    23    28    31    32    33    35    48
    11     4     0     8     0     4     5    18    34    43    48    49
    12    10     0     9     6     0    12    29    30    33    35    38    43    44    45    46    47    49    50
    13     4     0     6     6     2     6    22    28    39    42    45    49
    14    10    10     0     0     7    10    28    29    34    41    42    43    44    45    46    49
    15     9     1     2     5     8     7    26    29    31    33    41    46    48
    16     6    16     6     0     0     5    25    30    31    33    34
    17     4     5     2     2     0     9    29    30    33    38    39    43    44    46    48
    18     6     7     2     4     0     6    26    28    29    41    46    47
    19     3     6     2     0     9     7    30    31    34    40    43    45    48
    20     2     0     9     2     0    10    26    29    33    38    39    41    42    43    46    48
    21     4     6     0     5     0     8    30    34    38    40    42    44    45    46
    22     8     2     0     8     5     6    33    38    41    43    44    48
    23    10     5     4     0     5     6    29    39    41    42    45    47
    24     1     0     0     1     2     4    27    38    42    47
    25     6    10     2     0     5     5    38    40    43    45    46
    26     2     7     6     0     0     5    37    39    40    42    44
    27    10     0     3     5     0     2    34    43
    28     8     0     5     0     5     3    37    38    40
    29     8    10     8     0     9     1    40
    30    10     1     0     6     5     3    37    41    42
    31     5     2     1     0     0     1    47
    32    10     9     9     0     0     2    42    43
    33     7     0     8     2     0     2    37    42
    34     4     4     5     0    10     1    39
    35     3     3     0     9     0     1    51
    36     6    11     0     0     5     1    45
    37     8     6     3     0     9     2    39    44
    38     4     0     9     0     2     1    51
    39    10     9     5     4     0     1    51
    40     1     0     1     2     0     1    51
    41     4     9     0     7     9     2    42    48
    42     2     5    10     0     7     1    51
    43     5     3     3     5     5     1    51
    44     8     9     3     0     0     1    51
    45     7     0     3     3     0     1    51
    46    10     4     0     0     9     1    51
    47     5    12    10     2     9     1    48
    48     5     5     5     4     0     1    51
    49     5     0     7     0     3     1    51
    50    10     0     1     6     3     1    51
    51     0     0     0     0     0     0
--------------------------------------------------------------------------------
TRANSFER TIMES OF GLOBAL RESOURCE G1
 DEPOT    P1    P2    P3    P4    P5    P6
     0     4    18    17    27    29    15
     4     0    22    14    30    31    19
    18    22     0    30    16    18     7
    17    14    30     0    31    32    25
    27    30    16    31     0     3    13
    29    31    18    32     3     0    15
    15    19     7    25    13    15     0
--------------------------------------------------------------------------------
TRANSFER TIMES OF GLOBAL RESOURCE G2
 DEPOT    P1    P2    P3    P4    P5    P6
     0    16    20    15    14    26    14
    16     0    10    27    26    13    11
    20    10     0    34    25     7    20
    15    27    34     0    24    39    20
    14    26    25    24     0    31    28
    26    13     7    39    31     0    23
    14    11    20    20    28    23     0
--------------------------------------------------------------------------------
Additional Information: 
global resource strength = 0.2
transfer time factor = 0.5
adapted from RCPSP instances: 
[sD85, sD18, sD102, sD283, sD314, sD73]
