--------------------------------------------------------------------------------
PORTFOLIO INFORMATION:
#projects
     8
#global resources
     2
R_G1   R_G2   
   428   483
--------------------------------------------------------------------------------
INFORMATION OF PROJECT 1:
#jobs  release  duedate
    52     0   151
#local resources
     2
R_L1   R_L2   
   173   170
jobnr.  dur.  r_G1  r_G2  r_L1  r_L2  #succ.  successors
     0     0     0     0     0     0    13     1     8    16    20    22    23    26    33    34    35    43    44    45
     1     7    12   143   173   170     2     2    27
     2     5    12   143   173   170     1     3
     3     1    12   143   173   170     1     4
     4     5    12   143   173   170     1     5
     5     5    12   143   173   170     1     6
     6     3     1   125    13    66     2     7    19
     7     2    12   143   173   170     1     9
     8     5    11    18   160   104     2     9    38
     9     6    12   143   173   170     2    10    29
    10     4     8    46    62    60     3    11    25    28
    11     3     9    27    50    60     3    12    21    37
    12     5     4    40    40    19     1    13
    13     2     8     9    30    32     3    14    18    46
    14     1     1     8    10    67     1    15
    15     9     4    87    31    11     1    17
    16    10     9    88   154   152     1    51
    17    10     0    19     0     1     1    51
    18    10     3    36     2     0     1    51
    19     1     1    15    10    37     2    21    25
    20     9     4    78   111    94     2    27    40
    21     7     4    50    22    99     2    24    46
    22     9     2   112   128    71     1    51
    23     8     0    97   111   110     2    30    39
    24     3     4    10    16     8     1    48
    25     2     8    56   142   159     3    32    37    41
    26     1     0   116    13    28     2    32    36
    27    10    12   143   173   170     1    51
    28     3     3     3    48    24     1    42
    29     3     2    16    10    51     2    31    47
    30     8    12   124   173   169     2    40    46
    31     2     0     0    32    28     1    32
    32     2     0     6    99    46     1    51
    33     5     7    88   115    66     1    36
    34     9     6    98   141   139     1    50
    35     1     5    70   113    38     1    39
    36     1     2    56   123    66     1    41
    37     1     5    12    34    37     1    42
    38     4     8    93    72    71     1    48
    39     9    12   143   173   170     1    47
    40     1     6    27   151    71     1    46
    41     1     3    10    44    75     1    42
    42     5     0   102   114    68     1    46
    43     1    11    41    59    75     1    51
    44    10    11    18    59   102     1    48
    45     8     8    56   142   159     1    46
    46     5     8   124   157   103     2    47    48
    47     1     3    26    19    18     2    49    50
    48     7     6    40    32    31     2    49    50
    49     3     1    20    45    61     1    51
    50     7     5    12    45    98     1    51
    51     0     0     0     0     0     0
--------------------------------------------------------------------------------
INFORMATION OF PROJECT 2:
#jobs  release  duedate
    52     0   141
#local resources
     2
R_L1   R_L2   
   170   143
jobnr.  dur.  r_G1  r_G2  r_L1  r_L2  #succ.  successors
     0     0     0     0     0     0     4     1    20    22    23
     1     9   173    12   170   143     3     2    16    44
     2     6   173    12   170   143     2     3     8
     3     1   173    12   170   143     1     4
     4     2   173    12   170   143     1     5
     5     1   106    11    39   103     6     6    19    32    34    35    45
     6     4    13     0    66   100     2     7    33
     7     6   173    12   170   143     3     9    30    43
     8     9   148     7   100    19     5     9    27    30    41    45
     9     1   106    11    39   103     3    10    28    29
    10     3    62     7    39    45     4    11    25    26    30
    11     4    59     9    53    19     3    12    21    31
    12     8    13     0    16    12     2    13    46
    13     1     8     1    30     7     4    14    18    31    50
    14     2    11     3    67    18     2    15    35
    15     8    31     4    14    73     1    17
    16    10    67     1   131    40     1    39
    17    10     0     0     9     3     1    51
    18    10     6     3     0    36     1    51
    19     2    12     3     9    73     2    42    43
    20    10    59     5    83    89     1    42
    21     6    97     1    97    50     3    24    32    46
    22     9   128     7    63   112     1    51
    23    10   111     2   117    98     3    27    37    40
    24     6    12     5     9     4     1    48
    25     8   142     6   152    67     3    34    37    42
    26     6     0     1     4     0     3    28    31    37
    27     7   173    12   170   143     1    51
    28     6    12     1    40     1     1    32
    29     8     6     2    38    41     1    51
    30     1     0     4    45    68     2    38    42
    31     6     1     0     1    22     2    49    50
    32     1   114     2    38    29     1    46
    33     4    53     7    43    57     1    36
    34     6   142     6   139   121     1    48
    35     1    89     5     0     6     1    51
    36     1    25     2    70   124     1    41
    37     2    76     0    71    26     1    42
    38     1   140     5    25     9     1    51
    39     5   154    11   157   134     1    51
    40     9   160    12   104    43     2    41    42
    41     1    20     6   122    41     1    42
    42     7   114     3    67   121     1    46
    43     1    13     5    43    19     1    46
    44     9    59     8   103    22     3    45    47    48
    45     2    32     7   122    70     1    49
    46     8   153     6   103   121     2    47    48
    47     5    19     0    13     9     1    50
    48     8    32     6    38    20     2    49    50
    49     2    45     4    72    25     1    51
    50     7    45     4    98    28     1    51
    51     0     0     0     0     0     0
--------------------------------------------------------------------------------
INFORMATION OF PROJECT 3:
#jobs  release  duedate
    52     0   148
#local resources
     2
R_L1   R_L2   
   173   170
jobnr.  dur.  r_G1  r_G2  r_L1  r_L2  #succ.  successors
     0     0     0     0     0     0     8     1     8    16    20    22    23    34    44
     1     2    12   143   173   170     2     2    27
     2     6    12   143   173   170     2     3    27
     3     4    12   143   173   170     4     4    26    32    42
     4     1    10   143   173   166     2     5    39
     5     2    10   143   173   166     3     6    32    37
     6     5     2   125    25    70     2     7    33
     7     2    12   143   173   170     1     9
     8     7    10    18   148   100     4     9    31    38    40
     9     8    10   143   173   166     4    10    19    29    43
    10     8     7    42    66    86     3    11    25    28
    11    10     9    19    62    44     3    12    21    25
    12     5     2    16    12    16     1    13
    13     1     8    10    56    32     2    14    18
    14     2     1     6    10    67     2    15    49
    15    10     4    82    31    16     1    17
    16    10     5    61   142   150     1    51
    17     8     0    19     0     9     1    51
    18    10     3    47     1     0     1    51
    19     2     0    55    85     5     1    42
    20    10     4   101    87    84     5    33    36    38    39    47
    21     6     3    27    65    96     2    24    46
    22    10     7   112   128    63     1    51
    23    10     2   119   111    86     4    27    30    39    45
    24     8     4     4    12     9     2    35    48
    25     6     6    54   142    66     3    32    37    42
    26     5     2     0     0     4     1    42
    27     6    10   143   173   166     1    51
    28    10     0     5    10    48     1    47
    29     6     2    41     6    38     1    31
    30     2     0    52     0     5     1    42
    31     6     0     3    10    64     1    50
    32     2     4    40    86    41     1    46
    33     4     8    57    66    65     2    36    37
    34     9     4    99    61   139     1    49
    35     2     4     6     1     0     1    51
    36     3     1   124    25    70     1    41
    37     2     3    50    81    10     1    48
    38     1     9    60    76   143     1    51
    39     3    10   143   173   166     1    48
    40     9     7    72   163   106     5    41    42    43    45    47
    41     1     5    22   107    17     1    42
    42     5     0   117   114    68     1    46
    43     2    10    19    76    26     1    46
    44    10     9    19    59   102     1    48
    45     7     6    61   142   140     3    46    47    50
    46    10     7   118   151    94     1    48
    47     6     0     9     4    13     2    48    49
    48     7     8    44   112    31     2    49    50
    49     3     0    12    45    56     1    51
    50     7     4    12    45    98     1    51
    51     0     0     0     0     0     0
--------------------------------------------------------------------------------
INFORMATION OF PROJECT 4:
#jobs  release  duedate
    52     0   168
#local resources
     2
R_L1   R_L2   
   173   170
jobnr.  dur.  r_G1  r_G2  r_L1  r_L2  #succ.  successors
     0     0     0     0     0     0     6     1     8    20    22    23    34
     1     4    12   143   173   170     2     2    44
     2     8    12   143   173   170     1     3
     3     7    12   143   173   170     3     4    26    27
     4     7    12   143   173   170     3     5    26    39
     5     4    12   143   173   170     2     6    32
     6     5     2   125    25    70     2     7    33
     7     2    12   143   173   170     2     9    30
     8     8    10    18   148   100     6     9    16    26    38    40    41
     9     8    12   143   173   170     4    10    19    29    43
    10     9     7    42    66    86     4    11    26    28    30
    11    10     9    19    62    44     3    12    21    25
    12     5     2    16    12    20     2    13    46
    13     1     8    10    58    32     2    14    18
    14     1     1     6    10    67     1    15
    15    10     4    87    31    16     1    17
    16    10     3    56   142   101     1    51
    17     8     0    19     0     9     1    51
    18    10     4    47     1     0     1    51
    19     2     0    57    85    58     1    42
    20    10     4   101    87    84     3    33    38    39
    21     6     3    27    65    96     2    24    46
    22    10     7   112   128    63     1    51
    23    10     2   119   111    17     4    27    30    39    45
    24     8     4     4    12     9     2    35    48
    25     6     6    55   142    67     3    32    37    42
    26     4     2     0     0     4     1    49
    27     1    10   143   173   166     1    51
    28    10     0     5    10    61     1    47
    29     6     2    41     6    38     1    31
    30     2     2    55   139    81     1    42
    31     5     0     3     4    64     1    50
    32     2     4    40    86    41     1    46
    33     5     8    63    76    39     2    36    37
    34     9     4    99    61   139     1    49
    35     2     4     6     1     0     1    51
    36     3     1   124    25    70     1    41
    37     2     3    50    81    10     1    48
    38     1     9    74    88   144     1    48
    39    10    10   143   173   166     1    51
    40     8     8    77   163   106     4    41    42    43    47
    41     1     5    40   107    22     1    42
    42     5     3   117   114    68     1    46
    43     2    10    19    76    26     1    46
    44    10     9    26    59   102     1    48
    45     7     6    68   160   144     1    46
    46    10     7   118   151    94     1    48
    47     6     0     9     4    13     2    48    49
    48     8     4    44   112    31     2    49    50
    49     3     0    12    45    56     1    51
    50     7     4    12    45    98     1    51
    51     0     0     0     0     0     0
--------------------------------------------------------------------------------
INFORMATION OF PROJECT 5:
#jobs  release  duedate
    52     0   146
#local resources
     2
R_L1   R_L2   
   173   143
jobnr.  dur.  r_G1  r_G2  r_L1  r_L2  #succ.  successors
     0     0     0     0     0     0    10     1     8    16    19    22    23    29    34    44    45
     1     7   170    12   173   143     1     2
     2     1   170    12   173   143     1     3
     3     6   170    12   173   143     3     4    20    32
     4     7   170    12   173   143     1     5
     5     4   170    12   173   143     3     6    32    35
     6     3    66     0    13   125     1     7
     7     5   170    12   173   143     4     9    30    36    38
     8     5   100    12   148    18     6     9    30    38    39    40    41
     9     9   170    12   173   143     3    10    26    28
    10     5    60    12    62    48     2    11    25
    11     2    60    11    53    19     5    12    21    30    35    42
    12     2    16     2    11     6     1    13
    13     1    56     8    59    16     2    14    18
    14     3    35     1     2    18     2    15    48
    15     7    11     4    31    87     1    17
    16     1    14     1   120    63     2    27    47
    17     9     9     0     0     5     1    51
    18     9     0     3     6    36     1    51
    19     3   161     2   147    67     1    51
    20     3    90     7   128   112     1    51
    21     6    72     0    74    50     3    24    26    46
    22     7    63    10   128   115     1    51
    23    10   110     0   111    95     4    27    33    37    40
    24     1     9     5    12     4     1    51
    25     4   135     7   142    56     3    35    37    42
    26     8     4     1     0     0     1    47
    27     4   166    11   173   143     1    51
    28     7    40     0    10    19     1    32
    29     1    65     0     6    51     2    31    42
    30     9     7     3     0     3     1    51
    31     8    51     0     0    22     1    51
    32     2    41     4    76    46     1    46
    33     5    24     7    53    57     1    36
    34    10   119     6   142   104     1    49
    35     2     0     6    20    35     1    38
    36     3    70     0    25   124     1    41
    37     2    71     5     4    26     1    51
    38     1     6     6    12    21     1    47
    39    10   166    11   173   143     1    51
    40     4   104    12   160    18     2    41    43
    41     1    82     5    24    39     1    42
    42     8    64     0   114   121     1    46
    43     1    40     9    53    69     1    51
    44    10   102    10    59    18     1    47
    45     8   159     3   142    56     2    48    49
    46     9    95     4   150   117     1    47
    47     3    39     5   142    34     2    48    49
    48     9    39     6    31    34     1    50
    49     3    32     4    45    20     1    51
    50     7    98     2    45    20     1    51
    51     0     0     0     0     0     0
--------------------------------------------------------------------------------
INFORMATION OF PROJECT 6:
#jobs  release  duedate
    52     0   140
#local resources
     2
R_L1   R_L2   
    14    11
jobnr.  dur.  r_G1  r_G2  r_L1  r_L2  #succ.  successors
     0     0     0     0     0     0    10     1    11    16    18    26    29    31    36    39    42
     1     5    14   112    14    11     7     2    14    19    38    40    41    43
     2     7    11   100    14     6     3     3    20    22
     3     9    11    77    11     6     1     4
     4     2    11   109    14    11     2     5    35
     5     2     7    47     4     3     4     6    32    33    34
     6     9     2     9     0     0     2     7    30
     7     6     4    18     5     0     1     8
     8     5     0    39     1     8     3     9    25    28
     9     5     4    47    10     1     1    10
    10     3     3    18     0     0     3    12    14    23
    11     6    13   103    10     3     2    27    37
    12     6     5    42     3     5     2    13    35
    13     1     7     2     0     0     2    15    33
    14     4     0    13    11     1     1    51
    15     7     4     2     0     3     2    17    24
    16     9     3   103     9    11     1    17
    17    10     3    13     6     1     1    21
    18     9    11    50     7     0     1    48
    19     2     3   100    14    11     1    51
    20    10    12    63     3     5     1    51
    21     3     0    22     1     6     1    51
    22     1     0    29     5     8     1    51
    23     5     4     2     0     0     1    51
    24     6     0     0     4     3     1    51
    25     7     4     0     3     0     1    51
    26     7     0     9     0     5     1    51
    27     3     3     3     0     0     1    51
    28    10     1     0     0     3     1    48
    29     6     8    94     7     8     2    45    46
    30    10     8    25     5     0     1    51
    31     5     9    71    10     6     1    51
    32     9     9    30     1     4     1    51
    33     9     2     0     1     6     1    51
    34     2     1    44     3     4     3    43    47    49
    35     3     1    48    13     7     1    46
    36     8     0    79    10     7     1    51
    37     4     0    41    10     7     1    51
    38     6     3    62     0     2     1    46
    39     9    12    71     7     2     1    43
    40     1     7    32    10     4     3    44    47    50
    41     9     9    94     7     8     1    46
    42    10     6    38    10     0     2    43    47
    43     3     3     0     2     0     1    48
    44     9     0    84     9    11     1    51
    45     3     0    70     9     4     3    47    49    50
    46     3    12    28     4     0     2    48    49
    47     6     0    45     8     3     1    48
    48     4     2    49     5     3     1    51
    49     3     0    32     3     5     1    51
    50     5     0    32     3     5     1    51
    51     0     0     0     0     0     0
--------------------------------------------------------------------------------
INFORMATION OF PROJECT 7:
#jobs  release  duedate
    52     0   152
#local resources
     2
R_L1   R_L2   
   173    12
jobnr.  dur.  r_G1  r_G2  r_L1  r_L2  #succ.  successors
     0     0     0     0     0     0     7     1     8    20    22    23    34    44
     1     4   170   143   173    12     1     2
     2     6   170   143   173    12     1     3
     3     3   170   143   173    12     2     4    16
     4    10   170   143   173    12     2     5    26
     5     6   170   143   173    12     2     6    45
     6     4    36   124    25     2     1     7
     7     2   170   143   173    12     1     9
     8     9   134    19   148    10     5     9    16    31    38    40
     9     6   170   143   173    12     4    10    19    29    43
    10     9    86    45    66     7     4    11    26    28    30
    11     9    42    19    62    10     3    12    21    25
    12     5    20    16    12     2     2    13    46
    13     1    33    10    58     9     2    14    18
    14     2    67     6    17     1     2    15    48
    15    10    16    87    31     4     1    17
    16     5   103    56   142     6     1    49
    17    10     9    19     0     0     1    51
    18    10     0    47     1     4     1    51
    19     2    58    18    85     0     2    37    42
    20    10    84    98   107     4     3    33    38    39
    21     6    96    29    65     3     3    24    37    46
    22    10    63   112   128     7     1    51
    23    10    86   119   111     2     5    27    32    39    42    45
    24     8     9     4    12     4     2    35    48
    25     6    71    55   142     6     3    32    37    42
    26     2    18     0     0     4     1    51
    27     1   170   143   173    12     1    51
    28    10     2     5    10     0     1    47
    29     6    38    41     8     2     1    31
    30     2    33    56   142     7     1    49
    31     8    64     3     4     0     1    50
    32     2    22    62    87     3     1    46
    33     5    65    65    76     8     2    36    37
    34     9   139    99    61     7     1    49
    35     2    37     6     1     4     1    51
    36     3    71   124    88     2     1    41
    37     2    10    50    81     3     1    51
    38     1   150    74    92     4     1    48
    39     1   170   143   173    12     1    51
    40     9   106    77   163     8     3    41    42    43
    41     1    24    40   107     5     1    42
    42     5    71   117   114     3     1    46
    43     2    33    19    76    10     1    46
    44    10    26    26    59     9     1    48
    45     7   109    56   142     6     1    46
    46    10    97   118   151     8     1    48
    47     7    32     9     4     0     1    48
    48     8    31    44   112     4     2    49    50
    49     2    56    12    45     0     1    51
    50     7    98    12    45     0     1    51
    51     0     0     0     0     0     0
--------------------------------------------------------------------------------
INFORMATION OF PROJECT 8:
#jobs  release  duedate
    52     0   140
#local resources
     2
R_L1   R_L2   
    18   151
jobnr.  dur.  r_G1  r_G2  r_L1  r_L2  #succ.  successors
     0     0     0     0     0     0    10     1     3     6    12    14    24    25    34    40    49
     1     3   119   115    18   151     3     2    18    43
     2     5   110   110    16   145     3     4    21    26
     3     1    45    51    16    12     6     4    22    23    38    42    48
     4     1    60    73     8    91     1     5
     5     8   110   114    18   145     2     7    41
     6    10   110   110    16   145     4     8    18    29    48
     7     2   119   115    18   151     1     8
     8     3    28    16    11    59     1     9
     9     1    59    52    10    41     2    10    35
    10     9    28    16    11    59     2    11    37
    11    10   108    90    12    68     3    13    31    32
    12    10    91    99     7    92     9    13    16    17    22    23    29    31    41    43
    13     1    92    82     9   124     2    15    28
    14     1     9     1     0     6     3    17    22    33
    15     4    45    47    14    12     1    17
    16     1    75    63    13    68     1    17
    17     4    94    81    13   105     1    19
    18     4    51    62     7   104     1    51
    19     8    11    49    12    18     5    20    27    30    44    45
    20     5    12    21     3     7     1    50
    21     4   107    90     6   143     1    47
    22     9     9     5     2     6     1    47
    23     8    92    89    13   137     6    26    27    28    30    31    46
    24     7    75    84    13   117     1    26
    25    10    65    63     2   133     1    51
    26     2    35    23    13     6     1    39
    27     5    11    31     5    28     2    36    46
    28     8    35    30     2    16     3    30    33    43
    29    10    84    55    12    28     1    30
    30     3    36    47    11    18     1    43
    31     4    10    32     9    21     1    51
    32     1    48    47     4    88     1    51
    33     3    12    29     1    12     3    36    42    45
    34     3    50    37     8    54     1    51
    35     9    11    25     2    83     4    36    41    46    50
    36     2    69    61     8    81     1    51
    37     4    41    42    10    50     1    51
    38     2   107    83     9    93     1    47
    39     8   107    86    14   117     2    45    48
    40     6    96    37     3    81     3    41    43    48
    41     2    27    23     4    14     1    51
    42     5    16    15     3    40     4    44    46    47    50
    43     2    42    42     1    53     1    51
    44     9     1    20     1    34     1    51
    45     9     2    20    10     2     1    46
    46     1     2     9     0    36     1    51
    47     2     0     1     1     0     1    51
    48     2     2    16     6    52     1    50
    49     9    83    49     3   110     1    50
    50     6    12    26     4    27     1    51
    51     0     0     0     0     0     0
--------------------------------------------------------------------------------
TRANSFER TIMES OF GLOBAL RESOURCE G1
 DEPOT    P1    P2    P3    P4    P5    P6    P7    P8
     0    21    20    15    23    23    14    13    22
    21     0    40    10     5    36    35    11    20
    20    40     0    33    42    20     8    31    35
    15    10    33     0    14    27    28     2    13
    23     5    42    14     0    40    36    15    24
    23    36    20    27    40     0    22    26    22
    14    35     8    28    36    22     0    27    33
    13    11    31     2    15    26    27     0    13
    22    20    35    13    24    22    33    13     0
--------------------------------------------------------------------------------
TRANSFER TIMES OF GLOBAL RESOURCE G2
 DEPOT    P1    P2    P3    P4    P5    P6    P7    P8
     0    15    17    24    23     7    26    25    13
    15     0    25    39    23    10    24    24    27
    17    25     0    22    13    22    17    41    16
    24    39    22     0    34    30    38    44    12
    23    23    13    34     0    25     4    44    27
     7    10    22    30    25     0    28    20    19
    26    24    17    38     4    28     0    46    31
    25    24    41    44    44    20    46     0    34
    13    27    16    12    27    19    31    34     0
--------------------------------------------------------------------------------
Additional Information: 
global resource strength = 0.5
transfer time factor = 0.5
adapted from RCPSP instances: 
[sD357, sD278, sD377, sD383, sD298, sD181, sD390, sD304]
