--------------------------------------------------------------------------------
PORTFOLIO INFORMATION:
#projects
     8
#global resources
     2
R_G1   R_G2   
   270   286
--------------------------------------------------------------------------------
INFORMATION OF PROJECT 1:
#jobs  release  duedate
    52     0   117
#local resources
     2
R_L1   R_L2   
   162    14
jobnr.  dur.  r_G1  r_G2  r_L1  r_L2  #succ.  successors
     0     0     0     0     0     0     7     1    11    36    42    45    48    49
     1     3    14    10   162    14     7     2    19    37    38    40    41    43
     2     3    10     6   159    14     2     3    39
     3    10     6     1   148     9     1     4
     4     3    14    10   162    14     2     5    35
     5     1     6     6    38     4     5     6    18    32    33    34
     6     4     2     0    28     1     5     7    20    29    30    31
     7    10    10     4   145     9     3     8    14    38
     8     4     6    10    38     4     5     9    16    25    28    44
     9     5     4     2    29     6     3    10    16    26
    10     3     4     0     0     2     1    12
    11     8     4     0    20    10     5    21    22    23    27    38
    12     5     6     7    38     1     1    13
    13     4    10     8    82    11     3    15    19    30
    14     3    11     3    32     2     1    51
    15     3     2     3     6     9     2    17    27
    16     2     0    10    24     0     3    24    28    47
    17     4     3     7    14     6     2    21    39
    18     5    11     3   148     7     2    20    21
    19     5     0     0    10    12     1    43
    20     4     4     0    11     0     1    51
    21     9     0     6    19     0     1    51
    22     8     4     4     3     0     1    51
    23     6     4     2    80     0     1    51
    24     1     0     3     9     5     1    51
    25    10     4     0    23     3     1    51
    26     2     5     2     9     0     1    46
    27     4     3     0     3     0     1    50
    28     7     8     2    19     0     2    39    50
    29     2     8     4    61     2     1    51
    30     8     8     0    14     1     1    33
    31     1     4     4   133     1     1    51
    32     4     8     4   128     6     1    51
    33     9     2     0     0     4     1    51
    34     4     0     6     6     3     1    38
    35     6    11     7   141     2     3    37    39    46
    36     9     0     7   130    10     2    43    46
    37     4     0     5    18    10     1    51
    38     3     3     4     0     0     1    51
    39     5    10     6   151    12     1    51
    40     6    14     1   143     4     2    43    50
    41     3    10     7    82     6     1    51
    42    10     6     0   124    10     1    51
    43     3     3     2     0     2     1    51
    44     7     1    10   137     9     1    51
    45     3     0     0    11     0     1    46
    46     6     8     0    22     0     1    51
    47     7     0     5    18     9     1    51
    48     6     8     3    14     5     1    50
    49     6     2     5     3     5     1    50
    50     1    10     6   139     9     1    51
    51     0     0     0     0     0     0
--------------------------------------------------------------------------------
INFORMATION OF PROJECT 2:
#jobs  release  duedate
    52     0   178
#local resources
     2
R_L1   R_L2   
    18   120
jobnr.  dur.  r_G1  r_G2  r_L1  r_L2  #succ.  successors
     0     0     0     0     0     0    10     1    11    14    18    29    32    36    37    44    46
     1     2    12    38    18   120     4     2    19    40    41
     2     7    12    38    18   120     2     3    39
     3     7    12    38    18   120     1     4
     4     9    12    38    18   120     1     5
     5     3     2    19    11    76     3     6    33    34
     6     3     2    18     6    72     2     7    31
     7     8    12    38    18   120     2     8    31
     8    10    12    38    18   120     3     9    16    25
     9     4    12    38    18   120     4    10    20    26    47
    10     1     0     2     5     9     2    12    23
    11    10    10    19     7    30     5    21    22    23    24    27
    12     8    12    38    18   120     3    13    22    42
    13     4     6     4     8     3     4    15    27    28    30
    14    10     0    28    10   108     1    38
    15     1    10    28    12    33     2    17    38
    16     3     0    11    11    45     3    28    41    45
    17     3    11    24    12    57     5    21    33    41    43    48
    18     1     7    32    13   111     5    21    23    33    41    49
    19    10     7    28     6   111     2    31    40
    20     2     4    18    10    20     1    51
    21    10     1     6     6    33     1    51
    22    10     0     8     0    54     1    51
    23     7     3     5    12     7     1    51
    24     5     6    33     6   111     1    45
    25     7     9    18    10    24     1    51
    26     5     7    24    12    57     2    33    41
    27     1    11     0     1     3     1    40
    28     1    12    38    18   120     2    35    40
    29     8     1    30    13   104     1    51
    30     1     0    10     6     7     1    51
    31     1     0    17     8    90     2    35    43
    32     4     5    20    12    48     2    40    41
    33     9     6     2     4    20     1    51
    34     2     3    27     8    33     1    45
    35    10     1     9     5    63     1    51
    36     4     9    18     1    21     2    45    47
    37    10    10    14     6    44     1    47
    38     4     6    11    10    57     1    41
    39    10     6    19     8    29     3    41    42    43
    40     7     2    12    11    45     1    43
    41     1     0    19     6    97     1    51
    42     4     7    32    12    87     3    45    49    50
    43     7     9    10     6     3     1    51
    44    10     5    26     6    67     3    45    48    50
    45     7     1     6     0     9     1    51
    46    10    10    14     6    44     1    50
    47     8     6    17     0    21     1    48
    48     4     5     3     0     4     1    51
    49     6     8     8     0    16     1    51
    50     4     2    10     6    87     1    51
    51     0     0     0     0     0     0
--------------------------------------------------------------------------------
INFORMATION OF PROJECT 3:
#jobs  release  duedate
    52     0   121
#local resources
     2
R_L1   R_L2   
    14    33
jobnr.  dur.  r_G1  r_G2  r_L1  r_L2  #succ.  successors
     0     0     0     0     0     0     8     1     4     5    12    22    25    35    48
     1     2     2    13     4     7     7     2    10    24    40    42    46    47
     2     2    12    12     1    20     5     3    11    20    37    47
     3    10     7     4    10    21     4     6    16    33    34
     4     2     8    10     0    29     4     9    17    41    43
     5    10     1     4     7     4     7     7    13    20    29    33    36    41
     6     4     6    10    10    12     4     9    29    30    44
     7     9     8     9     8    14     6     8    14    30    31    36    38
     8     7     3     0    10    11     7    18    28    29    31    32    33    43
     9     1     5     1     1     9     3    13    28    31
    10     4     1     0     0     3     5    11    15    19    30    31
    11     2     5     0     3     0     2    18    27
    12     4     1     0     9    10     7    18    26    27    32    43    44    47
    13     2     1     2     9    15     2    15    43
    14     9     6     0     0     8     5    20    28    32    33    44
    15     8     0     4     2     0     2    18    23
    16     4     6    19     7     4     1    51
    17     6     0     4     8    17     4    21    27    33    34
    18     3     0     0     8     9     3    19    21    39
    19     5     8     2     4    20     2    26    41
    20     5     0    10     0     3     1    51
    21     5     1    11     6     5     1    51
    22     8     3     7     1    32     1    51
    23     1     5     8     2     0     1    39
    24     2     0     0     3     6     2    32    33
    25     5     4     0     9    18     1    42
    26    10     0     8     3    20     1    51
    27     3     6     6     0     0     1    51
    28     6     9     9     7     7     1    51
    29     1     9    10    11     1     1    32
    30     9     1     0     0    14     1    49
    31    10     0     8     1     0     2    32    39
    32     2     1     2    10    19     1    38
    33    10     5     0     0     0     1    45
    34     9     3     8    12    33     1    44
    35     6     2    11     8    22     1    39
    36     9     0     8     8     3     1    51
    37     4    12     0     8     7     1    45
    38     8     0     0     4    11     2    45    49
    39     3    10     1     3     6     1    51
    40     2     5    10     0     4     3    43    44    45
    41    10     7     0     4     0     1    51
    42     2     0     2     4     0     2    45    47
    43     2     0    14     6    12     3    44    49    50
    44     4     8     0     7    11     2    45    49
    45     2     1     2    10     1     2    49    50
    46     2     6     0    10    19     1    51
    47     6     1     6     0     4     1    51
    48     4     6     9     8     4     1    49
    49    10     0     9     2     1     1    51
    50    10     8     6     0    10     1    51
    51     0     0     0     0     0     0
--------------------------------------------------------------------------------
INFORMATION OF PROJECT 4:
#jobs  release  duedate
    52     0   109
#local resources
     2
R_L1   R_L2   
    16    19
jobnr.  dur.  r_G1  r_G2  r_L1  r_L2  #succ.  successors
     0     0     0     0     0     0    11     1     2     3     4     7     8    10    17    19    25    30
     1     5     2     7     5    14     9     5    12    14    20    21    24    44    46    49
     2    10     5     6     2     6    12    11    14    15    20    21    23    29    42    43    44    45    48
     3     9     0     5    10     5     6     9    23    24    42    43    44
     4     8     3     0     6     3     8    11    21    23    29    42    43    45    46
     5     2     4     0     1     8     2     6    43
     6     6     4     6     1     9     2     9    23
     7     5     1     0     1     0     7    14    18    20    37    38    42    44
     8     6     5     9     1     5     6    13    16    21    29    41    47
     9     6     4    11    11    16     4    11    22    29    47
    10     8    10     0     4     2     4    13    14    16    45
    11     6     4     6     0     4     5    13    28    40    41    47
    12     4     5     0    11     4     6    29    34    35    39    42    47
    13     8    10     0     5    10     7    18    34    35    37    38    39    49
    14    10     0    10     0     1     3    16    35    36
    15     4     3     1     0     1     6    26    32    33    35    36    37
    16    10     2     5     0     0     4    22    27    28    37
    17    10     1     7    10    10     4    31    33    40    42
    18     9     1    10     0     3     3    26    32    36
    19     7     9     9     0     0     4    32    33    34    42
    20     9     1     0     2     0     3    27    34    47
    21     2     2    10     4    18     3    27    33    39
    22     2    10     7     0     0     3    27    31    34
    23     2     0     6     2    15     2    43    49
    24     8     4     0     2     0     2    32    35
    25     4     0     8     6     0     2    31    44
    26     7     0     0    10     6     1    27
    27     7     5     0     5     6     1    31
    28     3     0     3     0     3     1    33
    29     3     1     0     0     2     1    51
    30     9     2     6     0     0     1    51
    31     8     0     0    10    12     1    51
    32     6    13     0     9     0     1    43
    33     8     2     0     8     0     1    51
    34     6     0     1     3     0     1    51
    35     9     0     0     7     6     1    46
    36     9     8     6     0     0     1    50
    37     9     7     0     3     0     1    48
    38     7    12     8    10     4     1    51
    39     3     8     1     4     8     1    51
    40     5     4     6     0     2     1    46
    41     3     5     0     9     0     2    46    48
    42     1     0     3    10     6     1    51
    43     2     0     3     6     7     1    51
    44     6     5     7     0     4     2    47    50
    45     8     1     0     5     2     1    51
    46     4     0     0     5     1     1    51
    47    10     0     0     5     3     1    50
    48     4     6     0     0     3     1    50
    49     2     0     1     7     2     1    50
    50    10     2     0     4    10     1    51
    51     0     0     0     0     0     0
--------------------------------------------------------------------------------
INFORMATION OF PROJECT 5:
#jobs  release  duedate
    52     0   138
#local resources
     2
R_L1   R_L2   
    14    14
jobnr.  dur.  r_G1  r_G2  r_L1  r_L2  #succ.  successors
     0     0     0     0     0     0    10     1    16    20    26    28    29    31    41    42    44
     1     6   112    13    14    14     7     2    11    14    19    36    38    40
     2     5   103     8    14    14     5     3    22    36    39    49
     3     8   103     8    13    11     1     4
     4     5   112    13    14    14     1     5
     5     2    66     8    13    11     5     6    18    32    34    38
     6     9     9     0     2     1     2     7    30
     7     6    18     0     5     5     2     8    34
     8     4    35     8     1     4     2     9    25
     9     5    48     6     6    11     1    10
    10     3    12     4     4     1     3    12    14    23
    11     6    77     4    13    10     2    27    37
    12     6    41     7     5     3     2    13    35
    13     2    24     1     4     1     3    15    33    48
    14     2    18     9     0     9     1    19
    15     6     0     3     1     5     3    17    24    27
    16     7   103     9     2     8     2    17    45
    17    10    32     0     3     6     1    21
    18     9    50     2    11     7     1    48
    19     5   109    11    10    14     1    22
    20    10    64     7    12     1     1    51
    21     3    22     6     0     1     1    51
    22     1    32     8     0     6     1    51
    23    10     2     0     6     0     1    51
    24     6     9     2     0     4     1    47
    25     5     0     0     4     3     2    34    50
    26     9     9     5     0     0     1    51
    27     8     3     0     3     0     1    51
    28    10     0     2     1     0     1    51
    29     8    94     7     5     7     2    38    48
    30    10    25     0     8     5     1    33
    31     5    81     7    11     7     1    43
    32     9    30     4     9     1     1    51
    33     1     0     0     2     3     1    51
    34     3     6     0     0     3     2    43    47
    35     4    12     7     1     4     1    46
    36     7    79     7     1    13     1    51
    37     4    48     8     0    10     1    48
    38     7    62     2     3     0     1    51
    39     8    72     1    12     5     1    43
    40     1    46     5     0     1     1    48
    41    10    57     7     9     7     1    46
    42     9    32     6     6    10     1    46
    43     6     2     3     3     3     1    48
    44     9    80    10     0     9     1    51
    45     4    70     4     0     9     3    46    47    50
    46     3    51     4    12     4     2    48    50
    47     6    45     6     0     8     1    51
    48     4    48     2     0     5     1    51
    49    10     0     4     0     3     1    51
    50     2    22     5     0     3     1    51
    51     0     0     0     0     0     0
--------------------------------------------------------------------------------
INFORMATION OF PROJECT 6:
#jobs  release  duedate
    52     0   114
#local resources
     2
R_L1   R_L2   
    14    22
jobnr.  dur.  r_G1  r_G2  r_L1  r_L2  #succ.  successors
     0     0     0     0     0     0    11     1     4     5    10    12    17    22    23    25    35    48
     1     2     1     6     4    13     6     2    24    40    42    46    47
     2     2    12    20     1    10     4     3    11    37    47
     3    10     7    21    10     4     4     6    16    33    34
     4     2     6    16     0    10     3     9    40    41
     5     8     1     6     7     4     8     7    13    20    27    29    33    36    41
     6     4     6    11    10     8     5     9    11    29    30    44
     7     9     8    15     8     9     7     8    14    20    30    31    36    38
     8     2     3    16    10     0     6    18    28    31    32    33    43
     9     1     5     9     4     1     3    13    28    31
    10     2     1     7     0     0     5    11    13    19    27    30
    11     2     5     0     3     5     2    18    27
    12     4     0    10     9     0     6    26    27    32    43    44    47
    13     2     1    15     9     2     2    15    43
    14     9     6     8     0     0     4    20    32    33    44
    15     9     0     5     2     4     1    18
    16     4     6     0     7     0     1    51
    17     4     1    17     8     4     3    27    33    34
    18     3     0     9     8     6     3    19    21    39
    19     5     8    23     4     2     2    26    41
    20     1     0     3     0    10     1    51
    21     5     2     5     6    11     1    51
    22     9     3    31     1     0     1    39
    23     6     5     0     0     8     1    51
    24     7     0     6     3     0     1    51
    25     5     4    18     9     0     1    42
    26     9     0    13     3     8     1    51
    27    10     4     0     0     6     1    51
    28     6     9     7     7     9     1    51
    29     1     2     0    11     0     1    32
    30     2     1    14     0     7     1    51
    31     5     3     0     1     8     2    39    43
    32     2     0    18    10     8     1    38
    33     2     5     3     0     0     1    45
    34     7     3     6    13     8     1    43
    35     9     2    22     8    11     1    39
    36     6     0     3     8     8     1    51
    37     4    12     7     8     6     1    45
    38     8     9    11     4     4     2    45    49
    39     3    10     6     3     1     1    51
    40     6     1     4     0    10     3    43    44    45
    41    10     7     0     4     0     1    51
    42     2     0     0     4     2     1    45
    43     2     0     4     6    14     2    49    50
    44     4     8    11     7     0     2    45    49
    45     2     1     1     9     8     2    49    50
    46     2     6     3    10    10     1    51
    47     9     1     4     0     6     1    51
    48     8     6     8     8     9     1    50
    49    10     0     1     2     9     1    51
    50    10     8     9     0     6     1    51
    51     0     0     0     0     0     0
--------------------------------------------------------------------------------
INFORMATION OF PROJECT 7:
#jobs  release  duedate
    52     0   138
#local resources
     2
R_L1   R_L2   
   119   115
jobnr.  dur.  r_G1  r_G2  r_L1  r_L2  #succ.  successors
     0     0     0     0     0     0    11     1     3     6    12    14    24    25    34    38    40    49
     1     1    18   151   119   115     2     2    18
     2     1    16   145   110   110     2     4    21
     3     1    16    18    54    52     3     4    16    23
     4     1     8    91    69    73     2     5    26
     5     3    18   145   110   114     1     7
     6     4    16   145   110   110     3     8    18    29
     7    10    18   151   119   115     1     8
     8     5    11    59    28    16     1     9
     9     1    10    41    59    52     2    10    35
    10     9    11    59    28    16     2    11    37
    11    10    16    79   108    90     3    13    31    32
    12    10     7    92    91    99     9    13    16    17    22    23    29    31    41    43
    13     1     9   124    99    82     2    15    28
    14     1     0     6     9     1     3    17    22    33
    15     4    14    12    45    47     2    17    48
    16     1    13    73    75    80     3    17    32    47
    17     4    13   105    94    81     1    19
    18     6     7   104    51    62     1    51
    19     8    12    18    11    49     5    20    27    30    44    45
    20     5     3     7    12    21     1    50
    21     8     8    78   107    90     1    51
    22     8     2     6     9     5     1    47
    23     7    13   137    98    89     4    27    28    30    31
    24     8    13   117    75    84     1    26
    25    10     2   133    65    63     1    51
    26     2    13    11    36    25     1    39
    27     4     5    28    11    31     1    36
    28     8     2    18    35    30     2    30    33
    29     9    12    39    84    55     1    51
    30     2    11    18    36    52     1    43
    31     4     9    21    11    32     1    51
    32     1     4    89    54    48     1    51
    33     2     1    12    12    29     2    42    45
    34     3     8    54    41    37     1    51
    35     9     2    72    11    25     4    36    41    46    47
    36     2     8    83    69    61     1    51
    37     4    10    50    50    42     1    51
    38     8     9   111    97    83     1    51
    39     6    15   117   107    86     2    45    48
    40     2     3   107    96    37     2    46    48
    41     2     4    14    20    23     1    51
    42     5     3    40    16    15     4    44    46    47    50
    43     2     1    55    53    42     1    51
    44     9     1    34     3    19     1    51
    45    10    10     4    11     2     1    46
    46     1    13    89    54    44     1    51
    47     2     2     1     3    29     1    51
    48     2     6    67     3    18     1    50
    49    10     5   110    83    49     1    50
    50     8     4    28    13    26     1    51
    51     0     0     0     0     0     0
--------------------------------------------------------------------------------
INFORMATION OF PROJECT 8:
#jobs  release  duedate
    52     0   150
#local resources
     2
R_L1   R_L2   
   173    12
jobnr.  dur.  r_G1  r_G2  r_L1  r_L2  #succ.  successors
     0     0     0     0     0     0     7     1     8    20    22    23    34    44
     1     6   170   143   173    12     1     2
     2     6   170   143   173    12     1     3
     3     4   170   143   173    12     2     4    26
     4     2   170   143   173    12     2     5    26
     5     1   170   143   173    12     2     6    32
     6     5    70   125    25     2     1     7
     7     2   170   143   173    12     1     9
     8     8   100    18   148    10     7     9    16    26    31    38    40    41
     9     6   170   143   173    12     4    10    19    29    43
    10     9    86    42    66     7     4    11    26    28    30
    11    10    44    19    62     9     3    12    21    25
    12     5    20    16    12     2     2    13    46
    13     1    32    10    58     8     2    14    18
    14     2    67     6    10     1     2    15    48
    15    10    16    87    31     4     1    17
    16    10   101    56   142     3     1    49
    17    10     9    19     0     0     1    51
    18    10     0    47     1     4     1    51
    19     2    58    18    85     0     3    25    37    42
    20    10    84   101   107     4     3    33    38    39
    21     6    96    27    65     3     2    24    46
    22    10    63   112   128     7     1    51
    23    10    84   119   111     2     4    27    30    39    45
    24     8     9     4    12     4     2    35    48
    25     6    67    55   142     6     3    32    37    42
    26     5     4     0     0     2     1    51
    27     1   166   143   173    10     1    51
    28    10    61     5    10     0     1    47
    29     6    38    41     6     2     1    31
    30     2    17    56   141     7     1    42
    31     5    64     3     4     0     1    50
    32     2    41    62    87     4     1    46
    33     5    65    65    76     8     2    36    37
    34    10   139    99    61     4     1    49
    35     2     0     6     1     4     1    51
    36     3    70   124    25     1     1    41
    37     2    10    50    81     3     1    48
    38     1   144    74    88     9     1    48
    39     5   166   143   173    10     1    51
    40     6   106    77   163     8     3    41    42    43
    41     1    22    40   107     5     1    42
    42     5    68   117   114     3     1    46
    43     2    26    19    76    10     1    46
    44    10   102    26    59     9     1    48
    45     7   139    56   142     6     1    46
    46    10    94   118   151     7     1    48
    47     6    13     9     4     0     1    48
    48     8    31    44   112     4     2    49    50
    49     3    56    12    45     0     1    51
    50     7    98    12    45     4     1    51
    51     0     0     0     0     0     0
--------------------------------------------------------------------------------
TRANSFER TIMES OF GLOBAL RESOURCE G1
 DEPOT    P1    P2    P3    P4    P5    P6    P7    P8
     0    12     5    14    10     5    12     2     6
    12     0    14    19     6     7    17    10     8
     5    14     0    10    14     8     8     5    10
    14    19    10     0    21    15     3    14    18
    10     6    14    21     0     7    19     9     5
     5     7     8    15     7     0    12     3     4
    12    17     8     3    19    12     0    12    16
     2    10     5    14     9     3    12     0     5
     6     8    10    18     5     4    16     5     0
--------------------------------------------------------------------------------
TRANSFER TIMES OF GLOBAL RESOURCE G2
 DEPOT    P1    P2    P3    P4    P5    P6    P7    P8
     0     5    10     7    11     2     4    12    10
     5     0     8     3     6     7     5    13    14
    10     8     0     9     9    10     6    20    18
     7     3     9     0     4     9     7    12    16
    11     6     9     4     0    13    10    15    20
     2     7    10     9    13     0     5    13     8
     4     5     6     7    10     5     0    15    12
    12    13    20    12    15    13    15     0    15
    10    14    18    16    20     8    12    15     0
--------------------------------------------------------------------------------
Additional Information: 
global resource strength = 0.5
transfer time factor = 0.2
adapted from RCPSP instances: 
[sD178, sD205, sD165, sD127, sD229, sD184, sD325, sD387]
