--------------------------------------------------------------------------------
PORTFOLIO INFORMATION:
#projects
     8
#global resources
     2
R_G1   R_G2   
   312   270
--------------------------------------------------------------------------------
INFORMATION OF PROJECT 1:
#jobs  release  duedate
    52     0    44
#local resources
     2
R_L1   R_L2   
    28    26
jobnr.  dur.  r_G1  r_G2  r_L1  r_L2  #succ.  successors
     0     0     0     0     0     0    14     1     2     4     6     7     8     9    10    14    16    23    34    35    36
     1     7     0     0     6     9     9     3    11    13    15    21    22    24    27    50
     2    10     0     2     4     0     3     5    12    17
     3    10     1     0     0     2    12    17    20    25    26    29    30    32    42    44    46    48    49
     4     2     0     0     2     5    10    18    26    29    32    33    40    42    44    48    49
     5     4     0     7     2     0    13    21    28    30    33    41    42    43    44    46    47    48    49    50
     6    10     6     3     0     0    12    20    29    30    33    42    43    44    45    46    47    48    50
     7     9     0     6     0     2     9    17    26    29    32    42    44    46    48    49
     8     6     0     0     4     3     7    17    28    30    42    44    47    48
     9     1     7     0     0     6     6    19    20    24    30    32    43
    10     2     0     7     0     3     8    25    28    32    37    40    42    43    44
    11     1     9     0     0     4     9    29    30    39    40    41    42    43    44    47
    12    10     8     0     7     0     6    20    25    31    38    43    45
    13     3     0     2     4     0     7    28    37    39    41    42    44    46
    14     1     0     0     8     6     5    25    29    30    40    43
    15     5     8     0     5     0     7    31    37    38    41    42    43    49
    16     2     3     0     0     3     5    21    42    43    44    46
    17     8     0     2     9     0     6    31    37    40    41    43    45
    18     5     0     7    10     0     6    30    38    41    43    46    47
    19     4     1     0     0     6     4    33    40    41    47
    20     3     0     2     0     7     3    37    40    41
    21     5     0     8     3     0     3    37    38    40
    22     7     7     0     0     8     3    37    40    49
    23     5    10     6     0     0     3    38    42    43
    24     1     0     5     3     0     2    29    42
    25    10     2     0     5     0     2    39    41
    26     9     0    10     4     0     2    37    39
    27     5     4     0     4     0     2    38    42
    28     3     2     0     0     1     1    29
    29     1     5     0     1     0     1    38
    30     8     2     4     0     0     1    37
    31     6     0     0     4     6     1    39
    32     6     0     0    10     4     1    45
    33     7    10     1     0     0     1    39
    34     6     0     5     0     4     1    42
    35     5     8     0     0    10     1    42
    36     7     6     0     2     0     1    40
    37     9     0     4     0    10     1    51
    38     8     0     4     0     9     1    51
    39     2     6    10     0     0     1    51
    40     4     2     0     8     0     1    51
    41     5     2     1     0     0     1    51
    42     5     4     0     0     7     1    51
    43     6     0     0     7     9     1    51
    44     7     0     8     0     8     1    51
    45     1     0     0     5     2     1    51
    46     7     0    10     4     0     1    51
    47     4     0     3     8     0     1    51
    48     9     0     8     2     0     1    51
    49    10     0     0     9     6     1    51
    50     6     3     0     0    10     1    51
    51     0     0     0     0     0     0
--------------------------------------------------------------------------------
INFORMATION OF PROJECT 2:
#jobs  release  duedate
    52     0    57
#local resources
     2
R_L1   R_L2   
    22    17
jobnr.  dur.  r_G1  r_G2  r_L1  r_L2  #succ.  successors
     0     0     0     0     0     0    17     1     2     3     5     6     7     8     9    10    13    14    17    18    19    21    22    23
     1     3     0     4     5     0     8     4    30    31    32    33    34    44    47
     2     3     4     0     0     2    13    16    24    25    31    33    39    41    42    43    44    45    46    47
     3     1     7     0     7     0     7    12    15    32    33    34    39    45
     4     5     5     0     0     1     6    11    35    40    41    43    46
     5     8     6     0    10     0     9    27    29    30    34    41    42    43    45    47
     6     6     0     8    10     0     7    20    26    36    37    40    44    49
     7     2     0     5     9     0     6    20    30    31    32    36    42
     8     9     0     0     2     9     9    30    31    32    36    41    43    44    46    48
     9     6     0     6     2     0     6    20    26    36    43    44    49
    10     4     6     0     1     0     8    25    30    31    36    38    39    41    42
    11    10     7     0    10     0     8    29    36    37    39    42    45    48    50
    12     4     0     0    10     5     7    29    31    35    36    37    41    43
    13     9     8     0     9     0     6    28    29    36    39    42    46
    14    10     4     1     0     0     7    29    35    37    43    44    47    49
    15     8     8     2     0     0     4    29    30    36    44
    16     5     7     0    10     0     4    29    30    35    36
    17     6     9     0     0     1     3    24    30    41
    18     9     7     0     0     5     3    25    36    39
    19    10     0     0     6     3     4    35    36    39    46
    20     5     0     0     6     6     3    29    39    41
    21     3     0     0     9    10     2    25    42
    22     3     5     0     0     9     3    35    36    45
    23     5     8     4     0     0     3    36    43    45
    24     5     0     2     9     0     2    29    37
    25    10     7    10     0     0     2    35    40
    26    10    10     0     0     9     2    35    42
    27     1     0     6     0     8     2    39    40
    28     7     1     0     0     3     2    35    37
    29     9     4     0     0     9     1    38
    30     1     0     7     3     0     1    37
    31     3     0     0     1     1     1    40
    32     2     6     0     0     3     1    35
    33     6     0     0     6     1     1    37
    34     2     1     0     0     8     1    36
    35     3     0    10     2     0     1    51
    36     9     3     2     0     0     1    51
    37     9     4     0     0     4     1    51
    38     9     0     0     2     6     1    51
    39     2     7     0     7     0     1    51
    40     6     0     3     0     4     1    51
    41     2     8     5     0     0     1    51
    42     2     6     0     6     0     1    51
    43     2     0     4     7     0     1    51
    44     2     0     3     9     0     1    51
    45     5     0     2     0     1     1    51
    46     8     0     9     2     0     1    51
    47     3     2     0     4     0     1    51
    48     9     0     2     0    10     1    51
    49     1     6     9     0     0     1    51
    50     9     0     5     4     0     1    51
    51     0     0     0     0     0     0
--------------------------------------------------------------------------------
INFORMATION OF PROJECT 3:
#jobs  release  duedate
    52     0   125
#local resources
     2
R_L1   R_L2   
   119   115
jobnr.  dur.  r_G1  r_G2  r_L1  r_L2  #succ.  successors
     0     0     0     0     0     0     6     1     3    12    18    25    49
     1     1    18   151   119   115     3     2    43    47
     2     2    13   151   107   110     1     4
     3     1     5     0    12     5     1     4
     4     1     6    59    28    16     2     5     6
     5     4    18   151   119   115     2     7    21
     6     3    18   151   119   115     1     9
     7     2    18   151   119   115     1     8
     8     1    11    59    28    16     1     9
     9     2     6    18    54    52     4    10    14    16    35
    10     9    11    59    28    16     4    11    34    37    41
    11     7    14    88    76    86     3    13    37    40
    12    10     7    92    91    99     5    17    21    23    29    41
    13     1     8   124    91    73     2    15    28
    14     6     0     7    11     6     2    19    22
    15     2    14    18    54    52     4    17    22    26    42
    16     1     4     7    16    52     1    51
    17     6    14   111   107    93     3    19    40    44
    18     7     8   124    91    63     2    24    32
    19     8    14    18    22    50     5    20    27    30    45    47
    20     3     5     7    12    16     1    50
    21    10     8   143    99    89     1    51
    22     1     0    31    36    19     2    30    39
    23     7    13   124   103    63     5    24    26    27    28    37
    24     5    13   133    65    86     4    26    33    38    40
    25     9     4   133    65    63     4    30    39    45    50
    26     2    10    36    21    57     2    31    39
    27     1     6    93    45    34     1    36
    28     7     2    18    54    29     1    33
    29    10    11    41    53    57     4    30    32    38    50
    30     3    11    24    37    44     1    43
    31     5    11    41    22    31     1    51
    32     1    12   104    87    84     1    45
    33     2     1    18    12    20     1    42
    34     7    13   109   101    58     1    43
    35     9     0    63    43    29     1    46
    36     5     9    70    22    37     1    51
    37     3    10    27    28    42     1    51
    38     4    12    86    53    50     3    39    43    47
    39     1    14   117   107    89     3    43    45    46
    40     2     7    81    96    53     1    51
    41     7     4    20     5    22     1    44
    42     5     3    40    11    13     1    44
    43     1    15    88    65    84     1    51
    44     9     1    34     2     5     1    47
    45     9    10     7     5    19     1    48
    46     1     2     0    20     2     1    47
    47     4     1    17    25    31     1    51
    48     1     3    41    45    58     1    51
    49     9     4   110    82    65     1    50
    50     6     4     8    12    26     1    51
    51     0     0     0     0     0     0
--------------------------------------------------------------------------------
INFORMATION OF PROJECT 4:
#jobs  release  duedate
    52     0   122
#local resources
     2
R_L1   R_L2   
    11    12
jobnr.  dur.  r_G1  r_G2  r_L1  r_L2  #succ.  successors
     0     0     0     0     0     0    10     1    12    16    19    24    28    36    39    46    47
     1     7    18     4    11     9     8     2    18    37    38    40    41    42    43
     2     2    13     5     1    10     2     3    45
     3     4     9     0     1     3     1     4
     4     6    13    11     5    12     4     5    32    33    35
     5     2    13    11     1     4     4     6    29    30    31
     6     5    14     5     3     0     2     7    45
     7     2     3     1    11     0     4     8    15    26    27
     8     9    15     7     7     9     3     9    23    32
     9     4     9     3     0     0     2    10    25
    10     9     4    10     5     4     3    11    21    34
    11     2     3     7     0     9     2    13    22
    12     4     0     7     0     3     1    37
    13    10     3     0     8     6     2    14    50
    14    10     0     0     2     6     3    17    44    45
    15    10     3     2     0     8     1    17
    16    10     7     8     0     6     1    49
    17    10     4     1     0     0     2    20    31
    18     5     0     4     0     2     1    51
    19     6     0     5     3     0     1    37
    20     3     9     7     0     8     1    51
    21     3     2     0     0     7     1    51
    22    10     0     1     2     4     3    31    44    45
    23     1     6     4     8     0     1    51
    24     5     2     8     7     0     1    34
    25     5    14     0     0     2     1    51
    26     8     0     2     2     3     1    45
    27     2    16     4     5     3     1    51
    28     2     9     9     0     6     1    51
    29    10     1     1     0     0     2    44    49
    30     4     4     3     9     8     1    33
    31     7     4     8     0     0     1    51
    32     4     0     3     0     8     1    51
    33     7    14     2     0     4     1    51
    34     8     0     2     1     1     1    51
    35     6    18     8     5     1     1    48
    36    10     2     0     9     8     1    48
    37     6     1     1     0     6     1    51
    38     8     0     2     6     0     1    51
    39    10    15     0     9     8     1    45
    40     8     0     0     2     6     1    51
    41     3     4     2     0     9     1    49
    42     9    14     9     7     0     1    51
    43     5     0     0    10     1     1    51
    44     1     2     9     0     0     1    51
    45     3    14     8     0     2     1    51
    46    10     6     0     6     0     1    51
    47     3     1     5     0     0     1    50
    48     2    15    10     0     1     1    49
    49     8     4     1     4     0     1    51
    50     9    12     8     1     1     1    51
    51     0     0     0     0     0     0
--------------------------------------------------------------------------------
INFORMATION OF PROJECT 5:
#jobs  release  duedate
    52     0   118
#local resources
     2
R_L1   R_L2   
    18    16
jobnr.  dur.  r_G1  r_G2  r_L1  r_L2  #succ.  successors
     0     0     0     0     0     0     7     1     3    12    18    37    46    49
     1     4    10    18     9    11     2     2    47
     2     4    10    18     9    11     3     4    24    44
     3     1     2     0     9     5     7     4     6    16    23    24    43    47
     4     1     0     8     2     6     3     5    43    45
     5     7     5    18    12    16     6     7    16    39    40    41    44
     6     8    12    13     2    16     3     7    39    42
     7     8    12    13     2     6     2     8    38
     8     4     0     8     2    10     3     9    14    41
     9     3     5     7     0     6     2    10    35
    10     5     0    10     1     9     4    11    22    33    34
    11     5     8     9     9    11     6    13    30    31    32    41    50
    12     8    10     5     0     6     9    17    21    22    23    28    29    41    43    47
    13     3     8     8    11     0     2    15    28
    14     4     0     4     9     0     6    17    26    30    35    36    47
    15     3     6     0     2     2     3    17    26    29
    16     4     3     2     0     3     3    19    30    48
    17     5     8    10     0     2     2    19    27
    18     6    12     6     7     7     2    20    26
    19     5     0    10     8     8     3    20    21    27
    20     9     0     7     4     2     1    25
    21     3     4     4     0     1     1    51
    22    10     0     5     9     0     1    51
    23     9     3     2    10    15     1    26
    24     2     0     5    16     0     1    40
    25    10     0     3     8     0     1    51
    26     9     0     2    10     6     1    51
    27     9     0     7     9     0     1    51
    28     3     3     7    10     1     1    51
    29     3     0    11     4     8     3    34    43    50
    30     7     7     2     0     0     1    51
    31     9     0     4     2     9     1    47
    32     5     0     8     7     0     2    33    36
    33     1     0     4     1    14     1    51
    34     2     0     9     0     8     1    51
    35     9     4     8     2     0     1    50
    36     9     0     8     0     9     1    51
    37     7     3     0     1    10     2    42    47
    38     9    12     1     6     0     1    51
    39     1     7     0     3     0     1    45
    40     4     3     0     8     0     1    51
    41     7     4     6     0     0     1    51
    42     4     9     1     8     6     2    43    50
    43     2     0     1    14     0     1    51
    44     6     2     4     0     5     1    51
    45     9     0     0     2    10     1    51
    46     7     7     0     6     0     1    51
    47     3     0     1     0     3     1    48
    48     2     6     8     0     0     1    51
    49    10     7     7     8    11     1    51
    50     2     3     7     0     1     1    51
    51     0     0     0     0     0     0
--------------------------------------------------------------------------------
INFORMATION OF PROJECT 6:
#jobs  release  duedate
    52     0   132
#local resources
     2
R_L1   R_L2   
   159   143
jobnr.  dur.  r_G1  r_G2  r_L1  r_L2  #succ.  successors
     0     0     0     0     0     0     5     1     8    16    26    48
     1     1    13     3   151   131     3     2    45    50
     2     3    15    12   159   143     3     3    43    44
     3     9    15    12   159   143     5     4    33    40    41    42
     4     2    11     8   159   143     3     5    38    39
     5     2     7     5    28   103     5     6    36    37    47    49
     6     3     2     0   151   125     3     7    32    34
     7     9    10     8   159   138     4     9    30    31    32
     8     3     2     9     8    12     1    51
     9     2     1     0    28   100     5    10    27    28    29    33
    10     6     5     0     6     9     5    11    19    23    24    25
    11     8     2     0     5    34     4    12    20    21    22
    12     8     4     2    22    13     1    13
    13     2     7     0     6     5     2    14    18
    14     3    10     1   120    25     2    15    29
    15     8     1     0     5    16     2    17    35
    16    10     8     4   131    40     3    31    32    46
    17     8     9     2   120    24     1    51
    18    10     0     3     0     4     1    23
    19     5     2     0     1     0     1    28
    20     3    10     5    45    99     1    51
    21     4     8     4   144    98     1    37
    22     7     0     5    30   108     1    51
    23     3     0     9    39   113     1    51
    24     3     7     4   115     4     1    37
    25    10     6     7    28    25     1    51
    26    10     2    11     8     6     1    30
    27     2     7     5   153   104     3    28    29    42
    28     9     1     2     8     0     1    51
    29     6     0     0    99    10     1    47
    30     8     2     2     7    25     1    51
    31     5    10     0    11    22     1    37
    32     3     9     6   123    13     1    51
    33     5     5     8    13    16     1    51
    34     9    10     5   144   109     1    35
    35     5     2     0     0     6     1    51
    36     1     9     0   137   121     1    37
    37     2     2     0    53    30     1    51
    38     7     8     6     8    13     1    51
    39     8     4     8    43   129     1    47
    40     8     0    12   147   121     1    51
    41     6     2     4     0     0     1    43
    42     4    11     0    11     9     1    51
    43     3     0     8     8     5     1    47
    44     9     9     8   151   132     1    51
    45    10     8     7     8     9     1    51
    46     6    10     4    47   117     1    47
    47     2    10     0     6     4     1    51
    48     8     0     9     8     6     1    49
    49     7     3     0     0     5     1    51
    50     3     4     3     0     0     1    51
    51     0     0     0     0     0     0
--------------------------------------------------------------------------------
INFORMATION OF PROJECT 7:
#jobs  release  duedate
    52     0   137
#local resources
     2
R_L1   R_L2   
   170    12
jobnr.  dur.  r_G1  r_G2  r_L1  r_L2  #succ.  successors
     0     0     0     0     0     0     8     1    16    19    22    26    29    34    44
     1     6   173   143   170    12     3     2     8    23
     2     1   173   143   170    12     1     3
     3     6   173   143   170    12     3     4    20    32
     4     4   173   143   166    10     1     5
     5     4   173   143   166    10     5     6    32    35    37    45
     6     3    13   125    66     0     2     7    33
     7     3   173   143   170    12     3     9    30    38
     8     7   148    18   100     9     6     9    30    38    39    40    41
     9     7   173   143   166    10     2    10    28
    10     4    62    48    56     9     2    11    25
    11     2    50    19    51    11     5    12    21    30    35    37
    12     2    12    12    16     2     1    13
    13     1    59    16    56     8     2    14    18
    14     2    10    18    67     1     1    15
    15     9    31    87    11     4     1    17
    16     1   120    53   150     1     1    27
    17     9     0     5     9     0     1    51
    18    10     4    36     0     3     1    51
    19     3    12    27     9     1     1    51
    20     3   116   101    82     5     1    51
    21     6    73    50    72     0     2    24    46
    22     7   128   112    63     5     1    51
    23    10   111    95   110     0     5    27    32    33    37    40
    24     2    12     4     9     5     1    51
    25     4   142    56   152     7     3    35    37    42
    26     9     0     0     4     2     1    51
    27     4   173   143   166    10     1    51
    28     7    10    19    40     0     1    32
    29     1     6    41    38     0     3    31    38    42
    30    10     0     3     7     3     1    51
    31    10     0    22    51     0     1    50
    32     2    76    44    41     4     1    46
    33     5    53    57    18     7     1    36
    34    10   142   104   117     6     1    49
    35     2    20     6     0     5     1    51
    36     3    25   124    70     0     1    41
    37     1     4    26    71     5     1    51
    38     1    12    14     6     6     2    47    48
    39     8   173   143   166    10     2    42    43
    40     9   160    18   104    12     1    41
    41     1    24    39    82     4     1    42
    42     8   114   121    64     0     1    46
    43     1    50    19    34     9     1    51
    44    10    59    18   102    10     2    47    48
    45     6   142    56   159     2     1    48
    46     9   149   117    90     4     1    47
    47     3   142    34    39     8     2    48    49
    48     9    31     9    32     6     1    50
    49     3    45    12    30     4     1    51
    50     7    45    17    98     3     1    51
    51     0     0     0     0     0     0
--------------------------------------------------------------------------------
INFORMATION OF PROJECT 8:
#jobs  release  duedate
    52     0   128
#local resources
     2
R_L1   R_L2   
   173   143
jobnr.  dur.  r_G1  r_G2  r_L1  r_L2  #succ.  successors
     0     0     0     0     0     0     6     1     8    16    23    34    44
     1     2   170    12   173   143     1     2
     2     8   170    12   173   143     4     3    20    30    43
     3     1   170    12   173   143     2     4    22
     4     5   170    12   173   143     1     5
     5     1   170    12   173   143     5     6    19    32    39    45
     6     4    66     2    13   100     2     7    33
     7     1   170    12   173   143     1     9
     8     7   100     9   148    19     2     9    41
     9     1   170    12   173   143     2    10    29
    10     3    39     7    62     7     2    11    26
    11     4    53     9    59    19     2    12    21
    12     8    16     0    13    12     2    13    46
    13     1    49     0    46     3     2    14    18
    14     1    65     1    17    12     3    15    47    48
    15     8    14     4    31    66     2    17    49
    16    10   131     2    40    64     2    17    39
    17     9     9     0     1     3     1    51
    18     9     0     3    13    36     1    51
    19     1     9     0     2    73     1    42
    20     8    83     5    59    89     1    42
    21     7    99     1    97    50     2    24    32
    22     9    65     7   128   112     1    51
    23     8   117     3   111    98     6    25    27    35    37    39    40
    24    10     9     5    13    11     2    47    48
    25     3   152     2   123    67     1    42
    26     5     4     1     0     0     4    28    31    35    37
    27    10   170    12   173   143     1    50
    28     5    40     2    12     1     1    32
    29     8    38     2    11    41     1    51
    30     1    15     8    50    68     1    42
    31    10     1     0     1    22     1    51
    32     1    32     0   114    50     1    46
    33     4    43     7    58    69     2    36    38
    34     2   148     6   155   121     3    38    42    46
    35     1     3     5    18     6     1    51
    36     2    70     2    25   124     1    41
    37     2    71     1    76    26     1    42
    38     1    37     5   109     9     1    51
    39     7   157    11   172   140     1    43
    40     9   104    10   160    43     2    41    43
    41     2    70     6    28    16     1    42
    42     6    67     2   114   115     1    46
    43     1    37     3    13    63     1    51
    44    10   103     6    59    28     2    47    48
    45     2   104     7    46    63     1    50
    46     8   105     7   156   121     2    47    48
    47     3    18     0    26     9     1    50
    48    10    38     6    63    30     2    49    50
    49     2    72     2    45    31     1    51
    50     7    98     0    45    31     1    51
    51     0     0     0     0     0     0
--------------------------------------------------------------------------------
TRANSFER TIMES OF GLOBAL RESOURCE G1
 DEPOT    P1    P2    P3    P4    P5    P6    P7    P8
     0    16    14    11    33    23    24    13    25
    16     0    23    24    31     9    17    19    23
    14    23     0    22    23    27    36     5    37
    11    24    22     0    44    32    25    23    22
    33    31    23    44     0    29    48    22    52
    23     9    27    32    29     0    22    23    29
    24    17    36    25    48    22     0    33     8
    13    19     5    23    22    23    33     0    36
    25    23    37    22    52    29     8    36     0
--------------------------------------------------------------------------------
TRANSFER TIMES OF GLOBAL RESOURCE G2
 DEPOT    P1    P2    P3    P4    P5    P6    P7    P8
     0    15    29     8    27    26    19    23    19
    15     0    25    21    13    25    33     9    12
    29    25     0    37    29    49    43    26    13
     8    21    37     0    33    23    15    29    27
    27    13    29    33     0    28    46     4    19
    26    25    49    23    28     0    36    27    36
    19    33    43    15    46    36     0    42    36
    23     9    26    29     4    27    42     0    15
    19    12    13    27    19    36    36    15     0
--------------------------------------------------------------------------------
Additional Information: 
global resource strength = 0.5
transfer time factor = 0.5
adapted from RCPSP instances: 
[sD3, sD9, sD333, sD121, sD137, sD132, sD264, sD366]
