--------------------------------------------------------------------------------
PORTFOLIO INFORMATION:
#projects
     8
#global resources
     2
R_G1   R_G2   
   256   195
--------------------------------------------------------------------------------
INFORMATION OF PROJECT 1:
#jobs  release  duedate
    52     0   137
#local resources
     2
R_L1   R_L2   
   151   115
jobnr.  dur.  r_G1  r_G2  r_L1  r_L2  #succ.  successors
     0     0     0     0     0     0     5     1    12    16    25    49
     1     3   119    18   151   115     7     2     3     6    18    23    43    47
     2     4   107    18   133   110     1     4
     3     1    12     0    18     5     4     6    14    22    48
     4     1    28     6    59    16     1     5
     5     4   118    18   145   114     4     7    22    23    41
     6     6   109    18   139   109     1     9
     7     3   119    18   151   115     1     8
     8     5    47    12    86    62     1     9
     9     1    37     6    12    47     3    10    35    41
    10     9    28    11    59    16     2    11    37
    11    10    65    12    73    83     4    13    30    31    32
    12    10    91     7    92    99     9    17    21    22    23    29    30    31    34    41
    13     1    89     8   124    73     3    15    28    43
    14     1     1     0     6     1     1    17
    15     3    45    14    12    46     2    17    26
    16     1    71     0    59    52     2    17    37
    17     8    65    15   111    82     2    19    44
    18     9    85     7    99    59     1    24
    19     8    11    15    18    49     2    20    27
    20     1    12     2     7    21     1    50
    21     4   107     8   143    89     2    36    38
    22     2     9     0     6     5     1    51
    23    10    98    16   133    89     6    26    27    28    31    37    48
    24     5    56    16   111    80     3    26    38    40
    25    10    65     1   133    63     1    26
    26     2     2     2     0     6     1    39
    27     5    14     5    66    44     2    36    46
    28     4    54     2    16    30     1    33
    29    10    44    12    14    54     2    41    46
    30     3    34    11    18    48     2    43    45
    31     4    11     9    21    18     1    51
    32     2    93     8   142    59     1    51
    33     3    24     4     9    50     1    42
    34     4    36     8    54    47     1    47
    35    10    54     0    78    32     1    51
    36     3    23     9    58    46     1    51
    37     6    30    10    27    42     1    43
    38     2    73     9    91    48     2    43    47
    39     3   107    11   117    88     1    45
    40     3    96     0    51    66     1    48
    41     1     1    10    13    23     1    51
    42     5    19     3    40    33     3    44    47    50
    43     1    21     1    81    31     1    51
    44     9     1     1    34     4     1    51
    45    10    10    10     8    16     1    51
    46     3    20     1     7    30     1    51
    47     4     0     3     0     1     1    51
    48     2     1     6    59    15     1    51
    49    10    82     3   110    49     1    50
    50     6    12     4     8    26     1    51
    51     0     0     0     0     0     0
--------------------------------------------------------------------------------
INFORMATION OF PROJECT 2:
#jobs  release  duedate
    52     0   157
#local resources
     2
R_L1   R_L2   
    15   120
jobnr.  dur.  r_G1  r_G2  r_L1  r_L2  #succ.  successors
     0     0     0     0     0     0     7     1    11    14    29    37    44    46
     1     2    12    40    15   120     2     2    41
     2     8    12    40    15   120     3     3    36    39
     3     2    12    40    15   120     2     4    19
     4     6    12    40    15   120     1     5
     5     3     2    19    10    84     5     6    18    32    33    34
     6     3     2    18     5    72     3     7    30    31
     7    10    12    40    15   120     1     8
     8     5     9    37     7   110     3     9    16    25
     9     2    12    31    15   102     4    10    20    26    47
    10     1     2     4     5     6     2    12    23
    11    10    10    21     2    30     5    21    22    23    24    27
    12     4     7    31    15   102     3    13    22    42
    13     1     0     4     8     3     4    15    27    28    30
    14     9     1    30     7   109     1    51
    15     4     9    18     1    30     3    17    38    43
    16     6     0     9     0    18     1    45
    17     1     6    13     9    41     2    21    33
    18     1     6    31    10   100     6    20    21    31    41    43    49
    19     2     7    30     3   112     2    31    40
    20     1     0    18     4    12     1    38
    21     9     1     6     5    33     1    51
    22    10     0     8     2    54     1    51
    23     7     2     5    12     7     1    51
    24     4     5    32     2   104     1    45
    25     7    10    21     8    33     1    51
    26     7     7    22    10    57     1    33
    27     1    11     0     0     3     1    40
    28     2    12    40    15   120     2    35    40
    29     8     1    32    10   104     1    51
    30     6     0    10     8     8     1    41
    31     2     0    19    10    90     1    35
    32     9     5    22    10    48     1    41
    33     9     6     4     4    20     1    51
    34     6     3     3     8    10     1    48
    35     8     0     9     5    63     1    51
    36     4    10    18    10    23     1    45
    37     9    10    13     2    36     1    51
    38     4     4    21     7    94     1    41
    39    10     5    19     8    26     3    41    42    43
    40    10     2    13     9    45     2    41    43
    41     1     0    22     2    97     1    51
    42     1     7    31    10    87     3    45    49    50
    43     6     9    10     5     3     1    51
    44    10     5    25    10    69     2    45    50
    45     7     1    19     0    13     1    51
    46     9    10     7     5    36     1    50
    47     8     6    17     0    21     2    48    49
    48     6     5     4     0     4     1    51
    49     7     5     8     0    16     1    51
    50     4     2     9     2    87     1    51
    51     0     0     0     0     0     0
--------------------------------------------------------------------------------
INFORMATION OF PROJECT 3:
#jobs  release  duedate
    52     0   143
#local resources
     2
R_L1   R_L2   
    19    18
jobnr.  dur.  r_G1  r_G2  r_L1  r_L2  #succ.  successors
     0     0     0     0     0     0     9     1     3    12    16    18    25    37    38    49
     1     3   117    10    18    18     4     2     6    23    43
     2     3   117    10    18    18     3     4    42    44
     3     5    20     2     1     0     6     4     6    23    42    44    47
     4     1    28     2     9    12     3     5    22    24
     5     3   137    12    19    18     4     7    40    41    43
     6     8    99    12    10    11     1    47
     7     4   129    12    19    18     1     8
     8     6    20     0    12     7     2     9    14
     9     3    24     5     3     1     2    10    35
    10     1    20     2    13    10     4    11    33    34    41
    11     9    60     8    19    10     4    13    30    31    32
    12     9   109    10     6     6     8    17    22    23    29    31    39    41    43
    13     5    91     9     9    13     2    15    21
    14     2    30     3     0     4     4    17    26    28    36
    15     4    27    12    18     2     4    17    26    28    29
    16     5    69     7     1    17     1    51
    17     2   119     7     9     9     2    19    47
    18    10    77    10     7     6     1    26
    19     4    27     9    13     2     3    20    21    27
    20    10    30     0     2     7     1    51
    21     5    24     5     3     1     1    51
    22     5     9     2     0     5     1    29
    23     9    89    11    14     6     2    26    42
    24     2    57     3    16     5     5    26    31    33    36    40
    25    10   102     0     1    16     1    51
    26     2     1     8     7     2     1    42
    27     7    16     0     5     7     1    36
    28     1    28     2    14     1     3    33    39    48
    29     8    49     0    12     8     1    48
    30     7    50     8     0     6     1    45
    31    10    18     3     9     4     1    51
    32     9    10     1     0     8     1    51
    33     2   112     9     9     4     1    51
    34     7    10     1     8     9     2    48    50
    35     8    77     4     0     8     1    41
    36     8    22     0     9     5     1    51
    37     6    38     3    10     5     1    42
    38     8    99     5    13    10     2    42    47
    39     6   129    12    19    18     3    41    45    46
    40     8     8     0     0     0     1    42
    41     4    18     1     3     5     1    51
    42     1    26     1     6     0     1    50
    43     3    53     0     0    13     1    48
    44    10   127     2     9     9     1    46
    45     9    10     0    10     0     1    51
    46     8    10     5     8     0     1    51
    47     2    60     1    16     1     1    50
    48     2    38     6     6     6     1    50
    49     9   105     7     9    14     1    50
    50     1     8     2     4     0     1    51
    51     0     0     0     0     0     0
--------------------------------------------------------------------------------
INFORMATION OF PROJECT 4:
#jobs  release  duedate
    52     0   170
#local resources
     2
R_L1   R_L2   
   113   143
jobnr.  dur.  r_G1  r_G2  r_L1  r_L2  #succ.  successors
     0     0     0     0     0     0     8     1     8    16    18    23    29    34    40
     1     4   170   111   113   143     1     2
     2     4   170   111   113   143     1     3
     3     5   170   111   113   143     1     4
     4     8   170   111   113   143     1     5
     5     2    85    61    44   103     1     6
     6     2    19     3     2   125     2     7    33
     7     3   170   111   113   143     1     9
     8     7   151   108   111    18     1     9
     9     2    82    52    29   101     9    10    19    20    22    25    27    28    30    41
    10     6   170   111   113   143     4    11    24    32    39
    11     7   170   111   113   143     4    12    24    26    28
    12     7    15     5     4     8     1    13
    13     1    50    13    44    19     1    14
    14     1   170   111   113   143     3    15    31    48
    15     9    14    11    29    87     1    17
    16     8    85    50    69    40     2    28    38
    17     8     9     3     0     8     1    51
    18     9   100    64    73    81     1    51
    19     2    70    54    17    78     1    21
    20     1   155   106    86   127     1    50
    21     1   155   106    86   119     3    27    41    42
    22     9   155    78    67   124     1    50
    23     9   135    62    73   108     1    51
    24     2    37    48    28    63     1    46
    25     1   155   106    86   119     1    44
    26     1     6     2     0    38     1    44
    27     6   155   106   109   135     1    42
    28     5    79    50    29    11     3    37    42    45
    29     1   120    60    57    18     3    32    35    41
    30     2    70    47    40    11     1    38
    31     9     5     0    27    16     1    49
    32     2   155   106   109   135     1    42
    33     2    76    58    44    95     1    38
    34     3   135    62    73   108     1    51
    35     5   155   106    86    89     4    36    39    49    50
    36     1    69    28    24   124     1    42
    37     7   130    63    46    66     1    47
    38     6   101    83    89    19     1    39
    39     2   155   106    86   127     3    44    45    50
    40    10    88    59    84    42     3    43    44    50
    41     1     5     8    29    77     2    42    44
    42     8   161   108    86   127     1    46
    43    10   156   100    84    56     1    45
    44     3   119    60    58    56     1    46
    45     1   161   108   113   135     1    46
    46     8   161   108   113   135     2    47    48
    47     7    15    33    46    19     1    49
    48    10    35    47    40    21     1    51
    49    10    35    49    40    35     1    51
    50     5   170   111   113   143     1    51
    51     0     0     0     0     0     0
--------------------------------------------------------------------------------
INFORMATION OF PROJECT 5:
#jobs  release  duedate
    52     0   135
#local resources
     2
R_L1   R_L2   
   112    14
jobnr.  dur.  r_G1  r_G2  r_L1  r_L2  #succ.  successors
     0     0     0     0     0     0    12     1    11    16    18    20    26    29    31    36    42    44    49
     1     9    14    11   112    14     6     2    14    38    40    41    43
     2     1    11     6   100    14     3     3    19    39
     3     8    11     6    77    11     1     4
     4     3    11    11   109    14     2     5    35
     5     2     6     6    47     4     4     6    32    33    34
     6     9     2     0     9     0     2     7    30
     7     6     5     0    18     5     1     8
     8     5     0     8    39     1     3     9    25    28
     9     3     4     1    47    10     1    10
    10     3     4     0    12     0     3    12    14    23
    11     6    13     3    99    10     2    27    37
    12     6     5     7    42     3     2    13    35
    13     1     7     0     2     0     3    15    22    33
    14     4     0     1    13    11     1    51
    15     7     4     3     2     0     2    17    24
    16     9     3    11   103     8     2    17    23
    17    10     3     0     9     6     1    21
    18     9    11     2    50     7     1    48
    19     2     1    11    97    14     1    51
    20    10    12     5    63     3     1    51
    21     3     0     6    22     4     1    51
    22     2     0     8    31     6     1    51
    23    10     6     0     2     0     1    51
    24     6     0     3     9     4     1    51
    25     5     4     0     0     3     1    51
    26     6     0     5     9     0     1    51
    27     3     3     0     3     0     1    35
    28     2     1     3     0     0     1    48
    29     6     7     8    94     7     2    30    45
    30    10     8     0    25     5     1    51
    31     2    11     5    71     0     1    51
    32     9     9     4    30     1     1    51
    33     5     2     6     0     4     1    51
    34     1     0     0    44     3     2    43    47
    35     3     1     7    48    13     1    46
    36     8     0     7    75    10     1    51
    37     4     0     5    40    10     1    48
    38     5     3     2    62     0     1    48
    39     9    12     2    71     6     1    43
    40     1     8     4    24     1     1    50
    41     9     9     8    94     7     1    46
    42    10     6     0    38    10     1    43
    43     3     3     0     0     3     1    48
    44     9     0    11    75     9     1    51
    45     3     0     4    70     9     2    46    47
    46     3    12     0    37     4     1    48
    47     6     0     3    45     8     1    48
    48     4     2     3    49     5     1    51
    49    10     0     5    13     3     1    51
    50     5     0     5    32     3     1    51
    51     0     0     0     0     0     0
--------------------------------------------------------------------------------
INFORMATION OF PROJECT 6:
#jobs  release  duedate
    52     0   150
#local resources
     2
R_L1   R_L2   
   120    39
jobnr.  dur.  r_G1  r_G2  r_L1  r_L2  #succ.  successors
     0     0     0     0     0     0    11     1    11    14    26    29    32    36    37    39    44    46
     1     3    17    12   120    39     4     2    19    40    41
     2     4    17    12   120    39     2     3    18
     3     5    17    12   120    39     1     4
     4     4    17    12   120    39     1     5
     5     3    11     2    75    19     3     6    33    34
     6     3     5     2    72    19     2     7    31
     7     1    17    12   120    39     2     8    31
     8     3    17    12   120    39     4     9    16    25    34
     9     1    17    12   120    39     3    10    20    47
    10     1     5     0     9     2     2    12    23
    11    10     4     7    30    20     3    23    24    27
    12     2    17    12   120    39     3    13    22    42
    13     4     8     6     3     4     4    15    27    28    30
    14    10     9     0   108    29     1    51
    15     1     5    10    33    24     2    17    38
    16     3     6     0    20     6     3    28    41    45
    17     3    12    11    48    24     3    21    33    48
    18     1    12     7   111    33     5    21    23    33    41    49
    19    10     5     7   111    29     2    31    40
    20     2    12     4    20    18     1    51
    21    10     5     1    33     6     1    51
    22    10     3     0    54     9     1    51
    23     7    12     2     7     6     1    51
    24     5     5     6   111    33     1    45
    25     6     9     9    24    18     1    51
    26     5    12     7    57    24     1    33
    27     1     0    11     3     0     2    33    40
    28     1    17    12   120    39     2    35    40
    29     8    12     1   104    30     1    51
    30     1     8     0     9    10     2    38    49
    31     1     8     0    90    18     1    35
    32     4    12     5    48    20     1    40
    33     9     4     6    20     3     1    51
    34     2     8     4    33    27     1    51
    35    10     5     0    63     9     1    51
    36     4     2     9    21    18     1    45
    37    10     6    10    45    14     1    47
    38     4     9     6    57    12     1    41
    39    10     8     6    29    20     2    42    43
    40     7    10     2    45    12     1    43
    41     1     5     0    97    21     1    51
    42     9    12     7    87    33     3    45    49    50
    43     7     4    10     3    10     1    51
    44    10     5     5    67    24     2    45    50
    45     6     0     1     9     6     1    51
    46    10     4    10    45    14     1    48
    47     7     0     6    21    17     1    48
    48     4     0     5     4     3     1    51
    49     6     0     8    16     9     1    51
    50     4     5     2    87    11     1    51
    51     0     0     0     0     0     0
--------------------------------------------------------------------------------
INFORMATION OF PROJECT 7:
#jobs  release  duedate
    52     0    82
#local resources
     2
R_L1   R_L2   
    14    13
jobnr.  dur.  r_G1  r_G2  r_L1  r_L2  #succ.  successors
     0     0     0     0     0     0    14     1     2     3     4     5     6     7     8     9    10    11    17    23    32
     1     5     9     0    10     0    10    12    13    15    16    18    19    27    46    48    49
     2     7     0     6     7     0    10    15    18    20    22    25    26    28    44    45    47
     3    10     8     2     0     0    14    20    21    26    27    29    30    31    39    40    42    43    44    46    50
     4    10     0     6     0     1    13    18    24    25    26    27    28    29    30    35    41    44    47    49
     5     8     0     3     4     0     8    15    16    20    25    26    27    37    46
     6    10     4     0     0     4    10    16    20    27    31    38    41    42    43    46    48
     7     3     5     6     0     0     8    14    19    21    25    26    29    39    40
     8     9     0     0    10     9     7    18    26    29    31    36    41    43
     9     5     0     0     5     6     8    22    33    36    39    40    41    43    50
    10     8     0    10     8     0     8    25    35    36    37    38    43    44    46
    11     9     0     8     0     1     6    20    21    33    34    38    44
    12     9     1     3     0     0     5    20    30    33    44    47
    13     4     0     2     0     2     6    25    35    37    39    43    45
    14     2     7     0     5     0     6    24    33    34    35    41    47
    15     2     0     9     6     0     6    33    38    40    41    42    43
    16     9     0     1     0     3     5    28    33    34    40    45
    17     6     6     0     0     5     5    25    27    34    37    45
    18     3    10     4     0     0     5    37    38    39    40    42
    19     7     7     0     8     0     3    34    37    42
    20     7     0     3     1     0     2    24    35
    21     5    10     0     0     5     2    35    36
    22     9     4     0     0     5     2    34    35
    23     4     0     4     6     0     2    41    46
    24     2     1     0     0     9     1    36
    25    10     2     0     1     0     1    33
    26     5     2     3     0     0     1    33
    27     5    10     0     3     0     1    33
    28     7     0    10     0     6     1    39
    29     7     2     0     8     0     1    34
    30     2     0     4     0     7     1    38
    31     8     0     5     6     0     1    37
    32     6     3     9     0     0     1    37
    33     6     6     0     0     1     1    51
    34     2     0     4     3     0     1    51
    35     3     4     7     0     0     1    51
    36     1     7     0     0     1     1    51
    37    10     0     0     5     5     1    51
    38    10     4    10     0     0     1    51
    39    10     8     9     0     0     1    51
    40     2     0     0     3    10     1    51
    41     9     0     4     3     0     1    51
    42     9     0     6     0     7     1    51
    43     8     0     7     0     6     1    51
    44     3     0     0     5     1     1    51
    45     8     0     0     2     1     1    51
    46     8     3     0     6     0     1    51
    47     9     0     0     5     7     1    51
    48     9     0     2     9     0     1    51
    49     2     0     3     0     7     1    51
    50     2     0     2     0     2     1    51
    51     0     0     0     0     0     0
--------------------------------------------------------------------------------
INFORMATION OF PROJECT 8:
#jobs  release  duedate
    52     0   140
#local resources
     2
R_L1   R_L2   
    18   115
jobnr.  dur.  r_G1  r_G2  r_L1  r_L2  #succ.  successors
     0     0     0     0     0     0     7     1     3     5    12    24    25    49
     1     4   119   141    17   110     5     2     6    21    29    43
     2     1   119   141    17   110     1     4
     3     1     0    10     1     5     2     4    23
     4     1    28    59     7    16     2     6    48
     5     3   119   151    18   115     2     7    21
     6     2   119   151    18   115     1     7
     7     4   119   151    18   115     3     8    22    48
     8     1    67    76     4    30     1     9
     9     2    23    18     7    28     2    10    35
    10     9    28    59    11    16     3    11    14    18
    11     9   106   128    18    87     2    13    14
    12    10    91    92     7    99    10    13    17    21    22    23    29    31    34    41    43
    13     8   119   151    18   115     3    15    16    28
    14     1    12    32     8    49     1    51
    15     2    54    18    14    52     3    17    31    42
    16     1    86    95     4    52     1    17
    17     4    98   111    15    87     1    19
    18     6    67   111    12    69     1    43
    19     7    23    18     9    50     4    20    27    30    41
    20     9     7     7     3    21     1    50
    21    10   107   143     8    94     1    44
    22     2     0     5     2    37     1    51
    23     6   112   144    15    94     7    26    28    30    32    37    40    46
    24     9    65   117    15    85     4    26    41    43    50
    25    10    65   133     1    63     3    41    44    45
    26     2    33    10    14    24     2    32    39
    27     3    52    29     0    31     4    36    37    43    45
    28     6    54    34     2    30     3    30    33    44
    29    10    43    42    11    55     4    37    38    48    50
    30     2    36    18     8    44     2    36    46
    31     4    16    33     9    35     1    36
    32     2    25    68    11    65     1    51
    33     5    20     8     3    28     1    42
    34     3    52    70     8    48     1    51
    35    10    13    23     0    28     1    47
    36     3    67    50    10    59     1    51
    37     6    37    27    10    43     1    51
    38     1    98   111    14    80     1    51
    39    10   107   143    14    94     4    44    45    47    48
    40     3    96   105     6    53     2    44    45
    41     2    50   101     4    25     1    46
    42     6    21    40     3    13     3    43    47    50
    43     2    82    70     1    13     1    51
    44     1    42    35     4     4     1    46
    45    10    11     8    10    19     1    51
    46     1    13    20     0    31     1    51
    47     8     0    13     3     4     1    51
    48     1    77    92     7    28     1    51
    49     9    82   111     4    50     1    50
    50     8    12     8     4    18     1    51
    51     0     0     0     0     0     0
--------------------------------------------------------------------------------
TRANSFER TIMES OF GLOBAL RESOURCE G1
 DEPOT    P1    P2    P3    P4    P5    P6    P7    P8
     0    11     7     3    10     5     9    10    11
    11     0    14    12    16    15    17     9    15
     7    14     0    10    17     8     4     8    18
     3    12    10     0     7     5    11    13     9
    10    16    17     7     0    10    17    19     3
     5    15     8     5    10     0     7    13    12
     9    17     4    11    17     7     0    11    19
    10     9     8    13    19    13    11     0    19
    11    15    18     9     3    12    19    19     0
--------------------------------------------------------------------------------
TRANSFER TIMES OF GLOBAL RESOURCE G2
 DEPOT    P1    P2    P3    P4    P5    P6    P7    P8
     0     6    10     7    10    11     9    11     4
     6     0    13    12    14    16    13     6     5
    10    13     0    13     3    15     7    19    13
     7    12    13     0    12     5     8    16     8
    10    14     3    12     0    13     4    19    13
    11    16    15     5    13     0     9    20    12
     9    13     7     8     4     9     0    19    12
    11     6    19    16    19    20    19     0     8
     4     5    13     8    13    12    12     8     0
--------------------------------------------------------------------------------
Additional Information: 
global resource strength = 0.2
transfer time factor = 0.2
adapted from RCPSP instances: 
[sD270, sD186, sD209, sD359, sD179, sD216, sD22, sD363]
