--------------------------------------------------------------------------------
PORTFOLIO INFORMATION:
#projects
     8
#global resources
     2
R_G1   R_G2   
    69   283
--------------------------------------------------------------------------------
INFORMATION OF PROJECT 1:
#jobs  release  duedate
    52     0    79
#local resources
     2
R_L1   R_L2   
    12    14
jobnr.  dur.  r_G1  r_G2  r_L1  r_L2  #succ.  successors
     0     0     0     0     0     0    18     1     2     3     4     5     7     8    10    14    15    16    18    22    23    42    44    48    49
     1     5     0     0     1    14     6     6    17    31    33    34    43
     2     1     0     1     4     0     8    12    19    24    27    30    31    36    41
     3    10    17     1     4     0     8    13    26    28    30    32    36    40    45
     4     5     9     0     9     0     8    19    24    25    27    30    33    34    38
     5     4     3     0     3     0     5    20    21    27    30    31
     6     3     7     4     0     0     4     9    11    27    28
     7     5     6     0     5     0     5    24    26    27    33    34
     8    10     8     7     0     0     8    17    24    25    27    32    36    37    46
     9     3     2     0     0     6     3    17    26    32
    10    10     8     0     2     0     4    26    28    32    36
    11     3     8     0     7     0     3    19    25    26
    12     6    15     0     0     5     3    25    26    38
    13     5     0     2     7     0     3    24    25    39
    14    10     3     0     5     0     2    34    38
    15     4     7     0     3     2     3    24    25    37
    16     2     0    14     8     0     2    27    31
    17     9     9     0     1     4     1    35
    18     3     7     0     0     9     1    30
    19     4     0     4     4     7     1    29
    20     3     4     0     6     0     1    28
    21     3     6     0     6     0     1    37
    22     4     4    10     6     0     1    24
    23     1     0     6     9    12     3    24    35    40
    24     4     5     0     8     0     1    51
    25     5     0     8     0    12     1    51
    26     7     0    10     0    12     2    40    45
    27    10     0     5     0    10     1    51
    28     1     0     5     4     0     1    50
    29     4     1     3     0     0     1    51
    30     9     0     1     7     3     1    51
    31     7    10     6     0     0     1    51
    32     9     9     4     0     0     1    51
    33     3     2     0     4    11     1    47
    34     3     0     0     9     5     1    51
    35     9     0     8     0     4     1    51
    36     1    14     9     3     0     1    40
    37    10     0     0     3     7     1    51
    38     7     0     5    10     0     1    41
    39     2     9     8     3     0     2    41    43
    40     6     0     9     5     0     1    51
    41     8     4    13     0     0     1    51
    42     1    11     9     0     2     1    51
    43     8     0     5     0    10     1    51
    44     5     6     0     0     1     1    51
    45     4     7     0     4     6     1    51
    46     3     0     2     0    10     1    51
    47     7     8     8     0     0     1    51
    48     5    10     0     6     0     1    50
    49     8     8     7     0     2     1    51
    50     2     1     0     6     0     1    51
    51     0     0     0     0     0     0
--------------------------------------------------------------------------------
INFORMATION OF PROJECT 2:
#jobs  release  duedate
    52     0   135
#local resources
     2
R_L1   R_L2   
   119   115
jobnr.  dur.  r_G1  r_G2  r_L1  r_L2  #succ.  successors
     0     0     0     0     0     0     6     1     3    12    25    34    49
     1     9    16   145   110   110     6     2     6    18    21    23    43
     2     7    16   145   110   110     3     4    14    18
     3     1    10    18    54    52     2     6    18
     4     1     8    59     5    16     1     5
     5     8    18   145   110   114     2     7    48
     6     1    16   139   101   109     1     8
     7     5    18   151   119   115     1     8
     8     2    11    59    28    16     1     9
     9     3     8   143    81   110     2    10    35
    10     9    11    59    28    16     2    11    37
    11    10    16    68    94    83     3    13    31    32
    12    10     7    92    91    99     7    16    17    21    22    23    29    41
    13     1     8   124    89    93     4    15    28    31    47
    14     8     0     6     9     1     2    35    43
    15     3    14    12    45    47     1    17
    16     1     0    61    44    52     2    19    38
    17     5    15   145   110   110     2    19    33
    18     5     7   104    85    60     2    24    41
    19     7    12    16    11    49     5    20    27    30    44    45
    20     6     3     7    12    21     1    50
    21     5     5   143   107    86     1    38
    22     8     2     6     9     5     1    51
    23     4    12   136    98    89     5    26    27    28    37    46
    24     7    14   117    56    85     3    26    38    40
    25    10     1   133    65    63     1    51
    26     2    10     2    29     2     3    31    39    46
    27     3     5    66    11    30     1    36
    28     7     2    16    54    20     1    33
    29    10    12    22    40    54     1    38
    30     3    11    16    34    42     1    51
    31     4     9    37    12    32     1    51
    32     1     2    44    14    41     1    37
    33     3     1     8    12    29     1    42
    34     4     8    54    37    41     1    51
    35     9     0    83    25    32     2    46    50
    36     4     9    60    65    56     1    51
    37     5    10    27    30    22     1    43
    38     2     9   111   107    83     1    47
    39     3    12   117   107    86     2    45    50
    40     2     3    78    96    37     3    45    46    48
    41     2     8    18    26    51     1    51
    42     7     3    40    22    20     3    44    46    50
    43     2     4    51    25    39     1    51
    44     9     1    34     2     8     1    51
    45     9    11     2     3    16     1    46
    46     1     2    53    45    44     1    51
    47     4     3     2     0     3     1    51
    48     2     6    85    27    42     1    50
    49    10     3   110    84    49     1    50
    50     7     5     8    12    27     1    51
    51     0     0     0     0     0     0
--------------------------------------------------------------------------------
INFORMATION OF PROJECT 3:
#jobs  release  duedate
    52     0   122
#local resources
     2
R_L1   R_L2   
    14    32
jobnr.  dur.  r_G1  r_G2  r_L1  r_L2  #succ.  successors
     0     0     0     0     0     0    11     1     4     5    10    12    17    22    23    25    35    48
     1     2     4    13     3    14     6     2    24    40    42    46    47
     2     2     1    10    13    20     5     3    11    37    40    47
     3    10    10     4     8    21     4     6    16    33    34
     4     2     0    10     6     2     3     9    40    41
     5     8     7     4     1     6     8     7    13    20    27    29    33    36    41
     6     4    10     9     7    17     5     9    11    29    30    44
     7     8     8     9     8    17     7     8    14    20    30    31    36    38
     8     2    10     0     3    16     6    18    28    31    32    33    43
     9     1     4     1     5     7     3    13    28    31
    10     2     0    11     1     7     4    13    19    27    30
    11     3     3     5     5     0     2    18    27
    12     4     9     0     0    10     5    26    27    32    44    47
    13     2     9     2     1    15     2    15    43
    14     7     3     0     6     8     5    20    26    32    33    44
    15     9     2     5     0     5     1    18
    16     3     7     0     6     0     1    51
    17     4     8     4     1    17     3    27    33    34
    18     3     8     6     0     9     3    19    21    39
    19     5     4     2     8    23     2    26    41
    20     1     1    10     0     3     1    51
    21     6     6    11     2     5     1    51
    22     9     1     3     3    30     1    39
    23     2     0     8     8     0     1    37
    24    10     3     0     0     6     1    51
    25     5     9     0     3    18     1    42
    26     8     6     8     0    13     1    51
    27    10     0     6     4     0     1    51
    28     6     7     9     9     7     1    51
    29     1    11     2     2     2     1    32
    30     4     0     7     1    14     1    51
    31     5     1     8     3     0     2    39    43
    32     2    10     8     0    18     1    38
    33    10    13     0     5    14     1    45
    34     7    13    11     6    18     1    43
    35     9     8    11     2    22     1    39
    36     5     8     8     0     3     1    51
    37     4     8     7    12     7     1    45
    38     8     4     4     9    11     2    45    49
    39     3     3     1    10     7     1    51
    40     6     0    10     1     4     2    44    45
    41    10     2     0     7     0     1    51
    42     2     4     2     0     0     1    45
    43     1     6    14     0     4     2    49    50
    44     4     7     0     8    12     2    45    49
    45     2     9     5     1     2     2    49    50
    46     2    10    10     6    24     1    51
    47     9     0     6     1     4     1    51
    48     8     8     9     6     8     2    49    50
    49    10     2     9     0     2     1    51
    50    10     0     6     8     9     1    51
    51     0     0     0     0     0     0
--------------------------------------------------------------------------------
INFORMATION OF PROJECT 4:
#jobs  release  duedate
    52     0   111
#local resources
     2
R_L1   R_L2   
    14    22
jobnr.  dur.  r_G1  r_G2  r_L1  r_L2  #succ.  successors
     0     0     0     0     0     0    10     1     4     5    10    12    17    22    25    35    48
     1     2     4     6     4    13     6     2    24    40    42    46    47
     2     2    13    20     2    12     6     3    11    37    40    46    47
     3    10     8    21    11     4     4     6    16    33    34
     4     2     6    16     0    10     3     9    40    41
     5     8     1     6     7     4     8     7    13    20    27    29    33    36    41
     6     5     7    11    11     8     6     9    11    29    30    42    44
     7     1     8    15     8     9     7     8    14    20    30    31    36    38
     8     2     3    16    10     0     6    18    28    31    32    33    43
     9     1     5     9     4     1     3    13    28    31
    10     2     0     7     0     0     4    11    13    19    30
    11     1     5     0     3     5     2    18    27
    12     4     0    10     9     0     4    20    26    32    47
    13     2     1    16     9     2     1    15
    14     6     6     8     0     0     3    32    33    44
    15     9     0     5     2     5     1    18
    16     3     8     0     7     0     1    51
    17     4     0    18     8     4     3    27    33    34
    18     3     0    10     8     6     3    19    21    39
    19     5     8    23     4     2     2    26    41
    20     1     0     3     6    10     1    51
    21     5     2     5     6    11     1    51
    22     9     3    31     1     6     2    23    39
    23     2     5     0     0     8     1    51
    24     1     0     6     3     0     1    51
    25     5     4    18     9     0     1    42
    26     9     0    14     6     8     1    51
    27    10     4     0     0     6     1    51
    28     6     9     7     7     9     1    51
    29     1     2     0    11     2     1    32
    30     4     1    14     0     7     1    45
    31     5     3     0     1     8     2    39    43
    32     2     0    25    10     8     2    33    38
    33     2     3     5    12     0     1    45
    34     8     1     6    13     8     1    43
    35     9     2    22     8    13     1    39
    36     3     0     3     9     8     1    51
    37     4    12     7     8     7     1    45
    38     8     9    11     4     4     2    45    49
    39     3    10     7     3     1     1    51
    40     7     1     4     0    10     2    44    45
    41    10     7     0     2     0     1    51
    42     2     0     0     4     2     1    45
    43     2     0     4     6    14     2    49    50
    44     4     8    12     7     0     1    45
    45     2     1     1     9     8     2    49    50
    46     2     6    24    10    10     1    51
    47    10     1     4     0     6     1    50
    48    10     6     8     8     9     2    49    50
    49    10     0     1     2     9     1    51
    50    10     9    10     0     7     1    51
    51     0     0     0     0     0     0
--------------------------------------------------------------------------------
INFORMATION OF PROJECT 5:
#jobs  release  duedate
    52     0    82
#local resources
     2
R_L1   R_L2   
    13    15
jobnr.  dur.  r_G1  r_G2  r_L1  r_L2  #succ.  successors
     0     0     0     0     0     0    10     1     2     3     5     6     9    10    12    13    18
     1     1     0     3    10     0     5     4    21    29    31    39
     2     2     4     7     0     0    12    14    15    16    21    24    26    28    29    31    39    40    50
     3     8     0     8     0     7     9    11    16    19    23    24    25    28    38    39
     4    10     0     9     0     5     5     7    23    28    34    50
     5     1     1     0     0    10     5     8    21    24    26    40
     6     1     3     0     0     1    10    16    22    23    26    28    31    36    38    39    40
     7     1     3     0     7     0     7    15    16    24    26    38    40    41
     8     8     4     3     0     0     7    15    16    23    28    38    39    50
     9     9     7     7     0     0     7    17    21    22    26    28    31    49
    10     2     0     0     7     2     6    16    19    26    31    38    39
    11     9    10     0     0     5    10    26    30    31    32    36    37    41    44    47    50
    12     3     8     0     0     4     7    20    28    32    36    39    40    49
    13     8     0     0     7     6     7    21    25    32    37    40    47    50
    14     4     7     5     0     0     7    25    30    38    44    45    46    47
    15     6     5     0     0    10     4    19    37    44    48
    16     5     0     7     0     9     7    27    37    44    45    46    48    49
    17     8     1     2     0     0     4    23    39    41    46
    18    10     7     0     8     0     6    32    33    34    44    46    47
    19     4     0    10     1     0     3    22    36    45
    20     2    10     0     0     2     5    30    43    45    46    47
    21     8     0     0     4     9     2    23    36
    22     5     9     5     0     0     3    30    43    47
    23     4     0     4     0     8     3    33    43    44
    24     7     0     6     0     2     4    42    43    44    46
    25     9     0     4     0     3     3    36    42    48
    26     5     8     5     0     0     3    42    43    46
    27     6    10     0     1     0     2    35    43
    28    10     0     0     9     8     2    37    44
    29     7     0    10     0     5     2    35    38
    30     3     0     8     0     6     1    33
    31     3     0     9     1     0     2    43    45
    32     1     4     0     9     0     2    42    43
    33    10     3     0     1     0     1    35
    34     4     3     0     0     7     1    35
    35     2     0     0     6     4     1    42
    36     5     0     5     6     0     1    43
    37     9     0     2     0    10     1    43
    38     9     0     0     6     8     1    42
    39     4     0     4     1     0     1    42
    40    10     0     8     0     1     1    45
    41     6     0     3     9     0     1    48
    42     1     0     0     8    10     1    51
    43     1     0     5    10     0     1    51
    44     1     0     0     2     2     1    51
    45     4     8     0     4     0     1    51
    46     7     7     8     0     0     1    51
    47     5     0     0     8     1     1    51
    48     1     0     7     0     6     1    51
    49     3     8     0     3     0     1    51
    50     7     1     0     2     0     1    51
    51     0     0     0     0     0     0
--------------------------------------------------------------------------------
INFORMATION OF PROJECT 6:
#jobs  release  duedate
    52     0   141
#local resources
     2
R_L1   R_L2   
   173   170
jobnr.  dur.  r_G1  r_G2  r_L1  r_L2  #succ.  successors
     0     0     0     0     0     0     7     1     8    16    20    22    23    44
     1     3    12   143   173   170     1     2
     2     1    12   143   173   170     1     3
     3     7    12   143   173   170     1     4
     4    10    12   143   173   170     2     5    25
     5     1    11   103   106    39     5     6    19    32    39    45
     6     4     0   100    13    66     2     7    33
     7     9    12   143   173   170     3     9    30    43
     8     9     7    19   148   100     5     9    27    30    41    45
     9     1    11   103   106    39     3    10    28    29
    10     3     7    45    62    39     2    11    26
    11     4     9    19    59    53     3    12    21    31
    12     8     0    12    13    16     2    13    46
    13     1     6     3    46    47     3    14    18    31
    14     1     1    18    17    67     3    15    47    48
    15     8     4    73    31    14     2    17    49
    16    10     1    40    67   131     1    39
    17    10     0     3     0     9     1    51
    18     9     3    36     6     0     1    51
    19     2     0    73     2     9     2    42    43
    20     8     5    89    59    83     1    42
    21     6     1    50    97    99     2    24    32
    22     9     7   112   128    63     1    51
    23    10     3    98   111   117     4    27    37    39    40
    24    10     5     4    12     9     1    48
    25     4     6    67   142   152     2    34    42
    26     6     1     0     0     4     4    28    31    35    37
    27     6    12   143   173   170     1    51
    28     5     1     1    13    40     1    32
    29     7     2    41     6    38     1    51
    30     1     8    68    41    49     1    42
    31    10     0    22     1     1     2    49    50
    32     1     2    29   114    29     1    46
    33     4     7    57    53    43     2    36    38
    34     2     6   121   148   141     1    51
    35     1     5     6    18     3     1    42
    36     2     2   124    25    70     1    41
    37     2     1    26    76    71     1    42
    38     1     5     9   109     9     1    47
    39     9    11   134   154   157     1    51
    40     8    12    43   160   104     3    41    42    43
    41     2     6    41    28    66     1    42
    42     6     1   115   114    67     1    46
    43     1     5    63    13    37     1    51
    44     9     6    28    59   103     2    45    48
    45     2     7    70    46   102     1    51
    46     8     7   121   156   103     2    47    48
    47     3     0     9    19    13     1    50
    48    10     6    20    63    38     2    49    50
    49     2     4    28    45    72     1    51
    50     7     4    28    45    98     1    51
    51     0     0     0     0     0     0
--------------------------------------------------------------------------------
INFORMATION OF PROJECT 7:
#jobs  release  duedate
    52     0    97
#local resources
     2
R_L1   R_L2   
    13    15
jobnr.  dur.  r_G1  r_G2  r_L1  r_L2  #succ.  successors
     0     0     0     0     0     0     8     1     2     3     4     8     9    10    14
     1     9     7     0     0     3     5     5    11    12    16    17
     2     8     2     0     5     0     5     6     7    16    17    29
     3     2     0     8     0     6     4    11    15    17    21
     4     8     6     0     9     0     6    15    17    18    25    29    32
     5     8     0     7     6     0     5    13    20    21    25    29
     6     7     6     9     0     0     3    11    19    22
     7    10     0     2     7     0     6    18    19    20    21    22    31
     8     7     0     0     1    10     9    19    22    27    28    30    31    32    35    42
     9     5     0     9     0    10     4    15    18    21    27
    10     3     0    10     0     7     4    17    18    23    31
    11    10     1     0     0     3     6    18    20    25    31    32    36
    12     6     0     0     3     8     7    19    25    27    31    32    35    42
    13     5     5     1     0     0     2    15    22
    14     2     3     0     0     2     5    19    25    27    30    31
    15     8     6     9     0     0     4    19    30    31    35
    16     8     7     7     0     0     7    25    27    30    34    36    40    42
    17     6    10     0     9     0     4    20    22    28    40
    18     1     0     0     6     6     7    24    28    30    40    42    49    50
    19     6     7     0     0     1     4    23    24    34    36
    20     1     9     0     0     7     3    26    27    35
    21    10     1     0     0     3     4    30    35    37    49
    22     8     0     8     5     0     3    33    34    48
    23    10    10     1     0     0     6    38    40    41    47    49    50
    24     4     0     7    10     0     2    26    37
    25    10     4     0     3     0     2    26    33
    26     2     4     0     0     8     5    38    41    45    47    48
    27     8     0     0     5     9     4    37    39    47    49
    28     3    10     0     8     0     4    37    39    46    47
    29     3     9     0     2     0     3    34    41    42
    30     4     4     0     6     0     4    38    41    45    48
    31     4     0     8     1     0     4    37    46    47    49
    32     7     0     7     0     8     4    37    44    46    47
    33     9     7     6     0     0     3    38    41    47
    34     4     4     0     6     0     4    39    45    46    49
    35     8     7     7     0     0     4    41    44    45    47
    36     1     5     0     0     7     3    39    46    47
    37     1     3     5     0     0     3    41    45    48
    38     2     9     0    10     0     2    39    46
    39     2     0     0     3     2     2    43    44
    40     7     0    10     0     4     2    43    45
    41     9     0     3     0     5     1    43
    42     1     5     0     6     0     1    43
    43     5     4     8     0     0     1    51
    44     1     0     4     0     7     1    51
    45     7     3    10     0     0     1    51
    46     5     0     0     2     9     1    51
    47     6     5     0     0     1     1    51
    48     3     7     0     0     2     1    51
    49    10     8     0     5     0     1    51
    50     8     0     0     3     3     1    51
    51     0     0     0     0     0     0
--------------------------------------------------------------------------------
INFORMATION OF PROJECT 8:
#jobs  release  duedate
    52     0   117
#local resources
     2
R_L1   R_L2   
    14    33
jobnr.  dur.  r_G1  r_G2  r_L1  r_L2  #succ.  successors
     0     0     0     0     0     0     9     1     4     5    10    12    22    25    35    48
     1     2     1    13     4     7     6     2    24    40    42    46    47
     2     2    12    10     1    20     4     3    11    37    47
     3    10     7     4    10    21     4     6    16    33    34
     4     2     8    10     0    29     5     9    17    40    41    43
     5    10     1     4     7     4     7     7    13    20    29    33    36    41
     6     1     6    10    10    12     4     9    29    30    44
     7     9     8     9     8    14     6     8    14    30    31    36    38
     8     6     3     0    10    11     7    18    28    29    31    32    33    43
     9     1     5     1     3     9     3    13    28    31
    10     4     1     0     0     3     6    11    15    19    27    30    31
    11     2     5     0     3     0     3    18    27    34
    12     4     0     0     9    10     6    26    27    32    43    44    47
    13     2     1     2     9    15     2    15    43
    14     9     6     0     0     8     5    20    28    32    33    44
    15     8     0     4     2     0     2    18    23
    16     4     6    19     7     2     1    51
    17     6     0     4     8    17     4    21    27    33    34
    18     3     0     0     8     9     3    19    21    39
    19     5     8     2     4    20     2    26    41
    20     5     0    10     0     3     1    51
    21     5     1    11     6     5     1    51
    22     8     3     7     1    32     1    51
    23     1     5     8     2     0     1    39
    24     2     0     0     3     6     1    33
    25     5     4     0     9    18     1    42
    26    10     0     8     3    20     1    51
    27     3     6     6     0     0     1    51
    28     6     9     9     7     7     1    51
    29     1     9     0    11     1     1    32
    30     9     1     0     0    14     1    49
    31    10     0     8     1     0     3    32    39    43
    32     2     1     2    10    19     1    38
    33     7     5     0     0     0     1    45
    34     9     3     8    12    33     1    44
    35     7     2    11     8    22     1    39
    36     9     0     8     8     3     1    51
    37     4    12     0     8     7     1    45
    38     8     0     0     4    11     2    45    49
    39     3    10     1     3     6     1    51
    40     2     5    10     0     4     3    43    44    45
    41    10     7     0     4     0     1    51
    42     2     0     2     4     0     2    45    47
    43     2     0    14     6    12     3    44    49    50
    44     4     8     0     7    11     2    45    49
    45     2     1     2    10     1     2    49    50
    46     2     6     0    10    19     1    51
    47     6     1     6     0     4     1    51
    48     4     6     9     8     4     1    49
    49    10     0     9     2     1     1    51
    50    10     8     6     0    10     1    51
    51     0     0     0     0     0     0
--------------------------------------------------------------------------------
TRANSFER TIMES OF GLOBAL RESOURCE G1
 DEPOT    P1    P2    P3    P4    P5    P6    P7    P8
     0    10     9     3     9    13    10     4     7
    10     0     6    12    18    14    16    13    10
     9     6     0    10    17    19    18    13    13
     3    12    10     0     8    16    12     4    10
     9    18    17     8     0    17    10     6    13
    13    14    19    16    17     0     8    14     7
    10    16    18    12    10     8     0     8     7
     4    13    13     4     6    14     8     0     9
     7    10    13    10    13     7     7     9     0
--------------------------------------------------------------------------------
TRANSFER TIMES OF GLOBAL RESOURCE G2
 DEPOT    P1    P2    P3    P4    P5    P6    P7    P8
     0     9     7     5     9    10     5     8    11
     9     0     3     8    12    18     5    16    18
     7     3     0     6    10    15     6    14    18
     5     8     6     0     5    10     8    10    15
     9    12    10     5     0     9    12    11    18
    10    18    15    10     9     0    15     6    13
     5     5     6     8    12    15     0    12    13
     8    16    14    10    11     6    12     0     8
    11    18    18    15    18    13    13     8     0
--------------------------------------------------------------------------------
Additional Information: 
global resource strength = 0.5
transfer time factor = 0.2
adapted from RCPSP instances: 
[sD67, sD300, sD197, sD201, sD33, sD345, sD2, sD164]
