--------------------------------------------------------------------------------
PORTFOLIO INFORMATION:
#projects
    10
#global resources
     2
R_G1   R_G2   
   138   131
--------------------------------------------------------------------------------
INFORMATION OF PROJECT 1:
#jobs  release  duedate
    62     0    90
#local resources
     2
R_L1   R_L2   
    19    18
jobnr.  dur.  r_G1  r_G2  r_L1  r_L2  #succ.  successors
     0     0     0     0     0     0     3     1     2     3
     1     9     6     6     6    10     3     6     7    13
     2     7     0     0     7     5     1    54
     3     3     5     3     5     9     2     4    10
     4     6     0     4     0     7     3     5    11    25
     5     4     8     2     1     0     3     8    12    21
     6     5     0     3     8     6     1    22
     7     7     0     9     6     0     3     9    18    33
     8     7     2     4     2     2     2    20    32
     9     2     4     0     8    10     1    23
    10     9     9     5     3     0     3    15    24    33
    11     5     7     3     0     6     1    39
    12     6     3     0    10     0     1    36
    13     1     0     2     5     6     3    14    16    19
    14     4     7     7     7     1     1    60
    15     4     6     4     9     0     3    17    23    27
    16     5     6     7     0     5     1    44
    17     2    10     8     3     0     2    43    45
    18     4     7    10     0    10     3    34    37    38
    19     5     5     3     8    10     2    30    53
    20     3    10     7     5     3     3    28    41    50
    21     7     6     1     0     0     1    26
    22     2    10     8     0     0     1    58
    23    10     0     2     7     5     1    36
    24     1     0     6     0     5     1    29
    25     7    10     1     3     1     2    40    49
    26     5     0     3     4     0     1    30
    27     7     8     9    10     0     1    30
    28     4     0     8     2     6     1    49
    29     6     9     9     0     5     1    57
    30     3     7     6     9     5     3    31    35    47
    31     5     7     8     0    10     1    46
    32     9     3     0     8    10     3    42    46    47
    33     1     4     5     0     2     1    56
    34     6     6     2     0    10     1    41
    35     6     7     5     8     3     1    57
    36     5     0     9     3     6     1    55
    37     5     5     0     2     4     1    39
    38     9     0     4     5     1     1    59
    39     2     9     6     7     3     1    43
    40     9     0     0     1     3     1    42
    41     8     2     5     3     0     1    52
    42     7     7     0     0     9     1    53
    43     3     2     0     6    10     1    57
    44     7     6     0     0     0     2    51    53
    45     9     6     0     3     5     1    55
    46     5     8     0    10     2     2    48    49
    47     8     8     8     0     4     1    51
    48     2     6     5     0     1     1    56
    49     3     3     2     2    10     2    51    52
    50     8     4     2     0     4     1    52
    51     3     8     4     0     5     1    59
    52     4     0     3     4     9     1    55
    53     5     5     7    10     3     1    59
    54     4     5    10     0     0     1    60
    55     3     8     9    10     3     1    58
    56     5     3     0     4     9     1    58
    57     6     8     7     4     9     1    60
    58     4     3     0     6    10     1    61
    59     2     8     6     1     3     1    61
    60     5     0     0     8     5     1    61
    61     0     0     0     0     0     0
--------------------------------------------------------------------------------
INFORMATION OF PROJECT 2:
#jobs  release  duedate
    62     0   108
#local resources
     2
R_L1   R_L2   
    24    22
jobnr.  dur.  r_G1  r_G2  r_L1  r_L2  #succ.  successors
     0     0     0     0     0     0     3     1     2     3
     1     8     9     7     1     9     3     4     5     9
     2     9     5     5     2     7     3     7    12    15
     3     3     6     5     3     2     1     6
     4     5     6     7     1    10     3    11    16    18
     5     5    10     4     6     7     3     8    10    36
     6    10     5     1     7     8     3    21    27    41
     7     8     6     3     8     6     3    17    33    34
     8     5     4     1     7     3     3    19    30    39
     9     2     4     6     3     6     2    13    14
    10    10     4     8     5     7     3    31    32    44
    11    10     6     5     8    10     3    26    32    56
    12     3     8     3     2     2     2    13    20
    13     6     8     4     9     9     2    22    23
    14     9     4     6     2     4     3    28    40    49
    15     1     1     3     1     7     3    44    46    49
    16     9     5     2     5     9     3    23    29    44
    17    10     1     1     6     5     2    42    47
    18     8     7    10     9     3     1    24
    19     8     2     8     2     3     2    22    53
    20     3     7     7     8     7     1    25
    21     7     5     5     9     5     1    54
    22     8     9     7     8     1     2    26    38
    23     1     8     1     7     8     1    45
    24     2     5    10     7     3     1    41
    25     1     6     6     6     6     1    30
    26     2     7     4     3    10     1    43
    27     5    10     9     7     1     2    35    52
    28     8     7     3     4    10     3    29    32    37
    29     9     9    10     9     8     3    38    43    46
    30     1     4     8     5    10     3    41    43    54
    31     2     6     6     4     4     1    39
    32     1     8     9     6     4     2    42    57
    33     3     7     9     6     9     2    35    37
    34     6     8     9     6     2     2    35    36
    35     2    10     4    10     4     1    39
    36     4     8     7     2     3     2    38    56
    37     4     8     5     9     7     1    46
    38    10     3     2     4     6     2    51    57
    39     4     3     9     3     8     1    45
    40     2     2     5     4     5     1    50
    41     9    10     8     1     1     1    53
    42     2     3     2     5     4     1    58
    43     8     4     1     5     4     1    59
    44     4     8     6     6    10     3    45    58    59
    45     5     5     8     7     1     1    51
    46     5     6     8     3     5     1    53
    47     2     1     4     6     6     2    48    49
    48     5     8     6     5     1     2    51    52
    49     3     6     2     7     9     2    55    60
    50     2     1     9     7     3     1    52
    51     7     5     1     6     6     1    60
    52     6     2     5     4     4     2    54    60
    53     5     2     9     5     3     1    55
    54     9     1     7     2     5     1    55
    55     1     7     8     5     9     1    56
    56     8     5     6     9     9     1    57
    57     6     7    10     1     9     2    58    59
    58     8     8     7     1     3     1    61
    59     4    10     5     8    10     1    61
    60     9     6     1     8     6     1    61
    61     0     0     0     0     0     0
--------------------------------------------------------------------------------
INFORMATION OF PROJECT 3:
#jobs  release  duedate
    62     0    92
#local resources
     2
R_L1   R_L2   
    26    22
jobnr.  dur.  r_G1  r_G2  r_L1  r_L2  #succ.  successors
     0     0     0     0     0     0     3     1     2     3
     1     1     6     7     0     5     3     8    10    24
     2     1     1     0     7     0     3     8    18    21
     3     7     7     7     9    10     3     4     5     6
     4     4     7     2     2     1     3    14    15    33
     5     9     0     6    10     0     3    11    13    16
     6     9     9     8     1     7     3     7    17    18
     7     4     3    10     0     6     3     9    12    25
     8     3     4     7     6     3     3    14    29    51
     9     6     7     8     8     7     3    28    39    59
    10     8     3     8     4     0     3    14    20    58
    11     5     1     2     0     7     3    26    33    55
    12    10     0     0     2     0     3    23    35    51
    13    10     6     5     6     0     3    34    41    46
    14     3     7     3    10     9     1    36
    15     2     9     1    10    10     3    17    30    31
    16     6     9     9    10    10     3    19    22    32
    17    10     5     7     2     0     3    26    35    54
    18     3     0     1     0     7     3    40    47    53
    19     5     3     0     0     7     3    37    39    46
    20     6     8     9    10     8     3    22    27    28
    21     8     0     6     7     9     3    40    44    45
    22     3     6    10     4     8     2    29    37
    23     9     3     9     3     8     3    26    30    43
    24     6     7    10     4     3     3    32    38    48
    25     5     3     2     9     3     3    27    33    43
    26     1     8     9    10     0     1    56
    27     4     4     0    10     6     3    45    46    53
    28     8     2     4     0     3     3    29    41    52
    29     9     9     0     4     8     1    49
    30    10     0     9     8    10     3    34    36    53
    31     2     3     6     0     0     3    32    35    38
    32     2     7     6     2     0     2    36    42
    33     2     1     3     5     0     3    44    45    49
    34    10     1     0     5     2     3    37    47    48
    35     1     9     7     5     7     1    56
    36     4    10     0     0     8     1    49
    37     3     7     6     0     3     2    42    55
    38     6     0     8     0     2     3    44    50    52
    39     5     6     7     0     0     2    40    41
    40     2     8     0     8     3     2    43    50
    41     2     3     6     0     0     1    42
    42     2     5     8     3     4     1    60
    43     3     6     7     0     6     1    48
    44     7     0     0     0     2     1    47
    45     2    10     0     0     0     1    59
    46     4     3     9     3     3     1    50
    47     7     0     0     0     9     1    56
    48     5     6     0    10     8     3    52    54    58
    49    10     3     5     0     2     1    57
    50     1    10     0     0    10     1    51
    51     2     2    10     4     4     1    54
    52     5     6     1     9     6     1    55
    53     3     4     4     6    10     2    59    60
    54     4     9     3     6     9     1    57
    55     1     1     7     8     0     1    57
    56     8     7    10     0     7     1    58
    57     7     0     7     0    10     1    60
    58     1     5     8     2     6     1    61
    59     2     0    10     0     0     1    61
    60    10     7     7     4     4     1    61
    61     0     0     0     0     0     0
--------------------------------------------------------------------------------
INFORMATION OF PROJECT 4:
#jobs  release  duedate
    62     0   159
#local resources
     2
R_L1   R_L2   
    21    19
jobnr.  dur.  r_G1  r_G2  r_L1  r_L2  #succ.  successors
     0     0     0     0     0     0     3     1     2     3
     1    10     7     9     3     9     3     5     6    17
     2     1     4     8     9     7     3     4     8    10
     3     8     2    10     8     4     2    44    48
     4    10     5     8     1     9     2     9    19
     5    10     9     8     8     7     2     7    38
     6     7     1     7     5     6     2    36    40
     7     9     2    10     3     2     3    11    14    25
     8     7     9     2    10     2     3    12    30    42
     9     9     3     6     2     1     3    13    20    21
    10     9    10     4     4     4     3    16    18    21
    11     8     3     8    10     9     1    15
    12     7    10     1     2    10     3    24    27    33
    13     6     3     8     6     7     3    17    26    41
    14     1     8     4     6     5     2    44    51
    15     5     3     7     4     8     3    19    23    52
    16     7     6     1     4     4     2    32    45
    17     4     4     6     7     3     1    22
    18     6     3     5     7     1     2    39    60
    19    10     2     8    10     5     1    51
    20     9     7     1     2     9     1    47
    21     8     5     5     9    10     2    23    25
    22     8     8     7    10     4     3    28    42    47
    23     3     7     2     4     2     2    29    57
    24     9     9     5     7     1     2    28    53
    25     9     1     3     5     1     2    30    31
    26     6     7     9     2     3     1    34
    27    10     4     5     2     4     2    28    29
    28     8     2     2     4     3     1    51
    29     9     9     1     4     2     2    36    47
    30     5     8     5     8     9     2    36    60
    31     8     3     6     9    10     1    37
    32     7     1     6     9     3     3    33    35    50
    33     5     2     9     2     5     1    37
    34     7     2     6     8    10     3    43    46    54
    35     3     6     5    10     9     2    46    59
    36     8     7     2     5     6     1    56
    37     7     3     1     8     7     2    43    54
    38     7     9     7     7     5     2    39    40
    39     4     7     8     5     3     2    43    58
    40     7     2     5     6     1     2    41    53
    41    10     8     7     9     7     3    50    55    57
    42     5     1     8    10     5     1    49
    43     9     7     4     5     3     1    57
    44    10     9     2    10     5     1    45
    45     6     2     3     9     2     2    46    49
    46     8     8    10     5     6     1    52
    47     9     6     2    10     4     1    54
    48     4     2     4    10     7     2    49    50
    49     1     7     1     3     3     2    52    56
    50     6     2    10     7     5     1    58
    51     5     9     4    10     6     1    55
    52     9     9     6     1    10     1    53
    53     6    10     5     2     5     1    60
    54     5     8     7     2     5     2    55    56
    55     5     6     3     6     3     1    58
    56     5     2     7     7     9     1    59
    57     8     4     1     1     8     1    59
    58     4     5     4     9     9     1    61
    59     4     4     1     7     6     1    61
    60     8    10     3     3     8     1    61
    61     0     0     0     0     0     0
--------------------------------------------------------------------------------
INFORMATION OF PROJECT 5:
#jobs  release  duedate
    62     0    70
#local resources
     2
R_L1   R_L2   
    39    39
jobnr.  dur.  r_G1  r_G2  r_L1  r_L2  #succ.  successors
     0     0     0     0     0     0     3     1     2     3
     1     1     1     1     6     2     3     6     7    18
     2    10     9     2     7     6     3     4     5     8
     3     7     7    10     2     8     2     9    58
     4     1     2     7     5    10     3     6    10    24
     5     3     8     7     4     6     3    13    14    17
     6     4     1     8     3     3     3    15    21    30
     7     8     3     3     9     4     2    19    55
     8     7     4    10     5     4     3    23    31    46
     9     4     6    10     8     7     1    11
    10     3     4     1     4     3     1    12
    11     1     9     8     2     9     1    43
    12     4     8     3     9    10     3    22    33    34
    13     5     3     8     1     1     1    60
    14     9     3     5     8     9     2    25    45
    15     6     7     2     6    10     1    16
    16     4     3     9     6     8     3    20    40    42
    17     1     1     7     3     5     1    43
    18     6     9     3     3     4     1    21
    19     2     8     6     3     3     1    35
    20     7     6     5     1     3     1    28
    21     5     9     8     6     3     1    26
    22     1    10     6     3     1     2    39    48
    23    10     8     3     6     1     1    32
    24     9     4     2     6     9     2    37    50
    25     6     3     6     7    10     3    29    38    41
    26    10     6     1     3     2     1    27
    27     9     3     3     4     8     2    49    51
    28     7    10     8     6     4     1    56
    29    10     6     2     8     1     3    32    33    52
    30     4     9     1     3     1     1    36
    31     2     9     3     9     8     2    33    53
    32    10     7     5     6     5     1    49
    33     8     4     1     9     3     2    35    36
    34     7     9     6     7     6     1    35
    35     7     8     7    10     1     1    47
    36     4     9     3     2     6     1    60
    37     4     6    10     9     2     1    44
    38     1     4     9     8     2     1    44
    39     5    10     2     7     9     1    55
    40     1     7     8     7     8     2    54    59
    41     6     3     2     1     8     1    44
    42     9     5     9     3     3     1    51
    43     8     7     5     7     6     1    51
    44     9     5     3    10     6     1    56
    45     2     1     3     4     4     1    59
    46     1     4     4     1    10     1    53
    47     6     2     5     7     2     1    57
    48     4     6     1     6     1     1    49
    49     2     3     3     6     4     2    53    54
    50     2     1     8     8     1     1    57
    51     5     9     9     1    10     1    55
    52     9     6     9     9     4     1    60
    53     8     8     1     2     2     1    57
    54     7     8     7     3    10     1    56
    55     1    10     4     1     7     1    59
    56     2    10    10     2     9     1    58
    57     1     5    10     6     6     1    58
    58     5     1     5     5     4     1    61
    59     6     9     6     6     9     1    61
    60     8     3     9     5     7     1    61
    61     0     0     0     0     0     0
--------------------------------------------------------------------------------
INFORMATION OF PROJECT 6:
#jobs  release  duedate
    62     0   139
#local resources
     2
R_L1   R_L2   
    18    19
jobnr.  dur.  r_G1  r_G2  r_L1  r_L2  #succ.  successors
     0     0     0     0     0     0     3     1     2     3
     1    10    10     6     4     7     3    13    15    16
     2     8     9     2     9     1     3     5     8    18
     3     8     1    10     3     6     3     4     6     9
     4     3     2     3     2     7     2    15    32
     5     6     3     6     1     3     3    19    34    46
     6     9     6     3     5     6     3     7    10    14
     7    10     4     3    10    10     3    21    31    45
     8     8     1     5     9     9     3    26    41    58
     9     4     2     3     4     4     1    29
    10     1     6     2     4     9     2    11    12
    11     3     4     1     7     9     3    15    17    24
    12     8     7     2     1     6     3    28    42    59
    13     4     8     8     4     7     2    47    51
    14    10     9    10     2     2     2    23    26
    15     4     3     6     2     1     2    25    35
    16     8    10     5     8     5     1    57
    17     9     8     9     2     9     2    38    40
    18     4     5     3     4     1     1    20
    19     8     3     5     1     9     3    22    23    57
    20     2     6     7     5     7     1    49
    21     9    10     4     9     4     3    23    34    53
    22     5     2     9    10     5     1    33
    23     7     2     6     9     2     1    49
    24     7     7     6     7     9     3    36    42    51
    25     4     5     6     6     9     1    43
    26     2     5     6     8     4     3    27    30    33
    27    10     1     4     6     8     3    29    50    54
    28     2     4     1     3     3     2    35    44
    29     7     2     1    10     4     1    35
    30     4     6     6     9     5     1    51
    31     6    10     6     6     8     2    33    46
    32     6     3    10    10     9     3    44    52    55
    33     3     1     9     1     9     2    38    40
    34     4     1     3     4    10     2    42    47
    35     4     4     7    10     8     1    38
    36     4     3     1     1     4     3    37    41    44
    37     4     6     4     8     8     2    39    55
    38     8     6     6     3     8     1    60
    39     8     7     1     1     4     1    54
    40     5     3     1     1     4     2    47    48
    41     6     5     9     6    10     3    46    54    56
    42     8     1     2     5     2     1    48
    43     1     9    10     2    10     1    45
    44     4     1     4     5     7     1    53
    45     7     3     8     1     3     2    52    53
    46     5     9     1     4     8     1    48
    47    10    10    10     1     2     2    50    52
    48     4     6     2     1     8     1    50
    49     1     1     7     1     6     1    55
    50     7     1     3     4    10     1    60
    51     5    10     9     4     3     1    56
    52     4    10     7     2     6     1    56
    53     6     7     1     7     6     1    57
    54    10    10    10     7     3     1    59
    55     7     2     3     3    10     1    58
    56    10    10     7     3     7     2    59    60
    57     2     4     3     3     2     1    58
    58     8     2    10     7     1     1    61
    59    10     2     7     6     4     1    61
    60     7     5     2    10     5     1    61
    61     0     0     0     0     0     0
--------------------------------------------------------------------------------
INFORMATION OF PROJECT 7:
#jobs  release  duedate
    62     0   137
#local resources
     2
R_L1   R_L2   
    16    16
jobnr.  dur.  r_G1  r_G2  r_L1  r_L2  #succ.  successors
     0     0     0     0     0     0     3     1     2     3
     1     7     6     9     9     7     1     7
     2    10     1     1     0     5     3     4     6     9
     3     6     9    10     1     1     3     5    28    32
     4     1     9     0     6     5     3    20    37    55
     5    10     1     7     9     0     3    39    45    51
     6     1     1     5     5     7     1    14
     7     3     8     9     2     3     3     8    10    18
     8     6     9     4     1     4     3    13    31    40
     9     3     0     0    10     7     3    12    14    16
    10     2     2     0     1     4     3    11    13    21
    11     4     3     3     7     8     3    12    19    27
    12    10     1     7     5     2     3    28    34    54
    13    10     0     0     4     7     3    15    35    48
    14     7     8     7     5     0     3    19    34    44
    15     3     7     0     0     4     3    32    43    49
    16     5     0     2     0     7     3    17    22    24
    17     8     2     0     0     5     3    29    52    56
    18     6     5     1     0     4     2    24    26
    19     3     7     9     0     2     2    23    30
    20     7     1     3     7     3     3    31    35    36
    21     7     3     0     6     4     3    38    47    51
    22     5     8     1     1    10     2    26    41
    23     1    10     0     2     4     3    25    26    28
    24     9     4     1     2     7     2    25    33
    25     9     5     0     9     0     3    29    39    41
    26     9     8     9    10     3     2    38    40
    27     4     0     2     0     7     3    33    36    41
    28     2     2     8     0     6     3    29    38    46
    29     6     7     7     5     6     3    35    37    57
    30    10     0     2     0     0     3    31    32    37
    31     1     0    10    10     0     1    48
    32     9     0     2     9     0     3    45    46    59
    33     4    10     2     6     0     3    34    40    42
    34     7     3     0     0     4     2    57    58
    35     9     9     0     2     4     1    50
    36     5     8     1     0     0     2    39    44
    37     2     3     0     5    10     1    60
    38     2    10     5     4     0     3    50    52    53
    39     8     1     0     8     9     1    47
    40     9     7     9     8     1     2    43    46
    41     6    10     0     0     0     3    43    49    58
    42     9     3     5     0     0     3    44    45    47
    43     5     2     9     7     1     2    51    53
    44     2     5     9     4     8     1    56
    45     1     6     2     2     4     1    54
    46    10     0     2     0    10     1    52
    47     9     2     9     0     4     2    48    60
    48     2     7     6     0     9     3    49    50    58
    49     4    10     2     8     0     1    53
    50    10     7     5     0     1     1    59
    51     1     5     0     2     0     1    54
    52     8     1     6     3     2     1    55
    53     5    10    10     4     0     1    56
    54    10    10     4     0     4     1    55
    55     2     2     8     9     9     1    57
    56     6     9     7     9     5     1    59
    57     7     3     0     1     5     1    60
    58    10     2     5     8     0     1    61
    59     9     0     1     0     3     1    61
    60     9     2     4     7     4     1    61
    61     0     0     0     0     0     0
--------------------------------------------------------------------------------
INFORMATION OF PROJECT 8:
#jobs  release  duedate
    62     0    66
#local resources
     2
R_L1   R_L2   
    47    41
jobnr.  dur.  r_G1  r_G2  r_L1  r_L2  #succ.  successors
     0     0     0     0     0     0     3     1     2     3
     1     6    10     6     8     6     1    18
     2     1     8     5     8     6     1     4
     3    10     6    10     8     6     3     7     8    16
     4     2     3     7     1     5     3     5     6    10
     5    10     5     3     4     4     3     9    13    23
     6     8    10    10     8     3     3    11    21    31
     7     9     3     4     8     9     2    19    60
     8    10     2     1     6    10     3    12    15    20
     9     4     3     8     7     2     2    17    28
    10     1     5     8     3     4     1    29
    11     4     5     3     5     7     2    14    17
    12     4     2     7     4     6     3    42    44    45
    13     5     7     6     7     7     2    40    57
    14     6     3     6     9     7     1    30
    15     3     9     9     2     2     1    32
    16     9     6     8     7    10     2    24    25
    17     6     7     2     7    10     1    18
    18     9     7    10     3     7     1    56
    19     1     2     2     2     7     2    27    35
    20     7     5     7     2    10     2    39    48
    21     4     9     1     1     4     3    22    34    47
    22     1     2     7     8     9     1    28
    23    10     9     1     9     1     2    26    59
    24     9     6     5     1     1     1    53
    25     4     2     8     4     6     1    27
    26    10     5     5     7     8     1    38
    27     8     3     7     7     7     3    33    49    50
    28     1     7     5     8     2     2    37    43
    29     7     7     7     1     4     1    50
    30     2     6    10    10     7     1    36
    31     8     6     7    10     6     1    35
    32     2     3     2     3     2     1    51
    33     1     3     1     6     4     1    52
    34    10     6     8     2     2     1    37
    35     2     8    10     2     2     1    52
    36     1     5     3     6    10     2    41    44
    37     3     7     6     2     3     1    46
    38     1     3     8     7     5     1    44
    39     4     1     1     9     5     2    50    54
    40    10     8     2     9     1     1    41
    41     2    10     5     8    10     1    43
    42     8     6     2     6    10     2    46    56
    43     9     5     3     6     7     1    55
    44     2     5     9     1     1     1    49
    45     9     3     9     1     2     1    53
    46     5     9     1     6     6     3    54    55    58
    47     5     9     6    10     7     1    53
    48     4     1     8     8     4     1    49
    49     4     9     2     1     9     1    56
    50     9     9     1     6     6     1    57
    51     3     4     3     3    10     1    57
    52     7     2     4     4     7     1    59
    53     8     1    10     1     7     1    54
    54     8    10     6    10     6     1    60
    55     2     3    10     5     9     1    60
    56    10     7     4     5     3     1    58
    57     4     2    10     7    10     1    58
    58     9     3     6     6     6     1    61
    59    10     9     3     6     2     1    61
    60     1     6     9     6     7     1    61
    61     0     0     0     0     0     0
--------------------------------------------------------------------------------
INFORMATION OF PROJECT 9:
#jobs  release  duedate
    62     0   104
#local resources
     2
R_L1   R_L2   
    16    14
jobnr.  dur.  r_G1  r_G2  r_L1  r_L2  #succ.  successors
     0     0     0     0     0     0     3     1     2     3
     1     6     5     5     4     0     3     4     8    10
     2     7     0     8     7     0     3     5     6    34
     3     4     8     9     9     2     3     7    17    26
     4     9    10    10     5    10     2     9    13
     5     5     1     2     0     5     1    20
     6     3     0     6     5     0     1    57
     7     2     0     7     1     1     1    59
     8     2     7     4     5     0     3    11    12    33
     9     3     1     0     2     7     1    51
    10     4     9     0     6     0     2    14    29
    11     1     9     5     2     1     3    18    34    51
    12     5     2     0     9     1     2    27    31
    13     6     7     4    10     3     3    18    28    53
    14     7     8     9     2     0     2    15    16
    15     5     3     6     7     5     2    19    38
    16     4     8     1     4     0     2    21    22
    17     5     3     0     9     0     3    24    47    55
    18     1     0     8     5     7     3    19    46    48
    19     7     0     5     0     0     2    31    43
    20     3     7     0     8     1     3    25    32    38
    21     3     3     7     9     8     1    36
    22     9     6     8     4     1     2    23    27
    23     2     7     3     5     7     3    35    46    60
    24     4    10    10     0     8     1    39
    25     7     0    10     2     6     3    28    37    41
    26     2     2     6     0     6     1    42
    27     2     0     9     0     5     3    37    49    54
    28     8     7     2     3     6     3    30    39    42
    29     5     0     1     0     1     1    52
    30     1     2     0     4     0     3    36    43    44
    31     6     0     0     5     3     1    41
    32     5     4    10     7     1     3    44    45    48
    33     7     9     7     6     3     1    41
    34     1     6     9     6     1     1    42
    35    10     7     4     0     4     3    36    37    40
    36     8     8     2     7     0     1    48
    37     4    10     2     0     9     3    43    45    58
    38     7    10     6     3     6     3    44    47    52
    39     7     3     0     5     9     1    54
    40     5     6     0     7     0     2    45    47
    41     1     7     1    10     2     1    59
    42     6     0     5     0     0     1    54
    43     3    10     9     1     4     1    55
    44     3    10    10     7     3     2    46    57
    45     1     0     0     5     0     1    53
    46     2     0     1     9     0     1    56
    47     9     0     6     6     4     1    51
    48     2     2     4     3     8     2    50    52
    49     6     0     0     3     3     3    50    53    57
    50     4     8     4     5     0     1    56
    51     2     0     1    10     0     1    58
    52     4     2     7     0     3     1    56
    53     6     1     4    10     2     1    55
    54     3     8    10     6     8     1    60
    55     4     7     0     5     0     1    59
    56     6     7     2     0     3     1    58
    57     9     4     0     2     1     1    60
    58     7     5     4     6     8     1    61
    59     9     4     8     4     3     1    61
    60     8     3     1     0     0     1    61
    61     0     0     0     0     0     0
--------------------------------------------------------------------------------
INFORMATION OF PROJECT 10:
#jobs  release  duedate
    62     0   103
#local resources
     2
R_L1   R_L2   
    18    19
jobnr.  dur.  r_G1  r_G2  r_L1  r_L2  #succ.  successors
     0     0     0     0     0     0     3     1     2     3
     1     2     5     2     0     1     3     5    12    20
     2     1     1     2     0     8     3     4     7    27
     3     8     7    10     2     1     3    18    36    38
     4     6     0     8     4     1     3     6    10    15
     5     9    10     7     3     9     3     8    17    19
     6     3    10     0     8     6     3    16    21    56
     7     7     8     0     0     1     3     9    33    47
     8     4     9     4     0     3     3    11    31    51
     9     6     6     0     9    10     3    21    49    57
    10     1     4     0     2     5     3    14    18    45
    11     2     0     1     6     9     3    26    28    34
    12     6     0     8    10     2     3    13    22    29
    13     1     0     0     0     3     3    23    27    33
    14     6     6     1     0     7     3    19    21    40
    15     1     4     9     8     9     3    23    30    49
    16    10     1     4     5     8     3    24    26    32
    17     7     7     3     3     6     3    27    31    43
    18     1     3     0    10     8     3    37    44    54
    19     9     0     5     3     0     3    25    30    44
    20     8     4     7     0     5     2    28    58
    21     5     0     7     1     4     3    24    26    29
    22     6     9     6     2     8     3    33    35    38
    23     8    10     2     4     3     3    34    43    59
    24     3     7     5    10     4     3    31    41    52
    25     2     0     4     0     3     3    36    41    46
    26     8    10     7     3     2     1    59
    27     7     8     0     8    10     3    45    52    54
    28     8     7     0     3     9     3    30    32    47
    29     3     4     6     7     8     2    32    41
    30     5     5     1     7    10     1    53
    31     2     0     5     7     1     1    55
    32     2    10     2     0     0     2    39    44
    33     4     5     2     7     7     3    34    36    48
    34     7     0     5     2     0     2    42    45
    35    10     0     2     1     0     3    37    39    42
    36    10     0     3    10     6     2    42    50
    37     2     9     0     0    10     3    40    47    50
    38     9     5     8     0     9     3    39    46    55
    39     8     5     6     9     8     1    60
    40     8     5    10     8     2     3    43    46    57
    41     7     2     9     0     0     1    55
    42     3     8     6     5     6     1    54
    43     4     2    10     7     0     1    51
    44     1     3     0     8     3     1    60
    45     7     7     9     0     9     1    57
    46     3     0     8     8     1     1    48
    47     7     2     0     7     0     1    48
    48    10     6     0     5     8     1    49
    49     1     5     8    10     9     2    52    53
    50     7     0     0     8     3     1    51
    51     3     7     0     2    10     1    53
    52     6     0     0     4     5     1    59
    53     1     0    10     0     7     1    56
    54     3     6    10     4     8     1    56
    55     9     7     0     0     1     1    58
    56     1     3     2     9     3     1    60
    57     4     0     8     7     0     1    58
    58     1     6     1     0     2     1    61
    59     4     0    10     0     9     1    61
    60     7     6    10     6     0     1    61
    61     0     0     0     0     0     0
--------------------------------------------------------------------------------
TRANSFER TIMES OF GLOBAL RESOURCE G1
 DEPOT    P1    P2    P3    P4    P5    P6    P7    P8    P9   P10
     0     5     4     7     9     6     7    11    10     4     5
     5     0     8    10    12     2     3    10    14     8     3
     4     8     0     8    10     8    10    14     7     1     9
     7    10     8     0     3    12    12    10    13     8     9
     9    12    10     3     0    14    14    11    13    10    11
     6     2     8    12    14     0     4    12    14     8     5
     7     3    10    12    14     4     0     9    17    10     4
    11    10    14    10    11    12     9     0    20    14     7
    10    14     7    13    13    14    17    20     0     7    15
     4     8     1     8    10     8    10    14     7     0     9
     5     3     9     9    11     5     4     7    15     9     0
--------------------------------------------------------------------------------
TRANSFER TIMES OF GLOBAL RESOURCE G2
 DEPOT    P1    P2    P3    P4    P5    P6    P7    P8    P9   P10
     0     5     5    13    11     7     6     7     9    12     8
     5     0     4    14    15    10     2     7    11    16     5
     5     4     0    10    14    11     3     3    13    14     3
    13    14    10     0    19    19    12     7    22    17    10
    11    15    14    19     0     8    16    16    11     5    17
     7    10    11    19     8     0    12    13     4    11    14
     6     2     3    12    16    12     0     5    13    17     3
     7     7     3     7    16    13     5     0    16    15     4
     9    11    13    22    11     4    13    16     0    14    16
    12    16    14    17     5    11    17    15    14     0    17
     8     5     3    10    17    14     3     4    16    17     0
--------------------------------------------------------------------------------
Additional Information: 
global resource strength = 0.5
transfer time factor = 0.2
adapted from RCPSP instances: 
[j609_5, j6029_8, j6042_10, j6029_6, j6014_6, j6029_4, j6041_7, j6014_1, j6025_9, j6041_3]
