--------------------------------------------------------------------------------
PORTFOLIO INFORMATION:
#projects
    10
#global resources
     2
R_G1   R_G2   
   122   131
--------------------------------------------------------------------------------
INFORMATION OF PROJECT 1:
#jobs  release  duedate
    62     0   122
#local resources
     2
R_L1   R_L2   
    20    22
jobnr.  dur.  r_G1  r_G2  r_L1  r_L2  #succ.  successors
     0     0     0     0     0     0     3     1     2     3
     1     3    10     5     1     1     3     4    17    23
     2     1     4    10     2     2     3     5    11    12
     3    10     2     2     3     7     1    43
     4     5     8     6     6     8     2     9    32
     5     5     1     5     5     8     3     6     7    29
     6     5     5     2    10     4     3     8    10    16
     7    10     6     3     4     3     2    34    44
     8     2     2     1     6     5     1    50
     9     9     9     6    10     3     3    13    14    19
    10     4     7    10     5     9     3    19    21    26
    11     6     4     3     9     3     1    36
    12    10     6    10     7     8     1    15
    13     4     6     3     4    10     3    42    50    59
    14     2     2     2     1     4     1    21
    15     4     3     8     5     3     1    58
    16    10     7     9     8     5     3    18    25    38
    17     3     8    10     8     7     2    30    45
    18     6     1     7     4     6     3    20    24    27
    19    10     2     3     3     5     2    31    47
    20     6     8    10     6     6     2    22    54
    21     9     3     2     9     7     1    50
    22     8     4     7     1     5     1    49
    23     9     2     2     6    10     1    35
    24     4     3     1     7     7     1    45
    25     8     2     3     1     5     1    58
    26     8     5     7     9     5     2    28    48
    27     5     4     8     3     1     1    33
    28     9     6     3     3     9     2    36    56
    29     4     9     5     4     9     1    40
    30     1     7     4     9     2     1    44
    31    10     2     2     6     6     1    42
    32     6     4     5     3     7     2    41    53
    33     4     9     8     7     5     1    39
    34     1     9     4     9     8     2    37    57
    35     2     5     4     4     7     1    45
    36     7     9     9    10     8     1    43
    37     8     7     1     6     9     1    38
    38     3     2     1     3     3     3    41    51    55
    39     1     4     2     6     9     1    51
    40     4     2    10     9    10     1    46
    41     2     1     3     3     8     1    52
    42     9     5     1     9     1     1    54
    43     5     8     8     9     6     1    54
    44    10     6     7     6     2     1    46
    45     9     1     5     2    10     1    49
    46     7    10     1     1    10     1    49
    47    10     6     5    10     7     1    56
    48     7     7     4     7     9     2    52    60
    49     1     8     1     2    10     1    58
    50    10     1    10     9     3     1    51
    51    10     4     4    10     7     1    53
    52     7     5    10    10    10     1    59
    53     5     9     1     8     1     1    60
    54     3     7    10     1     8     1    55
    55     3     2     9     2     2     1    60
    56     4    10     5     9     3     1    57
    57     8     5     1     9     4     1    59
    58     2     3     5     4    10     1    61
    59     6     4     9     5     8     1    61
    60    10     2     4     8     7     1    61
    61     0     0     0     0     0     0
--------------------------------------------------------------------------------
INFORMATION OF PROJECT 2:
#jobs  release  duedate
    62     0    99
#local resources
     2
R_L1   R_L2   
    24    24
jobnr.  dur.  r_G1  r_G2  r_L1  r_L2  #succ.  successors
     0     0     0     0     0     0     3     1     2     3
     1     3     8     8     6     1     3     4     5    39
     2     8     3     7     7     6     3     6     8    17
     3     1     8     4     9     8     3     9    10    13
     4     7     7     5     4     2     1    18
     5     8     5     6     4     6     3     7    11    19
     6     1     4     1     4     1     1    43
     7     3    10     8     4     5     3    15    23    45
     8     7    10     2    10     8     3    16    40    56
     9     6     1    10     3     1     3    14    25    48
    10     7     1     5     8     4     3    12    44    46
    11     8     6     6     7     7     2    21    33
    12     7     2     8     5     1     1    24
    13     9     9     2     7     4     3    34    44    55
    14     6     8     2     4     6     1    34
    15     2     4     2    10    10     1    50
    16     1     5     3     4     6     1    20
    17     5     4     4     4     8     1    33
    18     7     1     7     6     3     3    28    30    31
    19     1     8     4     4     7     1    27
    20     3     2     5     2     4     2    58    60
    21     1     3    10     9     9     1    22
    22     4     3     5     3     1     1    52
    23     2     5     6     8     7     1    26
    24     7    10     6     9     8     1    25
    25     7     8    10    10    10     3    35    37    58
    26     8     1     6     8     5     3    29    41    49
    27    10     6     1    10     6     1    53
    28     3     1     5     8     9     2    36    50
    29     6     6     7     9     4     1    32
    30     1     3     1     1     4     1    38
    31     7     4     9     7     2     1    60
    32     2    10     7     6    10     1    54
    33     3     3     5     8     3     2    44    47
    34     8     3     3     8     6     1    57
    35     1     4     9     1     3     1    42
    36     3     3     9     2     9     1    43
    37     3     8     1     4     2     1    41
    38     3     9     7     5     7     1    56
    39     9     5     2     3     9     1    43
    40     1     5    10     9    10     1    51
    41     9     6    10     1     2     1    51
    42    10     1     1     4     2     1    54
    43     7     6     5     9     5     1    51
    44     4     3     5     6     9     1    53
    45     2     8    10     7     7     1    52
    46     8     6     6     2    10     2    50    55
    47     5     1     8     9     1     1    52
    48     6     7     4     2     8     1    49
    49     9     1     1    10     4     1    54
    50     7     7     9     4     7     2    53    60
    51    10     6    10     1     4     1    57
    52     7     3     1     9     9     1    59
    53    10     4    10     4     8     1    58
    54     2     2     6     8     1     1    56
    55     7     6     1     8     4     1    57
    56     3     8     4     2     1     1    59
    57     2     9     1     7     6     1    59
    58    10     1     4     3     1     1    61
    59     8     7     5     5     5     1    61
    60     9     5     1     9     7     1    61
    61     0     0     0     0     0     0
--------------------------------------------------------------------------------
INFORMATION OF PROJECT 3:
#jobs  release  duedate
    62     0   104
#local resources
     2
R_L1   R_L2   
    16    18
jobnr.  dur.  r_G1  r_G2  r_L1  r_L2  #succ.  successors
     0     0     0     0     0     0     3     1     2     3
     1     8     0     6     5     0     3     4     6    10
     2     9     5     9     0     0     1    11
     3     3     0     2     6     0     3     5     7    18
     4    10     5     1     1    10     2    22    29
     5     9     5     1     0     8     3    13    40    47
     6     7     9     4     7     0     3     9    27    37
     7     1    10     3     9     9     3     8    20    32
     8     8     3     0     3     6     2    16    26
     9     6     1    10     4     8     3    14    24    25
    10     9     2    10     3     6     3    21    29    30
    11     2    10     0    10     0     3    12    37    56
    12     8     0     7     3     6     1    59
    13     2     4     6     0     7     2    15    48
    14     1     2     3     3     5     1    51
    15     8     7     1     6     0     3    17    51    58
    16     6     9     2     4     6     2    42    55
    17     2     0     1    10    10     2    22    23
    18     7     4     0     0     4     3    19    46    50
    19     3    10     7     9     6     2    32    39
    20     8     9     9     1     2     1    52
    21    10     5     0     4     6     2    44    59
    22     7     3     7     6     6     2    36    53
    23     8     0     5     8     6     2    36    37
    24     2     0     9     6     3     3    36    39    43
    25     9     8     3     0     0     3    28    41    48
    26     8     5     8     0     2     1    34
    27     2    10     5     0     2     3    33    44    49
    28     3     0     4     0     7     3    34    40    55
    29     5     0     0     7     5     2    33    35
    30     6     0     8     0     1     2    31    46
    31     3     3     5     6     0     3    39    41    42
    32     9     0     9     6    10     1    51
    33     4     4    10     2     7     3    34    42    54
    34    10     9     2     2     0     1    57
    35     2     1     9     3     8     1    38
    36     3     4     3     8     4     1    54
    37     2     5     0     0     7     1    53
    38     1     6     8     2     0     2    46    48
    39     2     8    10     1     6     2    40    45
    40     8     0     6     0     9     1    56
    41     7     3     9     7     0     1    45
    42     9     7     1     6     5     1    47
    43    10     1    10     5     7     3    44    47    50
    44     1     4     2     5     4     1    45
    45     9     0     5     4     6     1    52
    46     3     0     5     1     1     1    49
    47     9     0     0    10     0     1    57
    48     9     1     4     0     8     2    50    53
    49     9     2     6     7     5     1    52
    50     1     0     0     0     1     1    54
    51     4    10     9     2     0     1    60
    52     1     3     6     0     8     1    56
    53     7     0     0     8     9     1    60
    54     1     9     3     9     2     2    55    59
    55     2     0     8     3     2     1    60
    56     1    10     5     0     6     1    57
    57     1     0     1     0     1     1    58
    58     8     1     0     9     1     1    61
    59     9     4     6    10     0     1    61
    60     4     5     2     7     0     1    61
    61     0     0     0     0     0     0
--------------------------------------------------------------------------------
INFORMATION OF PROJECT 4:
#jobs  release  duedate
    62     0   119
#local resources
     2
R_L1   R_L2   
    15    18
jobnr.  dur.  r_G1  r_G2  r_L1  r_L2  #succ.  successors
     0     0     0     0     0     0     3     1     2     3
     1     4     0     8     7     8     3     4     7    27
     2     3     7     2     0     8     3     5     6    10
     3     3     0    10     4     9     1    54
     4    10     0     7     8     1     3     6    12    60
     5     2     2    10     7     4     2     8    44
     6     1     4     1     0     4     3     9    28    39
     7     1     1     0     7     1     3    11    32    38
     8     6     2     5     7     0     3    13    20    23
     9     9     5     3     3     7     1    13
    10     8     9     6     3     8     2    17    18
    11     3     6    10     8     0     1    35
    12     9     0     6     0     7     3    14    18    19
    13     2     5     0     5     7     2    25    31
    14     3     6     1     2    10     3    15    16    38
    15     2     4     5     0     7     2    22    47
    16     6     4    10     0    10     3    26    29    37
    17     7     6     8     5     0     3    21    39    54
    18     1     0     2     8     1     2    22    33
    19     3     6    10     2     8     2    40    45
    20     1     2     5    10     6     2    27    40
    21     8     7     8     8    10     3    22    27    33
    22     5     0     1     3    10     1    24
    23     5     1     9     2     9     1    35
    24     5     6     4    10     6     3    32    46    56
    25     7     9    10     4     0     2    30    40
    26     4     1     0     0     0     2    33    36
    27     6     6     7     5     2     3    42    48    50
    28     4    10     5     0     9     2    35    53
    29     6     5     0     3     9     3    34    36    47
    30     2     7     2    10     5     2    43    52
    31     6    10     0     9     0     2    47    54
    32     9     0     0     6     1     2    37    43
    33     6     1     3     6     1     2    50    57
    34     1     2     0     1     0     1    51
    35     7     3     3     4     0     1    55
    36     9     4     1     7     4     3    39    43    46
    37     7     6     6     9     9     2    41    52
    38     1     3     4     0     9     1    42
    39     4     0     1     1     0     1    41
    40     1     0     9     0     5     1    48
    41     4     0     5     3     1     1    53
    42     7     8     0     0     9     1    55
    43     8     8     0     8     1     2    50    51
    44     1     9     1     8     1     1    56
    45     9     0     0     4     5     2    46    48
    46     2     5     0     7     8     1    49
    47     9    10     0     8     5     1    55
    48    10     8     0     5     0     1    57
    49     9     0     2     0     6     2    51    52
    50     5     0     0     7     6     1    53
    51     2    10     2     0     0     1    57
    52     6     7     1    10     7     2    58    59
    53     3     9     0     0     6     1    59
    54     3     0     2     7    10     1    58
    55     1     7     7     3     0     1    56
    56     3    10     0     6     6     1    58
    57    10     1     7     6     0     1    59
    58     7     0     0     1     1     1    61
    59     1     3     2     7     0     1    61
    60     5     3     4     9     7     1    61
    61     0     0     0     0     0     0
--------------------------------------------------------------------------------
INFORMATION OF PROJECT 5:
#jobs  release  duedate
    62     0   113
#local resources
     2
R_L1   R_L2   
    21    17
jobnr.  dur.  r_G1  r_G2  r_L1  r_L2  #succ.  successors
     0     0     0     0     0     0     3     1     2     3
     1     9     8    10     0     3     2     7     8
     2     7     8     7     0     3     3     6     8    10
     3     9     5     6     0     0     3     4    17    47
     4     3     4     8     3     5     3     5     9    10
     5     3     9     0     2     1     1    35
     6     3     5     1     3     0     3    11    17    31
     7     1     4     8     5     0     2    11    21
     8     9     1     7     1     0     1    24
     9     9     2     0     5     8     1    25
    10     9     2     2     4     1     2    37    54
    11     8     9     2     0     5     3    12    13    25
    12     7     5    10     0     0     3    15    19    23
    13     2     2     4     9     3     3    14    16    33
    14     6     0     0     0     3     3    28    30    41
    15     9     0     7     7     9     3    18    55    59
    16    10     2     1    10     6     3    24    29    43
    17     9     0     2     8     1     2    35    60
    18     3     0     9     9     5     3    22    45    49
    19     2     9     3    10     0     3    20    29    50
    20     7     9    10     5     7     1    40
    21     8     4     2     3     8     3    23    27    51
    22     9     6     3     0     5     3    26    34    43
    23    10     0     6     5     4     1    39
    24     4     4     1     6     3     2    30    37
    25     5     9     0     4     9     2    29    46
    26     8    10     2     8     5     1    53
    27     7     7     6     3     3     3    31    32    46
    28     8     2     5     7     1     1    34
    29     2     6     4     0     3     3    51    52    55
    30    10     0     7     2     0     1    36
    31     1     3     7     2     6     2    36    43
    32     3     6     0     9     2     1    41
    33     7     0     3     9     7     3    35    37    38
    34     5     7     3     1     4     3    38    39    40
    35     8    10    10     4     0     2    44    56
    36     2     5     2     0     0     2    40    48
    37     7    10     0     3     2     1    50
    38     3     1     8     8     4     1    52
    39     2     0     7     0    10     1    54
    40     8     1     4     1     0     1    58
    41     3    10     2     7     0     1    42
    42     9     5     9     0     6     1    47
    43     7    10     1     8     0     1    44
    44    10     8     4     7     0     1    57
    45     9     5     6     1     0     1    48
    46     7     0     3     9     0     1    60
    47     7     6     3     2     0     1    59
    48     7     4     0     2     0     1    53
    49     5     6     1     1     7     2    52    57
    50     4     0     2     9     8     2    51    55
    51     1     0     8     0     8     2    56    59
    52     2     1     5     4     7     1    53
    53     8     5     5     5     0     1    54
    54     4     0     0     2     0     1    56
    55     2     7     9     5     7     2    57    60
    56     1     0     0     2     4     1    58
    57     8     1     2     0     7     1    58
    58     6     0     0     2     0     1    61
    59     8     0     3     9    10     1    61
    60     2     4     8     6     0     1    61
    61     0     0     0     0     0     0
--------------------------------------------------------------------------------
INFORMATION OF PROJECT 6:
#jobs  release  duedate
    62     0   101
#local resources
     2
R_L1   R_L2   
    20    21
jobnr.  dur.  r_G1  r_G2  r_L1  r_L2  #succ.  successors
     0     0     0     0     0     0     3     1     2     3
     1     1     1     2     8     8     3     4     9    10
     2     4     4    10     7     9     3    34    41    42
     3     4     2     1     1     4     3     6     8    35
     4     1     7     6     3     5     3     5    22    52
     5     1     7     7     4     5     3    12    16    25
     6     5    10     3     6    10     3     7    13    31
     7     1    10     3    10     7     3    11    20    21
     8     1     4     5     6     1     3    16    18    21
     9     8     7    10     9     3     3    14    19    38
    10     9     7     7     9     1     3    15    38    50
    11     4     5     1     9     5     1    48
    12     8     8     3     1     9     3    17    27    38
    13     9     5    10     6     2     3    20    24    54
    14     6     2     2    10     9     3    26    33    37
    15     5     4     3     1     8     3    29    40    53
    16    10    10     5     2     5     3    17    20    34
    17     6     2     9     2     4     3    19    31    32
    18     4     3     2     8     5     3    23    24    27
    19     6     1     4     8     1     1    48
    20     3     6     2     9     4     2    28    39
    21    10     7     6     1     5     3    30    42    43
    22     7     8     5     4     3     3    25    29    36
    23     6    10     3     4    10     3    28    39    47
    24     4     4     1     7    10     3    26    29    30
    25     2     8    10     3     8     2    31    57
    26     7     6     1     4     6     3    34    42    43
    27     6     5     9     8     1     3    28    32    49
    28     4     8     7     2     1     1    30
    29     3     3     4     4     9     3    32    33    56
    30    10     7     1     7     6     2    33    44
    31     9     6     2    10     3     1    48
    32     4     3     2     8    10     1    60
    33     7     6    10     1     5     1    51
    34     2    10     4     6    10     2    36    40
    35     6     6     5     7    10     3    36    37    56
    36     6     4     2     3     9     1    51
    37     1     1     7    10     1     3    44    52    54
    38     2    10     3     8     1     1    39
    39     7     1     7     2     3     2    40    53
    40     1    10     7    10     8     2    49    59
    41     7     8     6     6     4     3    46    47    54
    42    10     2     6     4     7     2    46    49
    43     8     9     4     1     2     3    44    45    55
    44     8     8     7     7     4     1    53
    45     5     8     2     8     3     2    46    47
    46     3     2     6     3     5     1    50
    47     5     1     4     9     4     2    50    58
    48     1     4     5     3     4     1    59
    49     4     6     1     4     8     2    51    55
    50     8     5     4     2     6     2    52    56
    51     1     8     9     9    10     1    58
    52    10     3     8     8     5     1    59
    53     4    10     3     8     2     1    60
    54     2    10     5     3     1     2    55    58
    55     8     2     9     1     2     1    57
    56     2     3     8     2     2     1    57
    57     4     6     1     4     9     1    60
    58     4     8    10     9     7     1    61
    59     6     4     8     6     1     1    61
    60     5     7    10     3     5     1    61
    61     0     0     0     0     0     0
--------------------------------------------------------------------------------
INFORMATION OF PROJECT 7:
#jobs  release  duedate
    62     0   103
#local resources
     2
R_L1   R_L2   
    33    24
jobnr.  dur.  r_G1  r_G2  r_L1  r_L2  #succ.  successors
     0     0     0     0     0     0     3     1     2     3
     1    10     9     3     3     1     2     4     5
     2     8     8     1     5     9     1    25
     3     7     6     1     5     8     3     6    14    20
     4     3     4    10    10     2     2     7    32
     5     1     3     2     4     3     3    15    29    46
     6     2     7    10     2     4     3    12    26    34
     7     4     9     4     5    10     3     8    10    13
     8    10     4    10     5     6     2     9    45
     9     9     8     3     3     8     3    11    23    31
    10     3    10     8     6     2     3    16    25    30
    11     5     1     5     4    10     2    17    44
    12     3     5     2     2     7     2    19    37
    13     9     9     6     9     1     2    36    59
    14     6     3     9     9     4     2    46    49
    15     8     4     6     5     1     3    24    36    60
    16     3     8     3     7     1     3    31    38    51
    17     2     9     2     4     4     2    18    41
    18     1     1     2    10    10     3    27    33    40
    19     9     3     7     4     3     1    28
    20     6     5    10     9    10     2    21    30
    21     9     9     7     4     6     3    22    42    54
    22     6     5     9     8     1     1    24
    23     8     1     4     4     8     1    48
    24     7    10    10     6     7     1    58
    25    10     5     7    10     9     2    26    39
    26     7     8     7     9     2     3    31    41    45
    27     1     3     2    10     6     2    34    36
    28    10     7     2     5     2     3    38    46    47
    29     4     4     4     9    10     1    43
    30     1     1     1     4     2     2    35    39
    31     5     4     8     5     6     1    47
    32    10     2     8     7     7     2    52    57
    33     1     4     3    10     6     2    39    54
    34     7     6     7     8     9     2    37    50
    35     6     8     4     4     2     3    43    44    48
    36     5     1    10     6     7     1    53
    37     6     3     6     4     3     1    52
    38     3     9     2     9     7     1    42
    39     2     6     6     7     4     1    55
    40     6     5     8     9     2     1    48
    41     1     5     5     3     4     3    42    51    52
    42     8    10     5     8     5     1    50
    43     4    10     4     9     6     1    49
    44     9     8     6     6     4     1    55
    45     7     6    10     9     5     2    47    56
    46    10     8     7     4     6     2    53    59
    47     7     5     2     6     6     2    53    59
    48    10     9     6     8     1     1    49
    49     6     6     4     8     9     3    50    51    56
    50     5     2     6     9     5     1    55
    51     6     1     4     7     5     1    54
    52     6     6     8     5     8     1    56
    53     8     7     8     9     2     1    58
    54    10     9     3    10     6     1    57
    55     2     3     3     4    10     1    57
    56     2     1     3     9     6     1    60
    57     9    10     1     3     6     2    58    60
    58     3     8     8     2     1     1    61
    59     9     2     1     9     5     1    61
    60     7     2     2     6     7     1    61
    61     0     0     0     0     0     0
--------------------------------------------------------------------------------
INFORMATION OF PROJECT 8:
#jobs  release  duedate
    62     0   104
#local resources
     2
R_L1   R_L2   
    17    17
jobnr.  dur.  r_G1  r_G2  r_L1  r_L2  #succ.  successors
     0     0     0     0     0     0     3     1     2     3
     1     6     4     0     5     5     3     4     8    10
     2     7     7     0     0     8     3     5     6    34
     3     4     9     2     8     9     3     7    17    26
     4     9     5    10    10    10     2     9    13
     5     5     0     5     1     2     1    20
     6     3     5     0     0     6     1    57
     7     2     1     1     0     7     1    59
     8     2     5     0     7     4     3    11    12    33
     9     3     2     7     1     0     1    51
    10     4     6     0     9     0     2    14    29
    11     1     2     1     9     5     3    18    34    51
    12     5     9     1     2     0     2    27    31
    13     6    10     3     7     4     3    18    28    53
    14     7     2     0     8     9     2    15    16
    15     5     7     5     3     6     2    19    38
    16     4     4     0     8     1     2    21    22
    17     5     9     0     3     0     3    24    47    55
    18     1     5     7     0     8     3    19    46    48
    19     7     0     0     0     5     2    31    43
    20     3     8     1     7     0     3    25    32    38
    21     3     9     8     3     7     1    36
    22     9     4     1     6     8     2    23    27
    23     2     5     7     7     3     3    35    46    60
    24     4     0     8    10    10     1    39
    25     7     2     6     0    10     3    28    37    41
    26     2     0     6     2     6     1    42
    27     2     0     5     0     9     3    37    49    54
    28     8     3     6     7     2     3    30    39    42
    29     5     0     1     0     1     1    52
    30     1     4     0     2     0     3    36    43    44
    31     6     5     3     0     0     1    41
    32     5     7     1     4    10     3    44    45    48
    33     7     6     3     9     7     1    41
    34     1     6     1     6     9     1    42
    35    10     0     4     7     4     3    36    37    40
    36     8     7     0     8     2     1    48
    37     4     0     9    10     2     3    43    45    58
    38     7     3     6    10     6     3    44    47    52
    39     7     5     9     3     0     1    54
    40     5     7     0     6     0     2    45    47
    41     1    10     2     7     1     1    59
    42     6     0     0     0     5     1    54
    43     3     1     4    10     9     1    55
    44     3     7     3    10    10     2    46    57
    45     1     5     0     0     0     1    53
    46     2     9     0     0     1     1    56
    47     9     6     4     0     6     1    51
    48     2     3     8     2     4     2    50    52
    49     6     3     3     0     0     3    50    53    57
    50     4     5     0     8     4     1    56
    51     2    10     0     0     1     1    58
    52     4     0     3     2     7     1    56
    53     6    10     2     1     4     1    55
    54     3     6     8     8    10     1    60
    55     4     5     0     7     0     1    59
    56     6     0     3     7     2     1    58
    57     9     2     1     4     0     1    60
    58     7     6     8     5     4     1    61
    59     9     4     3     4     8     1    61
    60     8     0     0     3     1     1    61
    61     0     0     0     0     0     0
--------------------------------------------------------------------------------
INFORMATION OF PROJECT 9:
#jobs  release  duedate
    62     0    66
#local resources
     2
R_L1   R_L2   
    40    37
jobnr.  dur.  r_G1  r_G2  r_L1  r_L2  #succ.  successors
     0     0     0     0     0     0     3     1     2     3
     1     5     9     8    10     2     3     4     6    31
     2     7     7     9     6     8     3     5    11    22
     3     1    10     3     3     2     3    14    19    44
     4    10     4     9     5     8     1    58
     5     1    10     8     6    10     3     7     8     9
     6     6     4     9     8     2     1    13
     7     5    10     2     3     7     2    12    21
     8     2     2     4     3     5     3    13    20    30
     9     2     9     7     6     8     2    10    27
    10     5     3     6     9     3     2    18    41
    11     7     3     8     4     8     2    49    57
    12     3     7     3     9     8     1    39
    13     3     4     1     6     1     2    15    55
    14     9     4     7     9     8     3    16    29    40
    15     7     2     4     6     3     3    17    32    38
    16     9     5     1     3     2     3    37    46    53
    17     9    10    10     8     1     3    23    25    36
    18     3     4     2     7     9     1    48
    19     6     4     7     6     7     1    30
    20     3    10     9     5     7     2    24    46
    21     3     1    10     5     7     1    28
    22     8     1    10     3     1     3    33    34    45
    23     9     8    10     8     5     1    35
    24     6    10    10     1     9     1    26
    25     7     5    10     8     8     1    54
    26     1     4     6     5     9     1    32
    27     8     7     8     8     4     1    48
    28     2     1     2     3     1     1    42
    29     7     2    10     2     3     1    30
    30     1     6     8     5     5     2    50    51
    31     4     6     5     8     3     1    34
    32     5     3     2     9     2     1    47
    33     9     6     1     2     5     1    40
    34     9     4     8     9     1     1    51
    35     9    10     9     8     9     1    52
    36    10     7     1     7    10     1    40
    37     2     6     1     6     2     1    42
    38     1     2    10     6     9     1    43
    39     1     8     8     8     1     1    47
    40     3     3     8     6     1     1    53
    41     5     4     1     8     8     1    59
    42     5    10     8     2     2     1    45
    43     6     3    10     6     3     2    52    54
    44     8     3     2     7    10     1    51
    45     9     4    10     3     3     1    47
    46     5     9     5     6     3     1    55
    47    10     4     9     8     4     1    52
    48     7    10     1    10     9     1    50
    49     2     1     1    10     4     1    50
    50     9    10     9     6     9     1    54
    51     4     2    10     3     1     1    60
    52     3     2     9     6     5     1    57
    53     1     5     4    10     4     1    56
    54     1     8     4    10     7     1    59
    55     6     6     7     2     7     2    58    59
    56     9     3    10     7     5     1    57
    57     2     5     3     1     6     2    58    60
    58     4     4     3     2     2     1    61
    59     5     8     8     1     5     1    61
    60     6     8     7     1     4     1    61
    61     0     0     0     0     0     0
--------------------------------------------------------------------------------
INFORMATION OF PROJECT 10:
#jobs  release  duedate
    62     0    87
#local resources
     2
R_L1   R_L2   
    19    19
jobnr.  dur.  r_G1  r_G2  r_L1  r_L2  #succ.  successors
     0     0     0     0     0     0     3     1     2     3
     1     9     0     5    10     0     1    16
     2     8     5     6    10     0     3     4     8    11
     3    10     8     7     4     7     3     7    26    28
     4     6     4     8     3     0     3     5     6    23
     5    10     1     8     9     1     3     9    10    60
     6     9     3     0     2     1     3    12    34    40
     7     1     4     6     0     8     2    15    32
     8    10     4     1     0     3     1    21
     9     2     0     3     1     6     1    41
    10     3     5     3     1     0     1    18
    11     3     5     2     9     6     3    14    16    53
    12     5     4     3     9     0     3    13    17    25
    13     6     4     0    10     5     3    45    50    59
    14     5     8     2     6    10     2    22    47
    15     8     0     0     2     2     1    47
    16     5     9     4     4     8     3    19    20    27
    17     2     1     5     4     4     3    41    46    55
    18     4     9     0     9     5     1    33
    19     7     1     4     1     0     2    35    39
    20     5     1     0     0     0     3    24    29    36
    21    10     4     0     0     4     1    30
    22     1     0     5    10     1     1    38
    23     6     9     8     6     4     1    24
    24     4     3     2     3     4     2    30    31
    25     2    10     8     0     3     1    41
    26     6     6     0     1     0     1    55
    27     4     0     0    10     7     1    46
    28     1     9     1     8     7     2    39    54
    29     7     8    10     0     1     2    49    51
    30     5     0    10     9    10     1    38
    31     4     4     2     3     1     1    57
    32     2    10     0     9     4     1    53
    33    10     9    10     0     8     1    40
    34     4     2    10    10     2     1    42
    35    10     0     8     1    10     1    40
    36     3     7     6     8     7     1    37
    37     5     5     0     0     7     1    49
    38     3     0     9     2    10     1    58
    39     8     0     0     2     9     1    43
    40     3     4     0     9     0     3    43    44    52
    41     1    10     6     8     6     1    45
    42     1     9    10     0     4     1    56
    43     5     6     8     0     2     1    56
    44     7     0     8     4     1     1    47
    45     2     2     0     2     4     1    51
    46     7     0     0     7     0     1    54
    47     5     8     2     6     9     1    48
    48     6     8     0     0     5     1    50
    49     6     4     8     7     0     1    59
    50     1    10     7     2     1     1    54
    51     1    10     8     0     8     1    56
    52     5     8     2     0     0     1    55
    53     2     0     2     0     2     1    60
    54     4     9     3     0    10     1    57
    55     3     0     4     3     0     1    59
    56     5     5     0     0     9     1    58
    57     1     9     8     9     3     1    58
    58     3     8     4     3     7     1    61
    59     2     6     0     1     1     1    61
    60     1     6     9     5     9     1    61
    61     0     0     0     0     0     0
--------------------------------------------------------------------------------
TRANSFER TIMES OF GLOBAL RESOURCE G1
 DEPOT    P1    P2    P3    P4    P5    P6    P7    P8    P9   P10
     0    19    13    17    12    16    13    18    26    27    13
    19     0    22    25     9    28    14     5    40    43    23
    13    22     0    30    20     7     9    24    36    22    26
    17    25    30     0    17    33    28    21    19    40     5
    12     9    20    17     0    25    13     7    32    38    15
    16    28     7    33    25     0    15    30    36    16    29
    13    14     9    28    13    15     0    16    38    31    24
    18     5    24    21     7    30    16     0    38    44    20
    26    40    36    19    32    36    38    38     0    35    18
    27    43    22    40    38    16    31    44    35     0    36
    13    23    26     5    15    29    24    20    18    36     0
--------------------------------------------------------------------------------
TRANSFER TIMES OF GLOBAL RESOURCE G2
 DEPOT    P1    P2    P3    P4    P5    P6    P7    P8    P9   P10
     0    25     4    30    26    10    19    23    27    22    21
    25     0    28    39    49    23    11    17    40    36    36
     4    28     0    33    26    14    20    26    24    19    18
    30    39    33     0    28    22    41    23    56    51    50
    26    49    26    28     0    27    45    40    43    40    38
    10    23    14    22    27     0    22    15    36    31    30
    19    11    20    41    45    22     0    22    29    25    26
    23    17    26    23    40    15    22     0    46    41    41
    27    40    24    56    43    36    29    46     0     5     7
    22    36    19    51    40    31    25    41     5     0     3
    21    36    18    50    38    30    26    41     7     3     0
--------------------------------------------------------------------------------
Additional Information: 
global resource strength = 0.5
transfer time factor = 0.5
adapted from RCPSP instances: 
[j6013_10, j6013_6, j6025_8, j6025_1, j6025_10, j6045_1, j6030_9, j6025_9, j6014_3, j609_2]
