--------------------------------------------------------------------------------
PORTFOLIO INFORMATION:
#projects
    12
#global resources
     2
R_G1   R_G2   
   130   125
--------------------------------------------------------------------------------
INFORMATION OF PROJECT 1:
#jobs  release  duedate
    62     0   122
#local resources
     2
R_L1   R_L2   
    22    19
jobnr.  dur.  r_G1  r_G2  r_L1  r_L2  #succ.  successors
     0     0     0     0     0     0     3     1     2     3
     1     3     1     5     1    10     3     4    17    23
     2     1     2    10     2     4     3     5    11    12
     3    10     3     2     7     2     1    43
     4     5     6     6     8     8     2     9    32
     5     5     5     5     8     1     3     6     7    29
     6     5    10     2     4     5     3     8    10    16
     7    10     4     3     3     6     2    34    44
     8     2     6     1     5     2     1    50
     9     9    10     6     3     9     3    13    14    19
    10     4     5    10     9     7     3    19    21    26
    11     6     9     3     3     4     1    36
    12    10     7    10     8     6     1    15
    13     4     4     3    10     6     3    42    50    59
    14     2     1     2     4     2     1    21
    15     4     5     8     3     3     1    58
    16    10     8     9     5     7     3    18    25    38
    17     3     8    10     7     8     2    30    45
    18     6     4     7     6     1     3    20    24    27
    19    10     3     3     5     2     2    31    47
    20     6     6    10     6     8     2    22    54
    21     9     9     2     7     3     1    50
    22     8     1     7     5     4     1    49
    23     9     6     2    10     2     1    35
    24     4     7     1     7     3     1    45
    25     8     1     3     5     2     1    58
    26     8     9     7     5     5     2    28    48
    27     5     3     8     1     4     1    33
    28     9     3     3     9     6     2    36    56
    29     4     4     5     9     9     1    40
    30     1     9     4     2     7     1    44
    31    10     6     2     6     2     1    42
    32     6     3     5     7     4     2    41    53
    33     4     7     8     5     9     1    39
    34     1     9     4     8     9     2    37    57
    35     2     4     4     7     5     1    45
    36     7    10     9     8     9     1    43
    37     8     6     1     9     7     1    38
    38     3     3     1     3     2     3    41    51    55
    39     1     6     2     9     4     1    51
    40     4     9    10    10     2     1    46
    41     2     3     3     8     1     1    52
    42     9     9     1     1     5     1    54
    43     5     9     8     6     8     1    54
    44    10     6     7     2     6     1    46
    45     9     2     5    10     1     1    49
    46     7     1     1    10    10     1    49
    47    10    10     5     7     6     1    56
    48     7     7     4     9     7     2    52    60
    49     1     2     1    10     8     1    58
    50    10     9    10     3     1     1    51
    51    10    10     4     7     4     1    53
    52     7    10    10    10     5     1    59
    53     5     8     1     1     9     1    60
    54     3     1    10     8     7     1    55
    55     3     2     9     2     2     1    60
    56     4     9     5     3    10     1    57
    57     8     9     1     4     5     1    59
    58     2     4     5    10     3     1    61
    59     6     5     9     8     4     1    61
    60    10     8     4     7     2     1    61
    61     0     0     0     0     0     0
--------------------------------------------------------------------------------
INFORMATION OF PROJECT 2:
#jobs  release  duedate
    62     0    95
#local resources
     2
R_L1   R_L2   
    25    27
jobnr.  dur.  r_G1  r_G2  r_L1  r_L2  #succ.  successors
     0     0     0     0     0     0     3     1     2     3
     1     9    10     6     7     3     3    10    20    48
     2    10     3     3     7     9     3     4     5     6
     3     8     9     9     2     8     2    18    56
     4     4     6     6     4     8     3     8    27    47
     5     5     8     6     8     8     3    18    31    54
     6    10     9     7     6     1     3     7    14    26
     7     6     9     3     3     3     3    21    27    47
     8     3     7     3     4    10     3     9    11    16
     9     1     5     8     8     6     2    13    15
    10    10     9     5     6     4     3    14    24    35
    11     9     5     5    10     7     3    12    20    24
    12     6     5     5     8     5     3    13    15    49
    13     3     8     6     3     8     3    29    36    44
    14     8     1    10     7     1     2    17    33
    15     2     3     3     5    10     3    22    23    26
    16     2     3     9     8    10     3    19    28    32
    17     6     4     1     2     3     2    23    36
    18     8    10     1     1     9     2    20    50
    19     4     9     2     7     6     3    25    39    43
    20     2    10     6     7     5     2    39    57
    21     4    10    10     1     7     3    22    24    34
    22     8     1     3     3     7     3    30    32    41
    23     5     3     3     3     9     2    29    53
    24    10     8     8     9     9     3    31    33    45
    25     1     6     4     8     1     3    29    34    35
    26     7     2    10     1     3     3    31    37    45
    27     2     7     1     4     7     3    32    38    46
    28     3     2     6     3     8     3    30    34    51
    29     1     3     3     2     6     3    30    46    58
    30     6     9     4     5     5     2    37    60
    31     6     1     6     2     6     1    55
    32     7     3     1     7     7     3    33    48    59
    33     9     8     1     1     4     2    39    52
    34    10     6     1     6     8     2    42    56
    35     1     6     9     9     9     2    41    42
    36     7     1     9    10     3     3    37    40    43
    37     6     5     3     1     6     1    50
    38     4     9     2     6     4     3    43    44    48
    39     3     4     6     9     5     2    51    60
    40     5     2     8     9     3     1    41
    41     1     5     4     2     2     2    45    53
    42     1     2     5     1     5     3    44    49    50
    43     9     3     3     5     4     2    52    54
    44     2     5     1     3     9     1    59
    45     4     1     3     8     3     2    46    51
    46     5    10    10     2     8     1    55
    47     1     7     7     4     5     1    49
    48     7     7    10     7    10     1    52
    49     1     6     4     6     6     1    53
    50     9     7     2     9     8     1    59
    51     5     1     7     9     7     1    58
    52    10    10     4     9     2     1    55
    53     2     7     5     5    10     2    54    58
    54     7     6     5     1    10     1    57
    55     5     9     1     2     5     1    56
    56     1     8     7     6     5     1    57
    57     4    10     4     7     4     1    60
    58     2    10     7     4     9     1    61
    59     2    10     1    10     2     1    61
    60     9     1     3    10     9     1    61
    61     0     0     0     0     0     0
--------------------------------------------------------------------------------
INFORMATION OF PROJECT 3:
#jobs  release  duedate
    62     0   113
#local resources
     2
R_L1   R_L2   
    17    19
jobnr.  dur.  r_G1  r_G2  r_L1  r_L2  #succ.  successors
     0     0     0     0     0     0     3     1     2     3
     1     9     5     7     7     4     3    10    13    46
     2     3     1     9     4     8     3     5     8    16
     3    10     4     5     3     6     3     4    24    42
     4     6     5     3     2     1     3    12    28    43
     5     1     2    10     1    10     3     6     7     9
     6     2     2     4     6     6     3    29    36    37
     7     8     1    10     1     5     3    13    17    54
     8     1     4     4     5     7     3    26    37    47
     9     1     8     4     4     6     3    12    22    36
    10     5     6     4     5     3     3    11    19    22
    11     3     8     2     2     8     3    15    23    24
    12     5     9     1     5     8     3    14    38    39
    13    10     5     1     5     9     3    20    28    58
    14     1     2     7     7     8     3    31    34    41
    15     3    10     8     1     5     3    21    35    52
    16     9     3     4    10     5     3    18    28    38
    17     3     4     5     6     3     2    18    51
    18     2     3    10     3     1     2    42    55
    19     3     1     3     8     2     2    20    36
    20     7     9     9     2     5     2    33    41
    21     5    10     5     1     3     3    29    33    47
    22     9     6     6     9     7     3    32    35    57
    23     4     1     2     3     1     2    25    37
    24     1     4     6     4     8     2    32    40
    25     9     2     9    10     2     2    31    48
    26     5     8     7    10     8     3    27    30    33
    27     6     2     8     7     7     3    29    34    46
    28     2     4     8     4     9     1    60
    29     3    10     1     8     9     2    32    50
    30     4    10     4     7    10     3    34    39    52
    31     2     5     8    10     2     2    45    49
    32     7     9     7     8     2     3    41    43    44
    33     1     8     6     7     8     2    39    57
    34     7     1     1    10     6     2    35    45
    35     7     9     7     4     9     2    44    51
    36     3     3     4     3    10     3    38    42    47
    37     1     9     8     8     1     3    40    43    56
    38     7     5     2     2     8     2    40    49
    39    10     9    10     2     6     1    51
    40     6     5     2     2    10     2    44    45
    41     9     2     1     6     7     1    56
    42     3    10     5     1     6     1    48
    43     3     8     2     6     9     1    55
    44     9     5     7     8     2     2    53    58
    45     1     3     8     3     6     1    50
    46     7    10     6     2     5     2    48    49
    47    10     3     3     3     3     2    50    53
    48     5     7     6     8     6     1    60
    49     1    10     3     4    10     1    52
    50     2     4     4     5     5     3    54    57    59
    51     6     3     9     7     2     2    53    56
    52     8     9     6     9     8     1    54
    53     8     9     7     2     5     1    59
    54     8     2     8     3     8     1    55
    55     1     4     1     3    10     1    58
    56     4     5     1    10     3     1    59
    57     1     6     3     5     6     1    60
    58     2     9     4     8    10     1    61
    59     6     7     2    10     2     1    61
    60     4     5     7    10     8     1    61
    61     0     0     0     0     0     0
--------------------------------------------------------------------------------
INFORMATION OF PROJECT 4:
#jobs  release  duedate
    62     0   117
#local resources
     2
R_L1   R_L2   
    19    18
jobnr.  dur.  r_G1  r_G2  r_L1  r_L2  #succ.  successors
     0     0     0     0     0     0     3     1     2     3
     1    10     2     8     7    10     3     4     8    18
     2     8     0     0     4     4     3     5    12    14
     3     8     8     2     3     1     3     7    16    24
     4    10     8     4     6     0     3    13    17    20
     5     9     0     7     3     9     3     6    10    11
     6     8     0     0     9     1     1    37
     7     2     1     0     9    10     2    28    45
     8    10     9     0     5     6     2     9    35
     9     2     0    10     5     3     3    15    38    47
    10     5    10     3     6     6     1    24
    11     6     4     4     1     7     1    21
    12     5     2     1     0     8     2    18    25
    13     8     3     8     6     0     2    22    44
    14     5     3     7     7     1     3    27    29    33
    15     1     6    10     8     5     2    26    48
    16     5     0     9     8    10     3    19    34    49
    17     6     0     1     7     6     1    55
    18     5     0     8     5     5     2    30    31
    19     6     1     0     3     4     3    20    41    45
    20    10     4     5     0     6     2    23    33
    21     7     0     7     3     1     2    25    38
    22    10     0     0     0     5     2    29    42
    23     1     0     2     0     4     3    35    43    53
    24     4     2     5     2     4     1    40
    25     8     3     3    10     8     1    26
    26     2    10     8     2     0     3    30    33    44
    27     5     7     5     5     3     1    39
    28     9     2     7     0     0     3    32    48    50
    29     9     2     7     7     8     2    39    43
    30     7     4     0     2     0     1    53
    31     2     3     8     3     3     2    36    59
    32    10     0     1     0     0     1    41
    33     5     8     5     0     9     2    51    55
    34     8     8     0    10    10     3    35    44    50
    35     3     0    10     8     0     1    54
    36     6    10     5     9     6     1    51
    37     3     0     0     1     0     1    42
    38     8     9    10     5     1     2    46    54
    39     8     4    10     8    10     2    41    52
    40     9     7     0     7     3     3    46    51    52
    41     3     0     9     6     2     2    55    60
    42    10     5     5    10     0     3    45    47    50
    43     2     8     8     5     7     2    46    59
    44     9    10     0     9     0     2    53    59
    45     5     9     9     8     0     1    57
    46     5     0     6     4     0     1    58
    47     2     0     0     9     0     2    49    56
    48     1     8     7     7     7     1    49
    49     7     7     2    10     8     2    52    54
    50     3     2     1     9     1     1    57
    51     4     3     4     9     3     1    60
    52     6     0     0     6     3     1    58
    53     6     7     0     6     8     1    56
    54     1     4     5     6     1     1    57
    55     5     7     9     2     7     1    56
    56     5    10     9     0     7     1    58
    57     8     5     8     3     0     1    60
    58     7     5     6     0     0     1    61
    59     4     0     4     6     0     1    61
    60     2     0     0    10     9     1    61
    61     0     0     0     0     0     0
--------------------------------------------------------------------------------
INFORMATION OF PROJECT 5:
#jobs  release  duedate
    62     0   103
#local resources
     2
R_L1   R_L2   
    19    17
jobnr.  dur.  r_G1  r_G2  r_L1  r_L2  #succ.  successors
     0     0     0     0     0     0     3     1     2     3
     1     2     0     1     5     2     3     5    12    20
     2     1     0     8     1     2     3     4     7    27
     3     8     2     1     7    10     3    18    36    38
     4     6     4     1     0     8     3     6    10    15
     5     9     3     9    10     7     3     8    17    19
     6     3     8     6    10     0     3    16    21    56
     7     7     0     1     8     0     3     9    33    47
     8     4     0     3     9     4     3    11    31    51
     9     6     9    10     6     0     3    21    49    57
    10     1     2     5     4     0     3    14    18    45
    11     2     6     9     0     1     3    26    28    34
    12     6    10     2     0     8     3    13    22    29
    13     1     0     3     0     0     3    23    27    33
    14     6     0     7     6     1     3    19    21    40
    15     1     8     9     4     9     3    23    30    49
    16    10     5     8     1     4     3    24    26    32
    17     7     3     6     7     3     3    27    31    43
    18     1    10     8     3     0     3    37    44    54
    19     9     3     0     0     5     3    25    30    44
    20     8     0     5     4     7     2    28    58
    21     5     1     4     0     7     3    24    26    29
    22     6     2     8     9     6     3    33    35    38
    23     8     4     3    10     2     3    34    43    59
    24     3    10     4     7     5     3    31    41    52
    25     2     0     3     0     4     3    36    41    46
    26     8     3     2    10     7     1    59
    27     7     8    10     8     0     3    45    52    54
    28     8     3     9     7     0     3    30    32    47
    29     3     7     8     4     6     2    32    41
    30     5     7    10     5     1     1    53
    31     2     7     1     0     5     1    55
    32     2     0     0    10     2     2    39    44
    33     4     7     7     5     2     3    34    36    48
    34     7     2     0     0     5     2    42    45
    35    10     1     0     0     2     3    37    39    42
    36    10    10     6     0     3     2    42    50
    37     2     0    10     9     0     3    40    47    50
    38     9     0     9     5     8     3    39    46    55
    39     8     9     8     5     6     1    60
    40     8     8     2     5    10     3    43    46    57
    41     7     0     0     2     9     1    55
    42     3     5     6     8     6     1    54
    43     4     7     0     2    10     1    51
    44     1     8     3     3     0     1    60
    45     7     0     9     7     9     1    57
    46     3     8     1     0     8     1    48
    47     7     7     0     2     0     1    48
    48    10     5     8     6     0     1    49
    49     1    10     9     5     8     2    52    53
    50     7     8     3     0     0     1    51
    51     3     2    10     7     0     1    53
    52     6     4     5     0     0     1    59
    53     1     0     7     0    10     1    56
    54     3     4     8     6    10     1    56
    55     9     0     1     7     0     1    58
    56     1     9     3     3     2     1    60
    57     4     7     0     0     8     1    58
    58     1     0     2     6     1     1    61
    59     4     0     9     0    10     1    61
    60     7     6     0     6    10     1    61
    61     0     0     0     0     0     0
--------------------------------------------------------------------------------
INFORMATION OF PROJECT 6:
#jobs  release  duedate
    62     0    92
#local resources
     2
R_L1   R_L2   
    20    21
jobnr.  dur.  r_G1  r_G2  r_L1  r_L2  #succ.  successors
     0     0     0     0     0     0     3     1     2     3
     1    10     5     5     2     4     3     6    16    28
     2     7     2    10     1     4     2     5    25
     3     1     8    10     2     7     3     4    11    14
     4     1     0    10     0     5     1     7
     5     8     0     0     8    10     3     8     9    31
     6     2     0     6     7     0     1    13
     7     4     0     7     7     3     3    12    17    29
     8    10     5     3     3     4     3    10    38    45
     9     7     4     0     0     8     2    27    43
    10     3     3     0     8     1     1    22
    11     5     0     0     6    10     1    53
    12    10     6     1     4     6     2    24    33
    13     7     0     4     4    10     2    15    47
    14     2     6     6     8     0     1    44
    15    10     0     2     3     0     1    23
    16     2     1     0     0     8     3    18    19    32
    17     4     2     6     0     3     1    40
    18     1     3     5     3     0     3    20    44    59
    19     5     0     4     0     7     3    21    23    54
    20     3     8     1     6     6     2    26    42
    21     8     9     0     0     9     1    35
    22     1     0     1     7     4     1    46
    23     9    10     4     6     1     2    30    57
    24     2     6     0     4     0     2    28    60
    25     2     6     6     5     1     1    30
    26     8     5     7     2     7     1    56
    27     1    10    10     1     5     1    48
    28     9     8     4     1     0     2    34    39
    29     8     0     8     6     3     1    36
    30     4    10     0     1     4     1    49
    31     2     0     0     8     3     1    59
    32     2     8     6     4     0     1    37
    33     1     5    10     5     0     1    51
    34     8     1     7     5     1     2    48    55
    35     2     0     0     7     2     2    39    47
    36     9     2     1     0     2     1    38
    37    10     1     7     7    10     1    46
    38     3     1     0     0     2     1    52
    39     7     5     3     4     0     1    52
    40     3     1     3     7     3     1    41
    41     2     2     0     8     3     3    42    50    57
    42    10     1     0     5     5     1    54
    43     5     4     1     5     0     1    46
    44     1     8     2     9     0     1    58
    45     4     7     8     2    10     2    52    56
    46     7     9     9     9     0     1    47
    47     8    10     1     0     2     1    49
    48    10     0     0     7     2     1    56
    49     6     1     1     3     4     1    50
    50    10     7     5     5     1     1    58
    51     9     0     6     1    10     1    60
    52     1    10     0     2     0     1    55
    53    10     5     0    10    10     2    54    55
    54     5     1     4     0     6     1    60
    55     5     2    10     5     0     1    57
    56     5     4     2     6     0     1    58
    57     5     7     2     1     0     1    59
    58     5     6     8     8     3     1    61
    59     1     0     1     1     6     1    61
    60     1     6     0     1     0     1    61
    61     0     0     0     0     0     0
--------------------------------------------------------------------------------
INFORMATION OF PROJECT 7:
#jobs  release  duedate
    62     0   111
#local resources
     2
R_L1   R_L2   
    19    18
jobnr.  dur.  r_G1  r_G2  r_L1  r_L2  #succ.  successors
     0     0     0     0     0     0     3     1     2     3
     1     4     3     9     8    10     3     4     5     8
     2     5     9     1     2     2     3    14    27    56
     3     5     8    10     7     5     3     6     7    25
     4     3     9     5     8     2     3    10    13    17
     5     8     8     5     3     4     3    15    16    52
     6     3     5     4     8     9     3    28    34    39
     7     7     8     3     5     3     3     9    12    29
     8     4     5     3     2     6     3    16    34    43
     9     4     8     7     9     6     3    27    39    48
    10     5     6     4     8     7     3    11    18    50
    11     4     5     5     1     2     3    19    20    26
    12     3     7     7     6     6     3    21    24    56
    13     7     5     9     4     9     3    18    25    31
    14     1     1     3     7     4     3    30    35    40
    15     3     4     7     8     2     2    33    45
    16     5     9     3     3     3     3    17    26    41
    17    10     8     1     2     1     1    58
    18     4    10     6     2     4     3    22    27    34
    19     3     3     3     9     8     3    24    37    49
    20     8     6     4     4     4     2    24    29
    21     6     9     5     4     3     3    26    32    49
    22     1     1     5     3     5     3    23    29    37
    23     9     8     7     5     4     3    33    38    42
    24     8     2    10     3    10     3    40    44    60
    25     3     2     4     5    10     3    32    35    37
    26     4     5     3     4     1     1    59
    27     5     6     7     9     4     3    33    44    49
    28     7     8     9     4    10     3    30    35    41
    29    10     3     3    10     3     2    53    57
    30     6     9     1     2     7     2    38    45
    31    10     4     9     3     9     2    38    56
    32     8     5     5     7     4     3    36    44    48
    33     8     1     6    10     3     1    55
    34     5     4     9     1     1     1    46
    35     3     2    10     6     4     2    36    45
    36     7     9     5     7     6     2    43    46
    37     4     3     3     6     9     3    39    40    51
    38     4     4     1     1     6     1    52
    39     2     7     1     6     8     2    54    57
    40     7     4     2     7     8     2    42    43
    41     1     4     8     8     4     2    42    50
    42    10     7     5     1     6     1    47
    43     6     5     2     5     6     1    58
    44     4     7     9     5     7     2    46    47
    45     6     3     6    10     8     3    47    48    53
    46     3     5     9     2     4     2    51    52
    47     6     8     6     3     6     1    55
    48     1     5     6     9     3     1    50
    49     5    10     5     4     1     2    54    57
    50     3     1     4     1     4     2    51    54
    51     6     7     8    10     6     1    59
    52     4     9     6     6     7     1    53
    53     6     2     3    10     7     1    55
    54     8     8     2     3     9     1    60
    55     2     3     6     1     8     1    59
    56    10     6     1     3     5     1    60
    57     2     1    10     3     6     1    58
    58     8     9     3     9     4     1    61
    59     3     8     7     3     4     1    61
    60     3     8     2     2     5     1    61
    61     0     0     0     0     0     0
--------------------------------------------------------------------------------
INFORMATION OF PROJECT 8:
#jobs  release  duedate
    62     0   140
#local resources
     2
R_L1   R_L2   
    16    16
jobnr.  dur.  r_G1  r_G2  r_L1  r_L2  #succ.  successors
     0     0     0     0     0     0     3     1     2     3
     1     7     8     5     7     4     3    12    17    33
     2     4     5     3     9     0     3    23    41    48
     3     5     0     0     7     9     3     4     6    11
     4     9     9     5     1     3     3     5    25    27
     5     8     4     2     6     3     3    20    28    34
     6     8     8     0     1     0     3     7    13    14
     7     6     0     1     0    10     3     8    10    15
     8     8     3     0     4     5     3     9    26    38
     9     2     4     0    10    10     2    19    21
    10     9     0     3     0     7     3    25    27    37
    11     9     4     0     7     3     3    17    36    39
    12     9     1     4     5     7     3    19    28    44
    13     2    10     0     0     8     3    15    21    28
    14     1     2     0     6     4     2    16    24
    15     7     1     1     4     2     2    41    43
    16     4     8     0     0     9     2    38    39
    17     4     3     9     5     0     3    18    30    32
    18     4     1     6     6     8     1    34
    19    10     7     0     4    10     3    20    45    49
    20     5     3     7     0     7     3    22    35    37
    21     4     0     0     0     1     3    32    33    42
    22     8    10     5     0     4     3    31    42    47
    23     3     3     0     8     4     2    36    47
    24     1     0     0     6     0     3    29    38    50
    25     6     9     8     6     1     3    32    33    41
    26     9     8     9     3     5     2    29    31
    27     7     9    10     9     3     3    29    40    51
    28     2     4     3     0     6     3    31    45    48
    29    10     0     0     1     0     3    35    46    55
    30     9     9     5     0     4     2    35    43
    31     8     1     0     6    10     1    50
    32     2     9     1     1     5     3    34    40    55
    33     2     1     5     9     9     1    56
    34     2     1     6     2     0     3    49    51    58
    35    10     3     4     8     0     2    54    56
    36     6     8     3     5     5     3    43    53    55
    37     5     9     4     0     9     2    39    47
    38     4     9     0     4     3     1    40
    39     9     4     0     5     7     2    42    52
    40     2     9     0     2     1     3    44    52    53
    41     1     2     0     3     8     3    49    51    52
    42     2     4    10     0     1     1    46
    43     9     0    10    10     2     2    45    59
    44     6     7    10     0     7     1    46
    45     1     6     0     8     1     1    60
    46     3     3     5     1     2     1    48
    47     8     2     5     9    10     1    54
    48     5     7     0     8     9     1    58
    49    10     3     9     0     0     1    50
    50    10     4     2     5     0     1    53
    51     4     1     0     9     5     1    60
    52     8     3     0     7     9     2    54    56
    53     4     0     1     4     4     2    59    60
    54    10     0     8     9     0     1    57
    55     5     5     5     4     4     1    57
    56     8     0     2     1    10     1    57
    57    10     3     5     9     0     2    58    59
    58     9     8     3    10     2     1    61
    59     5     7     0     9     1     1    61
    60     4     8     2     0     0     1    61
    61     0     0     0     0     0     0
--------------------------------------------------------------------------------
INFORMATION OF PROJECT 9:
#jobs  release  duedate
    62     0    92
#local resources
     2
R_L1   R_L2   
    24    26
jobnr.  dur.  r_G1  r_G2  r_L1  r_L2  #succ.  successors
     0     0     0     0     0     0     3     1     2     3
     1     1    10     2     5     8     3    10    17    23
     2     7     5     1     1     5     3     7     8    27
     3     1     9     9     4     5     3     4    11    22
     4     5    10     9     2    10     3     5     6    12
     5     6     7    10     9     3     3     9    14    16
     6     9     4     5     7     6     1    25
     7     8     8     8    10     9     3    18    37    57
     8     3     4     8     7     2     1    52
     9    10     2     3     1     4     1    51
    10     9     5     5     4     3     3    13    19    28
    11     8     1     3     2     3     3    13    15    33
    12     5     3     3    10     1     2    25    54
    13     4     4     5     9     7     2    24    36
    14     1     3     1     8     3     1    32
    15     2     2     8    10     8     2    27    42
    16     6     2     5     7     4     3    30    31    35
    17    10    10     7     7     9     1    36
    18     4     5    10     3     9     2    20    26
    19     5     4     3     8     3     1    58
    20     3    10     4    10     3     3    21    38    52
    21     4     5     1     9     2     1    43
    22     8     5     7     1     5     1    37
    23     1     2     4     1     1     1    30
    24     6     5     9     1     6     1    29
    25     6     1    10     7     5     1    51
    26    10     1     4     6     8     2    41    48
    27    10     5     1     6     8     1    45
    28     7     1     7     6     7     1    53
    29     7     2     9     5     6     1    39
    30     5    10     5     8     8     1    58
    31     2     1     4     4     9     2    34    40
    32     6    10     4     2     3     1    36
    33     1     3     5    10     6     1    43
    34     3     7     9     3     7     2    44    58
    35     2    10    10     5    10     1    47
    36     6     2     6     9     2     1    55
    37     7    10     5     4     5     1    45
    38     8     3     2     5     9     1    46
    39     7     2     8     8     9     2    46    50
    40     7     6     2     2    10     1    44
    41     4    10     4     4    10     2    42    49
    42     1     6    10     1     1     1    56
    43     4     9     3     8     7     1    44
    44     6     5     6     5     3     2    54    59
    45     8     1     5     7     4     1    46
    46     1     4     4     9     1     1    59
    47     2     6     1     6     6     1    49
    48     7     1     7     4     6     1    56
    49     8     7     6     5     7     1    50
    50     1     8     4     9     9     1    55
    51     7     2    10     7     9     1    60
    52     8     3     2     4     8     1    55
    53     9     1     6     6     9     1    54
    54     5     5     1    10     4     1    56
    55     1     7     6     2     3     1    60
    56     4     8     1     9    10     1    60
    57     9     7     3     5     9     1    59
    58     2    10     2    10     8     1    61
    59     3     3     3     9     9     1    61
    60     9     7     3     3     5     1    61
    61     0     0     0     0     0     0
--------------------------------------------------------------------------------
INFORMATION OF PROJECT 10:
#jobs  release  duedate
    62     0   128
#local resources
     2
R_L1   R_L2   
    20    18
jobnr.  dur.  r_G1  r_G2  r_L1  r_L2  #succ.  successors
     0     0     0     0     0     0     3     1     2     3
     1     5     4     5     2     9     3     6    17    33
     2     3     6     2     4     9     3     4     9    10
     3     9     6     3     9     2     3    11    14    24
     4     8     4     4     8     7     2     5     7
     5     3     8     1     2     1     2    18    21
     6     4     6    10     2     2     2     8    15
     7    10     7    10     8     8     2    12    54
     8     2     9     3     6     1     3    31    45    55
     9     3     5     4     4     4     1    50
    10     1     5     9     3     4     3    16    23    37
    11    10     1     1    10    10     3    19    41    47
    12     5     3     2     3     9     1    13
    13     1     9     6     4     8     2    31    52
    14     7     4     9     4     5     2    15    33
    15     3     5     8    10     4     3    20    47    57
    16     7     2     6     4     4     3    26    28    33
    17     2    10     7     9    10     1    22
    18     2     4     8     8     5     2    24    35
    19     7     1     3     9     2     2    30    43
    20     2    10     6     2     6     3    27    29    42
    21     2     8     7     8     9     1    49
    22     6     6     5     6     8     2    35    37
    23     7     6     7     8     1     2    35    56
    24     8     6     2     7     4     2    25    36
    25     5    10     2     1     5     1    56
    26     6     9     1     8    10     3    36    38    50
    27    10    10     5     2     7     3    30    40    41
    28     5     5     2     6     2     1    45
    29     9     2     3     3     4     1    48
    30     4     8     8     5     8     2    44    59
    31     2    10     8     2     9     1    32
    32     7     7     4     2     6     2    38    39
    33     3    10     6     8     1     1    34
    34     5     5     7     5     9     3    41    44    47
    35     4     3    10     8    10     2    36    51
    36     6     9     1    10     3     1    52
    37     1     2     4     7     3     2    38    55
    38     4     9     3     4     8     2    40    57
    39     2     4     6     1     6     1    40
    40    10     9     2     5     9     2    44    46
    41     2     4     4     9     6     2    50    59
    42     7     6     8     2     8     2    45    48
    43     4     9     7     8     8     2    48    57
    44     4     9     6     8     2     1    56
    45     3     2     3    10     1     2    51    60
    46     4     9     5     5     9     1    49
    47     9     2     2     9     7     2    53    58
    48     7     5     4     2     8     3    49    52    54
    49     2     6     6     1     9     1    51
    50     7     7     3     4     4     2    53    54
    51     9     8     2     7    10     1    59
    52     4     5     3     6     5     1    53
    53     1     3     1     8     3     1    55
    54     8     7     8     5     9     1    60
    55     9     1     9     6     9     1    60
    56     5     5     8     4     9     1    58
    57     1     4     1     8     9     1    58
    58     5     9    10     8     7     1    61
    59     8     8     4    10     8     1    61
    60     9     6    10     5     2     1    61
    61     0     0     0     0     0     0
--------------------------------------------------------------------------------
INFORMATION OF PROJECT 11:
#jobs  release  duedate
    62     0   117
#local resources
     2
R_L1   R_L2   
    20    19
jobnr.  dur.  r_G1  r_G2  r_L1  r_L2  #succ.  successors
     0     0     0     0     0     0     3     1     2     3
     1     2     8     6     4     1     3    12    20    31
     2     9     5     9     6     4     3     9    45    59
     3     8     5    10     7     5     3     4     7    10
     4     3     8     3     8     9     3     5     6    16
     5     2     7    10     8     6     1    47
     6     5     4     5     5     1     2    37    50
     7     2     8     3     6     3     3     8    11    41
     8     3     9     8     7     7     1    34
     9    10     4     1     7     8     3    17    19    22
    10     3     5     6     4     9     3    29    43    57
    11     2     9     5     2     2     1    13
    12     5     8     4     7     9     3    14    15    23
    13     7    10     7     5     5     3    18    21    31
    14     8     9    10     8     7     1    28
    15     4     2     1     9     2     2    21    24
    16     6     1     2     2     8     2    21    27
    17    10     8     4     8     9     1    44
    18     2     1     3     4     4     1    28
    19     1     7     6     8     2     2    37    53
    20     1    10     7     6    10     2    25    38
    21    10     1     7     5     2     2    30    44
    22     4     4    10     8     4     3    25    29    32
    23     2     7     3     5     9     3    25    34    50
    24     5     4     5     6     7     3    40    49    58
    25     1     9     9     4     8     3    26    49    51
    26     8    10     4     6     8     1    55
    27     2     3     8     9    10     3    31    33    35
    28     6     5     8     7     5     1    40
    29     3     1     6    10     2     2    37    53
    30     9     3     7     6     8     1    60
    31     2     7     4     6     7     1    36
    32     9     2     8     9     5     3    38    39    44
    33    10     9     4     6     2     2    47    48
    34     2     2     9     3     5     1    42
    35     7     4     3     9     5     3    36    42    56
    36     8     9     3     6     8     2    43    57
    37     5     4     3     1     8     2    39    52
    38     8     1     2     4     4     1    53
    39    10    10     8     2     4     1    51
    40     4     7    10     4     7     1    46
    41     1     2     8     1     9     3    45    46    55
    42     6     2     6     1     5     1    48
    43     7     4     2     9     9     1    45
    44     3     9     4     8     3     2    47    50
    45     1     5     1     8     1     1    52
    46     6     6     3     1     9     1    48
    47     5     5    10     3     6     3    49    54    55
    48     1     6     2     9     9     1    57
    49     5     6     8     9    10     1    52
    50     2     2     2     4     4     2    51    54
    51     7     8    10    10     6     1    56
    52     4     4     5     3     2     1    60
    53    10     9     1     5     3     1    54
    54     4     4    10     1     6     1    56
    55     4     6     7     1     9     1    58
    56     7     6     3     1     4     2    58    60
    57     6     2     6    10     4     1    59
    58     9     8     7     2     3     1    61
    59     8     1     2     7     5     1    61
    60     2     2     5     9     6     1    61
    61     0     0     0     0     0     0
--------------------------------------------------------------------------------
INFORMATION OF PROJECT 12:
#jobs  release  duedate
    62     0   104
#local resources
     2
R_L1   R_L2   
    21    19
jobnr.  dur.  r_G1  r_G2  r_L1  r_L2  #succ.  successors
     0     0     0     0     0     0     3     1     2     3
     1     9     0     0     8     0     3    10    13    15
     2     2     0     5     7     2     1     4
     3     6     5     6     7     9     3     6     8    11
     4     6     9     5     8     7     3     5    21    29
     5     7     0     3     0     4     3     7    32    37
     6     5     0     6     9     1     3     9    14    44
     7     5     3     0     4     8     2    12    47
     8     8     2     0     1     7     2    28    45
     9     2     1     1     0     0     2    16    19
    10     3     9     3     0     1     2    33    43
    11     3     5     0     4     0     3    31    42    53
    12     9     0     9     4     8     2    20    30
    13     8     1     0     7     0     1    59
    14     3     2     6     4     2     1    23
    15     8     1     1    10     2     3    17    36    38
    16    10     3     7     4     1     3    26    27    41
    17     5     0     8     8     7     1    18
    18     5     9     0     1    10     2    22    48
    19    10     0     5     3     4     1    23
    20     9     9     1     6     1     1    22
    21     1     0    10     0     2     2    25    57
    22     5     3     6     4     0     1    24
    23     6     9     9     8     6     1    39
    24     6     6     0    10     8     1    34
    25     8     9     0     6     7     1    40
    26     9     8     8     7     5     1    28
    27     6     7     7     2     0     1    35
    28    10     9     0     3     8     2    51    60
    29     6     0     7     2     0     2    34    49
    30     8     2     1     0     8     1    51
    31     1     5     2     5     0     1    59
    32     7     0     0     0     7     1    46
    33     9     5     5     5     2     1    34
    34     7     7    10     0     6     3    39    54    55
    35     6     4     0     9     0     1    40
    36     5     4     0     0     2     1    48
    37     4     5     0     1     6     1    39
    38     4     9     4     5     0     1    56
    39    10     0     5     2     6     1    52
    40     1     1     4     0     2     1    52
    41     4     2     8     0     2     1    55
    42     7     2     7     5     8     1    54
    43     2     9     4     2     3     1    56
    44     7     0     0     8     0     1    52
    45     6     2     9     7     9     2    46    55
    46     8     4    10     0     1     1    57
    47     2     5     0    10     2     1    51
    48     6     7     2     1     3     1    58
    49     5     6     3     5     0     2    50    60
    50    10     9     7     7     0     1    53
    51     6     8     0     4     1     1    53
    52     4     0     1     5     7     1    56
    53     6     8     5     8     0     1    54
    54     4     6     0     0     9     2    57    59
    55     2     2     4     0    10     1    60
    56     2     5     0     8     7     1    58
    57     8     8     8     3     5     1    58
    58     8    10     4     9     5     1    61
    59     7     7     3     1     0     1    61
    60     9     2     9     5     7     1    61
    61     0     0     0     0     0     0
--------------------------------------------------------------------------------
TRANSFER TIMES OF GLOBAL RESOURCE G1
 DEPOT    P1    P2    P3    P4    P5    P6    P7    P8    P9   P10   P11   P12
     0    14     5    12     7     2    12     4     4     3    11     8     6
    14     0    11     3    20    14    19    10    13    12    14    21     9
     5    11     0     9    10     7    16     4     2     3    14    11     6
    12     3     9     0    18    13    19     9    11    10    14    19     8
     7    20    10    18     0     7    13    10     8     9    15     2    12
     2    14     7    13     7     0    10     4     5     4    10     8     6
    12    19    16    19    13    10     0    13    15    14     6    15    12
     4    10     4     9    10     4    13     0     4     2    10    11     3
     4    13     2    11     8     5    15     4     0     2    14     9     7
     3    12     3    10     9     4    14     2     2     0    12     9     5
    11    14    14    14    15    10     6    10    14    12     0    17     9
     8    21    11    19     2     8    15    11     9     9    17     0    13
     6     9     6     8    12     6    12     3     7     5     9    13     0
--------------------------------------------------------------------------------
TRANSFER TIMES OF GLOBAL RESOURCE G2
 DEPOT    P1    P2    P3    P4    P5    P6    P7    P8    P9   P10   P11   P12
     0     2    10    12    11    10     5     6     8    11     8     7    11
     2     0     8    10    11     9     6     7     9    10     8     6    13
    10     8     0     3    15     8    13    15    17     8     8     4    20
    12    10     3     0    17     9    15    17    19     9    10     6    22
    11    11    15    17     0     9    15    10    12    20    18    15    15
    10     9     8     9     9     0    15    13    15    14    13    10    19
     5     6    13    15    15    15     0     7     7    11     8     9     9
     6     7    15    17    10    13     7     0     3    16    13    12     7
     8     9    17    19    12    15     7     3     0    17    14    14     4
    11    10     8     9    20    14    11    16    17     0     4     5    20
     8     8     8    10    18    13     8    13    14     4     0     4    17
     7     6     4     6    15    10     9    12    14     5     4     0    17
    11    13    20    22    15    19     9     7     4    20    17    17     0
--------------------------------------------------------------------------------
Additional Information: 
global resource strength = 0.5
transfer time factor = 0.2
adapted from RCPSP instances: 
[j6013_10, j6046_6, j6045_4, j6025_6, j6041_3, j609_4, j6045_5, j6041_8, j6013_7, j6029_7, j6029_9, j609_9]
