--------------------------------------------------------------------------------
PORTFOLIO INFORMATION:
#projects
    12
#global resources
     2
R_G1   R_G2   
    85    86
--------------------------------------------------------------------------------
INFORMATION OF PROJECT 1:
#jobs  release  duedate
    62     0   106
#local resources
     2
R_L1   R_L2   
    19    17
jobnr.  dur.  r_G1  r_G2  r_L1  r_L2  #succ.  successors
     0     0     0     0     0     0     3     1     2     3
     1     2     0     1     5     2     3     5    12    20
     2     1     0     8     1     2     3     4     7    27
     3     8     2     1     7    10     3    18    36    38
     4     6     4     1     0     8     3     6    10    15
     5     9     3     9    10     7     3     8    17    19
     6     3     8     6    10     0     3    16    21    56
     7     7     0     1     8     0     3     9    33    47
     8     4     0     3     9     4     3    11    31    51
     9     6     9    10     6     0     3    21    49    57
    10     1     2     5     4     0     3    14    18    45
    11     2     6     9     0     1     3    26    28    34
    12     6    10     2     0     8     3    13    22    29
    13     1     0     3     0     0     3    23    27    33
    14     6     0     7     6     1     3    19    21    40
    15     1     8     9     4     9     3    23    30    49
    16    10     5     8     1     4     3    24    26    32
    17     7     3     6     7     3     3    27    31    43
    18     1    10     8     3     0     3    37    44    54
    19     9     3     0     0     5     3    25    30    44
    20     8     0     5     4     7     2    28    58
    21     5     1     4     0     7     3    24    26    29
    22     6     2     8     9     6     3    33    35    38
    23     8     4     3    10     2     3    34    43    59
    24     3    10     4     7     5     3    31    41    52
    25     2     0     3     0     4     3    36    41    46
    26     8     3     2    10     7     1    59
    27     7     8    10     8     0     3    45    52    54
    28     8     3     9     7     0     3    30    32    47
    29     3     7     8     4     6     2    32    41
    30     5     7    10     5     1     1    53
    31     2     7     1     0     5     1    55
    32     2     0     0    10     2     2    39    44
    33     4     7     7     5     2     3    34    36    48
    34     7     2     0     0     5     2    42    45
    35    10     1     0     0     2     3    37    39    42
    36    10    10     6     0     3     2    42    50
    37     2     0    10     9     0     3    40    47    50
    38     9     0     9     5     8     3    39    46    55
    39     8     9     8     5     6     1    60
    40     8     8     2     5    10     3    43    46    57
    41     7     0     0     2     9     1    55
    42     3     5     6     8     6     1    54
    43     4     7     0     2    10     1    51
    44     1     8     3     3     0     1    60
    45     7     0     9     7     9     1    57
    46     3     8     1     0     8     1    48
    47     7     7     0     2     0     1    48
    48    10     5     8     6     0     1    49
    49     1    10     9     5     8     2    52    53
    50     7     8     3     0     0     1    51
    51     3     2    10     7     0     1    53
    52     6     4     5     0     0     1    59
    53     1     0     7     0    10     1    56
    54     3     4     8     6    10     1    56
    55     9     0     1     7     0     1    58
    56     1     9     3     3     2     1    60
    57     4     7     0     0     8     1    58
    58     1     0     2     6     1     1    61
    59     4     0     9     0    10     1    61
    60     7     6     0     6    10     1    61
    61     0     0     0     0     0     0
--------------------------------------------------------------------------------
INFORMATION OF PROJECT 2:
#jobs  release  duedate
    62     0    77
#local resources
     2
R_L1   R_L2   
    33    37
jobnr.  dur.  r_G1  r_G2  r_L1  r_L2  #succ.  successors
     0     0     0     0     0     0     3     1     2     3
     1     5     2    10     5    10     3     4     5    26
     2     4     2     6     1     5     3    11    31    32
     3     4     1     6     9     3     3    10    12    40
     4     7     8     2     2     1     2     6    42
     5    10     1     6     6     8     3     7    21    27
     6     3     1     4     8     7     2     9    14
     7     7     7     6     2     4     3     8    17    19
     8    10     3    10     7    10     2    29    48
     9     6     6    10     4     6     1    37
    10     5     4     1     9     1     1    22
    11     2     1     4     9     3     2    19    25
    12     7    10     3     8     1     3    13    15    30
    13     5     5     3     1     6     1    16
    14     2     3    10     5     8     2    28    36
    15     6     4     7     1     8     1    16
    16    10     4     4     9    10     1    24
    17    10     6     9     4     8     1    18
    18     7     3     5     7    10     2    41    45
    19     1    10     6     5     2     1    20
    20     1    10     8     2     5     2    23    51
    21     6     3     7    10     4     3    29    34    52
    22     1    10     7     7     2     1    39
    23     6     4     2     3    10     1    40
    24     1     4     7     6     7     1    37
    25     4    10     3     7     8     1    40
    26     2     6     7     5    10     1    55
    27     4     4    10    10     6     1    35
    28     3     3    10     9     4     2    33    48
    29     5     4     8     7     7     1    59
    30     1     2     5     8     2     1    44
    31     9     1     8     7    10     1    58
    32     7     3     1     3    10     1    57
    33     5     1     8     8     3     1    56
    34     4     6     5     1     3     1    49
    35     6    10     5     4    10     2    38    41
    36    10     7     7     9     3     1    51
    37     6     4     9    10     8     1    45
    38     4     7     6     6     4     1    56
    39     3     4     1     4     7     3    43    46    53
    40     7     1     4     4     4     2    47    60
    41     2     5    10     4     6     1    44
    42    10     1     4     2     2     1    43
    43     4     4     2     2     6     1    58
    44    10     4     3     1     7     1    60
    45     2     7     6     3     6     3    49    50    57
    46     9     4     1     1     4     1    51
    47     5     7     4     1     8     2    54    56
    48     3     9     3     6    10     1    54
    49     5     2     1    10     5     1    55
    50    10     2     7     7     8     2    52    55
    51     3     6     8     2     9     1    52
    52     7     1     3     4     9     1    54
    53     1     6     9     8     3     1    57
    54     8    10     9     1     5     1    58
    55     4     4     1     3     7     1    60
    56     2     3     3     6    10     1    59
    57    10     1     1     9     3     1    59
    58     3     9     7     8     9     1    61
    59     2     4     2     6     5     1    61
    60     9     9     3     1     7     1    61
    61     0     0     0     0     0     0
--------------------------------------------------------------------------------
INFORMATION OF PROJECT 3:
#jobs  release  duedate
    62     0   122
#local resources
     2
R_L1   R_L2   
    15    18
jobnr.  dur.  r_G1  r_G2  r_L1  r_L2  #succ.  successors
     0     0     0     0     0     0     3     1     2     3
     1     4     0     8     7     8     3     4     7    27
     2     3     7     2     0     8     3     5     6    10
     3     3     0    10     4     9     1    54
     4    10     0     7     8     1     3     6    12    60
     5     2     2    10     7     4     2     8    44
     6     1     4     1     0     4     3     9    28    39
     7     1     1     0     7     1     3    11    32    38
     8     6     2     5     7     0     3    13    20    23
     9     9     5     3     3     7     1    13
    10     8     9     6     3     8     2    17    18
    11     3     6    10     8     0     1    35
    12     9     0     6     0     7     3    14    18    19
    13     2     5     0     5     7     2    25    31
    14     3     6     1     2    10     3    15    16    38
    15     2     4     5     0     7     2    22    47
    16     6     4    10     0    10     3    26    29    37
    17     7     6     8     5     0     3    21    39    54
    18     1     0     2     8     1     2    22    33
    19     3     6    10     2     8     2    40    45
    20     1     2     5    10     6     2    27    40
    21     8     7     8     8    10     3    22    27    33
    22     5     0     1     3    10     1    24
    23     5     1     9     2     9     1    35
    24     5     6     4    10     6     3    32    46    56
    25     7     9    10     4     0     2    30    40
    26     4     1     0     0     0     2    33    36
    27     6     6     7     5     2     3    42    48    50
    28     4    10     5     0     9     2    35    53
    29     6     5     0     3     9     3    34    36    47
    30     2     7     2    10     5     2    43    52
    31     6    10     0     9     0     2    47    54
    32     9     0     0     6     1     2    37    43
    33     6     1     3     6     1     2    50    57
    34     1     2     0     1     0     1    51
    35     7     3     3     4     0     1    55
    36     9     4     1     7     4     3    39    43    46
    37     7     6     6     9     9     2    41    52
    38     1     3     4     0     9     1    42
    39     4     0     1     1     0     1    41
    40     1     0     9     0     5     1    48
    41     4     0     5     3     1     1    53
    42     7     8     0     0     9     1    55
    43     8     8     0     8     1     2    50    51
    44     1     9     1     8     1     1    56
    45     9     0     0     4     5     2    46    48
    46     2     5     0     7     8     1    49
    47     9    10     0     8     5     1    55
    48    10     8     0     5     0     1    57
    49     9     0     2     0     6     2    51    52
    50     5     0     0     7     6     1    53
    51     2    10     2     0     0     1    57
    52     6     7     1    10     7     2    58    59
    53     3     9     0     0     6     1    59
    54     3     0     2     7    10     1    58
    55     1     7     7     3     0     1    56
    56     3    10     0     6     6     1    58
    57    10     1     7     6     0     1    59
    58     7     0     0     1     1     1    61
    59     1     3     2     7     0     1    61
    60     5     3     4     9     7     1    61
    61     0     0     0     0     0     0
--------------------------------------------------------------------------------
INFORMATION OF PROJECT 4:
#jobs  release  duedate
    62     0   117
#local resources
     2
R_L1   R_L2   
    19    19
jobnr.  dur.  r_G1  r_G2  r_L1  r_L2  #succ.  successors
     0     0     0     0     0     0     3     1     2     3
     1     4     6     9     0     0     3    17    29    31
     2     8     1     1     9     0     3     4     6    16
     3    10     7     4     8     6     3     7    11    45
     4     7     0     8     9     0     3     5    19    39
     5     9     0     0     8     2     2    13    14
     6    10     0     5    10     3     2     8    10
     7     3     8     3     7     1     3     9    12    30
     8     3     0     9     4     6     1    23
     9     5    10     8     4     0     1    56
    10     3     1     0     5     1     1    21
    11     2     3     0     5     7     3    20    25    26
    12     1     0     3     6     5     2    28    50
    13     4     2     5     8    10     3    18    41    53
    14     7     0     8    10    10     1    15
    15     4     8     9     6     7     2    28    52
    16     9     2     4     2     7     2    46    50
    17     7     0     1     8     6     2    42    46
    18     5     1     9     4     0     1    32
    19     8    10     0     7     3     1    55
    20     5    10     0     2     8     1    22
    21     4     2     0     8     2     1    42
    22     1     2     7     9     0     1    57
    23    10    10     2     3     5     2    24    32
    24     8     5     8    10    10     2    33    35
    25     8     0     8     0     6     3    27    34    53
    26     6     5     0     5     4     1    44
    27     4     1     8     0     1     1    54
    28    10     9     8     4     0     1    40
    29     7     0     7     6     7     2    37    38
    30     7     8    10     0     2     1    41
    31     8     6     0     7     6     2    36    43
    32     9     0     7     3     9     2    48    54
    33     4     7     3     0     9     1    49
    34     3     0     5     1     6     1    51
    35    10     7     1     0     8     1    49
    36     5     0     5     3     0     1    44
    37    10     8     0     4     2     1    57
    38     3     8     0     4     8     1    56
    39     2     3     0     7     0     1    54
    40     1     0     7     0     9     1    49
    41     5     0     7     9     6     1    43
    42     5     9    10     0     4     1    47
    43     9     4     9     6     5     1    44
    44     4     0     4     0     8     1    51
    45     6     6     1     1    10     2    47    51
    46    10     1     2     0    10     1    56
    47     5     9     6     0     9     1    55
    48     3     0     0     6     1     1    59
    49     3     4     6     3     3     1    60
    50     5     0     6     0     2     1    52
    51    10     5     3     0     8     1    55
    52     1     9     6     3     7     1    53
    53     6     4     0     7     7     2    58    59
    54     7     0     3     8     2     1    58
    55     2     9     0     5    10     2    57    60
    56     3     6     0     0     6     1    60
    57     7     3    10     1     6     1    59
    58     7     6     8     7     6     1    61
    59     9     6    10     0     0     1    61
    60    10     0     3     1     3     1    61
    61     0     0     0     0     0     0
--------------------------------------------------------------------------------
INFORMATION OF PROJECT 5:
#jobs  release  duedate
    62     0    96
#local resources
     2
R_L1   R_L2   
    27    28
jobnr.  dur.  r_G1  r_G2  r_L1  r_L2  #succ.  successors
     0     0     0     0     0     0     3     1     2     3
     1     7     1     3     7     6     3     5    10    16
     2     4     3    10     5     3     3    13    19    25
     3     3     7     6     6     7     3     4     7    23
     4    10     8     9     4    10     3    12    16    49
     5     8     1     8     2     5     3     6     8    12
     6     8    10     3     7     2     1    24
     7     7     6     9     5     4     3     9    12    20
     8     8     7     9     2     4     3     9    21    34
     9     5     9     8     6     5     3    11    30    38
    10     5    10     3     9     2     3    13    25    36
    11     5     9     8     4     3     3    14    26    35
    12     6     2     3     3     9     3    15    34    41
    13     1     4     2     4     4     3    18    22    31
    14     5     6     2    10     2     3    22    28    33
    15    10    10     9     1     4     3    47    48    57
    16    10     2     4     2     7     3    17    29    43
    17     1     3     7     2     8     1    30
    18     5     5     2     1     2     3    24    29    32
    19     9     1     5     8     8     3    32    44    45
    20     7     8     4     8    10     3    42    51    54
    21     4     9     4     3     7     2    35    51
    22     3     8     4     8     5     2    41    58
    23     5    10     6     2     1     2    25    26
    24     6     8     1     4     8     3    33    39    53
    25     9     5     7     5     5     2    31    46
    26     4     1     5     2     8     3    27    31    42
    27     1     5     4     5     8     3    28    39    43
    28     8    10     6     6     3     2    29    36
    29     3     7    10     7     5     3    37    44    48
    30     1    10     6     7     8     1    33
    31     6     9    10     9     6     2    41    56
    32     4     8     4     9     1     3    34    37    38
    33    10     4     9     8     2     3    37    44    59
    34     9     7     9     6     9     1    58
    35    10     5     6     2     1     3    42    43    48
    36     2     5     9    10     6     3    40    46    51
    37     6     6     4     9     1     1    47
    38     7    10     4     6     6     2    46    49
    39     4     7     2    10     1     2    40    50
    40     1     4     2    10     8     1    45
    41     2     3     4    10    10     2    54    57
    42     2     3     6     2     6     2    45    47
    43     8     9     4     1     9     1    52
    44     8     1    10    10     9     1    52
    45     6     9    10     1    10     1    49
    46     9     4     2     1     2     2    50    52
    47     6     6     2     9     8     1    55
    48     2     7     5     6     7     3    50    53    60
    49     7     5     7    10     4     1    55
    50     8     7     5     1     8     1    54
    51     7     5     7     8     8     3    53    56    59
    52     9     2     2     8     5     2    55    57
    53     3     4     2     6     2     1    58
    54     6     8    10     2     4     1    59
    55     1     4     2     2     5     1    56
    56     9     3     9     4     6     1    60
    57     6     8     1     1     5     1    60
    58     9     4     2     4    10     1    61
    59     8     9     2     5     5     1    61
    60     2     5     3     8     9     1    61
    61     0     0     0     0     0     0
--------------------------------------------------------------------------------
INFORMATION OF PROJECT 6:
#jobs  release  duedate
    62     0   141
#local resources
     2
R_L1   R_L2   
    18    17
jobnr.  dur.  r_G1  r_G2  r_L1  r_L2  #succ.  successors
     0     0     0     0     0     0     3     1     2     3
     1     6     2     9     1     1     2    13    50
     2     8     4     5     2     1     2     8    24
     3     8     5     4     3     6     3     4     8    16
     4     3     7     2     5     8     3     5     9    20
     5     9     5     6    10     7     3     6    11    15
     6     6     7     2     2    10     2     7    33
     7     9     6     6     1     5     3    17    21    37
     8     3     5     2     9     8     3    10    12    19
     9     9     4     5     2     5     1    56
    10     3     4     5     7     6     1    18
    11     7     9     2     9     5     3    26    50    58
    12     4     3     6     7     5     3    14    29    44
    13     3     2     5     2     7     3    16    29    39
    14     2     8    10    10     1     2    17    51
    15     1     5     4     9     4     1    17
    16     4     1     5     7     8     1    22
    17     5     3     1     7     5     3    25    28    53
    18     1    10     2     2     1     1    48
    19     8     9     2     7     9     1    45
    20     3     2     8     4     3     2    30    36
    21     9     7    10     3     1     3    23    27    46
    22     8     6     6    10     9     2    32    33
    23     1     9     4     6    10     2    25    30
    24     9     5     2     4     2     3    28    35    40
    25     1     4     1     7     9     2    39    43
    26     6     9     5    10     9     2    31    49
    27     2     7     6     6     2     1    47
    28     4     9     2    10     2     2    43    50
    29     1    10     6     7     1     2    31    36
    30     2     6    10     3     6     2    38    59
    31     7     2     2     5     7     1    59
    32     4     4     9     3     1     3    34    42    54
    33     4     9     2     9    10     2    35    44
    34     7     7     8     1     6     2    49    52
    35     2     9     3     9     5     2    51    55
    36     8    10     4     4     2     3    38    53    54
    37    10     3     1     1     9     1    44
    38    10     4     3     7     5     3    40    45    56
    39    10     8     4     6     9     1    56
    40     2     9     5     6     2     1    41
    41     4     1     4     9     1     1    43
    42     9     7     8     3     7     1    47
    43     8     2     7     1     3     1    57
    44     9     8     4    10     1     3    45    47    48
    45     5     1    10    10    10     1    52
    46     5     4     8     6     7     2    48    55
    47     3     2    10     1     2     2    49    51
    48     2     5     4    10     8     1    53
    49     1    10     6     6     7     2    55    60
    50     4     4    10     8     8     1    54
    51     8    10     8     6     6     2    52    57
    52     8     4     6     1     9     1    60
    53     6    10     7     5     7     1    57
    54     2    10     7     9     3     1    60
    55     2     3     1     9     7     1    59
    56     4     4     6     2     5     1    58
    57     7     5    10     4     5     1    58
    58    10     4     6     6     4     1    61
    59     4     8     1     6     7     1    61
    60     7     2     4     8     2     1    61
    61     0     0     0     0     0     0
--------------------------------------------------------------------------------
INFORMATION OF PROJECT 7:
#jobs  release  duedate
    62     0    78
#local resources
     2
R_L1   R_L2   
    32    30
jobnr.  dur.  r_G1  r_G2  r_L1  r_L2  #succ.  successors
     0     0     0     0     0     0     3     1     2     3
     1     7     8     1     5     4     3    10    32    48
     2     8     1     5     5     2     3     5     8    11
     3     2     5    10     8     7     2     4    40
     4     7     9     9     5     8     3     9    14    33
     5     2     2     3     6     5     3     6    23    34
     6    10     1     1     6     4     1     7
     7     2     8     1     5     9     2    36    37
     8     3     1     2     7     6     1    16
     9     1     5     2     2     2     3    12    13    22
    10     8     5     8     6     6     2    44    47
    11     8    10     4     7     4     2    19    25
    12     7     7     1     8     1     2    18    32
    13     9     3     1     6     2     3    31    39    53
    14     4     1     2     3     7     3    15    42    52
    15     4     9     3     2    10     3    20    24    26
    16     5     2    10     6     5     3    17    21    52
    17     5     7     3     7     1     1    41
    18     9     7     4     3     3     2    25    57
    19     7     9     8     1     6     2    47    57
    20     7     5     4     4     4     3    27    45    54
    21     5     2     2     5     7     3    22    51    55
    22     4     8     9     3     3     1    42
    23     6     3     5     1     7     3    31    44    47
    24    10     1     6     5     4     3    34    36    46
    25     1     4     1    10     4     3    28    29    30
    26     9     6     8     3    10     3    31    38    43
    27     4     4     4     2     5     2    29    32
    28     1     9     8     9     7     1    48
    29     3     4     9     6     7     2    34    50
    30     7     5     7     7     7     2    39    60
    31     1     1     6     5     8     1    46
    32     8     7     3     7    10     2    38    44
    33     3     9     4    10     6     1    45
    34     7     5    10     8     1     1    35
    35     6    10     2     9     9     2    38    56
    36     4    10     3     7     4     1    50
    37     8     1     9     3     1     1    59
    38     2     3     3     5     3     1    55
    39     6     1     3     2     4     1    41
    40     8     6     8     1    10     1    45
    41     4     4     8    10    10     1    43
    42     1     1     2     1     8     1    48
    43    10     6     8     9     8     2    55    59
    44     5     2     8     7     9     1    51
    45     2     1     9     8     4     1    46
    46     5     5     2     6     4     2    49    51
    47     6     8     1     2     6     2    49    54
    48     6     9     9     8     8     2    49    50
    49     6     8     2     5     2     1    58
    50     1     2     2     2     3     2    53    56
    51     4     2     1     6     2     1    57
    52     5    10     9     6     6     2    53    54
    53    10     3     6     8     6     1    58
    54    10     9     4     8     2     2    56    60
    55     7     1     3     2     5     1    58
    56     1     5     3     6     3     1    59
    57     7     5     7     6     9     1    60
    58     4     1     3     3     9     1    61
    59     6     2     5     7    10     1    61
    60    10     6     2     6    10     1    61
    61     0     0     0     0     0     0
--------------------------------------------------------------------------------
INFORMATION OF PROJECT 8:
#jobs  release  duedate
    62     0   101
#local resources
     2
R_L1   R_L2   
    20    17
jobnr.  dur.  r_G1  r_G2  r_L1  r_L2  #succ.  successors
     0     0     0     0     0     0     3     1     2     3
     1     3     5     2     8     1     3     9    10    54
     2     2     3    10     5     0     3     4     7    15
     3     5     4     7     6     0     3     5     6    52
     4     5     0     3     0     3     1    14
     5     2     4     2     4     1     3    16    26    29
     6     6     4     9     9    10     3     8    11    12
     7    10     8     8     9     7     2    27    57
     8     9     2     6     0     0     3    18    22    60
     9     1     9     4     0     0     1    12
    10     6     7     1     3     0     3    17    38    40
    11     3     2     7     8     3     2    13    19
    12     9     1     4    10     2     2    14    43
    13    10     0    10    10     3     3    39    41    45
    14     1     2     0     8     3     1    50
    15     1     0     7     0     0     1    20
    16     6     7     0     0     0     1    33
    17     9     9    10    10     4     1    46
    18     1     9     7     6     5     1    24
    19     3    10     0     3     7     2    23    31
    20     2     1     0     6     9     1    21
    21     1     9     8     7     1     3    25    34    51
    22     6     0     7     3     1     1    55
    23     9     5     9    10     2     1    27
    24     8     0     0    10     6     2    30    47
    25     8     6     7     5     8     1    45
    26     4     8     0     0    10     1    28
    27     5     0     9     9     6     1    32
    28     3     6     0     3     0     1    33
    29    10     0     8     0     0     3    35    36    49
    30     8     6     6     2     3     1    42
    31     1     0     9     9     0     1    56
    32     1     3     4     7     3     1    44
    33     4     2     2     1     4     2    37    48
    34     2     0     4     3     5     1    49
    35     4     3     0     0     9     1    59
    36     3     0     1     0     4     2    38    41
    37    10     5     4     0     4     1    46
    38     5     9     9     1     3     1    47
    39     9     4     3     6     0     2    40    53
    40     9     5     7     2     0     1    58
    41     2    10     8     7     1     1    42
    42     7     9     0     2     4     1    51
    43     3     5     6     7     8     2    48    53
    44     2     0     2     3     0     1    56
    45     6     1     0     0     7     1    54
    46     9     0     4     0     8     1    47
    47     5     3     6     2     9     1    53
    48     9     0     8     5     1     1    55
    49     5     5     5    10     0     1    54
    50     7     3     2     9     0     2    57    58
    51     3     0    10     7     0     1    58
    52    10     0     9     7     7     1    56
    53    10     0     0     7     0     1    57
    54     6     1     6     5     1     1    55
    55     4     5     2     3     0     1    59
    56     6     5    10     0     6     1    60
    57     7     1     0     4     6     1    59
    58     1     3     9     2    10     1    61
    59     6     9     4     9    10     1    61
    60    10     8     3     4     8     1    61
    61     0     0     0     0     0     0
--------------------------------------------------------------------------------
INFORMATION OF PROJECT 9:
#jobs  release  duedate
    62     0    86
#local resources
     2
R_L1   R_L2   
    24    25
jobnr.  dur.  r_G1  r_G2  r_L1  r_L2  #succ.  successors
     0     0     0     0     0     0     3     1     2     3
     1     5     7     0     1     7     3    10    13    38
     2     4     0     0     0     4     3     5     7    23
     3     3     0     6     5     9     3     4    16    20
     4    10     7     6     2     5     3     9    12    54
     5     5    10     4     2     0     3     6     8    17
     6     1     0     7     0     6     2    14    22
     7     3     6     9     9     8     2    17    18
     8     1     1     7     4     0     2    32    33
     9     7     9    10     6     6     3    11    44    47
    10     7    10     1     3    10     3    19    21    26
    11     4     2    10     7     0     3    29    30    49
    12     9     8     1     0     4     3    15    18    27
    13     1     0     4     5     1     3    16    17    36
    14     1     4     0     0     0     1    20
    15     9     9     3     3    10     3    32    37    49
    16     5     0     6     0     7     3    26    31    51
    17     8     0     7     0     0     2    20    30
    18     9     0     2    10     0     3    33    39    42
    19     4     0     4     9     1     2    23    25
    20     3     0     5     9     3     1    29
    21     5     7     8    10     9     3    23    24    30
    22     3     0     6     4     9     3    24    28    39
    23     6     3     4     7     6     3    28    31    33
    24     5     9     0     4     0     2    27    31
    25    10     7     0     1     2     3    35    40    41
    26     8     4     6     9     7     3    28    37    46
    27     2     1     0     2     5     3    34    36    42
    28     8     5    10     0     3     3    44    45    54
    29     5     4     5     8     1     2    34    48
    30     5     6     3     0     1     2    35    53
    31     1     8     0     0     4     3    35    54    56
    32     7     4     6     0     5     2    34    38
    33     6     4     6     6    10     3    49    53    55
    34     7     0     4     0     7     2    50    58
    35     5     8     8     7     9     1    48
    36     2     6     8     2     0     2    37    47
    37     6     1     4     2     4     3    48    57    59
    38     8     3     6     0     4     2    41    55
    39     7     6     0    10     8     3    41    45    46
    40     7    10     1     6     0     3    42    43    45
    41     7    10     0     9     0     2    44    53
    42     2     1     3     2     1     1    58
    43     5     8     0     9     0     3    46    50    51
    44     4     7     8     1     7     1    50
    45     6     3     7     4     9     1    57
    46    10     0     2    10     8     2    47    55
    47     7    10     0     0     0     2    52    57
    48     8     3     0     5     6     1    58
    49     6     0     6     5     6     2    51    56
    50     2     0     7     8     9     1    52
    51     2     4     7     7     2     1    52
    52     4     5     9     7     2     1    59
    53     3     8    10     8     7     1    56
    54    10     9     1     1     0     1    59
    55     9     3     4     9     0     1    60
    56     4     7     1     0     5     1    60
    57    10     8     2     4    10     1    60
    58     5     7     0     5     0     1    61
    59    10     5     6     0     0     1    61
    60     2     9     0     5     4     1    61
    61     0     0     0     0     0     0
--------------------------------------------------------------------------------
INFORMATION OF PROJECT 10:
#jobs  release  duedate
    62     0    84
#local resources
     2
R_L1   R_L2   
    34    39
jobnr.  dur.  r_G1  r_G2  r_L1  r_L2  #succ.  successors
     0     0     0     0     0     0     3     1     2     3
     1     6     2    10     1     5     3     4    15    24
     2    10     1     7     2     1     3     7    18    21
     3     9     5     5     7     8     3     5     6     8
     4     9     7     3     3     2     2    36    37
     5     9    10     7     9     9     3    20    23    29
     6     1     3     5     3     6     3    13    47    52
     7     7     2     1     7     3     3    23    25    47
     8     5     6     5     1    10     2     9    12
     9     3     8     4     4     1     2    10    16
    10     9    10    10    10     2     3    11    17    32
    11     8     9     5     6     9     3    30    45    55
    12     4     3     7     1     6     2    14    16
    13     8     2    10     4     6     2    51    59
    14     7     5     3     7     2     1    21
    15     8     5     2     8     6     2    41    58
    16     6     7     5     2     6     2    30    33
    17     6     1     9     8     6     3    19    25    50
    18     7     3     2    10     7     1    39
    19     8     1     9     5     3     1    35
    20    10     5     2     5     6     2    31    46
    21     7     9     4     6     3     2    22    27
    22    10     7     9     6     7     2    37    55
    23     6     2     5     1     6     2    27    28
    24     8     6     3    10     4     2    26    29
    25     1     9     2     9    10     2    38    49
    26     4     5     1     9     3     2    35    50
    27     1     7     5     1     7     2    38    43
    28     8     8     6     8    10     1    34
    29     3     1     3     2     6     3    34    40    50
    30     1     7     6     5     4     2    43    48
    31     8     8    10     8    10     2    32    42
    32     8     7     6     9     5     1    49
    33     9     3     8     9     7     1    60
    34     6     9     6     4     5     3    44    45    53
    35     6     4     9     3     1     1    40
    36     9     8    10     7     3     3    39    48    51
    37     7     2     4     6     3     2    43    45
    38     3     7     5     3     4     1    44
    39     2     2     8     9     2     2    40    42
    40     6     7     3     5     2     2    47    52
    41     9     8     8     1     7     2    44    56
    42     9     7     3     8     4     2    59    60
    43     5     1     1     5     7     1    56
    44    10    10     6     4     9     1    54
    45     4     3     8     3     4     2    46    48
    46     4     2     8     3    10     2    49    59
    47     3     1    10    10    10     1    54
    48     5     7     2     9     8     1    54
    49     8     2     1     3     1     1    58
    50    10     9    10     9    10     2    53    57
    51     1     9     4     2     7     1    55
    52     8    10     1     7    10     1    53
    53     3    10     8     4    10     1    58
    54     9     3     1     9     9     1    57
    55     2     7    10     3     2     1    56
    56     7     4     6     9     2     1    57
    57     1     6     6     1     5     1    60
    58     5     1     7     2     8     1    61
    59     3     6     2     6     6     1    61
    60     4     5    10    10    10     1    61
    61     0     0     0     0     0     0
--------------------------------------------------------------------------------
INFORMATION OF PROJECT 11:
#jobs  release  duedate
    62     0   142
#local resources
     2
R_L1   R_L2   
    18    18
jobnr.  dur.  r_G1  r_G2  r_L1  r_L2  #succ.  successors
     0     0     0     0     0     0     3     1     2     3
     1    10     4     7    10     6     3    13    15    16
     2     8     9     1     9     2     3     5     8    18
     3     8     3     6     1    10     3     4     6     9
     4     3     2     7     2     3     2    15    32
     5     6     1     3     3     6     3    19    34    46
     6     9     5     6     6     3     3     7    10    14
     7    10    10    10     4     3     3    21    31    45
     8     8     9     9     1     5     3    26    41    58
     9     4     4     4     2     3     1    29
    10     1     4     9     6     2     2    11    12
    11     3     7     9     4     1     3    15    17    24
    12     8     1     6     7     2     3    28    42    59
    13     4     4     7     8     8     2    47    51
    14    10     2     2     9    10     2    23    26
    15     4     2     1     3     6     2    25    35
    16     8     8     5    10     5     1    57
    17     9     2     9     8     9     2    38    40
    18     4     4     1     5     3     1    20
    19     8     1     9     3     5     3    22    23    57
    20     2     5     7     6     7     1    49
    21     9     9     4    10     4     3    23    34    53
    22     5    10     5     2     9     1    33
    23     7     9     2     2     6     1    49
    24     7     7     9     7     6     3    36    42    51
    25     4     6     9     5     6     1    43
    26     2     8     4     5     6     3    27    30    33
    27    10     6     8     1     4     3    29    50    54
    28     2     3     3     4     1     2    35    44
    29     7    10     4     2     1     1    35
    30     4     9     5     6     6     1    51
    31     6     6     8    10     6     2    33    46
    32     6    10     9     3    10     3    44    52    55
    33     3     1     9     1     9     2    38    40
    34     4     4    10     1     3     2    42    47
    35     4    10     8     4     7     1    38
    36     4     1     4     3     1     3    37    41    44
    37     4     8     8     6     4     2    39    55
    38     8     3     8     6     6     1    60
    39     8     1     4     7     1     1    54
    40     5     1     4     3     1     2    47    48
    41     6     6    10     5     9     3    46    54    56
    42     8     5     2     1     2     1    48
    43     1     2    10     9    10     1    45
    44     4     5     7     1     4     1    53
    45     7     1     3     3     8     2    52    53
    46     5     4     8     9     1     1    48
    47    10     1     2    10    10     2    50    52
    48     4     1     8     6     2     1    50
    49     1     1     6     1     7     1    55
    50     7     4    10     1     3     1    60
    51     5     4     3    10     9     1    56
    52     4     2     6    10     7     1    56
    53     6     7     6     7     1     1    57
    54    10     7     3    10    10     1    59
    55     7     3    10     2     3     1    58
    56    10     3     7    10     7     2    59    60
    57     2     3     2     4     3     1    58
    58     8     7     1     2    10     1    61
    59    10     6     4     2     7     1    61
    60     7    10     5     5     2     1    61
    61     0     0     0     0     0     0
--------------------------------------------------------------------------------
INFORMATION OF PROJECT 12:
#jobs  release  duedate
    62     0   129
#local resources
     2
R_L1   R_L2   
    20    19
jobnr.  dur.  r_G1  r_G2  r_L1  r_L2  #succ.  successors
     0     0     0     0     0     0     3     1     2     3
     1    10     9     8     9     1     3     4    29    32
     2     8     5     2     1    10     3     6    13    18
     3     3     1     8     8     9     2    47    56
     4     5     3     8     6     7     2     5    12
     5     9     3     9     4     5     1    42
     6     1    10     3     3     2     3     7     8    23
     7     7     1     4     8     6     3     9    10    16
     8     5    10     2     6     2     2    11    22
     9    10     4    10     8    10     3    14    50    52
    10     7     2     4     4     1     3    15    17    49
    11     8    10    10    10     2     2    30    52
    12     9    10     8     8     1     3    21    50    53
    13     2    10     9     4     8     1    59
    14     2     2     6     2     9     3    19    25    36
    15    10     5     5     1     9     3    20    33    38
    16     4     8     9     7     4     2    21    35
    17     8    10     5     4     4     1    27
    18     1     1    10     9     8     3    23    24    26
    19     1     4     7     6     4     2    20    38
    20     6     2     5     3     1     1    31
    21     1     4     5     1     1     3    34    45    54
    22     7    10     2     4    10     3    28    33    37
    23     3     3     4     4     5     1    53
    24     4     6     5     1     4     2    41    49
    25     4     6     9    10     5     2    27    39
    26     4    10     7     7     2     1    27
    27     2     1     9     9     6     1    35
    28     8     6     3     5     7     2    35    60
    29     6     4     6    10     9     3    41    44    46
    30     9    10    10     5     9     2    34    48
    31     2     9     3     2    10     1    42
    32     7     1     8     9     6     1    47
    33     6     9     5     9     1     3    36    43    52
    34     3     3     7     8     1     2    43    58
    35     8     7     5     8     7     1    48
    36     1     5     8     6     4     1    40
    37    10     6     1     2     7     1    40
    38     8     6     2     9     5     2    42    51
    39     4     5     4     4     1     3    40    41    45
    40     5    10     9     1     2     2    47    54
    41     1     9     7     2     3     1    48
    42     6     3     7    10    10     2    43    46
    43     9    10     2    10     1     1    56
    44     6     6     7     6     7     3    45    49    53
    45    10     2     3     3     3     1    51
    46     7     4     7    10     9     2    55    58
    47     8     6     9     8     4     1    55
    48     2     5     9     8     3     2    54    58
    49     9     4     9     2     2     1    51
    50     2     4     4     9     6     2    59    60
    51     7    10     4     9     1     1    57
    52     7    10     4    10     2     1    55
    53     9     2     6     1     2     1    56
    54     7     6     7     7     8     1    57
    55     7     4     6     3     4     1    57
    56     4     7    10     9    10     1    60
    57     9     7     1     9     3     1    59
    58    10     9     4     9     6     1    61
    59     2     6     8     9     4     1    61
    60     6    10     1     1     7     1    61
    61     0     0     0     0     0     0
--------------------------------------------------------------------------------
TRANSFER TIMES OF GLOBAL RESOURCE G1
 DEPOT    P1    P2    P3    P4    P5    P6    P7    P8    P9   P10   P11   P12
     0    13     9     8     5     7     6    11    10     8     9     9     5
    13     0    21    20    16    18    12     2    19    19     5     6    16
     9    21     0     3     8     7    13    19    13     8    17    16     9
     8    20     3     0     8     9    13    19    14    10    17    15     9
     5    16     8     8     0     3     6    14     7     4    12    12     1
     7    18     7     9     3     0     8    16     6     2    14    15     3
     6    12    13    13     6     8     0    10     7     8     7     9     5
    11     2    19    19    14    16    10     0    17    17     3     4    14
    10    19    13    14     7     6     7    17     0     5    14    16     6
     8    19     8    10     4     2     8    17     5     0    15    16     4
     9     5    17    17    12    14     7     3    14    15     0     4    11
     9     6    16    15    12    15     9     4    16    16     4     0    12
     5    16     9     9     1     3     5    14     6     4    11    12     0
--------------------------------------------------------------------------------
TRANSFER TIMES OF GLOBAL RESOURCE G2
 DEPOT    P1    P2    P3    P4    P5    P6    P7    P8    P9   P10   P11   P12
     0     4     3     9     6     8    11    10    10     9    11     4    10
     4     0     2     6     5    10     8    12    11    11    14     6     7
     3     2     0     7     3    10     9    13     9     9    13     4     9
     9     6     7     0     9    13     3    16    14    15    19    10     2
     6     5     3     9     0    13    10    15     6     7    13     3    10
     8    10    10    13    13     0    16     4    18    16    14    12    14
    11     8     9     3    10    16     0    19    15    16    21    12     2
    10    12    13    16    15     4    19     0    19    17    13    14    17
    10    11     9    14     6    18    15    19     0     4    13     6    15
     9    11     9    15     7    16    16    17     4     0     9     6    17
    11    14    13    19    13    14    21    13    13     9     0    11    21
     4     6     4    10     3    12    12    14     6     6    11     0    12
    10     7     9     2    10    14     2    17    15    17    21    12     0
--------------------------------------------------------------------------------
Additional Information: 
global resource strength = 0.2
transfer time factor = 0.2
adapted from RCPSP instances: 
[j6041_3, j6014_7, j6025_1, j609_7, j6046_10, j6029_2, j6030_2, j609_10, j6042_3, j6030_5, j6029_4, j6029_3]
