--------------------------------------------------------------------------------
PORTFOLIO INFORMATION:
#projects
    12
#global resources
     2
R_G1   R_G2   
    87    83
--------------------------------------------------------------------------------
INFORMATION OF PROJECT 1:
#jobs  release  duedate
    62     0   110
#local resources
     2
R_L1   R_L2   
    26    24
jobnr.  dur.  r_G1  r_G2  r_L1  r_L2  #succ.  successors
     0     0     0     0     0     0     3     1     2     3
     1     2     3    10     4    10     2    11    20
     2     1     5     7     2     4     3     4     5    22
     3     8     1     5     2     9     3     8    14    21
     4    10     6     3     4     1     1     8
     5    10     9     2     6     9     3     6     7     9
     6     1     6     9     6    10     2    13    34
     7     7     6     2     4     5     1    39
     8     4    10    10     1    10     3    10    24    26
     9     2     8     7     9     9     3    23    43    48
    10     2     4     5     7    10     1    12
    11     5     2     2     7     3     3    15    35    60
    12     1     9     1     9     1     1    19
    13     3    10     2     3     9     3    16    33    36
    14     2     6     2    10     3     1    29
    15     1     7     3     2     1     1    27
    16     1     9     3    10    10     2    17    18
    17     2     4     8     8     3     2    30    31
    18     3     2     8     2    10     3    40    43    50
    19    10     1     9     4     4     1    25
    20     6     2     8     3     2     1    29
    21    10     4     9     7     4     1    28
    22     7     8    10    10     9     1    55
    23     9     7     1     8     9     1    37
    24     2     5     4    10     9     1    41
    25     3     2     1    10     4     1    33
    26     6     5     1    10     9     2    32    40
    27     8     9     5     7     7     1    40
    28     9     3     6     6     5     2    45    57
    29     7     5     9    10     1     1    41
    30     8    10     2    10     4     1    38
    31     1    10     5     5     7     1    46
    32    10     5     7     6    10     2    41    51
    33     2     5     9     1     3     1    47
    34     8     5     3     4     7     2    49    54
    35     2     9     6     4     1     1    47
    36     7     4     4    10     3     3    45    53    58
    37     5     7     9     6     8     2    42    52
    38     2    10     7     1     4     1    49
    39     8     6    10     2    10     1    49
    40    10     6     3     3    10     1    53
    41     7    10     6     9     9     2    45    56
    42     3     9     9     8     9     2    54    60
    43     7     9     6     7     8     1    44
    44     5     8     3    10     8     1    60
    45    10     8     3     7     1     1    46
    46     9     1     6     5     6     1    59
    47     5     3     4     8     1     1    52
    48    10     6    10     2     4     1    56
    49     9     8     7     5     1     1    59
    50     5     5     1     4     3     2    53    58
    51     6     8     1     2    10     1    54
    52    10     4    10     1     2     1    55
    53     9     5     3     3     3     1    59
    54     7     3     4     6     4     1    55
    55     4     3     2     8     9     1    57
    56     7     2     3     7     3     1    57
    57    10     3     5     5     2     1    58
    58     5     7     6     4     1     1    61
    59    10     1     9     1     3     1    61
    60     6     9     8     1     4     1    61
    61     0     0     0     0     0     0
--------------------------------------------------------------------------------
INFORMATION OF PROJECT 2:
#jobs  release  duedate
    62     0   129
#local resources
     2
R_L1   R_L2   
    20    21
jobnr.  dur.  r_G1  r_G2  r_L1  r_L2  #succ.  successors
     0     0     0     0     0     0     3     1     2     3
     1    10     9     1     9     8     3     4    29    32
     2     8     5    10     1     2     3     6    13    18
     3     3     1     9     8     8     2    47    56
     4     5     3     7     6     8     2     5    12
     5     9     3     5     4     9     1    42
     6     1    10     2     3     3     3     7     8    23
     7     7     1     6     8     4     3     9    10    16
     8     5    10     2     6     2     2    11    22
     9    10     4    10     8    10     3    14    50    52
    10     7     2     1     4     4     3    15    17    49
    11     8    10     2    10    10     2    30    52
    12     9    10     1     8     8     3    21    50    53
    13     2    10     8     4     9     1    59
    14     2     2     9     2     6     3    19    25    36
    15    10     5     9     1     5     3    20    33    38
    16     4     8     4     7     9     2    21    35
    17     8    10     4     4     5     1    27
    18     1     1     8     9    10     3    23    24    26
    19     1     4     4     6     7     2    20    38
    20     6     2     1     3     5     1    31
    21     1     4     1     1     5     3    34    45    54
    22     7    10    10     4     2     3    28    33    37
    23     3     3     5     4     4     1    53
    24     4     6     4     1     5     2    41    49
    25     4     6     5    10     9     2    27    39
    26     4    10     2     7     7     1    27
    27     2     1     6     9     9     1    35
    28     8     6     7     5     3     2    35    60
    29     6     4     9    10     6     3    41    44    46
    30     9    10     9     5    10     2    34    48
    31     2     9    10     2     3     1    42
    32     7     1     6     9     8     1    47
    33     6     9     1     9     5     3    36    43    52
    34     3     3     1     8     7     2    43    58
    35     8     7     7     8     5     1    48
    36     1     5     4     6     8     1    40
    37    10     6     7     2     1     1    40
    38     8     6     5     9     2     2    42    51
    39     4     5     1     4     4     3    40    41    45
    40     5    10     2     1     9     2    47    54
    41     1     9     3     2     7     1    48
    42     6     3    10    10     7     2    43    46
    43     9    10     1    10     2     1    56
    44     6     6     7     6     7     3    45    49    53
    45    10     2     3     3     3     1    51
    46     7     4     9    10     7     2    55    58
    47     8     6     4     8     9     1    55
    48     2     5     3     8     9     2    54    58
    49     9     4     2     2     9     1    51
    50     2     4     6     9     4     2    59    60
    51     7    10     1     9     4     1    57
    52     7    10     2    10     4     1    55
    53     9     2     2     1     6     1    56
    54     7     6     8     7     7     1    57
    55     7     4     4     3     6     1    57
    56     4     7    10     9    10     1    60
    57     9     7     3     9     1     1    59
    58    10     9     6     9     4     1    61
    59     2     6     4     9     8     1    61
    60     6    10     7     1     1     1    61
    61     0     0     0     0     0     0
--------------------------------------------------------------------------------
INFORMATION OF PROJECT 3:
#jobs  release  duedate
    62     0   127
#local resources
     2
R_L1   R_L2   
    18    22
jobnr.  dur.  r_G1  r_G2  r_L1  r_L2  #succ.  successors
     0     0     0     0     0     0     3     1     2     3
     1     5    10     2     3     6     3     4     7    52
     2     1     4     9     1     6     3    10    16    46
     3    10     5     1     5     9     3    12    14    23
     4     5     9     1     9     8     3     5     6     8
     5    10     4     7     2     4     3    11    17    48
     6     8     5     1     3    10     3    13    41    44
     7     3     6     6     9     6     3    25    39    55
     8     8     2     1     2     5     3     9    20    22
     9     2     5     5     7     1     3    13    15    21
    10     7     3     3     6     6     3    27    34    35
    11     8     9    10     8     9     3    30    31    33
    12     2     5     1     8     7     2    18    25
    13     2    10     9     5     1     3    43    48    55
    14    10     9     9     5     5     2    40    57
    15     5     7     1     8     9     2    24    39
    16     5     6    10     7     3     1    51
    17     7     8     4     6     8     3    19    28    38
    18    10     2     8     3     9     2    20    56
    19     6     4     2     5     4     3    35    46    49
    20     4     3     1     6     9     2    28    35
    21     9     9     1     3     6     1    32
    22     4    10     9     7     2     3    26    36    45
    23     9     8     9     2     8     1    44
    24     1    10     3    10     2     2    29    49
    25    10     9     6     3     6     3    27    33    37
    26     7     4    10     6     3     3    27    28    41
    27     3     7     8     4     3     1    48
    28     6    10     1     2     8     1    53
    29     4     4     5     6    10     2    36    56
    30     3     5     9    10     2     1    42
    31     5     5     1     6    10     1    32
    32     2     4     2     7     6     1    58
    33     7     7     6    10     3     2    36    40
    34     2     7     8    10    10     1    52
    35     3     3     2    10     1     1    40
    36    10     5     2     8     3     1    54
    37     8     9     4     1     8     1    57
    38     6     9     7     4     6     1    39
    39     9     8     5     2     6     2    42    47
    40     4    10    10     4    10     1    59
    41     9     2     5     2     9     2    43    46
    42     7    10     3     1     7     2    53    56
    43     4     4     9     2     1     1    59
    44     7     6     1     3     6     1    47
    45     5     1    10     8    10     1    47
    46     5     6     1     2     7     3    50    53    55
    47     8     9    10     5     1     2    49    50
    48     3     3     2     1     5     1    59
    49     7     4     8     4     6     2    51    54
    50     5     3     9     1    10     1    51
    51     7     7    10     3    10     1    58
    52    10     6     1     9    10     1    54
    53     7     8     8     9     8     1    57
    54     3     2     5     2     7     1    60
    55     9     4     6     1     7     1    60
    56     6     2     7     8     8     1    58
    57     9     6     5     2    10     1    60
    58     6     1     7     3     9     1    61
    59     1     3     9     8     7     1    61
    60     4     9     3     3     2     1    61
    61     0     0     0     0     0     0
--------------------------------------------------------------------------------
INFORMATION OF PROJECT 4:
#jobs  release  duedate
    62     0   106
#local resources
     2
R_L1   R_L2   
    17    19
jobnr.  dur.  r_G1  r_G2  r_L1  r_L2  #succ.  successors
     0     0     0     0     0     0     3     1     2     3
     1     2     0     5     2     1     3     5    12    20
     2     1     0     1     2     8     3     4     7    27
     3     8     2     7    10     1     3    18    36    38
     4     6     4     0     8     1     3     6    10    15
     5     9     3    10     7     9     3     8    17    19
     6     3     8    10     0     6     3    16    21    56
     7     7     0     8     0     1     3     9    33    47
     8     4     0     9     4     3     3    11    31    51
     9     6     9     6     0    10     3    21    49    57
    10     1     2     4     0     5     3    14    18    45
    11     2     6     0     1     9     3    26    28    34
    12     6    10     0     8     2     3    13    22    29
    13     1     0     0     0     3     3    23    27    33
    14     6     0     6     1     7     3    19    21    40
    15     1     8     4     9     9     3    23    30    49
    16    10     5     1     4     8     3    24    26    32
    17     7     3     7     3     6     3    27    31    43
    18     1    10     3     0     8     3    37    44    54
    19     9     3     0     5     0     3    25    30    44
    20     8     0     4     7     5     2    28    58
    21     5     1     0     7     4     3    24    26    29
    22     6     2     9     6     8     3    33    35    38
    23     8     4    10     2     3     3    34    43    59
    24     3    10     7     5     4     3    31    41    52
    25     2     0     0     4     3     3    36    41    46
    26     8     3    10     7     2     1    59
    27     7     8     8     0    10     3    45    52    54
    28     8     3     7     0     9     3    30    32    47
    29     3     7     4     6     8     2    32    41
    30     5     7     5     1    10     1    53
    31     2     7     0     5     1     1    55
    32     2     0    10     2     0     2    39    44
    33     4     7     5     2     7     3    34    36    48
    34     7     2     0     5     0     2    42    45
    35    10     1     0     2     0     3    37    39    42
    36    10    10     0     3     6     2    42    50
    37     2     0     9     0    10     3    40    47    50
    38     9     0     5     8     9     3    39    46    55
    39     8     9     5     6     8     1    60
    40     8     8     5    10     2     3    43    46    57
    41     7     0     2     9     0     1    55
    42     3     5     8     6     6     1    54
    43     4     7     2    10     0     1    51
    44     1     8     3     0     3     1    60
    45     7     0     7     9     9     1    57
    46     3     8     0     8     1     1    48
    47     7     7     2     0     0     1    48
    48    10     5     6     0     8     1    49
    49     1    10     5     8     9     2    52    53
    50     7     8     0     0     3     1    51
    51     3     2     7     0    10     1    53
    52     6     4     0     0     5     1    59
    53     1     0     0    10     7     1    56
    54     3     4     6    10     8     1    56
    55     9     0     7     0     1     1    58
    56     1     9     3     2     3     1    60
    57     4     7     0     8     0     1    58
    58     1     0     6     1     2     1    61
    59     4     0     0    10     9     1    61
    60     7     6     6    10     0     1    61
    61     0     0     0     0     0     0
--------------------------------------------------------------------------------
INFORMATION OF PROJECT 5:
#jobs  release  duedate
    62     0   140
#local resources
     2
R_L1   R_L2   
    16    16
jobnr.  dur.  r_G1  r_G2  r_L1  r_L2  #succ.  successors
     0     0     0     0     0     0     3     1     2     3
     1     7     6     9     9     7     1     7
     2    10     1     1     0     5     3     4     6     9
     3     6     9    10     1     1     3     5    28    32
     4     1     9     0     6     5     3    20    37    55
     5    10     1     7     9     0     3    39    45    51
     6     1     1     5     5     7     1    14
     7     3     8     9     2     3     3     8    10    18
     8     6     9     4     1     4     3    13    31    40
     9     3     0     0    10     7     3    12    14    16
    10     2     2     0     1     4     3    11    13    21
    11     4     3     3     7     8     3    12    19    27
    12    10     1     7     5     2     3    28    34    54
    13    10     0     0     4     7     3    15    35    48
    14     7     8     7     5     0     3    19    34    44
    15     3     7     0     0     4     3    32    43    49
    16     5     0     2     0     7     3    17    22    24
    17     8     2     0     0     5     3    29    52    56
    18     6     5     1     0     4     2    24    26
    19     3     7     9     0     2     2    23    30
    20     7     1     3     7     3     3    31    35    36
    21     7     3     0     6     4     3    38    47    51
    22     5     8     1     1    10     2    26    41
    23     1    10     0     2     4     3    25    26    28
    24     9     4     1     2     7     2    25    33
    25     9     5     0     9     0     3    29    39    41
    26     9     8     9    10     3     2    38    40
    27     4     0     2     0     7     3    33    36    41
    28     2     2     8     0     6     3    29    38    46
    29     6     7     7     5     6     3    35    37    57
    30    10     0     2     0     0     3    31    32    37
    31     1     0    10    10     0     1    48
    32     9     0     2     9     0     3    45    46    59
    33     4    10     2     6     0     3    34    40    42
    34     7     3     0     0     4     2    57    58
    35     9     9     0     2     4     1    50
    36     5     8     1     0     0     2    39    44
    37     2     3     0     5    10     1    60
    38     2    10     5     4     0     3    50    52    53
    39     8     1     0     8     9     1    47
    40     9     7     9     8     1     2    43    46
    41     6    10     0     0     0     3    43    49    58
    42     9     3     5     0     0     3    44    45    47
    43     5     2     9     7     1     2    51    53
    44     2     5     9     4     8     1    56
    45     1     6     2     2     4     1    54
    46    10     0     2     0    10     1    52
    47     9     2     9     0     4     2    48    60
    48     2     7     6     0     9     3    49    50    58
    49     4    10     2     8     0     1    53
    50    10     7     5     0     1     1    59
    51     1     5     0     2     0     1    54
    52     8     1     6     3     2     1    55
    53     5    10    10     4     0     1    56
    54    10    10     4     0     4     1    55
    55     2     2     8     9     9     1    57
    56     6     9     7     9     5     1    59
    57     7     3     0     1     5     1    60
    58    10     2     5     8     0     1    61
    59     9     0     1     0     3     1    61
    60     9     2     4     7     4     1    61
    61     0     0     0     0     0     0
--------------------------------------------------------------------------------
INFORMATION OF PROJECT 6:
#jobs  release  duedate
    62     0   122
#local resources
     2
R_L1   R_L2   
    15    15
jobnr.  dur.  r_G1  r_G2  r_L1  r_L2  #succ.  successors
     0     0     0     0     0     0     3     1     2     3
     1     4     8     8     7     0     3     4     7    27
     2     3     2     8     0     7     3     5     6    10
     3     3    10     9     4     0     1    54
     4    10     7     1     8     0     3     6    12    60
     5     2    10     4     7     2     2     8    44
     6     1     1     4     0     4     3     9    28    39
     7     1     0     1     7     1     3    11    32    38
     8     6     5     0     7     2     3    13    20    23
     9     9     3     7     3     5     1    13
    10     8     6     8     3     9     2    17    18
    11     3    10     0     8     6     1    35
    12     9     6     7     0     0     3    14    18    19
    13     2     0     7     5     5     2    25    31
    14     3     1    10     2     6     3    15    16    38
    15     2     5     7     0     4     2    22    47
    16     6    10    10     0     4     3    26    29    37
    17     7     8     0     5     6     3    21    39    54
    18     1     2     1     8     0     2    22    33
    19     3    10     8     2     6     2    40    45
    20     1     5     6    10     2     2    27    40
    21     8     8    10     8     7     3    22    27    33
    22     5     1    10     3     0     1    24
    23     5     9     9     2     1     1    35
    24     5     4     6    10     6     3    32    46    56
    25     7    10     0     4     9     2    30    40
    26     4     0     0     0     1     2    33    36
    27     6     7     2     5     6     3    42    48    50
    28     4     5     9     0    10     2    35    53
    29     6     0     9     3     5     3    34    36    47
    30     2     2     5    10     7     2    43    52
    31     6     0     0     9    10     2    47    54
    32     9     0     1     6     0     2    37    43
    33     6     3     1     6     1     2    50    57
    34     1     0     0     1     2     1    51
    35     7     3     0     4     3     1    55
    36     9     1     4     7     4     3    39    43    46
    37     7     6     9     9     6     2    41    52
    38     1     4     9     0     3     1    42
    39     4     1     0     1     0     1    41
    40     1     9     5     0     0     1    48
    41     4     5     1     3     0     1    53
    42     7     0     9     0     8     1    55
    43     8     0     1     8     8     2    50    51
    44     1     1     1     8     9     1    56
    45     9     0     5     4     0     2    46    48
    46     2     0     8     7     5     1    49
    47     9     0     5     8    10     1    55
    48    10     0     0     5     8     1    57
    49     9     2     6     0     0     2    51    52
    50     5     0     6     7     0     1    53
    51     2     2     0     0    10     1    57
    52     6     1     7    10     7     2    58    59
    53     3     0     6     0     9     1    59
    54     3     2    10     7     0     1    58
    55     1     7     0     3     7     1    56
    56     3     0     6     6    10     1    58
    57    10     7     0     6     1     1    59
    58     7     0     1     1     0     1    61
    59     1     2     0     7     3     1    61
    60     5     4     7     9     3     1    61
    61     0     0     0     0     0     0
--------------------------------------------------------------------------------
INFORMATION OF PROJECT 7:
#jobs  release  duedate
    62     0    96
#local resources
     2
R_L1   R_L2   
    24    26
jobnr.  dur.  r_G1  r_G2  r_L1  r_L2  #succ.  successors
     0     0     0     0     0     0     3     1     2     3
     1     2     4    10     1     9     3     4     8    10
     2     6     1    10     9     7     3     5     6    34
     3     8     9     1     7     6     2     7    31
     4     2     4     9     8     8     3     9    15    22
     5     4    10     8     3     1     1    30
     6     2     2     6     3     1     1    52
     7     4     3     1     9     7     3    18    20    51
     8     5     9     8     2     7     2    22    28
     9    10     2     4     8     3     3    11    16    19
    10     3     2     2     6     3     3    12    24    35
    11     8     9     9    10     2     2    13    44
    12     8     1     7     8     8     1    57
    13     3     4     1     1     5     2    14    39
    14    10     6     9     1     1     3    21    28    47
    15    10    10     8     4     3     3    17    23    25
    16     4     3     9     9     3     1    31
    17     2     1     7     4     6     1    32
    18     9     3     8     1    10     1    53
    19     3     2     2     8     9     2    27    30
    20     8     1     3     7    10     1    26
    21     3     5     7     1    10     1    57
    22     5     3     5    10     6     3    29    33    52
    23     5     5     9     6     1     1    56
    24     6     9     4     4     2     2    38    49
    25     6     6     7     2     1     1    46
    26     8     1     1     4     4     1    28
    27     6     3     2     1     6     1    40
    28    10     4     8     7     7     1    42
    29    10     1     8     4     5     1    45
    30     7     1     5     2    10     1    40
    31     3     7     4     8     7     1    43
    32     2     3     8     8     1     2    37    59
    33     8     7     6     9     5     2    41    53
    34     7    10     3     3     1     1    36
    35     6     5     3     7     7     1    56
    36    10     8     8     2    10     2    40    41
    37     8     4     2     8     6     1    39
    38    10     4     4     9     7     1    57
    39     2     9     7     3     9     1    48
    40     3     6     3     8     5     2    43    56
    41     4     6     2     7     2     1    50
    42     5     6     7     8     5     1    50
    43    10     8     3    10     8     1    58
    44     6     6    10     2     7     1    47
    45     7     2     1     8     8     1    55
    46     4     7    10     1     9     2    48    55
    47     7     5     1     8     4     1    54
    48     2     9    10     2     2     1    50
    49     4     8     5     2     5     2    52    59
    50     2     8     3     1     1     1    54
    51     2     1    10     9     7     1    59
    52     4     1     8     3     5     1    54
    53     1     8     5     9     1     1    60
    54     2     6     8    10     4     1    58
    55    10     6     1     5     3     1    58
    56     7     8     4     5     7     1    60
    57     4     8     7    10     8     1    60
    58     3     9    10     9     2     1    61
    59     5     2     4     3     7     1    61
    60     6     6     9     8     5     1    61
    61     0     0     0     0     0     0
--------------------------------------------------------------------------------
INFORMATION OF PROJECT 8:
#jobs  release  duedate
    62     0   108
#local resources
     2
R_L1   R_L2   
    14    17
jobnr.  dur.  r_G1  r_G2  r_L1  r_L2  #succ.  successors
     0     0     0     0     0     0     3     1     2     3
     1     3     7     0    10     0     2     7    49
     2     6     0     4     9     8     3     4     8    19
     3     3     8     4     8     4     1    38
     4     2     3     0     3     9     3     5    10    31
     5     7     7     2     2     2     3     6     9    13
     6     1     0     2     2     2     3    23    28    54
     7     8     1     4     4     7     3    11    28    59
     8     4     4     4     0     5     1    14
     9     8    10     0     0     0     2    12    15
    10     6     0     1     4     3     1    16
    11     2     3     3     5     3     1    32
    12     7     9     1     8     8     1    17
    13     8     4     0     8     3     2    36    45
    14     8     1     8     5     8     1    26
    15     6     4    10     0     7     3    18    21    22
    16     3     7     0     8     3     3    25    30    35
    17     7     6     4     9     9     1    44
    18     9     8     0     2     0     3    20    24    33
    19     4     5     0     0     6     1    56
    20     9     7     7     5     9     1    50
    21     4     0     3     0     9     2    29    34
    22     6     8     6     5     4     3    37    41    51
    23     6     3     0     6     2     1    41
    24     8     5     1     0     8     2    42    56
    25     4     2     3     4     0     1    27
    26     5     1     4     5     2     1    46
    27     6     0     0     0     9     2    39    53
    28     9     0     0     0     5     2    40    43
    29     4    10     9     0    10     1    52
    30     1     2     8     2    10     1    55
    31     1     7     5     6     6     2    47    52
    32     3     3     8     8     0     1    60
    33     9     8     1     4    10     1    34
    34     3     5     4     0     9     1    36
    35     7     0     0     1     4     1    43
    36     2     8     5     0     7     1    50
    37     9     0     1     0     3     1    43
    38     8     3     6     0     0     2    46    48
    39     7     0     0     1     4     2    45    51
    40     5     6     2     0     6     1    45
    41     9     6     1     3     2     1    46
    42     5     7     0    10     4     1    53
    43     1     0     8     5     2     1    60
    44     2     5     3    10     0     1    54
    45     1     0     4     1     0     1    55
    46     8     5     0     3     2     1    58
    47     1     0    10     8     6     2    51    54
    48     8     4     7     0     0     1    53
    49     1     1     7     3     5     1    52
    50     3     0     2     2     8     2    57    60
    51    10     8     9     8     0     1    56
    52     2     3     9     0     2     1    59
    53     4     0     5     8     2     1    57
    54     1     5     4     2    10     1    55
    55     3     1     0     1     3     1    57
    56    10     7     1     7     8     1    58
    57     9     0     5     7     9     1    58
    58     1     9     1     8     3     1    61
    59     5     0     0     9     5     1    61
    60     3     4     4     4     0     1    61
    61     0     0     0     0     0     0
--------------------------------------------------------------------------------
INFORMATION OF PROJECT 9:
#jobs  release  duedate
    62     0   111
#local resources
     2
R_L1   R_L2   
    22    22
jobnr.  dur.  r_G1  r_G2  r_L1  r_L2  #succ.  successors
     0     0     0     0     0     0     3     1     2     3
     1     8     1     7     9     9     3     4     5     9
     2     9     2     5     7     5     3     7    12    15
     3     3     3     5     2     6     1     6
     4     5     1     7    10     6     3    11    16    18
     5     5     6     4     7    10     3     8    10    36
     6    10     7     1     8     5     3    21    27    41
     7     8     8     3     6     6     3    17    33    34
     8     5     7     1     3     4     3    19    30    39
     9     2     3     6     6     4     2    13    14
    10    10     5     8     7     4     3    31    32    44
    11    10     8     5    10     6     3    26    32    56
    12     3     2     3     2     8     2    13    20
    13     6     9     4     9     8     2    22    23
    14     9     2     6     4     4     3    28    40    49
    15     1     1     3     7     1     3    44    46    49
    16     9     5     2     9     5     3    23    29    44
    17    10     6     1     5     1     2    42    47
    18     8     9    10     3     7     1    24
    19     8     2     8     3     2     2    22    53
    20     3     8     7     7     7     1    25
    21     7     9     5     5     5     1    54
    22     8     8     7     1     9     2    26    38
    23     1     7     1     8     8     1    45
    24     2     7    10     3     5     1    41
    25     1     6     6     6     6     1    30
    26     2     3     4    10     7     1    43
    27     5     7     9     1    10     2    35    52
    28     8     4     3    10     7     3    29    32    37
    29     9     9    10     8     9     3    38    43    46
    30     1     5     8    10     4     3    41    43    54
    31     2     4     6     4     6     1    39
    32     1     6     9     4     8     2    42    57
    33     3     6     9     9     7     2    35    37
    34     6     6     9     2     8     2    35    36
    35     2    10     4     4    10     1    39
    36     4     2     7     3     8     2    38    56
    37     4     9     5     7     8     1    46
    38    10     4     2     6     3     2    51    57
    39     4     3     9     8     3     1    45
    40     2     4     5     5     2     1    50
    41     9     1     8     1    10     1    53
    42     2     5     2     4     3     1    58
    43     8     5     1     4     4     1    59
    44     4     6     6    10     8     3    45    58    59
    45     5     7     8     1     5     1    51
    46     5     3     8     5     6     1    53
    47     2     6     4     6     1     2    48    49
    48     5     5     6     1     8     2    51    52
    49     3     7     2     9     6     2    55    60
    50     2     7     9     3     1     1    52
    51     7     6     1     6     5     1    60
    52     6     4     5     4     2     2    54    60
    53     5     5     9     3     2     1    55
    54     9     2     7     5     1     1    55
    55     1     5     8     9     7     1    56
    56     8     9     6     9     5     1    57
    57     6     1    10     9     7     2    58    59
    58     8     1     7     3     8     1    61
    59     4     8     5    10    10     1    61
    60     9     8     1     6     6     1    61
    61     0     0     0     0     0     0
--------------------------------------------------------------------------------
INFORMATION OF PROJECT 10:
#jobs  release  duedate
    62     0   118
#local resources
     2
R_L1   R_L2   
    19    21
jobnr.  dur.  r_G1  r_G2  r_L1  r_L2  #succ.  successors
     0     0     0     0     0     0     3     1     2     3
     1     6    10     6     3     5     3     5     6    22
     2     6    10     4     3     6     3    14    32    38
     3     4     8     6     7     2     3     4     7    19
     4     8     8     6     5     6     1    60
     5     3     1     1     8     2     3     8     9    12
     6     4     2     9     7     8     1    41
     7    10     1    10     5     1     3    10    13    20
     8     2    10    10     5     3     2    29    33
     9     3     3     7     9     6     3    11    14    17
    10    10     8     7     3     9     3    16    26    29
    11     4     2     1     2     6     1    37
    12     8    10     5     5     1     3    15    21    27
    13    10     7     2     6     7     3    16    18    46
    14    10    10     2     7     8     2    23    29
    15     7     9     6     8     6     1    40
    16     2     8     3     5     5     3    23    36    42
    17     2     4     3     8     7     2    28    30
    18     9     8     2     7     5     3    36    40    43
    19     5     9     8     8     7     3    24    28    39
    20     3     4     7     6     7     1    34
    21     4     2     3     3    10     2    35    50
    22     5     1     2     4    10     2    46    50
    23     8     3     4     1     2     1    25
    24     2     7     6     6     7     2    35    36
    25     8    10     1     9     4     1    30
    26     8     3     7     8     7     3    28    38    47
    27     6    10     3    10    10     3    32    35    44
    28     2     7     3     1     5     3    31    44    49
    29     8     3     4    10     8     2    49    57
    30     7     3     9     8     6     1    44
    31     2     2     2     6     9     2    33    50
    32     7     8     5     5     8     1    33
    33     2     3     6     9     8     1    53
    34     1     6     8     5     2     2    46    60
    35     3    10     5     4     7     3    42    45    48
    36     6     7    10     3    10     1    47
    37     4     4     5     1    10     1    42
    38     4     4     9     5     4     1    41
    39    10     4     7     4     2     1    41
    40     5     4     5     1     2     1    56
    41     9    10     3    10     2     1    53
    42     2     5     8     6     9     3    43    49    57
    43     6     3     4     1     6     2    52    55
    44     8     8     3     3     7     1    53
    45    10     4    10     4     4     1    57
    46     7     7     3     2    10     1    47
    47     3     1     8     6     4     2    58    59
    48     3    10     7     1    10     2    52    54
    49     6     8     9     6     2     1    51
    50     2     3     3    10     2     2    59    60
    51     8     1     2     8     1     2    52    54
    52     3     6    10     5     4     1    56
    53     7     1     1     6     9     1    54
    54     5     5     9     1    10     2    55    56
    55     7     5     6     6     6     1    58
    56     2     9     9     5     4     1    59
    57    10     1     4     8     1     1    58
    58     1     5     5     9     5     1    61
    59     2     6     1    10     3     1    61
    60     7     4     3     2     4     1    61
    61     0     0     0     0     0     0
--------------------------------------------------------------------------------
INFORMATION OF PROJECT 11:
#jobs  release  duedate
    62     0    84
#local resources
     2
R_L1   R_L2   
    29    30
jobnr.  dur.  r_G1  r_G2  r_L1  r_L2  #succ.  successors
     0     0     0     0     0     0     3     1     2     3
     1    10     5     0     2     0     3     7     9    12
     2     5     7     9    10     6     3     6    10    20
     3     5     2     0     0     0     3     4    30    33
     4     1     0     4    10     1     3     5    13    34
     5     2     3     5     5     8     3    15    18    22
     6     1     0     4     5     5     3     8    14    37
     7     3     4     2     1     8     3    33    40    52
     8    10     8     1     5     6     3    11    39    49
     9     4     0     0     8     5     2    44    53
    10     1     0     2    10     2     2    23    39
    11     1    10     0     1    10     3    29    32    58
    12     5     4    10     0     8     3    16    42    50
    13     6     2     0     0     8     2    27    38
    14     1    10     4    10     1     2    21    36
    15     4    10     2     1     6     3    36    43    50
    16     7     1     0     5     7     3    17    24    25
    17    10     7     0     6     0     2    19    48
    18     9     6     2     8     2     3    32    44    45
    19     9     7     9     9     4     1    21
    20     4     3     2     6     0     1    54
    21     2     7     2     3     7     2    23    33
    22     4     0    10     1     0     1    26
    23     9     9     0     6     6     1    31
    24     8     0     8     4     5     2    27    52
    25     3     4    10     1     8     2    28    38
    26     8     0     3     0     0     1    51
    27     5     1     0     3     0     1    43
    28     7     4     9     1     4     2    37    45
    29     1     0     7     8     7     1    53
    30     9     3     0     9     0     1    54
    31     5    10     1     3     1     2    57    59
    32    10     0    10     4     5     2    36    41
    33     8     0     2     0     6     2    38    45
    34     8     9     1    10     6     2    35    37
    35    10     2     3     2     0     3    41    46    47
    36     9     8     9     0     5     1    53
    37     8     0     8     2     0     1    47
    38     6     7     8     3     2     1    55
    39     2     3     8     1     1     2    43    54
    40    10     0     8     7     1     2    42    49
    41     7     4    10     1     7     1    56
    42    10     7     0     0    10     1    48
    43     4     0     6     3     1     2    44    60
    44     8     5    10     0     0     2    47    58
    45     3     7    10     0     4     2    51    60
    46     8     5     0     3     5     3    48    49    52
    47     5     6     9     1     0     1    56
    48    10     9     0     0     9     1    55
    49     6     2     0     6     3     1    50
    50     2     0     0     2     4     2    51    60
    51     2     9     9     4     9     1    57
    52     9     3     2     8     0     1    57
    53     3     8    10     0     7     1    55
    54     3     9     5     0     1     1    56
    55     9     7     3     1     0     1    59
    56     6     1     7     7     0     1    59
    57    10     1     2     8     7     1    58
    58     3     0     0     0     5     1    61
    59     5     3     3     4     9     1    61
    60     4     1     9     8     8     1    61
    61     0     0     0     0     0     0
--------------------------------------------------------------------------------
INFORMATION OF PROJECT 12:
#jobs  release  duedate
    62     0    73
#local resources
     2
R_L1   R_L2   
    30    39
jobnr.  dur.  r_G1  r_G2  r_L1  r_L2  #succ.  successors
     0     0     0     0     0     0     3     1     2     3
     1     1     1     6     1     2     3     6     7    18
     2    10     9     7     2     6     3     4     5     8
     3     7     7     2    10     8     2     9    58
     4     1     2     5     7    10     3     6    10    24
     5     3     8     4     7     6     3    13    14    17
     6     4     1     3     8     3     3    15    21    30
     7     8     3     9     3     4     2    19    55
     8     7     4     5    10     4     3    23    31    46
     9     4     6     8    10     7     1    11
    10     3     4     4     1     3     1    12
    11     1     9     2     8     9     1    43
    12     4     8     9     3    10     3    22    33    34
    13     5     3     1     8     1     1    60
    14     9     3     8     5     9     2    25    45
    15     6     7     6     2    10     1    16
    16     4     3     6     9     8     3    20    40    42
    17     1     1     3     7     5     1    43
    18     6     9     3     3     4     1    21
    19     2     8     3     6     3     1    35
    20     7     6     1     5     3     1    28
    21     5     9     6     8     3     1    26
    22     1    10     3     6     1     2    39    48
    23    10     8     6     3     1     1    32
    24     9     4     6     2     9     2    37    50
    25     6     3     7     6    10     3    29    38    41
    26    10     6     3     1     2     1    27
    27     9     3     4     3     8     2    49    51
    28     7    10     6     8     4     1    56
    29    10     6     8     2     1     3    32    33    52
    30     4     9     3     1     1     1    36
    31     2     9     9     3     8     2    33    53
    32    10     7     6     5     5     1    49
    33     8     4     9     1     3     2    35    36
    34     7     9     7     6     6     1    35
    35     7     8    10     7     1     1    47
    36     4     9     2     3     6     1    60
    37     4     6     9    10     2     1    44
    38     1     4     8     9     2     1    44
    39     5    10     7     2     9     1    55
    40     1     7     7     8     8     2    54    59
    41     6     3     1     2     8     1    44
    42     9     5     3     9     3     1    51
    43     8     7     7     5     6     1    51
    44     9     5    10     3     6     1    56
    45     2     1     4     3     4     1    59
    46     1     4     1     4    10     1    53
    47     6     2     7     5     2     1    57
    48     4     6     6     1     1     1    49
    49     2     3     6     3     4     2    53    54
    50     2     1     8     8     1     1    57
    51     5     9     1     9    10     1    55
    52     9     6     9     9     4     1    60
    53     8     8     2     1     2     1    57
    54     7     8     3     7    10     1    56
    55     1    10     1     4     7     1    59
    56     2    10     2    10     9     1    58
    57     1     5     6    10     6     1    58
    58     5     1     5     5     4     1    61
    59     6     9     6     6     9     1    61
    60     8     3     5     9     7     1    61
    61     0     0     0     0     0     0
--------------------------------------------------------------------------------
TRANSFER TIMES OF GLOBAL RESOURCE G1
 DEPOT    P1    P2    P3    P4    P5    P6    P7    P8    P9   P10   P11   P12
     0     6     9    10     8    10    13     7     6    12    12    10     5
     6     0    12    12     2     6    19    13    12    10    10    16    11
     9    12     0    19    14    12    10     7     9    11     9    10    11
    10    12    19     0    13    17    19    14    12    21    21    15     9
     8     2    14    13     0     5    20    14    14    10    10    18    13
    10     6    12    17     5     0    20    15    15     5     6    19    15
    13    19    10    19    20    20     0     7     8    20    18     5    11
     7    13     7    14    14    15     7     0     3    15    14     5     6
     6    12     9    12    14    15     8     3     0    16    15     5     3
    12    10    11    21    10     5    20    15    16     0     3    19    17
    12    10     9    21    10     6    18    14    15     3     0    18    16
    10    16    10    15    18    19     5     5     5    19    18     0     7
     5    11    11     9    13    15    11     6     3    17    16     7     0
--------------------------------------------------------------------------------
TRANSFER TIMES OF GLOBAL RESOURCE G2
 DEPOT    P1    P2    P3    P4    P5    P6    P7    P8    P9   P10   P11   P12
     0    10     3     9    10     7     6     8    13     8     6    11    12
    10     0     7    18    18     9    13    17    21    10     4    14     8
     3     7     0    12    12     6     8    11    15     7     4    10    10
     9    18    12     0     2    15     7     2     5    15    15    16    21
    10    18    12     2     0    16     6     2     4    16    15    18    22
     7     9     6    15    16     0    13    14    19     2     6     5     7
     6    13     8     7     6    13     0     5     9    13    11    16    18
     8    17    11     2     2    14     5     0     5    14    14    16    20
    13    21    15     5     4    19     9     5     0    19    18    21    25
     8    10     7    15    16     2    13    14    19     0     7     4     8
     6     4     4    15    15     6    11    14    18     7     0    11     8
    11    14    10    16    18     5    16    16    21     4    11     0     9
    12     8    10    21    22     7    18    20    25     8     8     9     0
--------------------------------------------------------------------------------
Additional Information: 
global resource strength = 0.2
transfer time factor = 0.2
adapted from RCPSP instances: 
[j6013_9, j6029_3, j6029_10, j6041_3, j6041_7, j6025_1, j6013_3, j609_3, j6029_8, j6029_5, j6026_3, j6014_6]
