--------------------------------------------------------------------------------
PORTFOLIO INFORMATION:
#projects
    14
#global resources
     2
R_G1   R_G2   
    96   100
--------------------------------------------------------------------------------
INFORMATION OF PROJECT 1:
#jobs  release  duedate
    62     0    77
#local resources
     2
R_L1   R_L2   
    37    31
jobnr.  dur.  r_G1  r_G2  r_L1  r_L2  #succ.  successors
     0     0     0     0     0     0     3     1     2     3
     1     2     1     4    10     1     3     6     9    20
     2     4     7     4     9     6     2     4     6
     3     2     2     6     7     9     3    11    28    33
     4     9     9     5     4     7     3     5    10    12
     5     5     7    10     2     5     3    13    17    28
     6     2     2     4     3     4     3     7    11    33
     7     5     3     2     8     8     3     8    15    51
     8     7     4     5     8     2     2    12    48
     9    10     3     4     3     9     3    29    40    46
    10     1     7    10     5     3     3    14    17    38
    11     5     1     1     6     3     3    16    25    30
    12     4     4     4     8     8     3    22    30    34
    13     5     6     2     2     1     3    21    23    31
    14    10     6     3     8     1     3    29    30    34
    15     2     8     7     1     1     3    18    19    32
    16    10     3     9    10     7     3    17    24    36
    17     2     4     5     9     8     3    23    39    41
    18     6     3     4    10     2     3    22    42    45
    19    10     9     8     9     7     3    23    45    53
    20    10     4     1     7     8     2    28    37
    21    10     9     9     5     8     3    35    42    43
    22     8     8     5     6     7     1    36
    23     1     2     1     8     8     3    40    46    47
    24    10     9    10     3     3     3    48    53    57
    25    10     2     4     5     5     3    26    44    51
    26     3     7     6     6     6     3    27    34    55
    27    10     6     6     8     9     1    47
    28     7    10     9     3     6     2    31    54
    29     3     5     9     1     2     3    33    35    57
    30     2     6     4     3     6     2    37    54
    31     9     7     6     5     6     3    42    43    49
    32     4     4     1     7     8     3    35    39    41
    33     7    10     8     1     1     1    56
    34     2     5    10     8     8     2    36    41
    35     3     6     5     1     4     2    37    44
    36     9     6     7     3     1     3    40    46    50
    37     5     9     2     2     4     1    50
    38     7     4     7     5     3     3    39    43    50
    39     8     6     9     7     3     3    44    45    49
    40     4     7     6     7     7     1    49
    41     8     4    10     7    10     1    56
    42     4     2    10     2     7     2    47    55
    43    10     3     8     1     3     2    51    55
    44     1     5     7    10     8     1    54
    45     3     8     2     8     4     2    52    56
    46     3     5     4     6     6     1    60
    47     1     8     8     1    10     1    48
    48     6     9     4     7     9     1    52
    49     6    10    10     3     5     2    52    57
    50     1     5     5     3     6     1    53
    51     1     5     8    10     2     2    58    60
    52     6     9     1     8     9     1    59
    53     8     9     4     1     2     1    60
    54     7     6    10     1     5     1    58
    55     1     5     3     2     7     1    58
    56     5     8     2     8     4     1    59
    57     1     5     7     1     8     1    59
    58     9     9     1     5     7     1    61
    59     5    10     7     7     8     1    61
    60    10     3    10     7     1     1    61
    61     0     0     0     0     0     0
--------------------------------------------------------------------------------
INFORMATION OF PROJECT 2:
#jobs  release  duedate
    62     0   111
#local resources
     2
R_L1   R_L2   
    22    22
jobnr.  dur.  r_G1  r_G2  r_L1  r_L2  #succ.  successors
     0     0     0     0     0     0     3     1     2     3
     1     8     1     9     9     7     3     4     5     9
     2     9     2     7     5     5     3     7    12    15
     3     3     3     2     6     5     1     6
     4     5     1    10     6     7     3    11    16    18
     5     5     6     7    10     4     3     8    10    36
     6    10     7     8     5     1     3    21    27    41
     7     8     8     6     6     3     3    17    33    34
     8     5     7     3     4     1     3    19    30    39
     9     2     3     6     4     6     2    13    14
    10    10     5     7     4     8     3    31    32    44
    11    10     8    10     6     5     3    26    32    56
    12     3     2     2     8     3     2    13    20
    13     6     9     9     8     4     2    22    23
    14     9     2     4     4     6     3    28    40    49
    15     1     1     7     1     3     3    44    46    49
    16     9     5     9     5     2     3    23    29    44
    17    10     6     5     1     1     2    42    47
    18     8     9     3     7    10     1    24
    19     8     2     3     2     8     2    22    53
    20     3     8     7     7     7     1    25
    21     7     9     5     5     5     1    54
    22     8     8     1     9     7     2    26    38
    23     1     7     8     8     1     1    45
    24     2     7     3     5    10     1    41
    25     1     6     6     6     6     1    30
    26     2     3    10     7     4     1    43
    27     5     7     1    10     9     2    35    52
    28     8     4    10     7     3     3    29    32    37
    29     9     9     8     9    10     3    38    43    46
    30     1     5    10     4     8     3    41    43    54
    31     2     4     4     6     6     1    39
    32     1     6     4     8     9     2    42    57
    33     3     6     9     7     9     2    35    37
    34     6     6     2     8     9     2    35    36
    35     2    10     4    10     4     1    39
    36     4     2     3     8     7     2    38    56
    37     4     9     7     8     5     1    46
    38    10     4     6     3     2     2    51    57
    39     4     3     8     3     9     1    45
    40     2     4     5     2     5     1    50
    41     9     1     1    10     8     1    53
    42     2     5     4     3     2     1    58
    43     8     5     4     4     1     1    59
    44     4     6    10     8     6     3    45    58    59
    45     5     7     1     5     8     1    51
    46     5     3     5     6     8     1    53
    47     2     6     6     1     4     2    48    49
    48     5     5     1     8     6     2    51    52
    49     3     7     9     6     2     2    55    60
    50     2     7     3     1     9     1    52
    51     7     6     6     5     1     1    60
    52     6     4     4     2     5     2    54    60
    53     5     5     3     2     9     1    55
    54     9     2     5     1     7     1    55
    55     1     5     9     7     8     1    56
    56     8     9     9     5     6     1    57
    57     6     1     9     7    10     2    58    59
    58     8     1     3     8     7     1    61
    59     4     8    10    10     5     1    61
    60     9     8     6     6     1     1    61
    61     0     0     0     0     0     0
--------------------------------------------------------------------------------
INFORMATION OF PROJECT 3:
#jobs  release  duedate
    62     0   152
#local resources
     2
R_L1   R_L2   
    18    18
jobnr.  dur.  r_G1  r_G2  r_L1  r_L2  #succ.  successors
     0     0     0     0     0     0     3     1     2     3
     1     9     4    10     3    10     3    10    11    16
     2     9     3     4     1     2     3     7    24    27
     3     2     7     1     4     2     3     4     5     6
     4     1     8     7     5     6     2    39    40
     5     4    10     7     8     4     3     8    15    20
     6     9     3    10     1     5     3     9    13    23
     7     8     5     4     9    10     3    11    12    19
     8     7     7     4     1     4     3    11    17    21
     9     1     4    10     8     6     3    22    43    45
    10    10     1     7     6     1     3    15    28    31
    11     6     5     9     1     4     3    13    23    49
    12     8     9     3     4     4     3    33    36    54
    13     7     1     6     4     4     3    14    18    28
    14     2     5     1     3     2     2    25    34
    15     9     8     4    10     6     3    34    37    46
    16     5     4     2     6     3     2    30    41
    17     3     5     9     1     4     3    26    30    34
    18     8     9     8     1    10     3    33    37    53
    19     3     5     9     9     8     3    21    40    51
    20     2     9     8     7     8     2    29    31
    21     3     7     1     6     2     3    36    37    39
    22     2     9     8     2     4     3    27    46    47
    23     8     7    10     4    10     3    32    35    38
    24     9     8     5     1     9     2    38    42
    25    10     2     5    10     2     3    30    32    38
    26     9     3     9     7     2     3    29    43    48
    27     9     8     6     5     9     3    28    29    50
    28     2     4     5     3    10     1    44
    29     7     7     9     1     5     3    35    39    42
    30     9     7     6     8     2     3    35    48    55
    31     4     7     4     3     9     1    46
    32     5     1     9     1     7     2    43    47
    33     5     4     3     9     5     1    52
    34     9     1     1     4     3     2    36    40
    35    10     9     3     7    10     1    56
    36     6     5     3     2     1     1    56
    37     2     1     5     9     8     1    48
    38     6     9     6    10     8     3    45    50    54
    39     9     7    10    10     4     2    44    56
    40     8     9     3     8     6     2    44    45
    41     9     3     3     3     6     2    42    50
    42    10    10     3     9     6     3    49    51    60
    43     8     3     7     1     8     1    54
    44     7     2     5     2     4     1    57
    45     9     5     7     9    10     2    47    53
    46     5     9     1     6    10     3    49    51    53
    47     9     6     4     1     3     1    60
    48     9     9     2     8     9     1    59
    49     4     7    10     7    10     2    52    59
    50     2     6     3     3     9     1    55
    51     2     9     3     1    10     1    52
    52     7    10    10     5     6     1    55
    53     2     3     4     2     1     2    57    58
    54     9     5     8     7     3     1    60
    55     1     7     2     1     1     1    58
    56     1    10    10     3     4     2    57    58
    57    10     5     6     8     6     1    59
    58     9     2     6     3     3     1    61
    59     6     7     2     8     3     1    61
    60     7     1     9     8     4     1    61
    61     0     0     0     0     0     0
--------------------------------------------------------------------------------
INFORMATION OF PROJECT 4:
#jobs  release  duedate
    62     0   116
#local resources
     2
R_L1   R_L2   
    17    19
jobnr.  dur.  r_G1  r_G2  r_L1  r_L2  #succ.  successors
     0     0     0     0     0     0     3     1     2     3
     1     9     0     3     8    10     2     7     8
     2     7     0     3     8     7     3     6     8    10
     3     9     0     0     5     6     3     4    17    47
     4     3     3     5     4     8     3     5     9    10
     5     3     2     1     9     0     1    35
     6     3     3     0     5     1     3    11    17    31
     7     1     5     0     4     8     2    11    21
     8     9     1     0     1     7     1    24
     9     9     5     8     2     0     1    25
    10     9     4     1     2     2     2    37    54
    11     8     0     5     9     2     3    12    13    25
    12     7     0     0     5    10     3    15    19    23
    13     2     9     3     2     4     3    14    16    33
    14     6     0     3     0     0     3    28    30    41
    15     9     7     9     0     7     3    18    55    59
    16    10    10     6     2     1     3    24    29    43
    17     9     8     1     0     2     2    35    60
    18     3     9     5     0     9     3    22    45    49
    19     2    10     0     9     3     3    20    29    50
    20     7     5     7     9    10     1    40
    21     8     3     8     4     2     3    23    27    51
    22     9     0     5     6     3     3    26    34    43
    23    10     5     4     0     6     1    39
    24     4     6     3     4     1     2    30    37
    25     5     4     9     9     0     2    29    46
    26     8     8     5    10     2     1    53
    27     7     3     3     7     6     3    31    32    46
    28     8     7     1     2     5     1    34
    29     2     0     3     6     4     3    51    52    55
    30    10     2     0     0     7     1    36
    31     1     2     6     3     7     2    36    43
    32     3     9     2     6     0     1    41
    33     7     9     7     0     3     3    35    37    38
    34     5     1     4     7     3     3    38    39    40
    35     8     4     0    10    10     2    44    56
    36     2     0     0     5     2     2    40    48
    37     7     3     2    10     0     1    50
    38     3     8     4     1     8     1    52
    39     2     0    10     0     7     1    54
    40     8     1     0     1     4     1    58
    41     3     7     0    10     2     1    42
    42     9     0     6     5     9     1    47
    43     7     8     0    10     1     1    44
    44    10     7     0     8     4     1    57
    45     9     1     0     5     6     1    48
    46     7     9     0     0     3     1    60
    47     7     2     0     6     3     1    59
    48     7     2     0     4     0     1    53
    49     5     1     7     6     1     2    52    57
    50     4     9     8     0     2     2    51    55
    51     1     0     8     0     8     2    56    59
    52     2     4     7     1     5     1    53
    53     8     5     0     5     5     1    54
    54     4     2     0     0     0     1    56
    55     2     5     7     7     9     2    57    60
    56     1     2     4     0     0     1    58
    57     8     0     7     1     2     1    58
    58     6     2     0     0     0     1    61
    59     8     9    10     0     3     1    61
    60     2     6     0     4     8     1    61
    61     0     0     0     0     0     0
--------------------------------------------------------------------------------
INFORMATION OF PROJECT 5:
#jobs  release  duedate
    62     0    73
#local resources
     2
R_L1   R_L2   
    32    35
jobnr.  dur.  r_G1  r_G2  r_L1  r_L2  #succ.  successors
     0     0     0     0     0     0     3     1     2     3
     1     3     5     6     6     4     1     7
     2     9     2     3     1     8     1    17
     3     6     2     3     5     9     3     4     5     6
     4     5     9     6     4     4     3     8    10    53
     5     7     2     6     5     5     3    11    35    53
     6     3     9     1     1     4     1    39
     7     2     5     3     2    10     3    12    15    28
     8     5     7     7     5     2     2     9    18
     9     6     2     5     5     5     2    22    24
    10     1     7     6     6     1     3    13    14    36
    11     6     2     5     5     7     3    32    56    60
    12     8     4     2     8     5     1    16
    13    10     9     5     6     9     3    19    27    31
    14     6     4     1     3     6     1    45
    15     3     9     6     9     3     1    44
    16    10    10     1     5     4     1    24
    17     4     5     8    10    10     3    19    21    47
    18     6     7     1     4     9     1    20
    19     2     3     1     8     5     1    23
    20     2     5     2     2     4     2    26    57
    21     7     5     8    10     1     2    25    37
    22     7     6     2     6     2     1    42
    23     1     1     5    10     6     1    26
    24     2     7     4     2    10     1    39
    25    10     7    10     8     3     1    29
    26     2    10     8     7     3     1    32
    27     2     4     5     6     3     1    50
    28     8     8     3     3     6     1    49
    29     7     2     1     2     4     3    30    34    52
    30     4     3     7     6     7     1    56
    31    10     5     1     3     9     1    56
    32     8     7     6     5     8     1    33
    33     4     1     6     4     4     2    41    49
    34     8     3     7     9     6     2    43    50
    35     7    10     6     3     7     1    38
    36     9     6    10     2     1     2    40    55
    37     6     7     8     1     6     2    42    59
    38     6     6     6    10     4     1    42
    39     9     8     8     3     9     1    47
    40    10     8     9     2     5     3    43    46    48
    41     4     2     5     4     4     1    48
    42     9     8     9     6     5     1    46
    43     3     6     9     3     8     1    60
    44     2     1     8     2     5     1    54
    45     9     3     6     3     9     2    46    55
    46     3     3     6     4     6     1    57
    47     6     8     4     7     3     1    51
    48     1     5     9     1     6     1    54
    49     1     5     7     5     9     2    51    58
    50     8     5     4     6     6     1    54
    51     9     4     3     9     1     1    59
    52     3    10     4     3     4     1    55
    53     3     9     8     1     4     1    60
    54     9     9     9     7     3     1    59
    55     8     7     2     7    10     1    57
    56     9     4     1     1     5     1    58
    57     1     2     9     6     8     1    58
    58     6     2     3     5     6     1    61
    59     3     7     5     8     6     1    61
    60     8     4     1     2     4     1    61
    61     0     0     0     0     0     0
--------------------------------------------------------------------------------
INFORMATION OF PROJECT 6:
#jobs  release  duedate
    62     0   121
#local resources
     2
R_L1   R_L2   
    18    16
jobnr.  dur.  r_G1  r_G2  r_L1  r_L2  #succ.  successors
     0     0     0     0     0     0     3     1     2     3
     1     8     4     9     3     0     1     7
     2     2     8     3     0     5     3     4     6    34
     3     2     8     3     4     8     2    32    42
     4     6     6     0     6     1     2     5     9
     5     8     9    10     3     6     2     8    17
     6     7     0     6    10     0     3    14    15    31
     7    10     3     0     0     3     3    12    16    17
     8     8     0     2     5     1     3    10    13    21
     9     6     1     4     2     7     1    18
    10     1     0     8     7     3     3    11    19    26
    11     3     2     9     4     8     2    33    50
    12    10    10     8     0     8     3    22    28    34
    13     3     9     0     3     0     3    22    37    48
    14     2     4     0     3     5     3    20    25    33
    15     8     3     3     0    10     1    52
    16     5    10     4     0     1     3    20    29    54
    17     5     6     2     2     5     3    23    45    58
    18     6     0     2     0     2     1    39
    19     4     0     4     4     9     3    24    33    41
    20     9     1     7    10     2     1    23
    21     8     8     3     1     2     3    35    36    43
    22     9    10     8     9     8     3    44    47    52
    23     7     9     3     0     0     3    27    43    48
    24     3     0     0     9     1     2    50    60
    25     9     0     4     0     9     2    30    35
    26     8     5     0     0     5     1    38
    27     8     0    10     6     4     1    59
    28     9     0     3     5     9     2    29    30
    29     3     7     0     5     9     2    35    37
    30     3     0     0     6    10     2    40    42
    31     2     9     0     8     9     1    49
    32     9     4     9     7     0     2    36    38
    33     4    10     2     3     4     1    56
    34    10     9     8     3     1     3    43    46    53
    35     7     0     0     2    10     2    39    49
    36    10     1     4     3     0     1    48
    37     6     6     9     3     2     1    56
    38    10     3     0     4     2     1    44
    39     5     1     8     1     0     1    40
    40     1     3     2     1     0     1    55
    41     8    10     0     9     0     1    54
    42    10     0     7     0     6     2    45    51
    43     4    10     3     6     0     1    56
    44    10     4     7     3     4     3    45    46    54
    45     6     1     0     5     0     2    50    57
    46     9     6     0     6     0     3    49    57    58
    47     6     7     1     6     0     1    55
    48     1     9     8     1     3     3    51    52    57
    49     8     6     2    10     3     1    51
    50     1     2     9    10     2     1    53
    51     3     0     8     8     2     1    55
    52     6     2     5     6     2     1    53
    53     6     7     8     8     5     1    59
    54     4     0     7     0     5     1    58
    55     8     0     6     5     2     1    59
    56     4     0     0     7     5     1    60
    57     4     0     2     0     8     1    60
    58     5     4     2     4     7     1    61
    59     9     3     5     2     5     1    61
    60     2     0     6     0     4     1    61
    61     0     0     0     0     0     0
--------------------------------------------------------------------------------
INFORMATION OF PROJECT 7:
#jobs  release  duedate
    62     0   140
#local resources
     2
R_L1   R_L2   
    16    16
jobnr.  dur.  r_G1  r_G2  r_L1  r_L2  #succ.  successors
     0     0     0     0     0     0     3     1     2     3
     1     7     6     9     9     7     1     7
     2    10     1     1     0     5     3     4     6     9
     3     6     9    10     1     1     3     5    28    32
     4     1     9     0     6     5     3    20    37    55
     5    10     1     7     9     0     3    39    45    51
     6     1     1     5     5     7     1    14
     7     3     8     9     2     3     3     8    10    18
     8     6     9     4     1     4     3    13    31    40
     9     3     0     0    10     7     3    12    14    16
    10     2     2     0     1     4     3    11    13    21
    11     4     3     3     7     8     3    12    19    27
    12    10     1     7     5     2     3    28    34    54
    13    10     0     0     4     7     3    15    35    48
    14     7     8     7     5     0     3    19    34    44
    15     3     7     0     0     4     3    32    43    49
    16     5     0     2     0     7     3    17    22    24
    17     8     2     0     0     5     3    29    52    56
    18     6     5     1     0     4     2    24    26
    19     3     7     9     0     2     2    23    30
    20     7     1     3     7     3     3    31    35    36
    21     7     3     0     6     4     3    38    47    51
    22     5     8     1     1    10     2    26    41
    23     1    10     0     2     4     3    25    26    28
    24     9     4     1     2     7     2    25    33
    25     9     5     0     9     0     3    29    39    41
    26     9     8     9    10     3     2    38    40
    27     4     0     2     0     7     3    33    36    41
    28     2     2     8     0     6     3    29    38    46
    29     6     7     7     5     6     3    35    37    57
    30    10     0     2     0     0     3    31    32    37
    31     1     0    10    10     0     1    48
    32     9     0     2     9     0     3    45    46    59
    33     4    10     2     6     0     3    34    40    42
    34     7     3     0     0     4     2    57    58
    35     9     9     0     2     4     1    50
    36     5     8     1     0     0     2    39    44
    37     2     3     0     5    10     1    60
    38     2    10     5     4     0     3    50    52    53
    39     8     1     0     8     9     1    47
    40     9     7     9     8     1     2    43    46
    41     6    10     0     0     0     3    43    49    58
    42     9     3     5     0     0     3    44    45    47
    43     5     2     9     7     1     2    51    53
    44     2     5     9     4     8     1    56
    45     1     6     2     2     4     1    54
    46    10     0     2     0    10     1    52
    47     9     2     9     0     4     2    48    60
    48     2     7     6     0     9     3    49    50    58
    49     4    10     2     8     0     1    53
    50    10     7     5     0     1     1    59
    51     1     5     0     2     0     1    54
    52     8     1     6     3     2     1    55
    53     5    10    10     4     0     1    56
    54    10    10     4     0     4     1    55
    55     2     2     8     9     9     1    57
    56     6     9     7     9     5     1    59
    57     7     3     0     1     5     1    60
    58    10     2     5     8     0     1    61
    59     9     0     1     0     3     1    61
    60     9     2     4     7     4     1    61
    61     0     0     0     0     0     0
--------------------------------------------------------------------------------
INFORMATION OF PROJECT 8:
#jobs  release  duedate
    62     0   142
#local resources
     2
R_L1   R_L2   
    18    18
jobnr.  dur.  r_G1  r_G2  r_L1  r_L2  #succ.  successors
     0     0     0     0     0     0     3     1     2     3
     1    10     4     7    10     6     3    13    15    16
     2     8     9     1     9     2     3     5     8    18
     3     8     3     6     1    10     3     4     6     9
     4     3     2     7     2     3     2    15    32
     5     6     1     3     3     6     3    19    34    46
     6     9     5     6     6     3     3     7    10    14
     7    10    10    10     4     3     3    21    31    45
     8     8     9     9     1     5     3    26    41    58
     9     4     4     4     2     3     1    29
    10     1     4     9     6     2     2    11    12
    11     3     7     9     4     1     3    15    17    24
    12     8     1     6     7     2     3    28    42    59
    13     4     4     7     8     8     2    47    51
    14    10     2     2     9    10     2    23    26
    15     4     2     1     3     6     2    25    35
    16     8     8     5    10     5     1    57
    17     9     2     9     8     9     2    38    40
    18     4     4     1     5     3     1    20
    19     8     1     9     3     5     3    22    23    57
    20     2     5     7     6     7     1    49
    21     9     9     4    10     4     3    23    34    53
    22     5    10     5     2     9     1    33
    23     7     9     2     2     6     1    49
    24     7     7     9     7     6     3    36    42    51
    25     4     6     9     5     6     1    43
    26     2     8     4     5     6     3    27    30    33
    27    10     6     8     1     4     3    29    50    54
    28     2     3     3     4     1     2    35    44
    29     7    10     4     2     1     1    35
    30     4     9     5     6     6     1    51
    31     6     6     8    10     6     2    33    46
    32     6    10     9     3    10     3    44    52    55
    33     3     1     9     1     9     2    38    40
    34     4     4    10     1     3     2    42    47
    35     4    10     8     4     7     1    38
    36     4     1     4     3     1     3    37    41    44
    37     4     8     8     6     4     2    39    55
    38     8     3     8     6     6     1    60
    39     8     1     4     7     1     1    54
    40     5     1     4     3     1     2    47    48
    41     6     6    10     5     9     3    46    54    56
    42     8     5     2     1     2     1    48
    43     1     2    10     9    10     1    45
    44     4     5     7     1     4     1    53
    45     7     1     3     3     8     2    52    53
    46     5     4     8     9     1     1    48
    47    10     1     2    10    10     2    50    52
    48     4     1     8     6     2     1    50
    49     1     1     6     1     7     1    55
    50     7     4    10     1     3     1    60
    51     5     4     3    10     9     1    56
    52     4     2     6    10     7     1    56
    53     6     7     6     7     1     1    57
    54    10     7     3    10    10     1    59
    55     7     3    10     2     3     1    58
    56    10     3     7    10     7     2    59    60
    57     2     3     2     4     3     1    58
    58     8     7     1     2    10     1    61
    59    10     6     4     2     7     1    61
    60     7    10     5     5     2     1    61
    61     0     0     0     0     0     0
--------------------------------------------------------------------------------
INFORMATION OF PROJECT 9:
#jobs  release  duedate
    62     0   116
#local resources
     2
R_L1   R_L2   
    17    18
jobnr.  dur.  r_G1  r_G2  r_L1  r_L2  #succ.  successors
     0     0     0     0     0     0     3     1     2     3
     1     6     0     6     0     7     3     5     6    23
     2     9     1     9     0     1     2    33    44
     3     2     9     0     2     1     3     4    15    27
     4    10     4     0     6     6     3     6     7    10
     5    10     4     0     9     2     3     9    10    13
     6     5     5     0     3     4     3     8    11    12
     7     7     5     1     8     9     1    24
     8     5     3     0     2     1     3    14    31    45
     9     3     7     0     8     0     1    11
    10     1     5     2     8     1     3    29    43    53
    11     7     4     4     7     8     3    20    25    30
    12     6     3    10     6     7     3    28    34    35
    13     8     5    10     7     8     2    16    19
    14     1     9     0     4     0     2    18    39
    15     9     8     5     0     0     2    17    22
    16     8     0     9     3     0     3    22    26    36
    17     5     2     0     3     8     2    26    40
    18    10     7     9     5     9     3    21    33    38
    19    10     0     8     1     0     1    38
    20     4     0     2     6     3     2    36    47
    21     7     6     0     7     0     1    41
    22     3     5     9     8     3     2    31    48
    23     8     9     1     0     0     1    35
    24    10     0     9     8     7     3    35    36    45
    25     7     5    10     1     8     1    47
    26     4     3     0     9     6     2    39    41
    27     3     1     8     3     8     3    44    48    58
    28     4     0     6     8     8     1    55
    29     6     4     0     0     0     1    49
    30     2     0     0    10     6     2    45    51
    31     7     5     7     6     1     3    32    38    57
    32     4     0     3     5     0     2    44    49
    33     8     7     7     0     0     2    41    54
    34     8     0     4     2     8     2    37    50
    35     5     0     8     4     2     1    47
    36     1     5     3     6     5     1    42
    37     9     1     0     7     8     2    46    53
    38     3     0     7     1    10     1    56
    39     7     3     1     3     1     1    54
    40     7     0     6     2     0     3    43    49    60
    41     3     3     4     2     8     2    53    56
    42     2     1     0     1     5     3    43    48    51
    43     9     3    10     3    10     1    57
    44     4     2     4     6     7     2    59    60
    45     1     0     9     6     1     2    52    58
    46     6     0     4    10     0     1    57
    47     9     0     2     1    10     1    59
    48     7     5     6     5     3     2    52    55
    49     2     8     4     8    10     1    50
    50     3     0     0     7     3     1    51
    51     2     5     8     5     8     1    52
    52     8     9     5     5     9     1    54
    53     1     2     0     5     0     1    55
    54     9     1     0     0     5     1    56
    55     8     0     7     2     1     1    60
    56     1     0     3    10     0     1    59
    57     5     5     1     0     9     1    58
    58     5     0     7     8     2     1    61
    59     7     9     1     9     5     1    61
    60     5     1     5    10     0     1    61
    61     0     0     0     0     0     0
--------------------------------------------------------------------------------
INFORMATION OF PROJECT 10:
#jobs  release  duedate
    62     0   106
#local resources
     2
R_L1   R_L2   
    19    17
jobnr.  dur.  r_G1  r_G2  r_L1  r_L2  #succ.  successors
     0     0     0     0     0     0     3     1     2     3
     1     2     0     1     5     2     3     5    12    20
     2     1     0     8     1     2     3     4     7    27
     3     8     2     1     7    10     3    18    36    38
     4     6     4     1     0     8     3     6    10    15
     5     9     3     9    10     7     3     8    17    19
     6     3     8     6    10     0     3    16    21    56
     7     7     0     1     8     0     3     9    33    47
     8     4     0     3     9     4     3    11    31    51
     9     6     9    10     6     0     3    21    49    57
    10     1     2     5     4     0     3    14    18    45
    11     2     6     9     0     1     3    26    28    34
    12     6    10     2     0     8     3    13    22    29
    13     1     0     3     0     0     3    23    27    33
    14     6     0     7     6     1     3    19    21    40
    15     1     8     9     4     9     3    23    30    49
    16    10     5     8     1     4     3    24    26    32
    17     7     3     6     7     3     3    27    31    43
    18     1    10     8     3     0     3    37    44    54
    19     9     3     0     0     5     3    25    30    44
    20     8     0     5     4     7     2    28    58
    21     5     1     4     0     7     3    24    26    29
    22     6     2     8     9     6     3    33    35    38
    23     8     4     3    10     2     3    34    43    59
    24     3    10     4     7     5     3    31    41    52
    25     2     0     3     0     4     3    36    41    46
    26     8     3     2    10     7     1    59
    27     7     8    10     8     0     3    45    52    54
    28     8     3     9     7     0     3    30    32    47
    29     3     7     8     4     6     2    32    41
    30     5     7    10     5     1     1    53
    31     2     7     1     0     5     1    55
    32     2     0     0    10     2     2    39    44
    33     4     7     7     5     2     3    34    36    48
    34     7     2     0     0     5     2    42    45
    35    10     1     0     0     2     3    37    39    42
    36    10    10     6     0     3     2    42    50
    37     2     0    10     9     0     3    40    47    50
    38     9     0     9     5     8     3    39    46    55
    39     8     9     8     5     6     1    60
    40     8     8     2     5    10     3    43    46    57
    41     7     0     0     2     9     1    55
    42     3     5     6     8     6     1    54
    43     4     7     0     2    10     1    51
    44     1     8     3     3     0     1    60
    45     7     0     9     7     9     1    57
    46     3     8     1     0     8     1    48
    47     7     7     0     2     0     1    48
    48    10     5     8     6     0     1    49
    49     1    10     9     5     8     2    52    53
    50     7     8     3     0     0     1    51
    51     3     2    10     7     0     1    53
    52     6     4     5     0     0     1    59
    53     1     0     7     0    10     1    56
    54     3     4     8     6    10     1    56
    55     9     0     1     7     0     1    58
    56     1     9     3     3     2     1    60
    57     4     7     0     0     8     1    58
    58     1     0     2     6     1     1    61
    59     4     0     9     0    10     1    61
    60     7     6     0     6    10     1    61
    61     0     0     0     0     0     0
--------------------------------------------------------------------------------
INFORMATION OF PROJECT 11:
#jobs  release  duedate
    62     0    93
#local resources
     2
R_L1   R_L2   
    19    18
jobnr.  dur.  r_G1  r_G2  r_L1  r_L2  #succ.  successors
     0     0     0     0     0     0     3     1     2     3
     1     9     6    10     6     6     3     6     7    13
     2     7     0     5     7     0     1    54
     3     3     5     9     5     3     2     4    10
     4     6     0     7     0     4     3     5    11    25
     5     4     8     0     1     2     3     8    12    21
     6     5     0     6     8     3     1    22
     7     7     0     0     6     9     3     9    18    33
     8     7     2     2     2     4     2    20    32
     9     2     4    10     8     0     1    23
    10     9     9     0     3     5     3    15    24    33
    11     5     7     6     0     3     1    39
    12     6     3     0    10     0     1    36
    13     1     0     6     5     2     3    14    16    19
    14     4     7     1     7     7     1    60
    15     4     6     0     9     4     3    17    23    27
    16     5     6     5     0     7     1    44
    17     2    10     0     3     8     2    43    45
    18     4     7    10     0    10     3    34    37    38
    19     5     5    10     8     3     2    30    53
    20     3    10     3     5     7     3    28    41    50
    21     7     6     0     0     1     1    26
    22     2    10     0     0     8     1    58
    23    10     0     5     7     2     1    36
    24     1     0     5     0     6     1    29
    25     7    10     1     3     1     2    40    49
    26     5     0     0     4     3     1    30
    27     7     8     0    10     9     1    30
    28     4     0     6     2     8     1    49
    29     6     9     5     0     9     1    57
    30     3     7     5     9     6     3    31    35    47
    31     5     7    10     0     8     1    46
    32     9     3    10     8     0     3    42    46    47
    33     1     4     2     0     5     1    56
    34     6     6    10     0     2     1    41
    35     6     7     3     8     5     1    57
    36     5     0     6     3     9     1    55
    37     5     5     4     2     0     1    39
    38     9     0     1     5     4     1    59
    39     2     9     3     7     6     1    43
    40     9     0     3     1     0     1    42
    41     8     2     0     3     5     1    52
    42     7     7     9     0     0     1    53
    43     3     2    10     6     0     1    57
    44     7     6     0     0     0     2    51    53
    45     9     6     5     3     0     1    55
    46     5     8     2    10     0     2    48    49
    47     8     8     4     0     8     1    51
    48     2     6     1     0     5     1    56
    49     3     3    10     2     2     2    51    52
    50     8     4     4     0     2     1    52
    51     3     8     5     0     4     1    59
    52     4     0     9     4     3     1    55
    53     5     5     3    10     7     1    59
    54     4     5     0     0    10     1    60
    55     3     8     3    10     9     1    58
    56     5     3     9     4     0     1    58
    57     6     8     9     4     7     1    60
    58     4     3    10     6     0     1    61
    59     2     8     3     1     6     1    61
    60     5     0     5     8     0     1    61
    61     0     0     0     0     0     0
--------------------------------------------------------------------------------
INFORMATION OF PROJECT 12:
#jobs  release  duedate
    62     0   104
#local resources
     2
R_L1   R_L2   
    19    21
jobnr.  dur.  r_G1  r_G2  r_L1  r_L2  #succ.  successors
     0     0     0     0     0     0     3     1     2     3
     1     1     1     8     2     8     3     4     9    10
     2     4     4     7    10     9     3    34    41    42
     3     4     2     1     1     4     3     6     8    35
     4     1     7     3     6     5     3     5    22    52
     5     1     7     4     7     5     3    12    16    25
     6     5    10     6     3    10     3     7    13    31
     7     1    10    10     3     7     3    11    20    21
     8     1     4     6     5     1     3    16    18    21
     9     8     7     9    10     3     3    14    19    38
    10     9     7     9     7     1     3    15    38    50
    11     4     5     9     1     5     1    48
    12     8     8     1     3     9     3    17    27    38
    13     9     5     6    10     2     3    20    24    54
    14     6     2    10     2     9     3    26    33    37
    15     5     4     1     3     8     3    29    40    53
    16    10    10     2     5     5     3    17    20    34
    17     6     2     2     9     4     3    19    31    32
    18     4     3     8     2     5     3    23    24    27
    19     6     1     8     4     1     1    48
    20     3     6     9     2     4     2    28    39
    21    10     7     1     6     5     3    30    42    43
    22     7     8     4     5     3     3    25    29    36
    23     6    10     4     3    10     3    28    39    47
    24     4     4     7     1    10     3    26    29    30
    25     2     8     3    10     8     2    31    57
    26     7     6     4     1     6     3    34    42    43
    27     6     5     8     9     1     3    28    32    49
    28     4     8     2     7     1     1    30
    29     3     3     4     4     9     3    32    33    56
    30    10     7     7     1     6     2    33    44
    31     9     6    10     2     3     1    48
    32     4     3     8     2    10     1    60
    33     7     6     1    10     5     1    51
    34     2    10     6     4    10     2    36    40
    35     6     6     7     5    10     3    36    37    56
    36     6     4     3     2     9     1    51
    37     1     1    10     7     1     3    44    52    54
    38     2    10     8     3     1     1    39
    39     7     1     2     7     3     2    40    53
    40     1    10    10     7     8     2    49    59
    41     7     8     6     6     4     3    46    47    54
    42    10     2     4     6     7     2    46    49
    43     8     9     1     4     2     3    44    45    55
    44     8     8     7     7     4     1    53
    45     5     8     8     2     3     2    46    47
    46     3     2     3     6     5     1    50
    47     5     1     9     4     4     2    50    58
    48     1     4     3     5     4     1    59
    49     4     6     4     1     8     2    51    55
    50     8     5     2     4     6     2    52    56
    51     1     8     9     9    10     1    58
    52    10     3     8     8     5     1    59
    53     4    10     8     3     2     1    60
    54     2    10     3     5     1     2    55    58
    55     8     2     1     9     2     1    57
    56     2     3     2     8     2     1    57
    57     4     6     4     1     9     1    60
    58     4     8     9    10     7     1    61
    59     6     4     6     8     1     1    61
    60     5     7     3    10     5     1    61
    61     0     0     0     0     0     0
--------------------------------------------------------------------------------
INFORMATION OF PROJECT 13:
#jobs  release  duedate
    62     0    67
#local resources
     2
R_L1   R_L2   
    41    39
jobnr.  dur.  r_G1  r_G2  r_L1  r_L2  #succ.  successors
     0     0     0     0     0     0     3     1     2     3
     1     4     8    10     3     3     3     4     5    10
     2     6     3     6     2     2     3     6    11    29
     3     2    10     7     7     6     1    41
     4     7     9     3     9    10     3     7    17    20
     5     3     2     1     1    10     3     8     9    23
     6     7    10     2    10     2     3    13    14    15
     7     9     2     8     6     3     1    55
     8     8     9     8     6     8     3    16    47    50
     9     3     8     9     8     8     3    12    22    52
    10     1     1     1     6     5     3    24    25    33
    11     9     5    10     8     6     1    37
    12     2    10     9     9    10     1    31
    13     1     7     6     7     6     1    19
    14     3     9     9     9     9     2    28    40
    15     7     2     7     1    10     3    18    26    32
    16     9     7     1     8     4     3    27    35    45
    17     8     5     9     2     3     1    53
    18     2     2     8     3    10     1    22
    19     1    10     1     2     1     1    47
    20     6     8     4     9     2     1    21
    21     5     6    10     8     5     1    30
    22     6     8     2     8     8     1    35
    23     5     4     3     2    10     3    28    36    48
    24     9     7    10     2     8     2    30    54
    25     1     7     7     2     5     1    44
    26     8     7     1     7     9     1    37
    27     9     3     8     5     8     2    29    31
    28     2     7     5     7    10     1    54
    29    10     6     8     6     6     1    52
    30     4     8     9     8     9     1    47
    31     7     6     9     8     9     2    38    46
    32     3     9     7     3     2     1    34
    33     7     3     2    10     7     1    42
    34     2     6    10    10     5     1    39
    35     9     4     1     2     2     1    60
    36     4     2     7    10     8     1    49
    37     6     6    10     9    10     1    49
    38     8     2     4     2    10     1    60
    39     1     4     5     3     1     2    43    51
    40     3     2     1     8     7     2    51    55
    41    10     7     7     7     6     1    44
    42     3     8     1     6     1     1    57
    43     5     4     2     8     2     1    44
    44     6     9     1     1    10     2    45    48
    45    10     5     7     4    10     1    54
    46    10     9     2     9     1     1    59
    47     2     5     2     6     3     1    51
    48     7     1    10     2     4     1    55
    49     3     1     1     3     4     1    52
    50     7     1     7     8     8     1    56
    51     2     5     8     9    10     1    59
    52     7     9     1     7     2     1    58
    53     2     2     3     6     8     1    60
    54     2    10    10     7     8     2    56    57
    55    10    10     5     2     2     1    58
    56     4     3     6     8     4     1    58
    57     7     4     7     3     5     1    59
    58     2     1     8     2     4     1    61
    59     3     3     4     4     7     1    61
    60     3     7     7    10     8     1    61
    61     0     0     0     0     0     0
--------------------------------------------------------------------------------
INFORMATION OF PROJECT 14:
#jobs  release  duedate
    62     0   119
#local resources
     2
R_L1   R_L2   
    20    18
jobnr.  dur.  r_G1  r_G2  r_L1  r_L2  #succ.  successors
     0     0     0     0     0     0     3     1     2     3
     1     9     5     1     8     0     3     5     7     9
     2     7     8     4     3     9     3     4     6     8
     3     9     0     6     8     0     1    52
     4    10     6     0     5     5     3    12    16    24
     5     6     1     1     0    10     2    23    25
     6     8     0     2    10     7     2    13    33
     7     8     0    10    10     6     2    27    40
     8     1     0     1     0     4     3    10    11    14
     9     7     8    10     9     0     1    29
    10     9     0     0     8     9     1    23
    11     4     1     4     7     0     1    15
    12     6     8     1     2     8     3    17    32    52
    13     6     6    10     2     2     1    18
    14     9     1     6     7     8     2    20    28
    15     2     5     0     7     5     2    27    45
    16     7     3    10     2     0     1    57
    17     2     5     7     5    10     2    19    21
    18     9     4     2     1     0     1    31
    19     9     7     0     1     6     1    22
    20     9    10     9     5     0     1    26
    21     5     8     5     9     1     1    30
    22     2     0     0     1     3     1    44
    23    10     7     0     0     6     1    48
    24     7     1     2     2     0     1    41
    25     5     0     2     3     9     3    54    56    60
    26     1     9     0     1    10     3    29    37    43
    27     5     0     4     8     3     1    29
    28    10     0     1     2     0     1    36
    29     9    10     0     7     8     1    58
    30     5     5     8     5     5     2    37    47
    31     9     1     5     4    10     3    34    35    56
    32     9     0     0     7     0     1    35
    33     2     0     5    10     0     2    35    41
    34     8     5     2     9     1     1    39
    35     5     1     6     0     0     1    38
    36     4     9    10     0    10     3    39    46    49
    37     6     7     0     8     7     2    42    50
    38     7     1    10     2     6     1    59
    39     4     7     5     7     6     2    51    53
    40     2     8     4     3     7     1    43
    41     9     9     0     6     6     1    42
    42     1     0     3     2     6     1    55
    43     7     7     6     8     4     1    55
    44     8     0     0     1     2     1    47
    45     6     0     9     6     0     1    53
    46     4     0     5     0     0     1    51
    47     9     4     0     2     5     1    49
    48    10     4    10    10     0     1    50
    49    10     3     6     0     6     1    56
    50     7     0     0     1     6     2    53    57
    51     9     1     3     9     1     2    52    60
    52     2     1     9     7     0     1    55
    53     8     1     6     2     3     1    60
    54     6    10     3     7     8     1    59
    55     5     0     9     0     9     1    59
    56    10     0     0     3     2     1    57
    57     8     6     0     4     3     1    58
    58     9     5     7     0     8     1    61
    59     4     8     3     1     3     1    61
    60     6     9     8     8     1     1    61
    61     0     0     0     0     0     0
--------------------------------------------------------------------------------
TRANSFER TIMES OF GLOBAL RESOURCE G1
 DEPOT    P1    P2    P3    P4    P5    P6    P7    P8    P9   P10   P11   P12   P13   P14
     0    11    33     3    19    23    26     9    31    12    13    31    18    35    22
    11     0    26    12    27    17    33    17    23    20    11    39    27    44    13
    33    26     0    36    52    12    58    35     4    44    22    49    51    68    31
     3    12    36     0    17    25    24    11    33     9    15    33    16    33    21
    19    27    52    17     0    41     8    22    49     8    31    37     6    17    31
    23    17    12    25    41     0    48    23    11    34    11    39    40    57    26
    26    33    58    24     8    48     0    30    56    15    38    44    13    14    35
     9    17    35    11    22    23    30     0    33    16    13    23    19    36    29
    31    23     4    33    49    11    56    33     0    42    21    49    49    66    28
    12    20    44     9     8    34    15    16    42     0    24    34     8    24    26
    13    11    22    15    31    11    38    13    21    24     0    31    29    46    24
    31    39    49    33    37    39    44    23    49    34    31     0    31    43    51
    18    27    51    16     6    40    13    19    49     8    29    31     0    18    34
    35    44    68    33    17    57    14    36    66    24    46    43    18     0    48
    22    13    31    21    31    26    35    29    28    26    24    51    34    48     0
--------------------------------------------------------------------------------
TRANSFER TIMES OF GLOBAL RESOURCE G2
 DEPOT    P1    P2    P3    P4    P5    P6    P7    P8    P9   P10   P11   P12   P13   P14
     0    12     8    16    25    19    13    26     8    19     7    20     6    12    21
    12     0    19    26    23    18    15    29    19    25    12     9    16     2    11
     8    19     0    11    28    23    17    27     1    18    10    28     6    19    29
    16    26    11     0    26    34    17    37    11    28    15    35    11    26    36
    25    23    28    26     0    40    12    50    29    44    19    28    23    22    28
    19    18    23    34    40     0    30    13    24    14    25    19    25    20    21
    13    15    17    17    12    30     0    39    17    32     8    22    12    14    23
    26    29    27    37    50    13    39     0    27     9    32    31    30    30    33
     8    19     1    11    29    24    17    27     0    19    11    28     6    20    29
    19    25    18    28    44    14    32     9    19     0    25    30    23    26    31
     7    12    10    15    19    25     8    32    11    25     0    21     5    12    22
    20     9    28    35    28    19    22    31    28    30    21     0    25    10     2
     6    16     6    11    23    25    12    30     6    23     5    25     0    16    26
    12     2    19    26    22    20    14    30    20    26    12    10    16     0    11
    21    11    29    36    28    21    23    33    29    31    22     2    26    11     0
--------------------------------------------------------------------------------
Additional Information: 
global resource strength = 0.2
transfer time factor = 0.5
adapted from RCPSP instances: 
[j6046_9, j6029_8, j6045_2, j6025_10, j6014_4, j6025_3, j6041_7, j6029_4, j6025_4, j6041_3, j609_5, j6045_1, j6014_5, j609_6]
