--------------------------------------------------------------------------------
PORTFOLIO INFORMATION:
#projects
    14
#global resources
     2
R_G1   R_G2   
   165   164
--------------------------------------------------------------------------------
INFORMATION OF PROJECT 1:
#jobs  release  duedate
    62     0   111
#local resources
     2
R_L1   R_L2   
    19    25
jobnr.  dur.  r_G1  r_G2  r_L1  r_L2  #succ.  successors
     0     0     0     0     0     0     3     1     2     3
     1     6    10     9     6     4     3     6    13    18
     2     2     5     9     3     5     3     4     5    29
     3     2     6     8     3    10     3     7    20    21
     4    10     5     9     6     9     2    36    46
     5     1     5     8     1     7     3    10    33    38
     6    10     4     4     9    10     3     9    11    16
     7     3     9     8     4    10     2     8    34
     8     3     2     8     4    10     1    32
     9     9     8    10     7     6     3    14    15    30
    10     2     8     6     9     9     2    12    19
    11     9     9     9     2    10     3    15    17    25
    12     4     8    10     3    10     1    31
    13     4     5     3     5     9     1    52
    14    10    10     8     4     7     3    22    28    39
    15     2     5     3     5     7     3    24    44    49
    16     5     4     1     9    10     1    55
    17     3     2     9    10     7     3    27    50    56
    18     2     2    10     4     5     2    37    55
    19     7     2     4     7     7     1    45
    20     9     7     9     2     7     1    55
    21     8     1     5     5     6     3    23    31    35
    22     2     4     2     4     4     1    26
    23     5    10     4     3     6     2    24    54
    24     9     6     6     3     2     1    43
    25    10     5     7     2     8     1    60
    26     1    10     2     3    10     2    31    36
    27    10     7     7     8     7     1    45
    28     1     5     3     2     1     1    48
    29     4     5     3     2     3     1    30
    30     2     2     8     3     9     2    35    53
    31     1     9     6     4     2     1    40
    32     1     7     3     3     5     1    41
    33     6     8     2     8     8     1    41
    34     6     2     4     2     3     1    59
    35     3     5     9     6     9     1    51
    36    10    10    10     2     1     1    47
    37     3     8     5     5     3     1    42
    38     1     2     8     3     7     1    40
    39     4     1     5     4     6     1    54
    40     6     7     1     7     7     1    42
    41     2     1     3     4     5     1    45
    42    10     7     7    10    10     1    47
    43     7     1     5     9     5     2    57    58
    44    10     9     3     8     1     1    57
    45     7     2     9     9     6     1    48
    46     9     7     3     1     5     1    49
    47     1     7     6     1     6     1    50
    48     4     7     1     1     1     1    53
    49     8     9     8     8    10     1    59
    50     1     4     3     8     2     1    58
    51     7     8     3    10     2     1    56
    52     6     7     4     2     9     1    60
    53     3     9     6     1     5     1    58
    54     1     9     8     5     3     1    56
    55     4     3     6    10     4     1    57
    56     9     5     2     9     5     1    60
    57     6     6     9     1     4     1    59
    58     9     6     3     3     7     1    61
    59     6     2     8    10     5     1    61
    60     6     9     5     6     8     1    61
    61     0     0     0     0     0     0
--------------------------------------------------------------------------------
INFORMATION OF PROJECT 2:
#jobs  release  duedate
    62     0   101
#local resources
     2
R_L1   R_L2   
    17    19
jobnr.  dur.  r_G1  r_G2  r_L1  r_L2  #succ.  successors
     0     0     0     0     0     0     3     1     2     3
     1     4     5     0     3     0     3     4     9    12
     2     4     9     2     3     3     1    42
     3     3     7     0     8     9     3    14    16    34
     4     5     5     8     9     3     3     5    17    21
     5     1     0     5     6     5     3     6     7     8
     6    10     6     1     0     1     2    10    53
     7     9    10     1     0     5     1    11
     8     7     1     5     6     1     3    15    36    55
     9     5     4     4     1     4     2    22    25
    10     1     3     8     0     3     1    50
    11     3     1     0     3     1     2    13    20
    12     8     1     0     0     8     3    27    35    45
    13     7     9     7     8     3     1    18
    14     8     0     6     6     4     1    28
    15     1     0     6     9     7     2    19    33
    16     6     5     7    10     5     3    19    29    43
    17     1     6     5     2     0     2    37    41
    18    10     9     9    10     0     1    26
    19     8     0    10     4     0     2    44    54
    20    10     2     5     8     4     2    25    50
    21     4     8    10     8     8     3    22    24    28
    22     8     8     4     0     0     2    23    52
    23     3     0     9     7     4     2    38    58
    24     6     7     0    10     1     1    30
    25     9     8     1     5     0     1    31
    26     9     2     9     9     0     1    59
    27     4     1     0     3     4     1    46
    28     7     0     0     2     3     1    31
    29     1     6     4     8     5     1    40
    30     5     0     2     0     7     1    44
    31     4     4     1     2     1     1    32
    32     2     0     5     0     1     1    48
    33     6     0     8     1     5     1    38
    34     1     0     9     0    10     1    40
    35     3     5     9     3     0     2    39    49
    36     9     0     0     3     0     1    56
    37     1     0     0     9    10     1    44
    38    10     8     7     5     4     1    49
    39     3     8     0     3     8     2    42    57
    40     3     1     0     7     7     1    58
    41     3     1     0     0     1     1    47
    42     9     7     4     8     2     1    51
    43     7     9     4    10     8     1    55
    44     1     2     9     2     9     3    46    48    49
    45     7     1     0     8     9     1    53
    46     7     1     9     0     4     2    50    60
    47     8     0     2     1     0     1    48
    48    10     6     4     2     4     1    59
    49     6     7     2     6     0     1    56
    50     8     0     7     1     0     1    57
    51     4     3     7     0     2     1    56
    52     7     3     8     0    10     1    54
    53     4     7     5     2     1     1    55
    54     9     5     6     0    10     1    57
    55     3     8     0     8    10     1    59
    56     9     7     7     6     0     1    60
    57     7     6    10     0     5     1    58
    58     8     5     7     0     4     1    61
    59     8     0     7     0     0     1    61
    60     7     4     6     7     3     1    61
    61     0     0     0     0     0     0
--------------------------------------------------------------------------------
INFORMATION OF PROJECT 3:
#jobs  release  duedate
    62     0   128
#local resources
     2
R_L1   R_L2   
    19    20
jobnr.  dur.  r_G1  r_G2  r_L1  r_L2  #succ.  successors
     0     0     0     0     0     0     3     1     2     3
     1    10     9     4     4    10     3     4     5    12
     2     6     7     7     6     6     3     8    11    17
     3     5     1     4     5     1     3     6    16    23
     4     8     6     8     1     9     3     7    10    21
     5     3     9     9     1     3     3    11    19    49
     6     6     3     7     7     6     3     9    13    22
     7     6     1     3     6     6     3    14    26    49
     8    10     7     3     1    10     3     9    21    36
     9     9     5     1     4     9     3    18    28    33
    10     6     5     8     2     4     3    17    18    25
    11     1     5     5     6     4     3    15    30    31
    12     7     4     9     3     3     3    29    41    57
    13     6     2     6    10     6     3    18    42    43
    14     2     6     7     7     3     1    50
    15     9     4     3     7     4     3    32    41    57
    16     9     5     4     1     7     3    26    39    42
    17     3     2     4     2     7     1    31
    18     3     9     7     3     9     3    38    39    51
    19     9     9     1     1     6     2    20    43
    20     5     1     1    10     7     3    28    34    56
    21     4     4     3     1     2     3    24    32    40
    22     2     3     5     7     8     1    24
    23     9    10     1     7     6     2    33    36
    24     4     6     3     9     2     3    28    35    37
    25     3     8     5     2     4     3    27    34    50
    26     2     4    10    10     6     2    33    48
    27     9     5     8     4    10     3    32    36    49
    28     7     7     7     9    10     1    41
    29     4     6     6     8     7     3    31    35    50
    30     3    10     5    10     2     3    37    46    52
    31     9     4     8    10     9     2    40    45
    32     8     7     6     2     2     2    38    53
    33     8     6    10     9     3     2    37    40
    34     1    10     5    10     9     3    35    44    53
    35     9     7     6     8     3     1    38
    36    10    10     4     3     6     3    39    46    47
    37     3     6     8    10     3     3    43    45    55
    38     6     2     8     9     3     1    47
    39     6     7     5    10     3     2    44    55
    40     3     5     7     9     4     1    59
    41     1     5     1     7     4     3    44    47    59
    42     5     3     6     6     8     3    45    46    48
    43     2     6     9     6     4     2    51    54
    44     2     9     3     1     7     1    52
    45     6    10     2    10     2     2    53    56
    46     6     8     3     4     6     1    51
    47    10     7     4     3     1     2    48    58
    48     4     7     5     4     5     1    52
    49     1     7     2     3     1     2    54    55
    50    10     3     9     9     8     2    54    58
    51     4     4     7     2     4     1    57
    52     9     1     9     1     8     1    60
    53     2     9     8     2     1     1    60
    54     9     1     6     8     7     1    60
    55     2     7     6    10     9     1    56
    56     2     9    10    10     5     1    59
    57     2     8     8     1     4     1    58
    58     4     2     8     6     3     1    61
    59     9     1     8     6     9     1    61
    60     5    10     8     8     4     1    61
    61     0     0     0     0     0     0
--------------------------------------------------------------------------------
INFORMATION OF PROJECT 4:
#jobs  release  duedate
    62     0   126
#local resources
     2
R_L1   R_L2   
    20    20
jobnr.  dur.  r_G1  r_G2  r_L1  r_L2  #succ.  successors
     0     0     0     0     0     0     3     1     2     3
     1    10     1     8     9     9     3     4    29    32
     2     8    10     2     5     1     3     6    13    18
     3     3     9     8     1     8     2    47    56
     4     5     7     8     3     6     2     5    12
     5     9     5     9     3     4     1    42
     6     1     2     3    10     3     3     7     8    23
     7     7     6     4     1     8     3     9    10    16
     8     5     2     2    10     6     2    11    22
     9    10    10    10     4     8     3    14    50    52
    10     7     1     4     2     4     3    15    17    49
    11     8     2    10    10    10     2    30    52
    12     9     1     8    10     8     3    21    50    53
    13     2     8     9    10     4     1    59
    14     2     9     6     2     2     3    19    25    36
    15    10     9     5     5     1     3    20    33    38
    16     4     4     9     8     7     2    21    35
    17     8     4     5    10     4     1    27
    18     1     8    10     1     9     3    23    24    26
    19     1     4     7     4     6     2    20    38
    20     6     1     5     2     3     1    31
    21     1     1     5     4     1     3    34    45    54
    22     7    10     2    10     4     3    28    33    37
    23     3     5     4     3     4     1    53
    24     4     4     5     6     1     2    41    49
    25     4     5     9     6    10     2    27    39
    26     4     2     7    10     7     1    27
    27     2     6     9     1     9     1    35
    28     8     7     3     6     5     2    35    60
    29     6     9     6     4    10     3    41    44    46
    30     9     9    10    10     5     2    34    48
    31     2    10     3     9     2     1    42
    32     7     6     8     1     9     1    47
    33     6     1     5     9     9     3    36    43    52
    34     3     1     7     3     8     2    43    58
    35     8     7     5     7     8     1    48
    36     1     4     8     5     6     1    40
    37    10     7     1     6     2     1    40
    38     8     5     2     6     9     2    42    51
    39     4     1     4     5     4     3    40    41    45
    40     5     2     9    10     1     2    47    54
    41     1     3     7     9     2     1    48
    42     6    10     7     3    10     2    43    46
    43     9     1     2    10    10     1    56
    44     6     7     7     6     6     3    45    49    53
    45    10     3     3     2     3     1    51
    46     7     9     7     4    10     2    55    58
    47     8     4     9     6     8     1    55
    48     2     3     9     5     8     2    54    58
    49     9     2     9     4     2     1    51
    50     2     6     4     4     9     2    59    60
    51     7     1     4    10     9     1    57
    52     7     2     4    10    10     1    55
    53     9     2     6     2     1     1    56
    54     7     8     7     6     7     1    57
    55     7     4     6     4     3     1    57
    56     4    10    10     7     9     1    60
    57     9     3     1     7     9     1    59
    58    10     6     4     9     9     1    61
    59     2     4     8     6     9     1    61
    60     6     7     1    10     1     1    61
    61     0     0     0     0     0     0
--------------------------------------------------------------------------------
INFORMATION OF PROJECT 5:
#jobs  release  duedate
    62     0    66
#local resources
     2
R_L1   R_L2   
    33    43
jobnr.  dur.  r_G1  r_G2  r_L1  r_L2  #succ.  successors
     0     0     0     0     0     0     3     1     2     3
     1     5    10     2     9     8     3     4     6    31
     2     7     6     8     7     9     3     5    11    22
     3     1     3     2    10     3     3    14    19    44
     4    10     5     8     4     9     1    58
     5     1     6    10    10     8     3     7     8     9
     6     6     8     2     4     9     1    13
     7     5     3     7    10     2     2    12    21
     8     2     3     5     2     4     3    13    20    30
     9     2     6     8     9     7     2    10    27
    10     5     9     3     3     6     2    18    41
    11     7     4     8     3     8     2    49    57
    12     3     9     8     7     3     1    39
    13     3     6     1     4     1     2    15    55
    14     9     9     8     4     7     3    16    29    40
    15     7     6     3     2     4     3    17    32    38
    16     9     3     2     5     1     3    37    46    53
    17     9     8     1    10    10     3    23    25    36
    18     3     7     9     4     2     1    48
    19     6     6     7     4     7     1    30
    20     3     5     7    10     9     2    24    46
    21     3     5     7     1    10     1    28
    22     8     3     1     1    10     3    33    34    45
    23     9     8     5     8    10     1    35
    24     6     1     9    10    10     1    26
    25     7     8     8     5    10     1    54
    26     1     5     9     4     6     1    32
    27     8     8     4     7     8     1    48
    28     2     3     1     1     2     1    42
    29     7     2     3     2    10     1    30
    30     1     5     5     6     8     2    50    51
    31     4     8     3     6     5     1    34
    32     5     9     2     3     2     1    47
    33     9     2     5     6     1     1    40
    34     9     9     1     4     8     1    51
    35     9     8     9    10     9     1    52
    36    10     7    10     7     1     1    40
    37     2     6     2     6     1     1    42
    38     1     6     9     2    10     1    43
    39     1     8     1     8     8     1    47
    40     3     6     1     3     8     1    53
    41     5     8     8     4     1     1    59
    42     5     2     2    10     8     1    45
    43     6     6     3     3    10     2    52    54
    44     8     7    10     3     2     1    51
    45     9     3     3     4    10     1    47
    46     5     6     3     9     5     1    55
    47    10     8     4     4     9     1    52
    48     7    10     9    10     1     1    50
    49     2    10     4     1     1     1    50
    50     9     6     9    10     9     1    54
    51     4     3     1     2    10     1    60
    52     3     6     5     2     9     1    57
    53     1    10     4     5     4     1    56
    54     1    10     7     8     4     1    59
    55     6     2     7     6     7     2    58    59
    56     9     7     5     3    10     1    57
    57     2     1     6     5     3     2    58    60
    58     4     2     2     4     3     1    61
    59     5     1     5     8     8     1    61
    60     6     1     4     8     7     1    61
    61     0     0     0     0     0     0
--------------------------------------------------------------------------------
INFORMATION OF PROJECT 6:
#jobs  release  duedate
    62     0   125
#local resources
     2
R_L1   R_L2   
    15    21
jobnr.  dur.  r_G1  r_G2  r_L1  r_L2  #succ.  successors
     0     0     0     0     0     0     3     1     2     3
     1     8     3     4     6     1     3     4     6    16
     2     9     1     3     5     5     2     5    13
     3     7     4     9     4     3     2    11    39
     4     5     5     2     4     1     3     7    20    26
     5     1     2     5     3     6     2    15    41
     6     9     5     8     2     5     2    17    22
     7     9     4    10     4     7     2     8     9
     8     6     7     5     6     5     3    10    14    18
     9     7     3     9     3    10     1    49
    10     8     5     5     6     1     3    12    23    28
    11     8    10     5     7     1     1    21
    12     8     9     8     1    10     1    30
    13     5     2     4     4     6     2    59    60
    14     1     1    10     9     4     3    24    40    45
    15     2     2     2     9     5     3    35    44    51
    16     2     4     8     6     2     1    25
    17     2    10     2     5     1     3    19    34    45
    18     9     5     2     1     2     1    25
    19     7     6    10    10     4     1    51
    20     6     8     9     4     8     1    38
    21     9     5    10     6     9     3    27    32    36
    22     8     4     7     7     7     1    49
    23     4     1     9    10     7     1    40
    24     5     6     1     3     6     1    38
    25     7     2     1     4     7     1    55
    26     1     4     8     3     3     1    41
    27     5     7     1     7     2     3    29    31    42
    28     5     6     9     4     8     1    43
    29     3     2     7     8     4     2    35    58
    30     1     1     1     3     7     2    37    54
    31    10     9     3     2    10     2    52    54
    32     7     3     9     2     3     1    33
    33     8     2     6     2    10     2    35    43
    34     2     1     6     2     6     1    55
    35     9     4     2     1     7     1    52
    36     9     5     7     1     3     1    47
    37     9     1     4    10     3     1    55
    38     3     6     3     1     5     1    39
    39     5     6     6     6     6     1    42
    40     5     9     6     9     7     1    48
    41     4     4     6     5     2     1    50
    42     7     7     2     1     6     2    50    52
    43     7     5     9     1     5     2    46    53
    44     5     9     9     8     7     1    45
    45     5     3     4     5     1     1    57
    46     3     4    10     8     2     1    58
    47     9     6     3     7     6     1    49
    48     8     9     5    10     1     1    56
    49     4     7     7     5     5     1    58
    50     3     3     9     1     6     1    57
    51    10     8     2     1     6     1    56
    52     1     7     5     2     8     1    56
    53     2     4     4     4     6     1    57
    54     1     2     7     2     2     1    60
    55     6     8     4     4     9     1    59
    56     1     2    10     3     8     1    60
    57     7     5    10     1     1     1    59
    58     9     6     1     2     1     1    61
    59     9     1     6    10     7     1    61
    60     9     5     8     2     5     1    61
    61     0     0     0     0     0     0
--------------------------------------------------------------------------------
INFORMATION OF PROJECT 7:
#jobs  release  duedate
    62     0    95
#local resources
     2
R_L1   R_L2   
    25    27
jobnr.  dur.  r_G1  r_G2  r_L1  r_L2  #succ.  successors
     0     0     0     0     0     0     3     1     2     3
     1     9    10     7     6     3     3    10    20    48
     2    10     3     7     3     9     3     4     5     6
     3     8     9     2     9     8     2    18    56
     4     4     6     4     6     8     3     8    27    47
     5     5     8     8     6     8     3    18    31    54
     6    10     9     6     7     1     3     7    14    26
     7     6     9     3     3     3     3    21    27    47
     8     3     7     4     3    10     3     9    11    16
     9     1     5     8     8     6     2    13    15
    10    10     9     6     5     4     3    14    24    35
    11     9     5    10     5     7     3    12    20    24
    12     6     5     8     5     5     3    13    15    49
    13     3     8     3     6     8     3    29    36    44
    14     8     1     7    10     1     2    17    33
    15     2     3     5     3    10     3    22    23    26
    16     2     3     8     9    10     3    19    28    32
    17     6     4     2     1     3     2    23    36
    18     8    10     1     1     9     2    20    50
    19     4     9     7     2     6     3    25    39    43
    20     2    10     7     6     5     2    39    57
    21     4    10     1    10     7     3    22    24    34
    22     8     1     3     3     7     3    30    32    41
    23     5     3     3     3     9     2    29    53
    24    10     8     9     8     9     3    31    33    45
    25     1     6     8     4     1     3    29    34    35
    26     7     2     1    10     3     3    31    37    45
    27     2     7     4     1     7     3    32    38    46
    28     3     2     3     6     8     3    30    34    51
    29     1     3     2     3     6     3    30    46    58
    30     6     9     5     4     5     2    37    60
    31     6     1     2     6     6     1    55
    32     7     3     7     1     7     3    33    48    59
    33     9     8     1     1     4     2    39    52
    34    10     6     6     1     8     2    42    56
    35     1     6     9     9     9     2    41    42
    36     7     1    10     9     3     3    37    40    43
    37     6     5     1     3     6     1    50
    38     4     9     6     2     4     3    43    44    48
    39     3     4     9     6     5     2    51    60
    40     5     2     9     8     3     1    41
    41     1     5     2     4     2     2    45    53
    42     1     2     1     5     5     3    44    49    50
    43     9     3     5     3     4     2    52    54
    44     2     5     3     1     9     1    59
    45     4     1     8     3     3     2    46    51
    46     5    10     2    10     8     1    55
    47     1     7     4     7     5     1    49
    48     7     7     7    10    10     1    52
    49     1     6     6     4     6     1    53
    50     9     7     9     2     8     1    59
    51     5     1     9     7     7     1    58
    52    10    10     9     4     2     1    55
    53     2     7     5     5    10     2    54    58
    54     7     6     1     5    10     1    57
    55     5     9     2     1     5     1    56
    56     1     8     6     7     5     1    57
    57     4    10     7     4     4     1    60
    58     2    10     4     7     9     1    61
    59     2    10    10     1     2     1    61
    60     9     1    10     3     9     1    61
    61     0     0     0     0     0     0
--------------------------------------------------------------------------------
INFORMATION OF PROJECT 8:
#jobs  release  duedate
    62     0   138
#local resources
     2
R_L1   R_L2   
    18    16
jobnr.  dur.  r_G1  r_G2  r_L1  r_L2  #succ.  successors
     0     0     0     0     0     0     3     1     2     3
     1     6     2     1     1     9     2    13    50
     2     8     4     1     2     5     2     8    24
     3     8     5     6     3     4     3     4     8    16
     4     3     7     8     5     2     3     5     9    20
     5     9     5     7    10     6     3     6    11    15
     6     6     7    10     2     2     2     7    33
     7     9     6     5     1     6     3    17    21    37
     8     3     5     8     9     2     3    10    12    19
     9     9     4     5     2     5     1    56
    10     3     4     6     7     5     1    18
    11     7     9     5     9     2     3    26    50    58
    12     4     3     5     7     6     3    14    29    44
    13     3     2     7     2     5     3    16    29    39
    14     2     8     1    10    10     2    17    51
    15     1     5     4     9     4     1    17
    16     4     1     8     7     5     1    22
    17     5     3     5     7     1     3    25    28    53
    18     1    10     1     2     2     1    48
    19     8     9     9     7     2     1    45
    20     3     2     3     4     8     2    30    36
    21     9     7     1     3    10     3    23    27    46
    22     8     6     9    10     6     2    32    33
    23     1     9    10     6     4     2    25    30
    24     9     5     2     4     2     3    28    35    40
    25     1     4     9     7     1     2    39    43
    26     6     9     9    10     5     2    31    49
    27     2     7     2     6     6     1    47
    28     4     9     2    10     2     2    43    50
    29     1    10     1     7     6     2    31    36
    30     2     6     6     3    10     2    38    59
    31     7     2     7     5     2     1    59
    32     4     4     1     3     9     3    34    42    54
    33     4     9    10     9     2     2    35    44
    34     7     7     6     1     8     2    49    52
    35     2     9     5     9     3     2    51    55
    36     8    10     2     4     4     3    38    53    54
    37    10     3     9     1     1     1    44
    38    10     4     5     7     3     3    40    45    56
    39    10     8     9     6     4     1    56
    40     2     9     2     6     5     1    41
    41     4     1     1     9     4     1    43
    42     9     7     7     3     8     1    47
    43     8     2     3     1     7     1    57
    44     9     8     1    10     4     3    45    47    48
    45     5     1    10    10    10     1    52
    46     5     4     7     6     8     2    48    55
    47     3     2     2     1    10     2    49    51
    48     2     5     8    10     4     1    53
    49     1    10     7     6     6     2    55    60
    50     4     4     8     8    10     1    54
    51     8    10     6     6     8     2    52    57
    52     8     4     9     1     6     1    60
    53     6    10     7     5     7     1    57
    54     2    10     3     9     7     1    60
    55     2     3     7     9     1     1    59
    56     4     4     5     2     6     1    58
    57     7     5     5     4    10     1    58
    58    10     4     4     6     6     1    61
    59     4     8     7     6     1     1    61
    60     7     2     2     8     4     1    61
    61     0     0     0     0     0     0
--------------------------------------------------------------------------------
INFORMATION OF PROJECT 9:
#jobs  release  duedate
    62     0    99
#local resources
     2
R_L1   R_L2   
    24    20
jobnr.  dur.  r_G1  r_G2  r_L1  r_L2  #succ.  successors
     0     0     0     0     0     0     3     1     2     3
     1     3     6     8     1     8     3     4     5    39
     2     8     7     3     6     7     3     6     8    17
     3     1     9     8     8     4     3     9    10    13
     4     7     4     7     2     5     1    18
     5     8     4     5     6     6     3     7    11    19
     6     1     4     4     1     1     1    43
     7     3     4    10     5     8     3    15    23    45
     8     7    10    10     8     2     3    16    40    56
     9     6     3     1     1    10     3    14    25    48
    10     7     8     1     4     5     3    12    44    46
    11     8     7     6     7     6     2    21    33
    12     7     5     2     1     8     1    24
    13     9     7     9     4     2     3    34    44    55
    14     6     4     8     6     2     1    34
    15     2    10     4    10     2     1    50
    16     1     4     5     6     3     1    20
    17     5     4     4     8     4     1    33
    18     7     6     1     3     7     3    28    30    31
    19     1     4     8     7     4     1    27
    20     3     2     2     4     5     2    58    60
    21     1     9     3     9    10     1    22
    22     4     3     3     1     5     1    52
    23     2     8     5     7     6     1    26
    24     7     9    10     8     6     1    25
    25     7    10     8    10    10     3    35    37    58
    26     8     8     1     5     6     3    29    41    49
    27    10    10     6     6     1     1    53
    28     3     8     1     9     5     2    36    50
    29     6     9     6     4     7     1    32
    30     1     1     3     4     1     1    38
    31     7     7     4     2     9     1    60
    32     2     6    10    10     7     1    54
    33     3     8     3     3     5     2    44    47
    34     8     8     3     6     3     1    57
    35     1     1     4     3     9     1    42
    36     3     2     3     9     9     1    43
    37     3     4     8     2     1     1    41
    38     3     5     9     7     7     1    56
    39     9     3     5     9     2     1    43
    40     1     9     5    10    10     1    51
    41     9     1     6     2    10     1    51
    42    10     4     1     2     1     1    54
    43     7     9     6     5     5     1    51
    44     4     6     3     9     5     1    53
    45     2     7     8     7    10     1    52
    46     8     2     6    10     6     2    50    55
    47     5     9     1     1     8     1    52
    48     6     2     7     8     4     1    49
    49     9    10     1     4     1     1    54
    50     7     4     7     7     9     2    53    60
    51    10     1     6     4    10     1    57
    52     7     9     3     9     1     1    59
    53    10     4     4     8    10     1    58
    54     2     8     2     1     6     1    56
    55     7     8     6     4     1     1    57
    56     3     2     8     1     4     1    59
    57     2     7     9     6     1     1    59
    58    10     3     1     1     4     1    61
    59     8     5     7     5     5     1    61
    60     9     9     5     7     1     1    61
    61     0     0     0     0     0     0
--------------------------------------------------------------------------------
INFORMATION OF PROJECT 10:
#jobs  release  duedate
    62     0   101
#local resources
     2
R_L1   R_L2   
    23    21
jobnr.  dur.  r_G1  r_G2  r_L1  r_L2  #succ.  successors
     0     0     0     0     0     0     3     1     2     3
     1     1     8     2     1     8     3     4     9    10
     2     4     7    10     4     9     3    34    41    42
     3     4     1     1     2     4     3     6     8    35
     4     1     3     6     7     5     3     5    22    52
     5     1     4     7     7     5     3    12    16    25
     6     5     6     3    10    10     3     7    13    31
     7     1    10     3    10     7     3    11    20    21
     8     1     6     5     4     1     3    16    18    21
     9     8     9    10     7     3     3    14    19    38
    10     9     9     7     7     1     3    15    38    50
    11     4     9     1     5     5     1    48
    12     8     1     3     8     9     3    17    27    38
    13     9     6    10     5     2     3    20    24    54
    14     6    10     2     2     9     3    26    33    37
    15     5     1     3     4     8     3    29    40    53
    16    10     2     5    10     5     3    17    20    34
    17     6     2     9     2     4     3    19    31    32
    18     4     8     2     3     5     3    23    24    27
    19     6     8     4     1     1     1    48
    20     3     9     2     6     4     2    28    39
    21    10     1     6     7     5     3    30    42    43
    22     7     4     5     8     3     3    25    29    36
    23     6     4     3    10    10     3    28    39    47
    24     4     7     1     4    10     3    26    29    30
    25     2     3    10     8     8     2    31    57
    26     7     4     1     6     6     3    34    42    43
    27     6     8     9     5     1     3    28    32    49
    28     4     2     7     8     1     1    30
    29     3     4     4     3     9     3    32    33    56
    30    10     7     1     7     6     2    33    44
    31     9    10     2     6     3     1    48
    32     4     8     2     3    10     1    60
    33     7     1    10     6     5     1    51
    34     2     6     4    10    10     2    36    40
    35     6     7     5     6    10     3    36    37    56
    36     6     3     2     4     9     1    51
    37     1    10     7     1     1     3    44    52    54
    38     2     8     3    10     1     1    39
    39     7     2     7     1     3     2    40    53
    40     1    10     7    10     8     2    49    59
    41     7     6     6     8     4     3    46    47    54
    42    10     4     6     2     7     2    46    49
    43     8     1     4     9     2     3    44    45    55
    44     8     7     7     8     4     1    53
    45     5     8     2     8     3     2    46    47
    46     3     3     6     2     5     1    50
    47     5     9     4     1     4     2    50    58
    48     1     3     5     4     4     1    59
    49     4     4     1     6     8     2    51    55
    50     8     2     4     5     6     2    52    56
    51     1     9     9     8    10     1    58
    52    10     8     8     3     5     1    59
    53     4     8     3    10     2     1    60
    54     2     3     5    10     1     2    55    58
    55     8     1     9     2     2     1    57
    56     2     2     8     3     2     1    57
    57     4     4     1     6     9     1    60
    58     4     9    10     8     7     1    61
    59     6     6     8     4     1     1    61
    60     5     3    10     7     5     1    61
    61     0     0     0     0     0     0
--------------------------------------------------------------------------------
INFORMATION OF PROJECT 11:
#jobs  release  duedate
    62     0    95
#local resources
     2
R_L1   R_L2   
    20    16
jobnr.  dur.  r_G1  r_G2  r_L1  r_L2  #succ.  successors
     0     0     0     0     0     0     3     1     2     3
     1     8     6     5     0     0     3     8    10    23
     2     6     2     0     1     6     1     5
     3     8     1     0     0    10     3     4    24    25
     4     3     0     9     9     3     3     6    12    31
     5     1     0     6     0     1     3    37    53    54
     6    10     5     3     1     0     3     7    11    13
     7     6     7     2     7     3     3    45    51    55
     8     8     2     6     0     7     3     9    15    18
     9    10     0     0     3     7     1    42
    10     7     3     0     0    10     1    43
    11     8     0     8     9     0     3    20    26    50
    12     4     9    10     2     8     3    14    38    39
    13     6     6     2    10     4     1    21
    14     1    10     7     2     4     3    16    22    34
    15     4     0     0     8     2     3    17    20    30
    16     5     4     6     8     0     3    19    29    32
    17     3     2     9     2     4     3    28    38    45
    18     4     3     4     0     0     3    24    49    56
    19     1     8    10     5     4     3    40    48    59
    20     5     8     0     9     7     2    28    32
    21     5     8     0     7     3     1    27
    22     6     6     2     8     9     2    44    47
    23     4     8     2    10     1     2    32    35
    24     8     4     9     6     0     1    26
    25     2     4    10     0     3     2    33    47
    26     5     4     5    10     7     1    34
    27     3     3     6     0     7     2    35    60
    28     4     0     7    10     0     3    39    42    46
    29     1     8     6     5     0     3    30    46    55
    30     2     9     0    10    10     1    47
    31     1     0     9     3    10     1    37
    32     6     9     2     4     7     1    48
    33     2     9     3     4     6     2    41    60
    34     5     1     8     1     6     2    36    40
    35     2     6     0     6     9     3    36    45    49
    36     2     5     0     5     0     1    41
    37     5     6     6    10     0     1    57
    38     7     7     4    10     5     1    41
    39    10     2     1     0     2     3    48    51    55
    40     9     0     0     0     2     2    42    58
    41     5     0     9    10     6     1    54
    42     4     3     0     9     0     1    57
    43     2     3     0     9     3     2    44    53
    44     5     1    10     4     2     1    51
    45     2     4     9     0     4     1    52
    46     1     0     8     4     0     1    49
    47     1     0     0     7     2     2    50    58
    48     6     3     0     5     8     1    53
    49     6     9     1     0     0     2    54    58
    50     4     3     4     2     3     1    52
    51     6     0     0     2     0     1    52
    52     3     7     6     4     8     1    56
    53     1     3     0     2     1     1    57
    54    10     4     8     9    10     1    59
    55     7     0     7     9     8     1    56
    56     8     7     8     0     2     1    59
    57     1     4    10     5     4     1    60
    58     6     8    10     5     6     1    61
    59     1     5     0     0    10     1    61
    60     7     8     5     2     6     1    61
    61     0     0     0     0     0     0
--------------------------------------------------------------------------------
INFORMATION OF PROJECT 12:
#jobs  release  duedate
    62     0   139
#local resources
     2
R_L1   R_L2   
    16    15
jobnr.  dur.  r_G1  r_G2  r_L1  r_L2  #succ.  successors
     0     0     0     0     0     0     3     1     2     3
     1     4     1     0     5     0     3     4     7    15
     2    10     0     8     4     5     3     5     6    13
     3    10     3     3     4     9     2    19    28
     4     6     9     0    10     8     3    11    20    24
     5     9     8     6     9     7     3     9    11    27
     6     1     0     1     6     8     2     8    17
     7     6     0     2     6     6     3     8    12    14
     8     2     3     1     7     5     2    10    25
     9    10     8     1     0     7     3    22    28    32
    10    10     0     0     1     3     3    19    27    47
    11     9     6     8     0     5     2    16    18
    12     1     0     6     3     0     3    19    44    55
    13     3     3     7     8     9     3    16    21    42
    14    10    10     9     7     3     2    48    57
    15     8     0     4     0     0     2    21    43
    16     3    10     9     1     5     3    17    23    38
    17     5     8     4     1     8     3    33    40    41
    18     3     6     4     0     0     2    23    37
    19     3     1     0     0     3     2    20    36
    20    10     7     5     1     4     3    30    45    50
    21     2     1     4     3     5     3    30    35    45
    22     7     6    10     0    10     2    31    37
    23     5     3     7    10     2     3    25    26    34
    24     6     6     8     9    10     3    35    47    53
    25     4     0     8     2     6     2    29    39
    26     7     0    10     9     0     3    35    39    49
    27     8     0     8     2     3     3    30    33    37
    28     6    10     0     9     4     2    29    40
    29     1     5     2     5     2     3    33    41    52
    30     8     6     0     0     0     2    57    59
    31     3     0     1    10     7     2    34    36
    32     7     6     6     9     9     3    34    44    49
    33     8     6     0     5     0     1    58
    34     4     8     2     9     8     3    40    47    52
    35     7     5     0     6     0     2    48    60
    36     1     1    10     5     3     2    38    43
    37    10     9     6     6     4     3    38    39    43
    38     2     1     0     4    10     2    49    52
    39     1     4     0     2     4     2    41    50
    40     1     0     9     9     7     2    46    48
    41     3     1     6     0     3     2    46    55
    42     1     5     5     6     8     2    44    58
    43     3     5     0     2     8     2    45    46
    44     9     7     0     3     0     1    56
    45    10     0     0     9     7     1    51
    46    10     0     9     1     0     2    51    54
    47     4     0     2     5     6     2    54    60
    48     8    10     5     3     0     1    55
    49     2     1     4     7     0     2    50    51
    50     8     8     0     2     4     2    54    56
    51     6     3     1     7     9     1    53
    52     7     2    10     3     0     1    53
    53     4    10     0     9     0     1    56
    54     9     1     4     0     6     1    58
    55     7     3     5     0    10     1    59
    56     1     5     3     6     1     2    57    59
    57    10     4     5     7     9     1    60
    58     6     0     0     7    10     1    61
    59     9     0     0    10     5     1    61
    60     1     0     0     1     3     1    61
    61     0     0     0     0     0     0
--------------------------------------------------------------------------------
INFORMATION OF PROJECT 13:
#jobs  release  duedate
    62     0    90
#local resources
     2
R_L1   R_L2   
    19    18
jobnr.  dur.  r_G1  r_G2  r_L1  r_L2  #succ.  successors
     0     0     0     0     0     0     3     1     2     3
     1     9     6     6     6    10     3     6     7    13
     2     7     0     0     7     5     1    54
     3     3     5     3     5     9     2     4    10
     4     6     0     4     0     7     3     5    11    25
     5     4     8     2     1     0     3     8    12    21
     6     5     0     3     8     6     1    22
     7     7     0     9     6     0     3     9    18    33
     8     7     2     4     2     2     2    20    32
     9     2     4     0     8    10     1    23
    10     9     9     5     3     0     3    15    24    33
    11     5     7     3     0     6     1    39
    12     6     3     0    10     0     1    36
    13     1     0     2     5     6     3    14    16    19
    14     4     7     7     7     1     1    60
    15     4     6     4     9     0     3    17    23    27
    16     5     6     7     0     5     1    44
    17     2    10     8     3     0     2    43    45
    18     4     7    10     0    10     3    34    37    38
    19     5     5     3     8    10     2    30    53
    20     3    10     7     5     3     3    28    41    50
    21     7     6     1     0     0     1    26
    22     2    10     8     0     0     1    58
    23    10     0     2     7     5     1    36
    24     1     0     6     0     5     1    29
    25     7    10     1     3     1     2    40    49
    26     5     0     3     4     0     1    30
    27     7     8     9    10     0     1    30
    28     4     0     8     2     6     1    49
    29     6     9     9     0     5     1    57
    30     3     7     6     9     5     3    31    35    47
    31     5     7     8     0    10     1    46
    32     9     3     0     8    10     3    42    46    47
    33     1     4     5     0     2     1    56
    34     6     6     2     0    10     1    41
    35     6     7     5     8     3     1    57
    36     5     0     9     3     6     1    55
    37     5     5     0     2     4     1    39
    38     9     0     4     5     1     1    59
    39     2     9     6     7     3     1    43
    40     9     0     0     1     3     1    42
    41     8     2     5     3     0     1    52
    42     7     7     0     0     9     1    53
    43     3     2     0     6    10     1    57
    44     7     6     0     0     0     2    51    53
    45     9     6     0     3     5     1    55
    46     5     8     0    10     2     2    48    49
    47     8     8     8     0     4     1    51
    48     2     6     5     0     1     1    56
    49     3     3     2     2    10     2    51    52
    50     8     4     2     0     4     1    52
    51     3     8     4     0     5     1    59
    52     4     0     3     4     9     1    55
    53     5     5     7    10     3     1    59
    54     4     5    10     0     0     1    60
    55     3     8     9    10     3     1    58
    56     5     3     0     4     9     1    58
    57     6     8     7     4     9     1    60
    58     4     3     0     6    10     1    61
    59     2     8     6     1     3     1    61
    60     5     0     0     8     5     1    61
    61     0     0     0     0     0     0
--------------------------------------------------------------------------------
INFORMATION OF PROJECT 14:
#jobs  release  duedate
    62     0   139
#local resources
     2
R_L1   R_L2   
    18    19
jobnr.  dur.  r_G1  r_G2  r_L1  r_L2  #succ.  successors
     0     0     0     0     0     0     3     1     2     3
     1    10    10     6     4     7     3    13    15    16
     2     8     9     2     9     1     3     5     8    18
     3     8     1    10     3     6     3     4     6     9
     4     3     2     3     2     7     2    15    32
     5     6     3     6     1     3     3    19    34    46
     6     9     6     3     5     6     3     7    10    14
     7    10     4     3    10    10     3    21    31    45
     8     8     1     5     9     9     3    26    41    58
     9     4     2     3     4     4     1    29
    10     1     6     2     4     9     2    11    12
    11     3     4     1     7     9     3    15    17    24
    12     8     7     2     1     6     3    28    42    59
    13     4     8     8     4     7     2    47    51
    14    10     9    10     2     2     2    23    26
    15     4     3     6     2     1     2    25    35
    16     8    10     5     8     5     1    57
    17     9     8     9     2     9     2    38    40
    18     4     5     3     4     1     1    20
    19     8     3     5     1     9     3    22    23    57
    20     2     6     7     5     7     1    49
    21     9    10     4     9     4     3    23    34    53
    22     5     2     9    10     5     1    33
    23     7     2     6     9     2     1    49
    24     7     7     6     7     9     3    36    42    51
    25     4     5     6     6     9     1    43
    26     2     5     6     8     4     3    27    30    33
    27    10     1     4     6     8     3    29    50    54
    28     2     4     1     3     3     2    35    44
    29     7     2     1    10     4     1    35
    30     4     6     6     9     5     1    51
    31     6    10     6     6     8     2    33    46
    32     6     3    10    10     9     3    44    52    55
    33     3     1     9     1     9     2    38    40
    34     4     1     3     4    10     2    42    47
    35     4     4     7    10     8     1    38
    36     4     3     1     1     4     3    37    41    44
    37     4     6     4     8     8     2    39    55
    38     8     6     6     3     8     1    60
    39     8     7     1     1     4     1    54
    40     5     3     1     1     4     2    47    48
    41     6     5     9     6    10     3    46    54    56
    42     8     1     2     5     2     1    48
    43     1     9    10     2    10     1    45
    44     4     1     4     5     7     1    53
    45     7     3     8     1     3     2    52    53
    46     5     9     1     4     8     1    48
    47    10    10    10     1     2     2    50    52
    48     4     6     2     1     8     1    50
    49     1     1     7     1     6     1    55
    50     7     1     3     4    10     1    60
    51     5    10     9     4     3     1    56
    52     4    10     7     2     6     1    56
    53     6     7     1     7     6     1    57
    54    10    10    10     7     3     1    59
    55     7     2     3     3    10     1    58
    56    10    10     7     3     7     2    59    60
    57     2     4     3     3     2     1    58
    58     8     2    10     7     1     1    61
    59    10     2     7     6     4     1    61
    60     7     5     2    10     5     1    61
    61     0     0     0     0     0     0
--------------------------------------------------------------------------------
TRANSFER TIMES OF GLOBAL RESOURCE G1
 DEPOT    P1    P2    P3    P4    P5    P6    P7    P8    P9   P10   P11   P12   P13   P14
     0    33    31    17    29    23    18    15    33    10    13    17    18    13     7
    33     0     4    21    11    52    38    45    47    36    21    43    28    25    37
    31     4     0    18     7    49    38    42    43    35    20    42    25    25    36
    17    21    18     0    13    33    31    25    28    25    13    33     9    19    24
    29    11     7    13     0    45    39    38    37    34    20    42    19    26    34
    23    52    49    33    45     0    36     8    26    28    35    31    27    35    23
    18    38    38    31    39    36     0    30    51     9    20     8    35    14    14
    15    45    42    25    38     8    30     0    25    22    27    26    21    28    17
    33    47    43    28    37    26    51    25     0    42    39    49    20    43    38
    10    36    35    25    34    28     9    22    42     0    16     9    27    11     5
    13    21    20    13    20    35    20    27    39    16     0    23    20     7    17
    17    43    42    33    42    31     8    26    49     9    23     0    35    18    11
    18    28    25     9    19    27    35    21    20    27    20    35     0    24    25
    13    25    25    19    26    35    14    28    43    11     7    18    24     0    14
     7    37    36    24    34    23    14    17    38     5    17    11    25    14     0
--------------------------------------------------------------------------------
TRANSFER TIMES OF GLOBAL RESOURCE G2
 DEPOT    P1    P2    P3    P4    P5    P6    P7    P8    P9   P10   P11   P12   P13   P14
     0    26    18    15    19    34     5    24    26    23    22    25    23    14    22
    26     0    13    14    25    11    28    22    16    19    47    22    44    27    40
    18    13     0    13    25    23    18    26    23     8    39    11    40    25    27
    15    14    13     0    13    20    18    15    13    20    34    23    31    15    33
    19    25    25    13     0    26    23     8    13    33    30    36    23     7    40
    34    11    23    20    26     0    37    21    14    29    53    32    48    31    49
     5    28    18    18    23    37     0    28    29    22    22    23    25    18    18
    24    22    26    15     8    21    28     0     7    34    38    37    30    14    45
    26    16    23    13    13    14    29     7     0    31    42    34    35    19    45
    23    19     8    20    33    29    22    34    31     0    44     4    45    33    25
    22    47    39    34    30    53    22    38    42    44     0    45    12    24    30
    25    22    11    23    36    32    23    37    34     4    45     0    47    35    24
    23    44    40    31    23    48    25    30    35    45    12    47     0    18    38
    14    27    25    15     7    31    18    14    19    33    24    35    18     0    35
    22    40    27    33    40    49    18    45    45    25    30    24    38    35     0
--------------------------------------------------------------------------------
Additional Information: 
global resource strength = 0.5
transfer time factor = 0.5
adapted from RCPSP instances: 
[j6013_2, j609_8, j6045_9, j6029_3, j6014_3, j6013_8, j6046_6, j6029_2, j6013_6, j6045_1, j6025_7, j6041_6, j609_5, j6029_4]
