--------------------------------------------------------------------------------
PORTFOLIO INFORMATION:
#projects
    16
#global resources
     2
R_G1   R_G2   
   207   204
--------------------------------------------------------------------------------
INFORMATION OF PROJECT 1:
#jobs  release  duedate
    62     0   103
#local resources
     2
R_L1   R_L2   
    31    33
jobnr.  dur.  r_G1  r_G2  r_L1  r_L2  #succ.  successors
     0     0     0     0     0     0     3     1     2     3
     1    10     9     1     3     3     2     4     5
     2     8     8     9     1     5     1    25
     3     7     6     8     1     5     3     6    14    20
     4     3     4     2    10    10     2     7    32
     5     1     3     3     2     4     3    15    29    46
     6     2     7     4    10     2     3    12    26    34
     7     4     9    10     4     5     3     8    10    13
     8    10     4     6    10     5     2     9    45
     9     9     8     8     3     3     3    11    23    31
    10     3    10     2     8     6     3    16    25    30
    11     5     1    10     5     4     2    17    44
    12     3     5     7     2     2     2    19    37
    13     9     9     1     6     9     2    36    59
    14     6     3     4     9     9     2    46    49
    15     8     4     1     6     5     3    24    36    60
    16     3     8     1     3     7     3    31    38    51
    17     2     9     4     2     4     2    18    41
    18     1     1    10     2    10     3    27    33    40
    19     9     3     3     7     4     1    28
    20     6     5    10    10     9     2    21    30
    21     9     9     6     7     4     3    22    42    54
    22     6     5     1     9     8     1    24
    23     8     1     8     4     4     1    48
    24     7    10     7    10     6     1    58
    25    10     5     9     7    10     2    26    39
    26     7     8     2     7     9     3    31    41    45
    27     1     3     6     2    10     2    34    36
    28    10     7     2     2     5     3    38    46    47
    29     4     4    10     4     9     1    43
    30     1     1     2     1     4     2    35    39
    31     5     4     6     8     5     1    47
    32    10     2     7     8     7     2    52    57
    33     1     4     6     3    10     2    39    54
    34     7     6     9     7     8     2    37    50
    35     6     8     2     4     4     3    43    44    48
    36     5     1     7    10     6     1    53
    37     6     3     3     6     4     1    52
    38     3     9     7     2     9     1    42
    39     2     6     4     6     7     1    55
    40     6     5     2     8     9     1    48
    41     1     5     4     5     3     3    42    51    52
    42     8    10     5     5     8     1    50
    43     4    10     6     4     9     1    49
    44     9     8     4     6     6     1    55
    45     7     6     5    10     9     2    47    56
    46    10     8     6     7     4     2    53    59
    47     7     5     6     2     6     2    53    59
    48    10     9     1     6     8     1    49
    49     6     6     9     4     8     3    50    51    56
    50     5     2     5     6     9     1    55
    51     6     1     5     4     7     1    54
    52     6     6     8     8     5     1    56
    53     8     7     2     8     9     1    58
    54    10     9     6     3    10     1    57
    55     2     3    10     3     4     1    57
    56     2     1     6     3     9     1    60
    57     9    10     6     1     3     2    58    60
    58     3     8     1     8     2     1    61
    59     9     2     5     1     9     1    61
    60     7     2     7     2     6     1    61
    61     0     0     0     0     0     0
--------------------------------------------------------------------------------
INFORMATION OF PROJECT 2:
#jobs  release  duedate
    62     0   139
#local resources
     2
R_L1   R_L2   
    18    19
jobnr.  dur.  r_G1  r_G2  r_L1  r_L2  #succ.  successors
     0     0     0     0     0     0     3     1     2     3
     1    10    10     6     4     7     3    13    15    16
     2     8     9     2     9     1     3     5     8    18
     3     8     1    10     3     6     3     4     6     9
     4     3     2     3     2     7     2    15    32
     5     6     3     6     1     3     3    19    34    46
     6     9     6     3     5     6     3     7    10    14
     7    10     4     3    10    10     3    21    31    45
     8     8     1     5     9     9     3    26    41    58
     9     4     2     3     4     4     1    29
    10     1     6     2     4     9     2    11    12
    11     3     4     1     7     9     3    15    17    24
    12     8     7     2     1     6     3    28    42    59
    13     4     8     8     4     7     2    47    51
    14    10     9    10     2     2     2    23    26
    15     4     3     6     2     1     2    25    35
    16     8    10     5     8     5     1    57
    17     9     8     9     2     9     2    38    40
    18     4     5     3     4     1     1    20
    19     8     3     5     1     9     3    22    23    57
    20     2     6     7     5     7     1    49
    21     9    10     4     9     4     3    23    34    53
    22     5     2     9    10     5     1    33
    23     7     2     6     9     2     1    49
    24     7     7     6     7     9     3    36    42    51
    25     4     5     6     6     9     1    43
    26     2     5     6     8     4     3    27    30    33
    27    10     1     4     6     8     3    29    50    54
    28     2     4     1     3     3     2    35    44
    29     7     2     1    10     4     1    35
    30     4     6     6     9     5     1    51
    31     6    10     6     6     8     2    33    46
    32     6     3    10    10     9     3    44    52    55
    33     3     1     9     1     9     2    38    40
    34     4     1     3     4    10     2    42    47
    35     4     4     7    10     8     1    38
    36     4     3     1     1     4     3    37    41    44
    37     4     6     4     8     8     2    39    55
    38     8     6     6     3     8     1    60
    39     8     7     1     1     4     1    54
    40     5     3     1     1     4     2    47    48
    41     6     5     9     6    10     3    46    54    56
    42     8     1     2     5     2     1    48
    43     1     9    10     2    10     1    45
    44     4     1     4     5     7     1    53
    45     7     3     8     1     3     2    52    53
    46     5     9     1     4     8     1    48
    47    10    10    10     1     2     2    50    52
    48     4     6     2     1     8     1    50
    49     1     1     7     1     6     1    55
    50     7     1     3     4    10     1    60
    51     5    10     9     4     3     1    56
    52     4    10     7     2     6     1    56
    53     6     7     1     7     6     1    57
    54    10    10    10     7     3     1    59
    55     7     2     3     3    10     1    58
    56    10    10     7     3     7     2    59    60
    57     2     4     3     3     2     1    58
    58     8     2    10     7     1     1    61
    59    10     2     7     6     4     1    61
    60     7     5     2    10     5     1    61
    61     0     0     0     0     0     0
--------------------------------------------------------------------------------
INFORMATION OF PROJECT 3:
#jobs  release  duedate
    62     0   119
#local resources
     2
R_L1   R_L2   
    15    18
jobnr.  dur.  r_G1  r_G2  r_L1  r_L2  #succ.  successors
     0     0     0     0     0     0     3     1     2     3
     1     4     0     8     7     8     3     4     7    27
     2     3     7     2     0     8     3     5     6    10
     3     3     0    10     4     9     1    54
     4    10     0     7     8     1     3     6    12    60
     5     2     2    10     7     4     2     8    44
     6     1     4     1     0     4     3     9    28    39
     7     1     1     0     7     1     3    11    32    38
     8     6     2     5     7     0     3    13    20    23
     9     9     5     3     3     7     1    13
    10     8     9     6     3     8     2    17    18
    11     3     6    10     8     0     1    35
    12     9     0     6     0     7     3    14    18    19
    13     2     5     0     5     7     2    25    31
    14     3     6     1     2    10     3    15    16    38
    15     2     4     5     0     7     2    22    47
    16     6     4    10     0    10     3    26    29    37
    17     7     6     8     5     0     3    21    39    54
    18     1     0     2     8     1     2    22    33
    19     3     6    10     2     8     2    40    45
    20     1     2     5    10     6     2    27    40
    21     8     7     8     8    10     3    22    27    33
    22     5     0     1     3    10     1    24
    23     5     1     9     2     9     1    35
    24     5     6     4    10     6     3    32    46    56
    25     7     9    10     4     0     2    30    40
    26     4     1     0     0     0     2    33    36
    27     6     6     7     5     2     3    42    48    50
    28     4    10     5     0     9     2    35    53
    29     6     5     0     3     9     3    34    36    47
    30     2     7     2    10     5     2    43    52
    31     6    10     0     9     0     2    47    54
    32     9     0     0     6     1     2    37    43
    33     6     1     3     6     1     2    50    57
    34     1     2     0     1     0     1    51
    35     7     3     3     4     0     1    55
    36     9     4     1     7     4     3    39    43    46
    37     7     6     6     9     9     2    41    52
    38     1     3     4     0     9     1    42
    39     4     0     1     1     0     1    41
    40     1     0     9     0     5     1    48
    41     4     0     5     3     1     1    53
    42     7     8     0     0     9     1    55
    43     8     8     0     8     1     2    50    51
    44     1     9     1     8     1     1    56
    45     9     0     0     4     5     2    46    48
    46     2     5     0     7     8     1    49
    47     9    10     0     8     5     1    55
    48    10     8     0     5     0     1    57
    49     9     0     2     0     6     2    51    52
    50     5     0     0     7     6     1    53
    51     2    10     2     0     0     1    57
    52     6     7     1    10     7     2    58    59
    53     3     9     0     0     6     1    59
    54     3     0     2     7    10     1    58
    55     1     7     7     3     0     1    56
    56     3    10     0     6     6     1    58
    57    10     1     7     6     0     1    59
    58     7     0     0     1     1     1    61
    59     1     3     2     7     0     1    61
    60     5     3     4     9     7     1    61
    61     0     0     0     0     0     0
--------------------------------------------------------------------------------
INFORMATION OF PROJECT 4:
#jobs  release  duedate
    62     0    92
#local resources
     2
R_L1   R_L2   
    24    22
jobnr.  dur.  r_G1  r_G2  r_L1  r_L2  #succ.  successors
     0     0     0     0     0     0     3     1     2     3
     1     1    10     8     5     2     3    10    17    23
     2     7     5     5     1     1     3     7     8    27
     3     1     9     5     4     9     3     4    11    22
     4     5    10    10     2     9     3     5     6    12
     5     6     7     3     9    10     3     9    14    16
     6     9     4     6     7     5     1    25
     7     8     8     9    10     8     3    18    37    57
     8     3     4     2     7     8     1    52
     9    10     2     4     1     3     1    51
    10     9     5     3     4     5     3    13    19    28
    11     8     1     3     2     3     3    13    15    33
    12     5     3     1    10     3     2    25    54
    13     4     4     7     9     5     2    24    36
    14     1     3     3     8     1     1    32
    15     2     2     8    10     8     2    27    42
    16     6     2     4     7     5     3    30    31    35
    17    10    10     9     7     7     1    36
    18     4     5     9     3    10     2    20    26
    19     5     4     3     8     3     1    58
    20     3    10     3    10     4     3    21    38    52
    21     4     5     2     9     1     1    43
    22     8     5     5     1     7     1    37
    23     1     2     1     1     4     1    30
    24     6     5     6     1     9     1    29
    25     6     1     5     7    10     1    51
    26    10     1     8     6     4     2    41    48
    27    10     5     8     6     1     1    45
    28     7     1     7     6     7     1    53
    29     7     2     6     5     9     1    39
    30     5    10     8     8     5     1    58
    31     2     1     9     4     4     2    34    40
    32     6    10     3     2     4     1    36
    33     1     3     6    10     5     1    43
    34     3     7     7     3     9     2    44    58
    35     2    10    10     5    10     1    47
    36     6     2     2     9     6     1    55
    37     7    10     5     4     5     1    45
    38     8     3     9     5     2     1    46
    39     7     2     9     8     8     2    46    50
    40     7     6    10     2     2     1    44
    41     4    10    10     4     4     2    42    49
    42     1     6     1     1    10     1    56
    43     4     9     7     8     3     1    44
    44     6     5     3     5     6     2    54    59
    45     8     1     4     7     5     1    46
    46     1     4     1     9     4     1    59
    47     2     6     6     6     1     1    49
    48     7     1     6     4     7     1    56
    49     8     7     7     5     6     1    50
    50     1     8     9     9     4     1    55
    51     7     2     9     7    10     1    60
    52     8     3     8     4     2     1    55
    53     9     1     9     6     6     1    54
    54     5     5     4    10     1     1    56
    55     1     7     3     2     6     1    60
    56     4     8    10     9     1     1    60
    57     9     7     9     5     3     1    59
    58     2    10     8    10     2     1    61
    59     3     3     9     9     3     1    61
    60     9     7     5     3     3     1    61
    61     0     0     0     0     0     0
--------------------------------------------------------------------------------
INFORMATION OF PROJECT 5:
#jobs  release  duedate
    62     0    74
#local resources
     2
R_L1   R_L2   
    37    37
jobnr.  dur.  r_G1  r_G2  r_L1  r_L2  #succ.  successors
     0     0     0     0     0     0     3     1     2     3
     1     2     4     1     1    10     3     6     9    20
     2     4     4     6     7     9     2     4     6
     3     2     6     9     2     7     3    11    28    33
     4     9     5     7     9     4     3     5    10    12
     5     5    10     5     7     2     3    13    17    28
     6     2     4     4     2     3     3     7    11    33
     7     5     2     8     3     8     3     8    15    51
     8     7     5     2     4     8     2    12    48
     9    10     4     9     3     3     3    29    40    46
    10     1    10     3     7     5     3    14    17    38
    11     5     1     3     1     6     3    16    25    30
    12     4     4     8     4     8     3    22    30    34
    13     5     2     1     6     2     3    21    23    31
    14    10     3     1     6     8     3    29    30    34
    15     2     7     1     8     1     3    18    19    32
    16    10     9     7     3    10     3    17    24    36
    17     2     5     8     4     9     3    23    39    41
    18     6     4     2     3    10     3    22    42    45
    19    10     8     7     9     9     3    23    45    53
    20    10     1     8     4     7     2    28    37
    21    10     9     8     9     5     3    35    42    43
    22     8     5     7     8     6     1    36
    23     1     1     8     2     8     3    40    46    47
    24    10    10     3     9     3     3    48    53    57
    25    10     4     5     2     5     3    26    44    51
    26     3     6     6     7     6     3    27    34    55
    27    10     6     9     6     8     1    47
    28     7     9     6    10     3     2    31    54
    29     3     9     2     5     1     3    33    35    57
    30     2     4     6     6     3     2    37    54
    31     9     6     6     7     5     3    42    43    49
    32     4     1     8     4     7     3    35    39    41
    33     7     8     1    10     1     1    56
    34     2    10     8     5     8     2    36    41
    35     3     5     4     6     1     2    37    44
    36     9     7     1     6     3     3    40    46    50
    37     5     2     4     9     2     1    50
    38     7     7     3     4     5     3    39    43    50
    39     8     9     3     6     7     3    44    45    49
    40     4     6     7     7     7     1    49
    41     8    10    10     4     7     1    56
    42     4    10     7     2     2     2    47    55
    43    10     8     3     3     1     2    51    55
    44     1     7     8     5    10     1    54
    45     3     2     4     8     8     2    52    56
    46     3     4     6     5     6     1    60
    47     1     8    10     8     1     1    48
    48     6     4     9     9     7     1    52
    49     6    10     5    10     3     2    52    57
    50     1     5     6     5     3     1    53
    51     1     8     2     5    10     2    58    60
    52     6     1     9     9     8     1    59
    53     8     4     2     9     1     1    60
    54     7    10     5     6     1     1    58
    55     1     3     7     5     2     1    58
    56     5     2     4     8     8     1    59
    57     1     7     8     5     1     1    59
    58     9     1     7     9     5     1    61
    59     5     7     8    10     7     1    61
    60    10    10     1     3     7     1    61
    61     0     0     0     0     0     0
--------------------------------------------------------------------------------
INFORMATION OF PROJECT 6:
#jobs  release  duedate
    62     0   136
#local resources
     2
R_L1   R_L2   
    22    16
jobnr.  dur.  r_G1  r_G2  r_L1  r_L2  #succ.  successors
     0     0     0     0     0     0     3     1     2     3
     1     5     9     0     3     9     3     4     5     6
     2     6     0    10    10     2     3     8     9    23
     3     9    10     2     9     6     3    10    12    14
     4     8     4     5     2    10     3     7    13    16
     5     8     0     8     4     0     3     7    17    22
     6     4     5     8     2     0     3    15    30    42
     7     9     1     0     7     4     2    23    35
     8     3     0     4    10     3     3    10    25    26
     9     4     0     1     2     9     3    11    15    21
    10     2     4     4     1     0     3    21    39    42
    11    10     9     2     8     0     2    22    25
    12     2     7     0     8     9     3    13    18    20
    13    10     8     0    10     8     3    17    37    43
    14     4     0     2     0     9     3    19    26    41
    15     9     7     6     7     0     3    16    22    38
    16    10     1     3     9     0     2    28    48
    17     5     2     6     3     0     3    27    29    50
    18     2     4     8     0     9     3    24    49    60
    19     9     0     4     9     0     2    32    36
    20     5     0     8    10     0     3    24    45    46
    21     9     5     6     9     2     3    24    44    58
    22     9    10     2    10     3     3    31    36    51
    23     5     1     9    10     2     3    33    40    41
    24     4     0     2     5     0     1    47
    25     4     0     2     0     6     3    39    43    48
    26     5     6     7     8     2     3    37    44    52
    27     6     8     0     1     9     3    35    36    38
    28     6     3     1     5    10     1    43
    29     8     4    10     1     1     2    41    57
    30     1     4     0     0     5     1    34
    31     3     3     4     4     3     3    33    40    45
    32     1     5     1     6     3     3    34    35    40
    33     8     9     4     9     4     2    34    39
    34     8     9     0     0     5     2    47    53
    35    10     0     7     4     0     2    42    51
    36     9     4     8     0     5     1    52
    37     9     8     3     9     5     2    38    50
    38     8     5     0    10     2     3    46    48    53
    39     7     1     0     8     8     2    49    59
    40     4     3     7     8     6     2    49    54
    41     1     6     0     0    10     3    51    56    59
    42     7     1     2     0     0     2    44    45
    43     7     9     8     0     9     2    53    60
    44     7     2     4     8     2     2    46    47
    45     9     2     1     3     8     2    52    56
    46     3     0     4     1     5     1    54
    47     6     7     6     0    10     1    54
    48     8     0     0    10     9     1    55
    49     9     5     1     8     5     1    50
    50     9     9     0     0     1     1    55
    51     6     4     7     0     0     1    58
    52    10     0     0    10     4     1    60
    53     9     0     4     0     9     2    55    57
    54     7     5     8     0     1     1    57
    55     9     2     3     7    10     1    56
    56     4     7     6     0     1     1    58
    57     5     5     1     5    10     1    59
    58     1     5    10     0     2     1    61
    59     4     4     8     0     0     1    61
    60     6     6    10     2     0     1    61
    61     0     0     0     0     0     0
--------------------------------------------------------------------------------
INFORMATION OF PROJECT 7:
#jobs  release  duedate
    62     0   111
#local resources
     2
R_L1   R_L2   
    22    25
jobnr.  dur.  r_G1  r_G2  r_L1  r_L2  #succ.  successors
     0     0     0     0     0     0     3     1     2     3
     1     6    10     6     9     4     3     6    13    18
     2     2     5     3     9     5     3     4     5    29
     3     2     6     3     8    10     3     7    20    21
     4    10     5     6     9     9     2    36    46
     5     1     5     1     8     7     3    10    33    38
     6    10     4     9     4    10     3     9    11    16
     7     3     9     4     8    10     2     8    34
     8     3     2     4     8    10     1    32
     9     9     8     7    10     6     3    14    15    30
    10     2     8     9     6     9     2    12    19
    11     9     9     2     9    10     3    15    17    25
    12     4     8     3    10    10     1    31
    13     4     5     5     3     9     1    52
    14    10    10     4     8     7     3    22    28    39
    15     2     5     5     3     7     3    24    44    49
    16     5     4     9     1    10     1    55
    17     3     2    10     9     7     3    27    50    56
    18     2     2     4    10     5     2    37    55
    19     7     2     7     4     7     1    45
    20     9     7     2     9     7     1    55
    21     8     1     5     5     6     3    23    31    35
    22     2     4     4     2     4     1    26
    23     5    10     3     4     6     2    24    54
    24     9     6     3     6     2     1    43
    25    10     5     2     7     8     1    60
    26     1    10     3     2    10     2    31    36
    27    10     7     8     7     7     1    45
    28     1     5     2     3     1     1    48
    29     4     5     2     3     3     1    30
    30     2     2     3     8     9     2    35    53
    31     1     9     4     6     2     1    40
    32     1     7     3     3     5     1    41
    33     6     8     8     2     8     1    41
    34     6     2     2     4     3     1    59
    35     3     5     6     9     9     1    51
    36    10    10     2    10     1     1    47
    37     3     8     5     5     3     1    42
    38     1     2     3     8     7     1    40
    39     4     1     4     5     6     1    54
    40     6     7     7     1     7     1    42
    41     2     1     4     3     5     1    45
    42    10     7    10     7    10     1    47
    43     7     1     9     5     5     2    57    58
    44    10     9     8     3     1     1    57
    45     7     2     9     9     6     1    48
    46     9     7     1     3     5     1    49
    47     1     7     1     6     6     1    50
    48     4     7     1     1     1     1    53
    49     8     9     8     8    10     1    59
    50     1     4     8     3     2     1    58
    51     7     8    10     3     2     1    56
    52     6     7     2     4     9     1    60
    53     3     9     1     6     5     1    58
    54     1     9     5     8     3     1    56
    55     4     3    10     6     4     1    57
    56     9     5     9     2     5     1    60
    57     6     6     1     9     4     1    59
    58     9     6     3     3     7     1    61
    59     6     2    10     8     5     1    61
    60     6     9     6     5     8     1    61
    61     0     0     0     0     0     0
--------------------------------------------------------------------------------
INFORMATION OF PROJECT 8:
#jobs  release  duedate
    62     0   108
#local resources
     2
R_L1   R_L2   
    24    24
jobnr.  dur.  r_G1  r_G2  r_L1  r_L2  #succ.  successors
     0     0     0     0     0     0     3     1     2     3
     1     8     9     6     7     7     2    34    39
     2     8    10     8     7     4     3     4     9    24
     3     8     6     1     7     6     3     5     8    11
     4     6     5     8     5     9     2     7    18
     5     8     9     5     2     9     3     6    13    27
     6     7     2    10     8    10     3    40    48    60
     7     9     6     7    10     7     3    12    14    21
     8     8     4     5     5     4     3    10    17    22
     9    10     2     1     5     8     2    23    30
    10     1     4     4     7     2     1    25
    11     7     1     9     4     1     1    28
    12     1     4     9     9     7     1    20
    13     7     1     9     9     6     2    35    44
    14     1    10     4     5     7     3    15    16    45
    15     9     1     7     8     4     1    38
    16    10     5     2     7     2     2    37    46
    17     8    10     3     8    10     3    19    26    29
    18     4     9     7    10     3     1    51
    19     1     3     1     6     1     1    48
    20     2     8     5     8     6     1    27
    21    10     9     4     6     7     1    49
    22     7     3     7    10     4     2    33    47
    23     5     4     4     2     5     2    54    57
    24     8     2     7     6     6     1    37
    25     9    10     6     4     9     2    28    58
    26    10     8     7     1    10     1    49
    27     4    10     7     8     8     1    31
    28     4     4     5     6     4     1    30
    29    10     3    10     9     7     1    32
    30     7    10     7     4     9     1    59
    31     5     6     4     5     1     2    42    50
    32     1     2    10     2     9     2    38    55
    33     5     7     1    10     6     2    36    43
    34     5     8     2     5     6     1    50
    35     4     8     4     5     2     1    55
    36    10    10     8     5    10     1    56
    37     5     2     7     6     2     1    49
    38     6     3     3     6     7     2    52    59
    39     3     4     3     3     8     2    40    53
    40     3     2     4     2     9     1    41
    41     8     5    10     5     6     1    56
    42     4     8     1     1     6     1    57
    43     7     3     6     9     7     2    52    57
    44     4     1     2     7     7     1    58
    45     6     9     2     1     4     1    48
    46    10     9     2     3     3     1    56
    47     7     7     8     7     4     1    52
    48     7    10     6     1     6     1    51
    49     5     9    10    10     1     1    54
    50     3     2     4    10     2     1    53
    51     2     1     2     4     5     1    54
    52     9     1     9     3     5     1    53
    53     5     2     8     3    10     1    60
    54     5     2     5     8     3     1    55
    55     3     7     5     3     3     1    59
    56    10     2     1     7     5     1    58
    57     2     8     1     3     1     1    60
    58     8     2     3     6     6     1    61
    59     4     6     3     4     4     1    61
    60     7    10     8     7     7     1    61
    61     0     0     0     0     0     0
--------------------------------------------------------------------------------
INFORMATION OF PROJECT 9:
#jobs  release  duedate
    62     0    81
#local resources
     2
R_L1   R_L2   
    25    30
jobnr.  dur.  r_G1  r_G2  r_L1  r_L2  #succ.  successors
     0     0     0     0     0     0     3     1     2     3
     1    10     5     2     0     0     3     7     9    12
     2     5     7    10     9     6     3     6    10    20
     3     5     2     0     0     0     3     4    30    33
     4     1     0    10     4     1     3     5    13    34
     5     2     3     5     5     8     3    15    18    22
     6     1     0     5     4     5     3     8    14    37
     7     3     4     1     2     8     3    33    40    52
     8    10     8     5     1     6     3    11    39    49
     9     4     0     8     0     5     2    44    53
    10     1     0    10     2     2     2    23    39
    11     1    10     1     0    10     3    29    32    58
    12     5     4     0    10     8     3    16    42    50
    13     6     2     0     0     8     2    27    38
    14     1    10    10     4     1     2    21    36
    15     4    10     1     2     6     3    36    43    50
    16     7     1     5     0     7     3    17    24    25
    17    10     7     6     0     0     2    19    48
    18     9     6     8     2     2     3    32    44    45
    19     9     7     9     9     4     1    21
    20     4     3     6     2     0     1    54
    21     2     7     3     2     7     2    23    33
    22     4     0     1    10     0     1    26
    23     9     9     6     0     6     1    31
    24     8     0     4     8     5     2    27    52
    25     3     4     1    10     8     2    28    38
    26     8     0     0     3     0     1    51
    27     5     1     3     0     0     1    43
    28     7     4     1     9     4     2    37    45
    29     1     0     8     7     7     1    53
    30     9     3     9     0     0     1    54
    31     5    10     3     1     1     2    57    59
    32    10     0     4    10     5     2    36    41
    33     8     0     0     2     6     2    38    45
    34     8     9    10     1     6     2    35    37
    35    10     2     2     3     0     3    41    46    47
    36     9     8     0     9     5     1    53
    37     8     0     2     8     0     1    47
    38     6     7     3     8     2     1    55
    39     2     3     1     8     1     2    43    54
    40    10     0     7     8     1     2    42    49
    41     7     4     1    10     7     1    56
    42    10     7     0     0    10     1    48
    43     4     0     3     6     1     2    44    60
    44     8     5     0    10     0     2    47    58
    45     3     7     0    10     4     2    51    60
    46     8     5     3     0     5     3    48    49    52
    47     5     6     1     9     0     1    56
    48    10     9     0     0     9     1    55
    49     6     2     6     0     3     1    50
    50     2     0     2     0     4     2    51    60
    51     2     9     4     9     9     1    57
    52     9     3     8     2     0     1    57
    53     3     8     0    10     7     1    55
    54     3     9     0     5     1     1    56
    55     9     7     1     3     0     1    59
    56     6     1     7     7     0     1    59
    57    10     1     8     2     7     1    58
    58     3     0     0     0     5     1    61
    59     5     3     4     3     9     1    61
    60     4     1     8     9     8     1    61
    61     0     0     0     0     0     0
--------------------------------------------------------------------------------
INFORMATION OF PROJECT 10:
#jobs  release  duedate
    62     0   149
#local resources
     2
R_L1   R_L2   
    18    18
jobnr.  dur.  r_G1  r_G2  r_L1  r_L2  #succ.  successors
     0     0     0     0     0     0     3     1     2     3
     1     9     4     3    10    10     3    10    11    16
     2     9     3     1     4     2     3     7    24    27
     3     2     7     4     1     2     3     4     5     6
     4     1     8     5     7     6     2    39    40
     5     4    10     8     7     4     3     8    15    20
     6     9     3     1    10     5     3     9    13    23
     7     8     5     9     4    10     3    11    12    19
     8     7     7     1     4     4     3    11    17    21
     9     1     4     8    10     6     3    22    43    45
    10    10     1     6     7     1     3    15    28    31
    11     6     5     1     9     4     3    13    23    49
    12     8     9     4     3     4     3    33    36    54
    13     7     1     4     6     4     3    14    18    28
    14     2     5     3     1     2     2    25    34
    15     9     8    10     4     6     3    34    37    46
    16     5     4     6     2     3     2    30    41
    17     3     5     1     9     4     3    26    30    34
    18     8     9     1     8    10     3    33    37    53
    19     3     5     9     9     8     3    21    40    51
    20     2     9     7     8     8     2    29    31
    21     3     7     6     1     2     3    36    37    39
    22     2     9     2     8     4     3    27    46    47
    23     8     7     4    10    10     3    32    35    38
    24     9     8     1     5     9     2    38    42
    25    10     2    10     5     2     3    30    32    38
    26     9     3     7     9     2     3    29    43    48
    27     9     8     5     6     9     3    28    29    50
    28     2     4     3     5    10     1    44
    29     7     7     1     9     5     3    35    39    42
    30     9     7     8     6     2     3    35    48    55
    31     4     7     3     4     9     1    46
    32     5     1     1     9     7     2    43    47
    33     5     4     9     3     5     1    52
    34     9     1     4     1     3     2    36    40
    35    10     9     7     3    10     1    56
    36     6     5     2     3     1     1    56
    37     2     1     9     5     8     1    48
    38     6     9    10     6     8     3    45    50    54
    39     9     7    10    10     4     2    44    56
    40     8     9     8     3     6     2    44    45
    41     9     3     3     3     6     2    42    50
    42    10    10     9     3     6     3    49    51    60
    43     8     3     1     7     8     1    54
    44     7     2     2     5     4     1    57
    45     9     5     9     7    10     2    47    53
    46     5     9     6     1    10     3    49    51    53
    47     9     6     1     4     3     1    60
    48     9     9     8     2     9     1    59
    49     4     7     7    10    10     2    52    59
    50     2     6     3     3     9     1    55
    51     2     9     1     3    10     1    52
    52     7    10     5    10     6     1    55
    53     2     3     2     4     1     2    57    58
    54     9     5     7     8     3     1    60
    55     1     7     1     2     1     1    58
    56     1    10     3    10     4     2    57    58
    57    10     5     8     6     6     1    59
    58     9     2     3     6     3     1    61
    59     6     7     8     2     3     1    61
    60     7     1     8     9     4     1    61
    61     0     0     0     0     0     0
--------------------------------------------------------------------------------
INFORMATION OF PROJECT 11:
#jobs  release  duedate
    62     0   102
#local resources
     2
R_L1   R_L2   
    20    20
jobnr.  dur.  r_G1  r_G2  r_L1  r_L2  #succ.  successors
     0     0     0     0     0     0     3     1     2     3
     1     6     2     6     9     1     1    27
     2     3     9     3     8     4     3     5     6     9
     3     7     5     7     5    10     3     4     7    18
     4     1     2     4     7     3     3    13    19    32
     5     8     6     2     9     9     1    24
     6     9     7     7     6     7     3     8    10    16
     7     1     6    10     3     8     3    14    33    53
     8     4    10     7     4     7     2    11    17
     9     4     5     9     5     5     3    15    20    42
    10     2    10    10     5     8     3    12    36    43
    11     7     1     1     2     5     2    22    25
    12     4     2     3     8    10     1    40
    13     3     6     3     2     5     1    35
    14     3     5     9     7     8     3    21    37    56
    15     6     8     1     8     1     1    34
    16     3     6    10     7     8     3    27    30    33
    17     8     4     3     6     1     2    31    36
    18     2     4     8     7    10     3    23    26    52
    19     5    10     9     1     5     1    48
    20     7     8     6     6     9     1    28
    21     3     7     7     3     2     1    31
    22     3     1     7     1     8     2    34    50
    23     6     1     7     6    10     1    30
    24    10     3     3     2     1     1    58
    25     2     6     6     3     7     3    26    29    54
    26     2     6     9     9     5     1    37
    27     6     9     1     6    10     1    47
    28    10     9     2    10     3     1    52
    29     4     4     7     1     3     1    57
    30     7     3     4     1     5     1    39
    31     8    10     8    10     6     1    44
    32     6     7     5     8     3     1    46
    33     5     4     1     7     6     1    38
    34     6     3     9     4     2     1    39
    35     8     4     3     1     4     1    41
    36     3     9     5     1     2     2    41    49
    37     5     2     1     3     6     1    60
    38     3     1     7     2     4     1    60
    39     2    10     4     7     9     1    49
    40    10    10     2     2     7     1    45
    41     7     8     9     2     1     1    57
    42     8     7    10     8     3     3    44    45    48
    43     5     6     5     2     7     1    55
    44     2     8     1    10     2     1    51
    45     1     7     9     3     3     1    49
    46     9     8     7     1     1     1    50
    47     9     1     7    10     2     1    56
    48     9     1     9     4     3     1    53
    49     3     1     1     5     7     1    51
    50     9     3     4     8     7     1    60
    51     7    10     6     3     5     1    59
    52     3     3     6    10     1     1    53
    53     8     6     3     6     4     1    57
    54     6     3     7     6     9     2    55    58
    55     7    10     7     7     3     1    59
    56    10     9     9     4    10     1    58
    57     7     4    10     3     8     1    59
    58     4     5     5     5    10     1    61
    59     9     2     6    10     1     1    61
    60     5     1     7     8     7     1    61
    61     0     0     0     0     0     0
--------------------------------------------------------------------------------
INFORMATION OF PROJECT 12:
#jobs  release  duedate
    62     0   122
#local resources
     2
R_L1   R_L2   
    22    19
jobnr.  dur.  r_G1  r_G2  r_L1  r_L2  #succ.  successors
     0     0     0     0     0     0     3     1     2     3
     1     3     1     5     1    10     3     4    17    23
     2     1     2    10     2     4     3     5    11    12
     3    10     3     2     7     2     1    43
     4     5     6     6     8     8     2     9    32
     5     5     5     5     8     1     3     6     7    29
     6     5    10     2     4     5     3     8    10    16
     7    10     4     3     3     6     2    34    44
     8     2     6     1     5     2     1    50
     9     9    10     6     3     9     3    13    14    19
    10     4     5    10     9     7     3    19    21    26
    11     6     9     3     3     4     1    36
    12    10     7    10     8     6     1    15
    13     4     4     3    10     6     3    42    50    59
    14     2     1     2     4     2     1    21
    15     4     5     8     3     3     1    58
    16    10     8     9     5     7     3    18    25    38
    17     3     8    10     7     8     2    30    45
    18     6     4     7     6     1     3    20    24    27
    19    10     3     3     5     2     2    31    47
    20     6     6    10     6     8     2    22    54
    21     9     9     2     7     3     1    50
    22     8     1     7     5     4     1    49
    23     9     6     2    10     2     1    35
    24     4     7     1     7     3     1    45
    25     8     1     3     5     2     1    58
    26     8     9     7     5     5     2    28    48
    27     5     3     8     1     4     1    33
    28     9     3     3     9     6     2    36    56
    29     4     4     5     9     9     1    40
    30     1     9     4     2     7     1    44
    31    10     6     2     6     2     1    42
    32     6     3     5     7     4     2    41    53
    33     4     7     8     5     9     1    39
    34     1     9     4     8     9     2    37    57
    35     2     4     4     7     5     1    45
    36     7    10     9     8     9     1    43
    37     8     6     1     9     7     1    38
    38     3     3     1     3     2     3    41    51    55
    39     1     6     2     9     4     1    51
    40     4     9    10    10     2     1    46
    41     2     3     3     8     1     1    52
    42     9     9     1     1     5     1    54
    43     5     9     8     6     8     1    54
    44    10     6     7     2     6     1    46
    45     9     2     5    10     1     1    49
    46     7     1     1    10    10     1    49
    47    10    10     5     7     6     1    56
    48     7     7     4     9     7     2    52    60
    49     1     2     1    10     8     1    58
    50    10     9    10     3     1     1    51
    51    10    10     4     7     4     1    53
    52     7    10    10    10     5     1    59
    53     5     8     1     1     9     1    60
    54     3     1    10     8     7     1    55
    55     3     2     9     2     2     1    60
    56     4     9     5     3    10     1    57
    57     8     9     1     4     5     1    59
    58     2     4     5    10     3     1    61
    59     6     5     9     8     4     1    61
    60    10     8     4     7     2     1    61
    61     0     0     0     0     0     0
--------------------------------------------------------------------------------
INFORMATION OF PROJECT 13:
#jobs  release  duedate
    62     0   126
#local resources
     2
R_L1   R_L2   
    20    19
jobnr.  dur.  r_G1  r_G2  r_L1  r_L2  #succ.  successors
     0     0     0     0     0     0     3     1     2     3
     1    10     9     8     9     1     3     4    29    32
     2     8     5     2     1    10     3     6    13    18
     3     3     1     8     8     9     2    47    56
     4     5     3     8     6     7     2     5    12
     5     9     3     9     4     5     1    42
     6     1    10     3     3     2     3     7     8    23
     7     7     1     4     8     6     3     9    10    16
     8     5    10     2     6     2     2    11    22
     9    10     4    10     8    10     3    14    50    52
    10     7     2     4     4     1     3    15    17    49
    11     8    10    10    10     2     2    30    52
    12     9    10     8     8     1     3    21    50    53
    13     2    10     9     4     8     1    59
    14     2     2     6     2     9     3    19    25    36
    15    10     5     5     1     9     3    20    33    38
    16     4     8     9     7     4     2    21    35
    17     8    10     5     4     4     1    27
    18     1     1    10     9     8     3    23    24    26
    19     1     4     7     6     4     2    20    38
    20     6     2     5     3     1     1    31
    21     1     4     5     1     1     3    34    45    54
    22     7    10     2     4    10     3    28    33    37
    23     3     3     4     4     5     1    53
    24     4     6     5     1     4     2    41    49
    25     4     6     9    10     5     2    27    39
    26     4    10     7     7     2     1    27
    27     2     1     9     9     6     1    35
    28     8     6     3     5     7     2    35    60
    29     6     4     6    10     9     3    41    44    46
    30     9    10    10     5     9     2    34    48
    31     2     9     3     2    10     1    42
    32     7     1     8     9     6     1    47
    33     6     9     5     9     1     3    36    43    52
    34     3     3     7     8     1     2    43    58
    35     8     7     5     8     7     1    48
    36     1     5     8     6     4     1    40
    37    10     6     1     2     7     1    40
    38     8     6     2     9     5     2    42    51
    39     4     5     4     4     1     3    40    41    45
    40     5    10     9     1     2     2    47    54
    41     1     9     7     2     3     1    48
    42     6     3     7    10    10     2    43    46
    43     9    10     2    10     1     1    56
    44     6     6     7     6     7     3    45    49    53
    45    10     2     3     3     3     1    51
    46     7     4     7    10     9     2    55    58
    47     8     6     9     8     4     1    55
    48     2     5     9     8     3     2    54    58
    49     9     4     9     2     2     1    51
    50     2     4     4     9     6     2    59    60
    51     7    10     4     9     1     1    57
    52     7    10     4    10     2     1    55
    53     9     2     6     1     2     1    56
    54     7     6     7     7     8     1    57
    55     7     4     6     3     4     1    57
    56     4     7    10     9    10     1    60
    57     9     7     1     9     3     1    59
    58    10     9     4     9     6     1    61
    59     2     6     8     9     4     1    61
    60     6    10     1     1     7     1    61
    61     0     0     0     0     0     0
--------------------------------------------------------------------------------
INFORMATION OF PROJECT 14:
#jobs  release  duedate
    62     0   114
#local resources
     2
R_L1   R_L2   
    20    18
jobnr.  dur.  r_G1  r_G2  r_L1  r_L2  #succ.  successors
     0     0     0     0     0     0     3     1     2     3
     1     4     0     0     6     9     3    17    29    31
     2     8     9     0     1     1     3     4     6    16
     3    10     8     6     7     4     3     7    11    45
     4     7     9     0     0     8     3     5    19    39
     5     9     8     2     0     0     2    13    14
     6    10    10     3     0     5     2     8    10
     7     3     7     1     8     3     3     9    12    30
     8     3     4     6     0     9     1    23
     9     5     4     0    10     8     1    56
    10     3     5     1     1     0     1    21
    11     2     5     7     3     0     3    20    25    26
    12     1     6     5     0     3     2    28    50
    13     4     8    10     2     5     3    18    41    53
    14     7    10    10     0     8     1    15
    15     4     6     7     8     9     2    28    52
    16     9     2     7     2     4     2    46    50
    17     7     8     6     0     1     2    42    46
    18     5     4     0     1     9     1    32
    19     8     7     3    10     0     1    55
    20     5     2     8    10     0     1    22
    21     4     8     2     2     0     1    42
    22     1     9     0     2     7     1    57
    23    10     3     5    10     2     2    24    32
    24     8    10    10     5     8     2    33    35
    25     8     0     6     0     8     3    27    34    53
    26     6     5     4     5     0     1    44
    27     4     0     1     1     8     1    54
    28    10     4     0     9     8     1    40
    29     7     6     7     0     7     2    37    38
    30     7     0     2     8    10     1    41
    31     8     7     6     6     0     2    36    43
    32     9     3     9     0     7     2    48    54
    33     4     0     9     7     3     1    49
    34     3     1     6     0     5     1    51
    35    10     0     8     7     1     1    49
    36     5     3     0     0     5     1    44
    37    10     4     2     8     0     1    57
    38     3     4     8     8     0     1    56
    39     2     7     0     3     0     1    54
    40     1     0     9     0     7     1    49
    41     5     9     6     0     7     1    43
    42     5     0     4     9    10     1    47
    43     9     6     5     4     9     1    44
    44     4     0     8     0     4     1    51
    45     6     1    10     6     1     2    47    51
    46    10     0    10     1     2     1    56
    47     5     0     9     9     6     1    55
    48     3     6     1     0     0     1    59
    49     3     3     3     4     6     1    60
    50     5     0     2     0     6     1    52
    51    10     0     8     5     3     1    55
    52     1     3     7     9     6     1    53
    53     6     7     7     4     0     2    58    59
    54     7     8     2     0     3     1    58
    55     2     5    10     9     0     2    57    60
    56     3     0     6     6     0     1    60
    57     7     1     6     3    10     1    59
    58     7     7     6     6     8     1    61
    59     9     0     0     6    10     1    61
    60    10     1     3     0     3     1    61
    61     0     0     0     0     0     0
--------------------------------------------------------------------------------
INFORMATION OF PROJECT 15:
#jobs  release  duedate
    62     0    93
#local resources
     2
R_L1   R_L2   
    21    27
jobnr.  dur.  r_G1  r_G2  r_L1  r_L2  #succ.  successors
     0     0     0     0     0     0     3     1     2     3
     1     2     1     9     4    10     3     4     8    10
     2     6     9     7     1    10     3     5     6    34
     3     8     7     6     9     1     2     7    31
     4     2     8     8     4     9     3     9    15    22
     5     4     3     1    10     8     1    30
     6     2     3     1     2     6     1    52
     7     4     9     7     3     1     3    18    20    51
     8     5     2     7     9     8     2    22    28
     9    10     8     3     2     4     3    11    16    19
    10     3     6     3     2     2     3    12    24    35
    11     8    10     2     9     9     2    13    44
    12     8     8     8     1     7     1    57
    13     3     1     5     4     1     2    14    39
    14    10     1     1     6     9     3    21    28    47
    15    10     4     3    10     8     3    17    23    25
    16     4     9     3     3     9     1    31
    17     2     4     6     1     7     1    32
    18     9     1    10     3     8     1    53
    19     3     8     9     2     2     2    27    30
    20     8     7    10     1     3     1    26
    21     3     1    10     5     7     1    57
    22     5    10     6     3     5     3    29    33    52
    23     5     6     1     5     9     1    56
    24     6     4     2     9     4     2    38    49
    25     6     2     1     6     7     1    46
    26     8     4     4     1     1     1    28
    27     6     1     6     3     2     1    40
    28    10     7     7     4     8     1    42
    29    10     4     5     1     8     1    45
    30     7     2    10     1     5     1    40
    31     3     8     7     7     4     1    43
    32     2     8     1     3     8     2    37    59
    33     8     9     5     7     6     2    41    53
    34     7     3     1    10     3     1    36
    35     6     7     7     5     3     1    56
    36    10     2    10     8     8     2    40    41
    37     8     8     6     4     2     1    39
    38    10     9     7     4     4     1    57
    39     2     3     9     9     7     1    48
    40     3     8     5     6     3     2    43    56
    41     4     7     2     6     2     1    50
    42     5     8     5     6     7     1    50
    43    10    10     8     8     3     1    58
    44     6     2     7     6    10     1    47
    45     7     8     8     2     1     1    55
    46     4     1     9     7    10     2    48    55
    47     7     8     4     5     1     1    54
    48     2     2     2     9    10     1    50
    49     4     2     5     8     5     2    52    59
    50     2     1     1     8     3     1    54
    51     2     9     7     1    10     1    59
    52     4     3     5     1     8     1    54
    53     1     9     1     8     5     1    60
    54     2    10     4     6     8     1    58
    55    10     5     3     6     1     1    58
    56     7     5     7     8     4     1    60
    57     4    10     8     8     7     1    60
    58     3     9     2     9    10     1    61
    59     5     3     7     2     4     1    61
    60     6     8     5     6     9     1    61
    61     0     0     0     0     0     0
--------------------------------------------------------------------------------
INFORMATION OF PROJECT 16:
#jobs  release  duedate
    62     0    81
#local resources
     2
R_L1   R_L2   
    36    37
jobnr.  dur.  r_G1  r_G2  r_L1  r_L2  #succ.  successors
     0     0     0     0     0     0     3     1     2     3
     1     6     1     5     2    10     3     4    15    24
     2    10     2     1     1     7     3     7    18    21
     3     9     7     8     5     5     3     5     6     8
     4     9     3     2     7     3     2    36    37
     5     9     9     9    10     7     3    20    23    29
     6     1     3     6     3     5     3    13    47    52
     7     7     7     3     2     1     3    23    25    47
     8     5     1    10     6     5     2     9    12
     9     3     4     1     8     4     2    10    16
    10     9    10     2    10    10     3    11    17    32
    11     8     6     9     9     5     3    30    45    55
    12     4     1     6     3     7     2    14    16
    13     8     4     6     2    10     2    51    59
    14     7     7     2     5     3     1    21
    15     8     8     6     5     2     2    41    58
    16     6     2     6     7     5     2    30    33
    17     6     8     6     1     9     3    19    25    50
    18     7    10     7     3     2     1    39
    19     8     5     3     1     9     1    35
    20    10     5     6     5     2     2    31    46
    21     7     6     3     9     4     2    22    27
    22    10     6     7     7     9     2    37    55
    23     6     1     6     2     5     2    27    28
    24     8    10     4     6     3     2    26    29
    25     1     9    10     9     2     2    38    49
    26     4     9     3     5     1     2    35    50
    27     1     1     7     7     5     2    38    43
    28     8     8    10     8     6     1    34
    29     3     2     6     1     3     3    34    40    50
    30     1     5     4     7     6     2    43    48
    31     8     8    10     8    10     2    32    42
    32     8     9     5     7     6     1    49
    33     9     9     7     3     8     1    60
    34     6     4     5     9     6     3    44    45    53
    35     6     3     1     4     9     1    40
    36     9     7     3     8    10     3    39    48    51
    37     7     6     3     2     4     2    43    45
    38     3     3     4     7     5     1    44
    39     2     9     2     2     8     2    40    42
    40     6     5     2     7     3     2    47    52
    41     9     1     7     8     8     2    44    56
    42     9     8     4     7     3     2    59    60
    43     5     5     7     1     1     1    56
    44    10     4     9    10     6     1    54
    45     4     3     4     3     8     2    46    48
    46     4     3    10     2     8     2    49    59
    47     3    10    10     1    10     1    54
    48     5     9     8     7     2     1    54
    49     8     3     1     2     1     1    58
    50    10     9    10     9    10     2    53    57
    51     1     2     7     9     4     1    55
    52     8     7    10    10     1     1    53
    53     3     4    10    10     8     1    58
    54     9     9     9     3     1     1    57
    55     2     3     2     7    10     1    56
    56     7     9     2     4     6     1    57
    57     1     1     5     6     6     1    60
    58     5     2     8     1     7     1    61
    59     3     6     6     6     2     1    61
    60     4    10    10     5    10     1    61
    61     0     0     0     0     0     0
--------------------------------------------------------------------------------
TRANSFER TIMES OF GLOBAL RESOURCE G1
 DEPOT    P1    P2    P3    P4    P5    P6    P7    P8    P9   P10   P11   P12   P13   P14   P15   P16
     0    10     9    10     6    10    11     8    10     6    11     5     9    10     9     4     7
    10     0    14    19     9     5    12    15    18    16     6    14     7    18     8    13    16
     9    14     0    10     6    16    20     4    17    12    17    11     8    16     6     7     9
    10    19    10     0    12    19    18     7    10     6    20     7    16     8    15     7     4
     6     9     6    12     0    11    15     8    15    11    12    10     4    15     3     6    10
    10     5    16    19    11     0     8    17    16    15     2    13    11    17    12    13    16
    11    12    20    18    15     8     0    19    11    13     8    12    17    13    17    14    16
     8    15     4     7     8    17    19     0    14     9    18     9    11    13     9     5     5
    10    18    17    10    15    16    11    14     0     6    16     6    19     3    18    11    10
     6    16    12     6    11    15    13     9     6     0    15     2    15     4    14     6     5
    11     6    17    20    12     2     8    18    16    15     0    14    12    17    13    14    17
     5    14    11     7    10    13    12     9     6     2    14     0    13     5    13     5     5
     9     7     8    16     4    11    17    11    19    15    12    13     0    18     2    10    13
    10    18    16     8    15    17    13    13     3     4    17     5    18     0    18    10     8
     9     8     6    15     3    12    17     9    18    14    13    13     2    18     0     9    12
     4    13     7     7     6    13    14     5    11     6    14     5    10    10     9     0     4
     7    16     9     4    10    16    16     5    10     5    17     5    13     8    12     4     0
--------------------------------------------------------------------------------
TRANSFER TIMES OF GLOBAL RESOURCE G2
 DEPOT    P1    P2    P3    P4    P5    P6    P7    P8    P9   P10   P11   P12   P13   P14   P15   P16
     0     9     8     6     9     9    11    10    11    12     3     9     6     7     5    11    12
     9     0     4    11    15     5     3     4    19     4    10     4    11    14     7    12    13
     8     4     0    12    12     2     4     4    18     5     8     7    12    12     4    14    15
     6    11    12     0    15    13    13    13    12    14     8     9     2    13    10     6     6
     9    15    12    15     0    13    16    15    12    16     7    17    14     3     8    20    21
     9     5     2    13    13     0     4     3    19     4     9     8    13    13     6    15    16
    11     3     4    13    16     4     0     2    21     2    12     6    13    15     8    14    15
    10     4     4    13    15     3     2     0    21     2    11     7    14    15     7    15    16
    11    19    18    12    12    19    21    21     0    22    11    19    11    10    14    17    17
    12     4     5    14    16     4     2     2    22     0    13     7    15    16     9    15    16
     3    10     8     8     7     9    12    11    11    13     0    11     8     5     4    13    14
     9     4     7     9    17     8     6     7    19     7    11     0     9    15     9     8     9
     6    11    12     2    14    13    13    14    11    15     8     9     0    12    10     7     8
     7    14    12    13     3    13    15    15    10    16     5    15    12     0     8    18    18
     5     7     4    10     8     6     8     7    14     9     4     9    10     8     0    14    15
    11    12    14     6    20    15    14    15    17    15    13     8     7    18    14     0     2
    12    13    15     6    21    16    15    16    17    16    14     9     8    18    15     2     0
--------------------------------------------------------------------------------
Additional Information: 
global resource strength = 0.5
transfer time factor = 0.2
adapted from RCPSP instances: 
[j6030_9, j6029_4, j6025_1, j6013_7, j6046_9, j6041_9, j6013_2, j6013_4, j6026_3, j6045_2, j6013_5, j6013_10, j6029_3, j609_7, j6013_3, j6030_5]
