--------------------------------------------------------------------------------
PORTFOLIO INFORMATION:
#projects
    16
#global resources
     2
R_G1   R_G2   
   110   103
--------------------------------------------------------------------------------
INFORMATION OF PROJECT 1:
#jobs  release  duedate
    62     0   120
#local resources
     2
R_L1   R_L2   
    19    16
jobnr.  dur.  r_G1  r_G2  r_L1  r_L2  #succ.  successors
     0     0     0     0     0     0     3     1     2     3
     1    10     2    10     7     8     3     4     8    18
     2     8     0     4     4     0     3     5    12    14
     3     8     8     1     3     2     3     7    16    24
     4    10     8     0     6     4     3    13    17    20
     5     9     0     9     3     7     3     6    10    11
     6     8     0     1     9     0     1    37
     7     2     1    10     9     0     2    28    45
     8    10     9     6     5     0     2     9    35
     9     2     0     3     5    10     3    15    38    47
    10     5    10     6     6     3     1    24
    11     6     4     7     1     4     1    21
    12     5     2     8     0     1     2    18    25
    13     8     3     0     6     8     2    22    44
    14     5     3     1     7     7     3    27    29    33
    15     1     6     5     8    10     2    26    48
    16     5     0    10     8     9     3    19    34    49
    17     6     0     6     7     1     1    55
    18     5     0     5     5     8     2    30    31
    19     6     1     4     3     0     3    20    41    45
    20    10     4     6     0     5     2    23    33
    21     7     0     1     3     7     2    25    38
    22    10     0     5     0     0     2    29    42
    23     1     0     4     0     2     3    35    43    53
    24     4     2     4     2     5     1    40
    25     8     3     8    10     3     1    26
    26     2    10     0     2     8     3    30    33    44
    27     5     7     3     5     5     1    39
    28     9     2     0     0     7     3    32    48    50
    29     9     2     8     7     7     2    39    43
    30     7     4     0     2     0     1    53
    31     2     3     3     3     8     2    36    59
    32    10     0     0     0     1     1    41
    33     5     8     9     0     5     2    51    55
    34     8     8    10    10     0     3    35    44    50
    35     3     0     0     8    10     1    54
    36     6    10     6     9     5     1    51
    37     3     0     0     1     0     1    42
    38     8     9     1     5    10     2    46    54
    39     8     4    10     8    10     2    41    52
    40     9     7     3     7     0     3    46    51    52
    41     3     0     2     6     9     2    55    60
    42    10     5     0    10     5     3    45    47    50
    43     2     8     7     5     8     2    46    59
    44     9    10     0     9     0     2    53    59
    45     5     9     0     8     9     1    57
    46     5     0     0     4     6     1    58
    47     2     0     0     9     0     2    49    56
    48     1     8     7     7     7     1    49
    49     7     7     8    10     2     2    52    54
    50     3     2     1     9     1     1    57
    51     4     3     3     9     4     1    60
    52     6     0     3     6     0     1    58
    53     6     7     8     6     0     1    56
    54     1     4     1     6     5     1    57
    55     5     7     7     2     9     1    56
    56     5    10     7     0     9     1    58
    57     8     5     0     3     8     1    60
    58     7     5     0     0     6     1    61
    59     4     0     0     6     4     1    61
    60     2     0     9    10     0     1    61
    61     0     0     0     0     0     0
--------------------------------------------------------------------------------
INFORMATION OF PROJECT 2:
#jobs  release  duedate
    62     0    98
#local resources
     2
R_L1   R_L2   
    20    18
jobnr.  dur.  r_G1  r_G2  r_L1  r_L2  #succ.  successors
     0     0     0     0     0     0     3     1     2     3
     1     8     0     6     0     5     3     8    10    23
     2     6     6     2     1     0     1     5
     3     8    10     1     0     0     3     4    24    25
     4     3     3     0     9     9     3     6    12    31
     5     1     1     0     0     6     3    37    53    54
     6    10     0     5     1     3     3     7    11    13
     7     6     3     7     7     2     3    45    51    55
     8     8     7     2     0     6     3     9    15    18
     9    10     7     0     3     0     1    42
    10     7    10     3     0     0     1    43
    11     8     0     0     9     8     3    20    26    50
    12     4     8     9     2    10     3    14    38    39
    13     6     4     6    10     2     1    21
    14     1     4    10     2     7     3    16    22    34
    15     4     2     0     8     0     3    17    20    30
    16     5     0     4     8     6     3    19    29    32
    17     3     4     2     2     9     3    28    38    45
    18     4     0     3     0     4     3    24    49    56
    19     1     4     8     5    10     3    40    48    59
    20     5     7     8     9     0     2    28    32
    21     5     3     8     7     0     1    27
    22     6     9     6     8     2     2    44    47
    23     4     1     8    10     2     2    32    35
    24     8     0     4     6     9     1    26
    25     2     3     4     0    10     2    33    47
    26     5     7     4    10     5     1    34
    27     3     7     3     0     6     2    35    60
    28     4     0     0    10     7     3    39    42    46
    29     1     0     8     5     6     3    30    46    55
    30     2    10     9    10     0     1    47
    31     1    10     0     3     9     1    37
    32     6     7     9     4     2     1    48
    33     2     6     9     4     3     2    41    60
    34     5     6     1     1     8     2    36    40
    35     2     9     6     6     0     3    36    45    49
    36     2     0     5     5     0     1    41
    37     5     0     6    10     6     1    57
    38     7     5     7    10     4     1    41
    39    10     2     2     0     1     3    48    51    55
    40     9     2     0     0     0     2    42    58
    41     5     6     0    10     9     1    54
    42     4     0     3     9     0     1    57
    43     2     3     3     9     0     2    44    53
    44     5     2     1     4    10     1    51
    45     2     4     4     0     9     1    52
    46     1     0     0     4     8     1    49
    47     1     2     0     7     0     2    50    58
    48     6     8     3     5     0     1    53
    49     6     0     9     0     1     2    54    58
    50     4     3     3     2     4     1    52
    51     6     0     0     2     0     1    52
    52     3     8     7     4     6     1    56
    53     1     1     3     2     0     1    57
    54    10    10     4     9     8     1    59
    55     7     8     0     9     7     1    56
    56     8     2     7     0     8     1    59
    57     1     4     4     5    10     1    60
    58     6     6     8     5    10     1    61
    59     1    10     5     0     0     1    61
    60     7     6     8     2     5     1    61
    61     0     0     0     0     0     0
--------------------------------------------------------------------------------
INFORMATION OF PROJECT 3:
#jobs  release  duedate
    62     0    84
#local resources
     2
R_L1   R_L2   
    34    36
jobnr.  dur.  r_G1  r_G2  r_L1  r_L2  #succ.  successors
     0     0     0     0     0     0     3     1     2     3
     1     6     5    10     1     2     3     4    15    24
     2    10     1     7     2     1     3     7    18    21
     3     9     8     5     7     5     3     5     6     8
     4     9     2     3     3     7     2    36    37
     5     9     9     7     9    10     3    20    23    29
     6     1     6     5     3     3     3    13    47    52
     7     7     3     1     7     2     3    23    25    47
     8     5    10     5     1     6     2     9    12
     9     3     1     4     4     8     2    10    16
    10     9     2    10    10    10     3    11    17    32
    11     8     9     5     6     9     3    30    45    55
    12     4     6     7     1     3     2    14    16
    13     8     6    10     4     2     2    51    59
    14     7     2     3     7     5     1    21
    15     8     6     2     8     5     2    41    58
    16     6     6     5     2     7     2    30    33
    17     6     6     9     8     1     3    19    25    50
    18     7     7     2    10     3     1    39
    19     8     3     9     5     1     1    35
    20    10     6     2     5     5     2    31    46
    21     7     3     4     6     9     2    22    27
    22    10     7     9     6     7     2    37    55
    23     6     6     5     1     2     2    27    28
    24     8     4     3    10     6     2    26    29
    25     1    10     2     9     9     2    38    49
    26     4     3     1     9     5     2    35    50
    27     1     7     5     1     7     2    38    43
    28     8    10     6     8     8     1    34
    29     3     6     3     2     1     3    34    40    50
    30     1     4     6     5     7     2    43    48
    31     8    10    10     8     8     2    32    42
    32     8     5     6     9     7     1    49
    33     9     7     8     9     3     1    60
    34     6     5     6     4     9     3    44    45    53
    35     6     1     9     3     4     1    40
    36     9     3    10     7     8     3    39    48    51
    37     7     3     4     6     2     2    43    45
    38     3     4     5     3     7     1    44
    39     2     2     8     9     2     2    40    42
    40     6     2     3     5     7     2    47    52
    41     9     7     8     1     8     2    44    56
    42     9     4     3     8     7     2    59    60
    43     5     7     1     5     1     1    56
    44    10     9     6     4    10     1    54
    45     4     4     8     3     3     2    46    48
    46     4    10     8     3     2     2    49    59
    47     3    10    10    10     1     1    54
    48     5     8     2     9     7     1    54
    49     8     1     1     3     2     1    58
    50    10    10    10     9     9     2    53    57
    51     1     7     4     2     9     1    55
    52     8    10     1     7    10     1    53
    53     3    10     8     4    10     1    58
    54     9     9     1     9     3     1    57
    55     2     2    10     3     7     1    56
    56     7     2     6     9     4     1    57
    57     1     5     6     1     6     1    60
    58     5     8     7     2     1     1    61
    59     3     6     2     6     6     1    61
    60     4    10    10    10     5     1    61
    61     0     0     0     0     0     0
--------------------------------------------------------------------------------
INFORMATION OF PROJECT 4:
#jobs  release  duedate
    62     0   105
#local resources
     2
R_L1   R_L2   
    24    20
jobnr.  dur.  r_G1  r_G2  r_L1  r_L2  #succ.  successors
     0     0     0     0     0     0     3     1     2     3
     1     6     2     9     6     1     1    27
     2     3     9     8     3     4     3     5     6     9
     3     7     5     5     7    10     3     4     7    18
     4     1     2     7     4     3     3    13    19    32
     5     8     6     9     2     9     1    24
     6     9     7     6     7     7     3     8    10    16
     7     1     6     3    10     8     3    14    33    53
     8     4    10     4     7     7     2    11    17
     9     4     5     5     9     5     3    15    20    42
    10     2    10     5    10     8     3    12    36    43
    11     7     1     2     1     5     2    22    25
    12     4     2     8     3    10     1    40
    13     3     6     2     3     5     1    35
    14     3     5     7     9     8     3    21    37    56
    15     6     8     8     1     1     1    34
    16     3     6     7    10     8     3    27    30    33
    17     8     4     6     3     1     2    31    36
    18     2     4     7     8    10     3    23    26    52
    19     5    10     1     9     5     1    48
    20     7     8     6     6     9     1    28
    21     3     7     3     7     2     1    31
    22     3     1     1     7     8     2    34    50
    23     6     1     6     7    10     1    30
    24    10     3     2     3     1     1    58
    25     2     6     3     6     7     3    26    29    54
    26     2     6     9     9     5     1    37
    27     6     9     6     1    10     1    47
    28    10     9    10     2     3     1    52
    29     4     4     1     7     3     1    57
    30     7     3     1     4     5     1    39
    31     8    10    10     8     6     1    44
    32     6     7     8     5     3     1    46
    33     5     4     7     1     6     1    38
    34     6     3     4     9     2     1    39
    35     8     4     1     3     4     1    41
    36     3     9     1     5     2     2    41    49
    37     5     2     3     1     6     1    60
    38     3     1     2     7     4     1    60
    39     2    10     7     4     9     1    49
    40    10    10     2     2     7     1    45
    41     7     8     2     9     1     1    57
    42     8     7     8    10     3     3    44    45    48
    43     5     6     2     5     7     1    55
    44     2     8    10     1     2     1    51
    45     1     7     3     9     3     1    49
    46     9     8     1     7     1     1    50
    47     9     1    10     7     2     1    56
    48     9     1     4     9     3     1    53
    49     3     1     5     1     7     1    51
    50     9     3     8     4     7     1    60
    51     7    10     3     6     5     1    59
    52     3     3    10     6     1     1    53
    53     8     6     6     3     4     1    57
    54     6     3     6     7     9     2    55    58
    55     7    10     7     7     3     1    59
    56    10     9     4     9    10     1    58
    57     7     4     3    10     8     1    59
    58     4     5     5     5    10     1    61
    59     9     2    10     6     1     1    61
    60     5     1     8     7     7     1    61
    61     0     0     0     0     0     0
--------------------------------------------------------------------------------
INFORMATION OF PROJECT 5:
#jobs  release  duedate
    62     0   119
#local resources
     2
R_L1   R_L2   
    18    18
jobnr.  dur.  r_G1  r_G2  r_L1  r_L2  #succ.  successors
     0     0     0     0     0     0     3     1     2     3
     1     9     5     8     1     0     3     5     7     9
     2     7     8     3     4     9     3     4     6     8
     3     9     0     8     6     0     1    52
     4    10     6     5     0     5     3    12    16    24
     5     6     1     0     1    10     2    23    25
     6     8     0    10     2     7     2    13    33
     7     8     0    10    10     6     2    27    40
     8     1     0     0     1     4     3    10    11    14
     9     7     8     9    10     0     1    29
    10     9     0     8     0     9     1    23
    11     4     1     7     4     0     1    15
    12     6     8     2     1     8     3    17    32    52
    13     6     6     2    10     2     1    18
    14     9     1     7     6     8     2    20    28
    15     2     5     7     0     5     2    27    45
    16     7     3     2    10     0     1    57
    17     2     5     5     7    10     2    19    21
    18     9     4     1     2     0     1    31
    19     9     7     1     0     6     1    22
    20     9    10     5     9     0     1    26
    21     5     8     9     5     1     1    30
    22     2     0     1     0     3     1    44
    23    10     7     0     0     6     1    48
    24     7     1     2     2     0     1    41
    25     5     0     3     2     9     3    54    56    60
    26     1     9     1     0    10     3    29    37    43
    27     5     0     8     4     3     1    29
    28    10     0     2     1     0     1    36
    29     9    10     7     0     8     1    58
    30     5     5     5     8     5     2    37    47
    31     9     1     4     5    10     3    34    35    56
    32     9     0     7     0     0     1    35
    33     2     0    10     5     0     2    35    41
    34     8     5     9     2     1     1    39
    35     5     1     0     6     0     1    38
    36     4     9     0    10    10     3    39    46    49
    37     6     7     8     0     7     2    42    50
    38     7     1     2    10     6     1    59
    39     4     7     7     5     6     2    51    53
    40     2     8     3     4     7     1    43
    41     9     9     6     0     6     1    42
    42     1     0     2     3     6     1    55
    43     7     7     8     6     4     1    55
    44     8     0     1     0     2     1    47
    45     6     0     6     9     0     1    53
    46     4     0     0     5     0     1    51
    47     9     4     2     0     5     1    49
    48    10     4    10    10     0     1    50
    49    10     3     0     6     6     1    56
    50     7     0     1     0     6     2    53    57
    51     9     1     9     3     1     2    52    60
    52     2     1     7     9     0     1    55
    53     8     1     2     6     3     1    60
    54     6    10     7     3     8     1    59
    55     5     0     0     9     9     1    59
    56    10     0     3     0     2     1    57
    57     8     6     4     0     3     1    58
    58     9     5     0     7     8     1    61
    59     4     8     1     3     3     1    61
    60     6     9     8     8     1     1    61
    61     0     0     0     0     0     0
--------------------------------------------------------------------------------
INFORMATION OF PROJECT 6:
#jobs  release  duedate
    62     0    95
#local resources
     2
R_L1   R_L2   
    22    21
jobnr.  dur.  r_G1  r_G2  r_L1  r_L2  #succ.  successors
     0     0     0     0     0     0     3     1     2     3
     1     9     2     2     0     7     3     4     5    16
     2     4     8     8     4     0     3     9    10    14
     3     6     5     6     7     1     3     6    12    17
     4     2     7     3     6     0     2    23    48
     5     3    10     0    10     7     3     7    20    42
     6     3     1     0     6     6     3     8    13    19
     7     4     0     7    10     0     3    11    43    47
     8     3     9     0     8     0     1    55
     9     5     7     3     6     0     1    26
    10     8     3     0     7     6     2    30    36
    11     8     8     4     0     6     2    25    28
    12     2     0     7     7     4     1    15
    13     8     8     1     0     9     1    48
    14     6     8     0     5     5     1    18
    15     1     0     9     1     0     3    24    39    60
    16     3     7     0     3     1     1    27
    17     4     1     7     4     5     2    21    31
    18     1     5     9     0     6     2    22    57
    19     1     4     2     0     0     1    33
    20     2     0    10     1     6     1    54
    21     7     6     2     4     1     3    26    29    32
    22     5    10     4     9     0     2    35    44
    23     5     4     0     5     5     2    42    50
    24     7     0     2     3     7     1    40
    25    10     2     5     7     0     1    34
    26     4     0     3     7     8     1    28
    27     1     9     0     5     9     1    52
    28     9     5     9     4     6     1    38
    29     4     2     4     5    10     1    56
    30     7     4     8     0     0     2    51    58
    31     5     4     7    10     2     1    41
    32     2     6     4     1     0     1    47
    33    10     5     7     0     8     2    36    50
    34     1     8     9     0     3     1    51
    35     9     6    10     5    10     2    37    43
    36     3     8     9     8     0     1    49
    37     7     1     0     2    10     1    51
    38    10     2     9     8     4     1    53
    39     7     6     4     9    10     1    44
    40     9     1     8     8     8     1    53
    41     2     1     0     8     3     1    48
    42     4     3     5     9    10     1    45
    43    10     0    10     8     7     1    46
    44     1    10     6     8     0     1    55
    45     2     0     1     4     2     2    46    52
    46     1     0     6     8     0     1    59
    47     5     0     7    10     4     2    49    50
    48     4    10     0     9     1     2    49    55
    49     4     3     4     0     3     1    59
    50     9     1     5     0     3     1    57
    51     6     3     0     7     0     1    60
    52    10     0    10     0     7     1    57
    53     7     0     0     7     8     1    58
    54     5     5     2     3     0     2    56    59
    55     1    10     6     0     4     1    56
    56     6     5     5     1     3     1    58
    57     4     1    10     7     0     1    60
    58     9     3     6     0     0     1    61
    59     3     5     0     0     4     1    61
    60     7     7    10     8     0     1    61
    61     0     0     0     0     0     0
--------------------------------------------------------------------------------
INFORMATION OF PROJECT 7:
#jobs  release  duedate
    62     0   130
#local resources
     2
R_L1   R_L2   
    17    19
jobnr.  dur.  r_G1  r_G2  r_L1  r_L2  #succ.  successors
     0     0     0     0     0     0     3     1     2     3
     1     5     7     2     2     1     3     4     5     7
     2     7     4     6     9     6     2     9    15
     3     8     4    10     1     4     3     6    15    36
     4     7    10    10     5     7     3    27    29    36
     5     4     5     7     6     3     3     8    10    11
     6     9     3    10     1     5     3    18    24    47
     7     9     9     7     4     7     2    34    53
     8     4     2     8     4     9     3    13    21    26
     9     4     4     4     5     5     3    12    17    19
    10     2     7     3     7     9     3    13    16    25
    11     9     3     7     9     6     3    30    41    49
    12     7    10     1     4     9     3    14    18    34
    13     7     7     2     6     3     3    15    17    19
    14     1     2     3     6     4     3    32    35    37
    15     1     7     2     8     4     3    20    28    59
    16     5     4     9     3     9     3    20    39    46
    17     9     7     4     2     9     3    22    36    41
    18    10     6     7     9     6     3    38    43    55
    19     2     6     5     6     8     3    22    30    37
    20     6     7     9    10     3     3    24    29    42
    21     4     2     2    10     7     3    25    31    43
    22     2     4    10     1     5     3    23    33    56
    23     9     7     4     2     9     3    27    42    53
    24     6     9     3    10     4     1    45
    25    10    10     4     6     8     3    32    40    49
    26     8     6     2     5    10     3    39    50    51
    27     4     2     1     4     8     2    40    43
    28     3     3     1     6     6     3    29    37    48
    29     2     9     3     6     6     1    45
    30     4     9     6     4     4     3    31    46    47
    31     4     1     2     9     3     2    32    52
    32     4     9     7     6     1     1    50
    33     1     3     4     1    10     2    35    52
    34     1     8     4     9     9     3    38    41    56
    35     7    10     1     7    10     3    40    49    53
    36     5     9     7     5     4     1    50
    37     4     5     2     2     4     3    39    42    45
    38     6     2     2     3     4     1    52
    39     8     5     4     4    10     1    44
    40     7     8     8    10     1     2    46    54
    41     2     2     8     2     4     2    44    47
    42     6     9     3     1     7     1    51
    43     5     3     4     7     5     2    44    54
    44     3     3     3     1     2     1    58
    45     4    10     4     2     4     1    60
    46     8     8     5     2     9     2    48    51
    47     4     3     6     9     7     1    48
    48     6     7     7     1    10     1    55
    49     4     2     3     3     4     1    54
    50     4     8     2     4     1     2    56    60
    51     8     8     7    10     9     2    55    58
    52     3    10     3     4    10     2    57    58
    53     5     7    10     3     7     1    57
    54     1     2     8    10     9     1    57
    55     1     4     5     6     6     1    60
    56     1     8     3     1     3     1    59
    57     9     5     8     7     6     1    59
    58     7    10     4     3     6     1    61
    59     3     7     5     2     5     1    61
    60     6     8     1     2     2     1    61
    61     0     0     0     0     0     0
--------------------------------------------------------------------------------
INFORMATION OF PROJECT 8:
#jobs  release  duedate
    62     0    69
#local resources
     2
R_L1   R_L2   
    40    33
jobnr.  dur.  r_G1  r_G2  r_L1  r_L2  #succ.  successors
     0     0     0     0     0     0     3     1     2     3
     1     5     8     2    10     9     3     4     6    31
     2     7     9     8     6     7     3     5    11    22
     3     1     3     2     3    10     3    14    19    44
     4    10     9     8     5     4     1    58
     5     1     8    10     6    10     3     7     8     9
     6     6     9     2     8     4     1    13
     7     5     2     7     3    10     2    12    21
     8     2     4     5     3     2     3    13    20    30
     9     2     7     8     6     9     2    10    27
    10     5     6     3     9     3     2    18    41
    11     7     8     8     4     3     2    49    57
    12     3     3     8     9     7     1    39
    13     3     1     1     6     4     2    15    55
    14     9     7     8     9     4     3    16    29    40
    15     7     4     3     6     2     3    17    32    38
    16     9     1     2     3     5     3    37    46    53
    17     9    10     1     8    10     3    23    25    36
    18     3     2     9     7     4     1    48
    19     6     7     7     6     4     1    30
    20     3     9     7     5    10     2    24    46
    21     3    10     7     5     1     1    28
    22     8    10     1     3     1     3    33    34    45
    23     9    10     5     8     8     1    35
    24     6    10     9     1    10     1    26
    25     7    10     8     8     5     1    54
    26     1     6     9     5     4     1    32
    27     8     8     4     8     7     1    48
    28     2     2     1     3     1     1    42
    29     7    10     3     2     2     1    30
    30     1     8     5     5     6     2    50    51
    31     4     5     3     8     6     1    34
    32     5     2     2     9     3     1    47
    33     9     1     5     2     6     1    40
    34     9     8     1     9     4     1    51
    35     9     9     9     8    10     1    52
    36    10     1    10     7     7     1    40
    37     2     1     2     6     6     1    42
    38     1    10     9     6     2     1    43
    39     1     8     1     8     8     1    47
    40     3     8     1     6     3     1    53
    41     5     1     8     8     4     1    59
    42     5     8     2     2    10     1    45
    43     6    10     3     6     3     2    52    54
    44     8     2    10     7     3     1    51
    45     9    10     3     3     4     1    47
    46     5     5     3     6     9     1    55
    47    10     9     4     8     4     1    52
    48     7     1     9    10    10     1    50
    49     2     1     4    10     1     1    50
    50     9     9     9     6    10     1    54
    51     4    10     1     3     2     1    60
    52     3     9     5     6     2     1    57
    53     1     4     4    10     5     1    56
    54     1     4     7    10     8     1    59
    55     6     7     7     2     6     2    58    59
    56     9    10     5     7     3     1    57
    57     2     3     6     1     5     2    58    60
    58     4     3     2     2     4     1    61
    59     5     8     5     1     8     1    61
    60     6     7     4     1     8     1    61
    61     0     0     0     0     0     0
--------------------------------------------------------------------------------
INFORMATION OF PROJECT 9:
#jobs  release  duedate
    62     0    95
#local resources
     2
R_L1   R_L2   
    20    21
jobnr.  dur.  r_G1  r_G2  r_L1  r_L2  #succ.  successors
     0     0     0     0     0     0     3     1     2     3
     1    10     5     5     2     4     3     6    16    28
     2     7     2    10     1     4     2     5    25
     3     1     8    10     2     7     3     4    11    14
     4     1     0    10     0     5     1     7
     5     8     0     0     8    10     3     8     9    31
     6     2     0     6     7     0     1    13
     7     4     0     7     7     3     3    12    17    29
     8    10     5     3     3     4     3    10    38    45
     9     7     4     0     0     8     2    27    43
    10     3     3     0     8     1     1    22
    11     5     0     0     6    10     1    53
    12    10     6     1     4     6     2    24    33
    13     7     0     4     4    10     2    15    47
    14     2     6     6     8     0     1    44
    15    10     0     2     3     0     1    23
    16     2     1     0     0     8     3    18    19    32
    17     4     2     6     0     3     1    40
    18     1     3     5     3     0     3    20    44    59
    19     5     0     4     0     7     3    21    23    54
    20     3     8     1     6     6     2    26    42
    21     8     9     0     0     9     1    35
    22     1     0     1     7     4     1    46
    23     9    10     4     6     1     2    30    57
    24     2     6     0     4     0     2    28    60
    25     2     6     6     5     1     1    30
    26     8     5     7     2     7     1    56
    27     1    10    10     1     5     1    48
    28     9     8     4     1     0     2    34    39
    29     8     0     8     6     3     1    36
    30     4    10     0     1     4     1    49
    31     2     0     0     8     3     1    59
    32     2     8     6     4     0     1    37
    33     1     5    10     5     0     1    51
    34     8     1     7     5     1     2    48    55
    35     2     0     0     7     2     2    39    47
    36     9     2     1     0     2     1    38
    37    10     1     7     7    10     1    46
    38     3     1     0     0     2     1    52
    39     7     5     3     4     0     1    52
    40     3     1     3     7     3     1    41
    41     2     2     0     8     3     3    42    50    57
    42    10     1     0     5     5     1    54
    43     5     4     1     5     0     1    46
    44     1     8     2     9     0     1    58
    45     4     7     8     2    10     2    52    56
    46     7     9     9     9     0     1    47
    47     8    10     1     0     2     1    49
    48    10     0     0     7     2     1    56
    49     6     1     1     3     4     1    50
    50    10     7     5     5     1     1    58
    51     9     0     6     1    10     1    60
    52     1    10     0     2     0     1    55
    53    10     5     0    10    10     2    54    55
    54     5     1     4     0     6     1    60
    55     5     2    10     5     0     1    57
    56     5     4     2     6     0     1    58
    57     5     7     2     1     0     1    59
    58     5     6     8     8     3     1    61
    59     1     0     1     1     6     1    61
    60     1     6     0     1     0     1    61
    61     0     0     0     0     0     0
--------------------------------------------------------------------------------
INFORMATION OF PROJECT 10:
#jobs  release  duedate
    62     0   101
#local resources
     2
R_L1   R_L2   
    17    20
jobnr.  dur.  r_G1  r_G2  r_L1  r_L2  #succ.  successors
     0     0     0     0     0     0     3     1     2     3
     1     3     8     1     5     2     3     9    10    54
     2     2     5     0     3    10     3     4     7    15
     3     5     6     0     4     7     3     5     6    52
     4     5     0     3     0     3     1    14
     5     2     4     1     4     2     3    16    26    29
     6     6     9    10     4     9     3     8    11    12
     7    10     9     7     8     8     2    27    57
     8     9     0     0     2     6     3    18    22    60
     9     1     0     0     9     4     1    12
    10     6     3     0     7     1     3    17    38    40
    11     3     8     3     2     7     2    13    19
    12     9    10     2     1     4     2    14    43
    13    10    10     3     0    10     3    39    41    45
    14     1     8     3     2     0     1    50
    15     1     0     0     0     7     1    20
    16     6     0     0     7     0     1    33
    17     9    10     4     9    10     1    46
    18     1     6     5     9     7     1    24
    19     3     3     7    10     0     2    23    31
    20     2     6     9     1     0     1    21
    21     1     7     1     9     8     3    25    34    51
    22     6     3     1     0     7     1    55
    23     9    10     2     5     9     1    27
    24     8    10     6     0     0     2    30    47
    25     8     5     8     6     7     1    45
    26     4     0    10     8     0     1    28
    27     5     9     6     0     9     1    32
    28     3     3     0     6     0     1    33
    29    10     0     0     0     8     3    35    36    49
    30     8     2     3     6     6     1    42
    31     1     9     0     0     9     1    56
    32     1     7     3     3     4     1    44
    33     4     1     4     2     2     2    37    48
    34     2     3     5     0     4     1    49
    35     4     0     9     3     0     1    59
    36     3     0     4     0     1     2    38    41
    37    10     0     4     5     4     1    46
    38     5     1     3     9     9     1    47
    39     9     6     0     4     3     2    40    53
    40     9     2     0     5     7     1    58
    41     2     7     1    10     8     1    42
    42     7     2     4     9     0     1    51
    43     3     7     8     5     6     2    48    53
    44     2     3     0     0     2     1    56
    45     6     0     7     1     0     1    54
    46     9     0     8     0     4     1    47
    47     5     2     9     3     6     1    53
    48     9     5     1     0     8     1    55
    49     5    10     0     5     5     1    54
    50     7     9     0     3     2     2    57    58
    51     3     7     0     0    10     1    58
    52    10     7     7     0     9     1    56
    53    10     7     0     0     0     1    57
    54     6     5     1     1     6     1    55
    55     4     3     0     5     2     1    59
    56     6     0     6     5    10     1    60
    57     7     4     6     1     0     1    59
    58     1     2    10     3     9     1    61
    59     6     9    10     9     4     1    61
    60    10     4     8     8     3     1    61
    61     0     0     0     0     0     0
--------------------------------------------------------------------------------
INFORMATION OF PROJECT 11:
#jobs  release  duedate
    62     0    86
#local resources
     2
R_L1   R_L2   
    24    25
jobnr.  dur.  r_G1  r_G2  r_L1  r_L2  #succ.  successors
     0     0     0     0     0     0     3     1     2     3
     1     5     7     0     1     7     3    10    13    38
     2     4     0     0     0     4     3     5     7    23
     3     3     0     6     5     9     3     4    16    20
     4    10     7     6     2     5     3     9    12    54
     5     5    10     4     2     0     3     6     8    17
     6     1     0     7     0     6     2    14    22
     7     3     6     9     9     8     2    17    18
     8     1     1     7     4     0     2    32    33
     9     7     9    10     6     6     3    11    44    47
    10     7    10     1     3    10     3    19    21    26
    11     4     2    10     7     0     3    29    30    49
    12     9     8     1     0     4     3    15    18    27
    13     1     0     4     5     1     3    16    17    36
    14     1     4     0     0     0     1    20
    15     9     9     3     3    10     3    32    37    49
    16     5     0     6     0     7     3    26    31    51
    17     8     0     7     0     0     2    20    30
    18     9     0     2    10     0     3    33    39    42
    19     4     0     4     9     1     2    23    25
    20     3     0     5     9     3     1    29
    21     5     7     8    10     9     3    23    24    30
    22     3     0     6     4     9     3    24    28    39
    23     6     3     4     7     6     3    28    31    33
    24     5     9     0     4     0     2    27    31
    25    10     7     0     1     2     3    35    40    41
    26     8     4     6     9     7     3    28    37    46
    27     2     1     0     2     5     3    34    36    42
    28     8     5    10     0     3     3    44    45    54
    29     5     4     5     8     1     2    34    48
    30     5     6     3     0     1     2    35    53
    31     1     8     0     0     4     3    35    54    56
    32     7     4     6     0     5     2    34    38
    33     6     4     6     6    10     3    49    53    55
    34     7     0     4     0     7     2    50    58
    35     5     8     8     7     9     1    48
    36     2     6     8     2     0     2    37    47
    37     6     1     4     2     4     3    48    57    59
    38     8     3     6     0     4     2    41    55
    39     7     6     0    10     8     3    41    45    46
    40     7    10     1     6     0     3    42    43    45
    41     7    10     0     9     0     2    44    53
    42     2     1     3     2     1     1    58
    43     5     8     0     9     0     3    46    50    51
    44     4     7     8     1     7     1    50
    45     6     3     7     4     9     1    57
    46    10     0     2    10     8     2    47    55
    47     7    10     0     0     0     2    52    57
    48     8     3     0     5     6     1    58
    49     6     0     6     5     6     2    51    56
    50     2     0     7     8     9     1    52
    51     2     4     7     7     2     1    52
    52     4     5     9     7     2     1    59
    53     3     8    10     8     7     1    56
    54    10     9     1     1     0     1    59
    55     9     3     4     9     0     1    60
    56     4     7     1     0     5     1    60
    57    10     8     2     4    10     1    60
    58     5     7     0     5     0     1    61
    59    10     5     6     0     0     1    61
    60     2     9     0     5     4     1    61
    61     0     0     0     0     0     0
--------------------------------------------------------------------------------
INFORMATION OF PROJECT 12:
#jobs  release  duedate
    62     0    73
#local resources
     2
R_L1   R_L2   
    43    39
jobnr.  dur.  r_G1  r_G2  r_L1  r_L2  #succ.  successors
     0     0     0     0     0     0     3     1     2     3
     1     1     1     2     1     6     3     6     7    18
     2    10     2     6     9     7     3     4     5     8
     3     7    10     8     7     2     2     9    58
     4     1     7    10     2     5     3     6    10    24
     5     3     7     6     8     4     3    13    14    17
     6     4     8     3     1     3     3    15    21    30
     7     8     3     4     3     9     2    19    55
     8     7    10     4     4     5     3    23    31    46
     9     4    10     7     6     8     1    11
    10     3     1     3     4     4     1    12
    11     1     8     9     9     2     1    43
    12     4     3    10     8     9     3    22    33    34
    13     5     8     1     3     1     1    60
    14     9     5     9     3     8     2    25    45
    15     6     2    10     7     6     1    16
    16     4     9     8     3     6     3    20    40    42
    17     1     7     5     1     3     1    43
    18     6     3     4     9     3     1    21
    19     2     6     3     8     3     1    35
    20     7     5     3     6     1     1    28
    21     5     8     3     9     6     1    26
    22     1     6     1    10     3     2    39    48
    23    10     3     1     8     6     1    32
    24     9     2     9     4     6     2    37    50
    25     6     6    10     3     7     3    29    38    41
    26    10     1     2     6     3     1    27
    27     9     3     8     3     4     2    49    51
    28     7     8     4    10     6     1    56
    29    10     2     1     6     8     3    32    33    52
    30     4     1     1     9     3     1    36
    31     2     3     8     9     9     2    33    53
    32    10     5     5     7     6     1    49
    33     8     1     3     4     9     2    35    36
    34     7     6     6     9     7     1    35
    35     7     7     1     8    10     1    47
    36     4     3     6     9     2     1    60
    37     4    10     2     6     9     1    44
    38     1     9     2     4     8     1    44
    39     5     2     9    10     7     1    55
    40     1     8     8     7     7     2    54    59
    41     6     2     8     3     1     1    44
    42     9     9     3     5     3     1    51
    43     8     5     6     7     7     1    51
    44     9     3     6     5    10     1    56
    45     2     3     4     1     4     1    59
    46     1     4    10     4     1     1    53
    47     6     5     2     2     7     1    57
    48     4     1     1     6     6     1    49
    49     2     3     4     3     6     2    53    54
    50     2     8     1     1     8     1    57
    51     5     9    10     9     1     1    55
    52     9     9     4     6     9     1    60
    53     8     1     2     8     2     1    57
    54     7     7    10     8     3     1    56
    55     1     4     7    10     1     1    59
    56     2    10     9    10     2     1    58
    57     1    10     6     5     6     1    58
    58     5     5     4     1     5     1    61
    59     6     6     9     9     6     1    61
    60     8     9     7     3     5     1    61
    61     0     0     0     0     0     0
--------------------------------------------------------------------------------
INFORMATION OF PROJECT 13:
#jobs  release  duedate
    62     0   107
#local resources
     2
R_L1   R_L2   
    18    19
jobnr.  dur.  r_G1  r_G2  r_L1  r_L2  #succ.  successors
     0     0     0     0     0     0     3     1     2     3
     1     9     8     0     0     0     3    10    13    15
     2     2     7     5     0     2     1     4
     3     6     7     6     5     9     3     6     8    11
     4     6     8     5     9     7     3     5    21    29
     5     7     0     3     0     4     3     7    32    37
     6     5     9     6     0     1     3     9    14    44
     7     5     4     0     3     8     2    12    47
     8     8     1     0     2     7     2    28    45
     9     2     0     1     1     0     2    16    19
    10     3     0     3     9     1     2    33    43
    11     3     4     0     5     0     3    31    42    53
    12     9     4     9     0     8     2    20    30
    13     8     7     0     1     0     1    59
    14     3     4     6     2     2     1    23
    15     8    10     1     1     2     3    17    36    38
    16    10     4     7     3     1     3    26    27    41
    17     5     8     8     0     7     1    18
    18     5     1     0     9    10     2    22    48
    19    10     3     5     0     4     1    23
    20     9     6     1     9     1     1    22
    21     1     0    10     0     2     2    25    57
    22     5     4     6     3     0     1    24
    23     6     8     9     9     6     1    39
    24     6    10     0     6     8     1    34
    25     8     6     0     9     7     1    40
    26     9     7     8     8     5     1    28
    27     6     2     7     7     0     1    35
    28    10     3     0     9     8     2    51    60
    29     6     2     7     0     0     2    34    49
    30     8     0     1     2     8     1    51
    31     1     5     2     5     0     1    59
    32     7     0     0     0     7     1    46
    33     9     5     5     5     2     1    34
    34     7     0    10     7     6     3    39    54    55
    35     6     9     0     4     0     1    40
    36     5     0     0     4     2     1    48
    37     4     1     0     5     6     1    39
    38     4     5     4     9     0     1    56
    39    10     2     5     0     6     1    52
    40     1     0     4     1     2     1    52
    41     4     0     8     2     2     1    55
    42     7     5     7     2     8     1    54
    43     2     2     4     9     3     1    56
    44     7     8     0     0     0     1    52
    45     6     7     9     2     9     2    46    55
    46     8     0    10     4     1     1    57
    47     2    10     0     5     2     1    51
    48     6     1     2     7     3     1    58
    49     5     5     3     6     0     2    50    60
    50    10     7     7     9     0     1    53
    51     6     4     0     8     1     1    53
    52     4     5     1     0     7     1    56
    53     6     8     5     8     0     1    54
    54     4     0     0     6     9     2    57    59
    55     2     0     4     2    10     1    60
    56     2     8     0     5     7     1    58
    57     8     3     8     8     5     1    58
    58     8     9     4    10     5     1    61
    59     7     1     3     7     0     1    61
    60     9     5     9     2     7     1    61
    61     0     0     0     0     0     0
--------------------------------------------------------------------------------
INFORMATION OF PROJECT 14:
#jobs  release  duedate
    62     0   111
#local resources
     2
R_L1   R_L2   
    24    24
jobnr.  dur.  r_G1  r_G2  r_L1  r_L2  #succ.  successors
     0     0     0     0     0     0     3     1     2     3
     1     8     7     6     9     7     2    34    39
     2     8     4     8    10     7     3     4     9    24
     3     8     6     1     6     7     3     5     8    11
     4     6     9     8     5     5     2     7    18
     5     8     9     5     9     2     3     6    13    27
     6     7    10    10     2     8     3    40    48    60
     7     9     7     7     6    10     3    12    14    21
     8     8     4     5     4     5     3    10    17    22
     9    10     8     1     2     5     2    23    30
    10     1     2     4     4     7     1    25
    11     7     1     9     1     4     1    28
    12     1     7     9     4     9     1    20
    13     7     6     9     1     9     2    35    44
    14     1     7     4    10     5     3    15    16    45
    15     9     4     7     1     8     1    38
    16    10     2     2     5     7     2    37    46
    17     8    10     3    10     8     3    19    26    29
    18     4     3     7     9    10     1    51
    19     1     1     1     3     6     1    48
    20     2     6     5     8     8     1    27
    21    10     7     4     9     6     1    49
    22     7     4     7     3    10     2    33    47
    23     5     5     4     4     2     2    54    57
    24     8     6     7     2     6     1    37
    25     9     9     6    10     4     2    28    58
    26    10    10     7     8     1     1    49
    27     4     8     7    10     8     1    31
    28     4     4     5     4     6     1    30
    29    10     7    10     3     9     1    32
    30     7     9     7    10     4     1    59
    31     5     1     4     6     5     2    42    50
    32     1     9    10     2     2     2    38    55
    33     5     6     1     7    10     2    36    43
    34     5     6     2     8     5     1    50
    35     4     2     4     8     5     1    55
    36    10    10     8    10     5     1    56
    37     5     2     7     2     6     1    49
    38     6     7     3     3     6     2    52    59
    39     3     8     3     4     3     2    40    53
    40     3     9     4     2     2     1    41
    41     8     6    10     5     5     1    56
    42     4     6     1     8     1     1    57
    43     7     7     6     3     9     2    52    57
    44     4     7     2     1     7     1    58
    45     6     4     2     9     1     1    48
    46    10     3     2     9     3     1    56
    47     7     4     8     7     7     1    52
    48     7     6     6    10     1     1    51
    49     5     1    10     9    10     1    54
    50     3     2     4     2    10     1    53
    51     2     5     2     1     4     1    54
    52     9     5     9     1     3     1    53
    53     5    10     8     2     3     1    60
    54     5     3     5     2     8     1    55
    55     3     3     5     7     3     1    59
    56    10     5     1     2     7     1    58
    57     2     1     1     8     3     1    60
    58     8     6     3     2     6     1    61
    59     4     4     3     6     4     1    61
    60     7     7     8    10     7     1    61
    61     0     0     0     0     0     0
--------------------------------------------------------------------------------
INFORMATION OF PROJECT 15:
#jobs  release  duedate
    62     0   151
#local resources
     2
R_L1   R_L2   
    19    18
jobnr.  dur.  r_G1  r_G2  r_L1  r_L2  #succ.  successors
     0     0     0     0     0     0     3     1     2     3
     1     1     6     2     2    10     3     8    11    15
     2     7     8     3     4     4     3     5    17    33
     3     8     5     3    10     1     3     4    14    16
     4     7     3     7    10     2     3     6     7     9
     5     7     2     3    10    10     3    10    20    28
     6    10     2     5     2     6     2    25    40
     7     1     2     4     9    10     3    25    44    46
     8     7     9     3     7     8     3    23    48    57
     9     3     8     2     4     9     2    34    48
    10    10     7     1     7    10     3    13    19    39
    11     3     9     9     2     6     3    12    21    37
    12     9     4     8     6     6     2    27    48
    13     9     5     1    10     1     3    27    30    40
    14     9     4     2     9     6     3    15    33    45
    15     5     1    10     2     2     3    18    24    32
    16     2     2     3     7     6     2    20    26
    17     4     4     7     8     9     3    24    29    45
    18     6     7     8     5    10     3    23    35    60
    19    10     5     6     1     8     3    22    44    56
    20     7     5    10    10     3     3    25    31    39
    21     6     5     3     4     7     3    22    38    43
    22     1     5     9     7    10     2    58    60
    23     6     3     5     1    10     3    36    38    53
    24    10     1     1     4     5     3    31    46    49
    25     9     8     5     9     1     3    27    37    41
    26     2     6     6     5     1     2    30    51
    27     3     4     2     8     4     3    38    47    57
    28     2     2     4     2     7     3    29    30    35
    29     7     4     3     1     8     2    34    39
    30     7     6     6     2     8     3    37    42    49
    31    10     8    10     3     1     3    34    42    47
    32     2     3     7    10     4     1    35
    33    10     7     3     3     7     2    36    50
    34     9     3     5     3     7     2    36    44
    35    10    10     5     4     4     3    41    43    47
    36     8     8    10     7     9     1    41
    37    10     4     4     3     4     2    45    50
    38     5    10     5     5     9     2    52    59
    39     8     9     9     8     6     3    40    42    43
    40    10     4     4     4     7     2    49    59
    41     1     6     2     2     6     1    51
    42    10     2    10     2     6     2    52    55
    43     9     7     8     8     5     2    46    55
    44     8     3     2     9     3     1    59
    45     1     2     5    10     6     1    53
    46     9     7     3     9     9     1    51
    47     2     6     2     7     5     2    50    54
    48     4     7    10     3     1     1    60
    49     5     9     8     5     1     2    54    57
    50     1     7     6     1     2     1    53
    51     3     9     7     1     9     1    52
    52     2     2     4     5     2     1    54
    53     5     7     6     4     3     1    55
    54     8     5     4     4     4     1    56
    55     4     4     1     8     6     1    56
    56     5     2     7     3     1     1    58
    57     7     9     8     3     1     1    58
    58     8     2     1     8    10     1    61
    59     8     6     8     9     7     1    61
    60     3     3     9     5     8     1    61
    61     0     0     0     0     0     0
--------------------------------------------------------------------------------
INFORMATION OF PROJECT 16:
#jobs  release  duedate
    62     0   125
#local resources
     2
R_L1   R_L2   
    22    19
jobnr.  dur.  r_G1  r_G2  r_L1  r_L2  #succ.  successors
     0     0     0     0     0     0     3     1     2     3
     1     3     1     5     1    10     3     4    17    23
     2     1     2    10     2     4     3     5    11    12
     3    10     3     2     7     2     1    43
     4     5     6     6     8     8     2     9    32
     5     5     5     5     8     1     3     6     7    29
     6     5    10     2     4     5     3     8    10    16
     7    10     4     3     3     6     2    34    44
     8     2     6     1     5     2     1    50
     9     9    10     6     3     9     3    13    14    19
    10     4     5    10     9     7     3    19    21    26
    11     6     9     3     3     4     1    36
    12    10     7    10     8     6     1    15
    13     4     4     3    10     6     3    42    50    59
    14     2     1     2     4     2     1    21
    15     4     5     8     3     3     1    58
    16    10     8     9     5     7     3    18    25    38
    17     3     8    10     7     8     2    30    45
    18     6     4     7     6     1     3    20    24    27
    19    10     3     3     5     2     2    31    47
    20     6     6    10     6     8     2    22    54
    21     9     9     2     7     3     1    50
    22     8     1     7     5     4     1    49
    23     9     6     2    10     2     1    35
    24     4     7     1     7     3     1    45
    25     8     1     3     5     2     1    58
    26     8     9     7     5     5     2    28    48
    27     5     3     8     1     4     1    33
    28     9     3     3     9     6     2    36    56
    29     4     4     5     9     9     1    40
    30     1     9     4     2     7     1    44
    31    10     6     2     6     2     1    42
    32     6     3     5     7     4     2    41    53
    33     4     7     8     5     9     1    39
    34     1     9     4     8     9     2    37    57
    35     2     4     4     7     5     1    45
    36     7    10     9     8     9     1    43
    37     8     6     1     9     7     1    38
    38     3     3     1     3     2     3    41    51    55
    39     1     6     2     9     4     1    51
    40     4     9    10    10     2     1    46
    41     2     3     3     8     1     1    52
    42     9     9     1     1     5     1    54
    43     5     9     8     6     8     1    54
    44    10     6     7     2     6     1    46
    45     9     2     5    10     1     1    49
    46     7     1     1    10    10     1    49
    47    10    10     5     7     6     1    56
    48     7     7     4     9     7     2    52    60
    49     1     2     1    10     8     1    58
    50    10     9    10     3     1     1    51
    51    10    10     4     7     4     1    53
    52     7    10    10    10     5     1    59
    53     5     8     1     1     9     1    60
    54     3     1    10     8     7     1    55
    55     3     2     9     2     2     1    60
    56     4     9     5     3    10     1    57
    57     8     9     1     4     5     1    59
    58     2     4     5    10     3     1    61
    59     6     5     9     8     4     1    61
    60    10     8     4     7     2     1    61
    61     0     0     0     0     0     0
--------------------------------------------------------------------------------
TRANSFER TIMES OF GLOBAL RESOURCE G1
 DEPOT    P1    P2    P3    P4    P5    P6    P7    P8    P9   P10   P11   P12   P13   P14   P15   P16
     0     4    11     9     3     7     6     8     5    13    11     4     9     2     3     9     5
     4     0     8     7     5    10     8     5     5    12     9     8     9     5     6     9     7
    11     8     0    11     9    13    11     4    12     6    15    14     6    12    13     8    15
     9     7    11     0    11    16    14     8     5    16     4    12    14    10    11    15    10
     3     5     9    11     0     6     4     8     8    11    13     5     7     4     5     7     7
     7    10    13    16     6     0     3    13    12    13    18     7     8     8     7     7    10
     6     8    11    14     4     3     0    10    11    11    17     6     6     7     7     5    10
     8     5     4     8     8    13    10     0     9     9    11    12     8     9    11     9    12
     5     5    12     5     8    12    11     9     0    16     7     8    13     5     6    13     5
    13    12     6    16    11    13    11     9    16     0    20    16     5    15    15     6    18
    11     9    15     4    13    18    17    11     7    20     0    14    17    11    12    18    11
     4     8    14    12     5     7     6    12     8    16    14     0    11     3     2    11     4
     9     9     6    14     7     8     6     8    13     5    17    11     0    10    11     2    14
     2     5    12    10     4     8     7     9     5    15    11     3    10     0     2    10     4
     3     6    13    11     5     7     7    11     6    15    12     2    11     2     0    11     4
     9     9     8    15     7     7     5     9    13     6    18    11     2    10    11     0    13
     5     7    15    10     7    10    10    12     5    18    11     4    14     4     4    13     0
--------------------------------------------------------------------------------
TRANSFER TIMES OF GLOBAL RESOURCE G2
 DEPOT    P1    P2    P3    P4    P5    P6    P7    P8    P9   P10   P11   P12   P13   P14   P15   P16
     0     7    10     6     3    10     5     9     7     9     5     8     7     8     7     8     8
     7     0    11     7     7    10    12    10    13     3     7    10     9     3     1     6    10
    10    11     0     5    12     3    11     1    15    13    14    17     3    14    12    16     2
     6     7     5     0     8     5     9     5    12     8    10    13     3     9     7    11     3
     3     7    12     8     0    12     7    12     7     9     2     5    10     7     7     6    10
    10    10     3     5    12     0    12     2    16    11    14    17     4    13    11    15     3
     5    12    11     9     7    12     0    11     4    14     8    10     9    12    12    12     9
     9    10     1     5    12     2    11     0    15    12    14    17     3    13    11    15     2
     7    13    15    12     7    16     4    15     0    15     8     8    12    13    13    11    13
     9     3    13     8     9    11    14    12    15     0     8    11    11     3     2     6    11
     5     7    14    10     2    14     8    14     8     8     0     4    12     6     7     4    12
     8    10    17    13     5    17    10    17     8    11     4     0    15     8     9     5    15
     7     9     3     3    10     4     9     3    12    11    12    15     0    12    10    13     1
     8     3    14     9     7    13    12    13    13     3     6     8    12     0     3     4    12
     7     1    12     7     7    11    12    11    13     2     7     9    10     3     0     5    10
     8     6    16    11     6    15    12    15    11     6     4     5    13     4     5     0    14
     8    10     2     3    10     3     9     2    13    11    12    15     1    12    10    14     0
--------------------------------------------------------------------------------
Additional Information: 
global resource strength = 0.2
transfer time factor = 0.2
adapted from RCPSP instances: 
[j6025_6, j6025_7, j6030_5, j6013_5, j609_6, j609_1, j6045_7, j6014_3, j609_4, j609_10, j6042_3, j6014_6, j609_9, j6013_4, j6045_3, j6013_10]
