--------------------------------------------------------------------------------
PORTFOLIO INFORMATION:
#projects
    16
#global resources
     2
R_G1   R_G2   
   102   106
--------------------------------------------------------------------------------
INFORMATION OF PROJECT 1:
#jobs  release  duedate
    62     0    95
#local resources
     2
R_L1   R_L2   
    22    21
jobnr.  dur.  r_G1  r_G2  r_L1  r_L2  #succ.  successors
     0     0     0     0     0     0     3     1     2     3
     1     9     2     0     2     7     3     4     5    16
     2     4     8     4     8     0     3     9    10    14
     3     6     6     7     5     1     3     6    12    17
     4     2     3     6     7     0     2    23    48
     5     3     0    10    10     7     3     7    20    42
     6     3     0     6     1     6     3     8    13    19
     7     4     7    10     0     0     3    11    43    47
     8     3     0     8     9     0     1    55
     9     5     3     6     7     0     1    26
    10     8     0     7     3     6     2    30    36
    11     8     4     0     8     6     2    25    28
    12     2     7     7     0     4     1    15
    13     8     1     0     8     9     1    48
    14     6     0     5     8     5     1    18
    15     1     9     1     0     0     3    24    39    60
    16     3     0     3     7     1     1    27
    17     4     7     4     1     5     2    21    31
    18     1     9     0     5     6     2    22    57
    19     1     2     0     4     0     1    33
    20     2    10     1     0     6     1    54
    21     7     2     4     6     1     3    26    29    32
    22     5     4     9    10     0     2    35    44
    23     5     0     5     4     5     2    42    50
    24     7     2     3     0     7     1    40
    25    10     5     7     2     0     1    34
    26     4     3     7     0     8     1    28
    27     1     0     5     9     9     1    52
    28     9     9     4     5     6     1    38
    29     4     4     5     2    10     1    56
    30     7     8     0     4     0     2    51    58
    31     5     7    10     4     2     1    41
    32     2     4     1     6     0     1    47
    33    10     7     0     5     8     2    36    50
    34     1     9     0     8     3     1    51
    35     9    10     5     6    10     2    37    43
    36     3     9     8     8     0     1    49
    37     7     0     2     1    10     1    51
    38    10     9     8     2     4     1    53
    39     7     4     9     6    10     1    44
    40     9     8     8     1     8     1    53
    41     2     0     8     1     3     1    48
    42     4     5     9     3    10     1    45
    43    10    10     8     0     7     1    46
    44     1     6     8    10     0     1    55
    45     2     1     4     0     2     2    46    52
    46     1     6     8     0     0     1    59
    47     5     7    10     0     4     2    49    50
    48     4     0     9    10     1     2    49    55
    49     4     4     0     3     3     1    59
    50     9     5     0     1     3     1    57
    51     6     0     7     3     0     1    60
    52    10    10     0     0     7     1    57
    53     7     0     7     0     8     1    58
    54     5     2     3     5     0     2    56    59
    55     1     6     0    10     4     1    56
    56     6     5     1     5     3     1    58
    57     4    10     7     1     0     1    60
    58     9     6     0     3     0     1    61
    59     3     0     0     5     4     1    61
    60     7    10     8     7     0     1    61
    61     0     0     0     0     0     0
--------------------------------------------------------------------------------
INFORMATION OF PROJECT 2:
#jobs  release  duedate
    62     0    77
#local resources
     2
R_L1   R_L2   
    33    35
jobnr.  dur.  r_G1  r_G2  r_L1  r_L2  #succ.  successors
     0     0     0     0     0     0     3     1     2     3
     1     5     2    10     5    10     3     4     5    26
     2     4     2     5     1     6     3    11    31    32
     3     4     1     3     9     6     3    10    12    40
     4     7     8     1     2     2     2     6    42
     5    10     1     8     6     6     3     7    21    27
     6     3     1     7     8     4     2     9    14
     7     7     7     4     2     6     3     8    17    19
     8    10     3    10     7    10     2    29    48
     9     6     6     6     4    10     1    37
    10     5     4     1     9     1     1    22
    11     2     1     3     9     4     2    19    25
    12     7    10     1     8     3     3    13    15    30
    13     5     5     6     1     3     1    16
    14     2     3     8     5    10     2    28    36
    15     6     4     8     1     7     1    16
    16    10     4    10     9     4     1    24
    17    10     6     8     4     9     1    18
    18     7     3    10     7     5     2    41    45
    19     1    10     2     5     6     1    20
    20     1    10     5     2     8     2    23    51
    21     6     3     4    10     7     3    29    34    52
    22     1    10     2     7     7     1    39
    23     6     4    10     3     2     1    40
    24     1     4     7     6     7     1    37
    25     4    10     8     7     3     1    40
    26     2     6    10     5     7     1    55
    27     4     4     6    10    10     1    35
    28     3     3     4     9    10     2    33    48
    29     5     4     7     7     8     1    59
    30     1     2     2     8     5     1    44
    31     9     1    10     7     8     1    58
    32     7     3    10     3     1     1    57
    33     5     1     3     8     8     1    56
    34     4     6     3     1     5     1    49
    35     6    10    10     4     5     2    38    41
    36    10     7     3     9     7     1    51
    37     6     4     8    10     9     1    45
    38     4     7     4     6     6     1    56
    39     3     4     7     4     1     3    43    46    53
    40     7     1     4     4     4     2    47    60
    41     2     5     6     4    10     1    44
    42    10     1     2     2     4     1    43
    43     4     4     6     2     2     1    58
    44    10     4     7     1     3     1    60
    45     2     7     6     3     6     3    49    50    57
    46     9     4     4     1     1     1    51
    47     5     7     8     1     4     2    54    56
    48     3     9    10     6     3     1    54
    49     5     2     5    10     1     1    55
    50    10     2     8     7     7     2    52    55
    51     3     6     9     2     8     1    52
    52     7     1     9     4     3     1    54
    53     1     6     3     8     9     1    57
    54     8    10     5     1     9     1    58
    55     4     4     7     3     1     1    60
    56     2     3    10     6     3     1    59
    57    10     1     3     9     1     1    59
    58     3     9     9     8     7     1    61
    59     2     4     5     6     2     1    61
    60     9     9     7     1     3     1    61
    61     0     0     0     0     0     0
--------------------------------------------------------------------------------
INFORMATION OF PROJECT 3:
#jobs  release  duedate
    62     0   127
#local resources
     2
R_L1   R_L2   
    18    22
jobnr.  dur.  r_G1  r_G2  r_L1  r_L2  #succ.  successors
     0     0     0     0     0     0     3     1     2     3
     1     5    10     2     3     6     3     4     7    52
     2     1     4     9     1     6     3    10    16    46
     3    10     5     1     5     9     3    12    14    23
     4     5     9     1     9     8     3     5     6     8
     5    10     4     7     2     4     3    11    17    48
     6     8     5     1     3    10     3    13    41    44
     7     3     6     6     9     6     3    25    39    55
     8     8     2     1     2     5     3     9    20    22
     9     2     5     5     7     1     3    13    15    21
    10     7     3     3     6     6     3    27    34    35
    11     8     9    10     8     9     3    30    31    33
    12     2     5     1     8     7     2    18    25
    13     2    10     9     5     1     3    43    48    55
    14    10     9     9     5     5     2    40    57
    15     5     7     1     8     9     2    24    39
    16     5     6    10     7     3     1    51
    17     7     8     4     6     8     3    19    28    38
    18    10     2     8     3     9     2    20    56
    19     6     4     2     5     4     3    35    46    49
    20     4     3     1     6     9     2    28    35
    21     9     9     1     3     6     1    32
    22     4    10     9     7     2     3    26    36    45
    23     9     8     9     2     8     1    44
    24     1    10     3    10     2     2    29    49
    25    10     9     6     3     6     3    27    33    37
    26     7     4    10     6     3     3    27    28    41
    27     3     7     8     4     3     1    48
    28     6    10     1     2     8     1    53
    29     4     4     5     6    10     2    36    56
    30     3     5     9    10     2     1    42
    31     5     5     1     6    10     1    32
    32     2     4     2     7     6     1    58
    33     7     7     6    10     3     2    36    40
    34     2     7     8    10    10     1    52
    35     3     3     2    10     1     1    40
    36    10     5     2     8     3     1    54
    37     8     9     4     1     8     1    57
    38     6     9     7     4     6     1    39
    39     9     8     5     2     6     2    42    47
    40     4    10    10     4    10     1    59
    41     9     2     5     2     9     2    43    46
    42     7    10     3     1     7     2    53    56
    43     4     4     9     2     1     1    59
    44     7     6     1     3     6     1    47
    45     5     1    10     8    10     1    47
    46     5     6     1     2     7     3    50    53    55
    47     8     9    10     5     1     2    49    50
    48     3     3     2     1     5     1    59
    49     7     4     8     4     6     2    51    54
    50     5     3     9     1    10     1    51
    51     7     7    10     3    10     1    58
    52    10     6     1     9    10     1    54
    53     7     8     8     9     8     1    57
    54     3     2     5     2     7     1    60
    55     9     4     6     1     7     1    60
    56     6     2     7     8     8     1    58
    57     9     6     5     2    10     1    60
    58     6     1     7     3     9     1    61
    59     1     3     9     8     7     1    61
    60     4     9     3     3     2     1    61
    61     0     0     0     0     0     0
--------------------------------------------------------------------------------
INFORMATION OF PROJECT 4:
#jobs  release  duedate
    62     0   119
#local resources
     2
R_L1   R_L2   
    20    17
jobnr.  dur.  r_G1  r_G2  r_L1  r_L2  #succ.  successors
     0     0     0     0     0     0     3     1     2     3
     1     5     4     9     7     0     3     7     8    25
     2     4     5     0     3     8     3     4     5    17
     3     4     3     7    10     3     3    16    21    51
     4     9     1     3    10     5     3     6    11    14
     5     2     3     0     1     1     3     7    10    12
     6     2     8     9     9     8     3     9    30    32
     7     6     1     0     6     2     3    24    34    43
     8     8     0     4     4     1     3    24    35    41
     9     3     0     5     0     6     2    15    37
    10     9     9     8     6     7     3    19    27    28
    11     8     6     5    10     0     2    28    29
    12     3     7    10     0     6     3    13    24    44
    13    10     0     7     0    10     3    20    25    30
    14     8     7     6     5     7     2    20    26
    15     6     4     5     8     0     2    16    22
    16     3     8     0     5     0     2    33    38
    17    10     7     7     0     6     3    18    23    26
    18     8     0     0     5     4     3    36    48    49
    19     8     1     0     8     8     3    30    31    45
    20     9     9     8     6     7     3    36    46    50
    21     1     5     8     1     2     2    28    29
    22     1     9     0     0     0     2    39    42
    23    10     1    10     3     2     3    38    56    60
    24    10     0     0     5     4     3    38    40    45
    25     7     7     9     8    10     2    33    34
    26     9     8    10     0     0     2    44    53
    27    10     8     0     6     0     2    29    42
    28     6     5     0     2     2     3    31    33    37
    29     4     5     7     1     6     2    31    53
    30     9     2     7     0     4     3    47    48    52
    31     2     9    10     0     2     3    43    47    58
    32     5     8     0     1     6     3    34    35    41
    33     7     0    10     9     9     3    41    43    54
    34     3     9     0     6     2     3    36    39    49
    35     9     4     0     1     6     2    37    44
    36     5    10     2     8     0     1    54
    37     7     0     4     9     8     1    57
    38     9     3     0    10     1     1    42
    39     7     1    10     0     4     3    40    46    55
    40     2     4     1     0     5     3    47    51    52
    41     6     3     4     7     8     1    45
    42    10     9     7     3     1     1    58
    43     4     1     0     9     0     1    49
    44     7     2     3     2     6     2    48    52
    45     8     0     7     9     6     3    46    50    58
    46     5     5    10     4     9     1    53
    47     4     0     0     8     0     2    56    57
    48    10     9     2     2     9     2    51    55
    49     1     2     1     0     0     1    50
    50     1     1     0     2    10     1    55
    51     8     0     8     7     7     1    57
    52     3     0     8     0     4     2    54    60
    53     8     0     0     0     8     1    59
    54     5     1     7    10     2     1    56
    55     4     1     1     0     5     1    59
    56     4     8     0     1     6     1    59
    57     7     7    10     7     0     1    60
    58     2     4     7     0     5     1    61
    59    10     6     2     9     8     1    61
    60     9     8     0     1     2     1    61
    61     0     0     0     0     0     0
--------------------------------------------------------------------------------
INFORMATION OF PROJECT 5:
#jobs  release  duedate
    62     0   121
#local resources
     2
R_L1   R_L2   
    19    16
jobnr.  dur.  r_G1  r_G2  r_L1  r_L2  #succ.  successors
     0     0     0     0     0     0     3     1     2     3
     1     8     3     9     4     0     1     7
     2     2     0     3     8     5     3     4     6    34
     3     2     4     3     8     8     2    32    42
     4     6     6     0     6     1     2     5     9
     5     8     3    10     9     6     2     8    17
     6     7    10     6     0     0     3    14    15    31
     7    10     0     0     3     3     3    12    16    17
     8     8     5     2     0     1     3    10    13    21
     9     6     2     4     1     7     1    18
    10     1     7     8     0     3     3    11    19    26
    11     3     4     9     2     8     2    33    50
    12    10     0     8    10     8     3    22    28    34
    13     3     3     0     9     0     3    22    37    48
    14     2     3     0     4     5     3    20    25    33
    15     8     0     3     3    10     1    52
    16     5     0     4    10     1     3    20    29    54
    17     5     2     2     6     5     3    23    45    58
    18     6     0     2     0     2     1    39
    19     4     4     4     0     9     3    24    33    41
    20     9    10     7     1     2     1    23
    21     8     1     3     8     2     3    35    36    43
    22     9     9     8    10     8     3    44    47    52
    23     7     0     3     9     0     3    27    43    48
    24     3     9     0     0     1     2    50    60
    25     9     0     4     0     9     2    30    35
    26     8     0     0     5     5     1    38
    27     8     6    10     0     4     1    59
    28     9     5     3     0     9     2    29    30
    29     3     5     0     7     9     2    35    37
    30     3     6     0     0    10     2    40    42
    31     2     8     0     9     9     1    49
    32     9     7     9     4     0     2    36    38
    33     4     3     2    10     4     1    56
    34    10     3     8     9     1     3    43    46    53
    35     7     2     0     0    10     2    39    49
    36    10     3     4     1     0     1    48
    37     6     3     9     6     2     1    56
    38    10     4     0     3     2     1    44
    39     5     1     8     1     0     1    40
    40     1     1     2     3     0     1    55
    41     8     9     0    10     0     1    54
    42    10     0     7     0     6     2    45    51
    43     4     6     3    10     0     1    56
    44    10     3     7     4     4     3    45    46    54
    45     6     5     0     1     0     2    50    57
    46     9     6     0     6     0     3    49    57    58
    47     6     6     1     7     0     1    55
    48     1     1     8     9     3     3    51    52    57
    49     8    10     2     6     3     1    51
    50     1    10     9     2     2     1    53
    51     3     8     8     0     2     1    55
    52     6     6     5     2     2     1    53
    53     6     8     8     7     5     1    59
    54     4     0     7     0     5     1    58
    55     8     5     6     0     2     1    59
    56     4     7     0     0     5     1    60
    57     4     0     2     0     8     1    60
    58     5     4     2     4     7     1    61
    59     9     2     5     3     5     1    61
    60     2     0     6     0     4     1    61
    61     0     0     0     0     0     0
--------------------------------------------------------------------------------
INFORMATION OF PROJECT 6:
#jobs  release  duedate
    62     0    93
#local resources
     2
R_L1   R_L2   
    20    19
jobnr.  dur.  r_G1  r_G2  r_L1  r_L2  #succ.  successors
     0     0     0     0     0     0     3     1     2     3
     1     9    10     6     6     6     3     6     7    13
     2     7     5     0     0     7     1    54
     3     3     9     3     5     5     2     4    10
     4     6     7     4     0     0     3     5    11    25
     5     4     0     2     8     1     3     8    12    21
     6     5     6     3     0     8     1    22
     7     7     0     9     0     6     3     9    18    33
     8     7     2     4     2     2     2    20    32
     9     2    10     0     4     8     1    23
    10     9     0     5     9     3     3    15    24    33
    11     5     6     3     7     0     1    39
    12     6     0     0     3    10     1    36
    13     1     6     2     0     5     3    14    16    19
    14     4     1     7     7     7     1    60
    15     4     0     4     6     9     3    17    23    27
    16     5     5     7     6     0     1    44
    17     2     0     8    10     3     2    43    45
    18     4    10    10     7     0     3    34    37    38
    19     5    10     3     5     8     2    30    53
    20     3     3     7    10     5     3    28    41    50
    21     7     0     1     6     0     1    26
    22     2     0     8    10     0     1    58
    23    10     5     2     0     7     1    36
    24     1     5     6     0     0     1    29
    25     7     1     1    10     3     2    40    49
    26     5     0     3     0     4     1    30
    27     7     0     9     8    10     1    30
    28     4     6     8     0     2     1    49
    29     6     5     9     9     0     1    57
    30     3     5     6     7     9     3    31    35    47
    31     5    10     8     7     0     1    46
    32     9    10     0     3     8     3    42    46    47
    33     1     2     5     4     0     1    56
    34     6    10     2     6     0     1    41
    35     6     3     5     7     8     1    57
    36     5     6     9     0     3     1    55
    37     5     4     0     5     2     1    39
    38     9     1     4     0     5     1    59
    39     2     3     6     9     7     1    43
    40     9     3     0     0     1     1    42
    41     8     0     5     2     3     1    52
    42     7     9     0     7     0     1    53
    43     3    10     0     2     6     1    57
    44     7     0     0     6     0     2    51    53
    45     9     5     0     6     3     1    55
    46     5     2     0     8    10     2    48    49
    47     8     4     8     8     0     1    51
    48     2     1     5     6     0     1    56
    49     3    10     2     3     2     2    51    52
    50     8     4     2     4     0     1    52
    51     3     5     4     8     0     1    59
    52     4     9     3     0     4     1    55
    53     5     3     7     5    10     1    59
    54     4     0    10     5     0     1    60
    55     3     3     9     8    10     1    58
    56     5     9     0     3     4     1    58
    57     6     9     7     8     4     1    60
    58     4    10     0     3     6     1    61
    59     2     3     6     8     1     1    61
    60     5     5     0     0     8     1    61
    61     0     0     0     0     0     0
--------------------------------------------------------------------------------
INFORMATION OF PROJECT 7:
#jobs  release  duedate
    62     0   120
#local resources
     2
R_L1   R_L2   
    21    22
jobnr.  dur.  r_G1  r_G2  r_L1  r_L2  #succ.  successors
     0     0     0     0     0     0     3     1     2     3
     1     4     9     4     6     8     3     5     7    12
     2     9     5     4     5     6     3     4     6    24
     3     7     3     1     2     4     1     9
     4     2    10     8     5     7     3    15    32    34
     5     1     9    10     5     1     1    30
     6     6     1    10    10     9     3    11    14    35
     7     8     2     1     6     5     3     8    10    23
     8    10     7     2     8     3     1    18
     9     8    10     2    10     9     2    26    53
    10     7     8     6     4     8     3    13    17    27
    11     1     3     3     7     9     2    25    30
    12     2    10     8    10     7     2    16    21
    13     4     1     1     3     3     3    22    37    38
    14     9     1     8     1    10     2    19    31
    15     7     5     1     2     7     1    60
    16     7     6     7     5     3     1    35
    17     6     3     2    10    10     3    20    29    36
    18     3     8     2     7     8     2    19    50
    19     8     3     7    10     7     1    44
    20     6     1     4     8     2     1    40
    21     4     6     9     5     2     1    33
    22    10    10     4     2     5     1    30
    23     4     8     3     8     1     2    43    45
    24     7     1     3     6     8     2    26    46
    25    10     1     5     4     4     2    28    40
    26     2     8     6     5     9     1    47
    27     7     5     7     4    10     1    58
    28     3     1     5     6     2     1    56
    29     1    10     1     4     9     1    45
    30     8     5     3    10     5     1    58
    31     8     9     7     9     5     3    41    42    48
    32     1     2     5     2     4     1    39
    33     5     4     5     4     8     2    44    51
    34     1     1     9     6     3     1    52
    35    10     4     2     3     5     1    54
    36     5     9     3     1     3     1    39
    37     9     3     4     9     3     2    55    57
    38     1     5     7    10     4     1    59
    39     5    10     5     5     8     1    50
    40     7     5     7     8     6     2    45    49
    41     6     3     6     3     6     1    54
    42     9     2     3     9     6     1    53
    43     8     5     9     5     6     1    50
    44     2     8     7     4     3     1    49
    45     1    10     2     3     1     1    52
    46     8     5     3     9     6     1    55
    47     5     5     6     9     4     1    58
    48    10    10     3     9     4     1    60
    49     1     4     3     3     7     2    53    55
    50     7     6    10     5     6     1    51
    51     9     5     2    10     2     1    52
    52     7     9     7     1     8     1    57
    53     1     5    10     3     2     1    54
    54     7     5    10     1     6     1    59
    55    10     5     2     9    10     1    60
    56     3     6     2     2     2     1    57
    57     8     9     2     8     9     1    59
    58     5     7     4     5     4     1    61
    59     3     1     8     5     1     1    61
    60     7    10     2     3     6     1    61
    61     0     0     0     0     0     0
--------------------------------------------------------------------------------
INFORMATION OF PROJECT 8:
#jobs  release  duedate
    62     0   120
#local resources
     2
R_L1   R_L2   
    18    18
jobnr.  dur.  r_G1  r_G2  r_L1  r_L2  #succ.  successors
     0     0     0     0     0     0     3     1     2     3
     1     2     4     1     8     6     3    12    20    31
     2     9     6     4     5     9     3     9    45    59
     3     8     7     5     5    10     3     4     7    10
     4     3     8     9     8     3     3     5     6    16
     5     2     8     6     7    10     1    47
     6     5     5     1     4     5     2    37    50
     7     2     6     3     8     3     3     8    11    41
     8     3     7     7     9     8     1    34
     9    10     7     8     4     1     3    17    19    22
    10     3     4     9     5     6     3    29    43    57
    11     2     2     2     9     5     1    13
    12     5     7     9     8     4     3    14    15    23
    13     7     5     5    10     7     3    18    21    31
    14     8     8     7     9    10     1    28
    15     4     9     2     2     1     2    21    24
    16     6     2     8     1     2     2    21    27
    17    10     8     9     8     4     1    44
    18     2     4     4     1     3     1    28
    19     1     8     2     7     6     2    37    53
    20     1     6    10    10     7     2    25    38
    21    10     5     2     1     7     2    30    44
    22     4     8     4     4    10     3    25    29    32
    23     2     5     9     7     3     3    25    34    50
    24     5     6     7     4     5     3    40    49    58
    25     1     4     8     9     9     3    26    49    51
    26     8     6     8    10     4     1    55
    27     2     9    10     3     8     3    31    33    35
    28     6     7     5     5     8     1    40
    29     3    10     2     1     6     2    37    53
    30     9     6     8     3     7     1    60
    31     2     6     7     7     4     1    36
    32     9     9     5     2     8     3    38    39    44
    33    10     6     2     9     4     2    47    48
    34     2     3     5     2     9     1    42
    35     7     9     5     4     3     3    36    42    56
    36     8     6     8     9     3     2    43    57
    37     5     1     8     4     3     2    39    52
    38     8     4     4     1     2     1    53
    39    10     2     4    10     8     1    51
    40     4     4     7     7    10     1    46
    41     1     1     9     2     8     3    45    46    55
    42     6     1     5     2     6     1    48
    43     7     9     9     4     2     1    45
    44     3     8     3     9     4     2    47    50
    45     1     8     1     5     1     1    52
    46     6     1     9     6     3     1    48
    47     5     3     6     5    10     3    49    54    55
    48     1     9     9     6     2     1    57
    49     5     9    10     6     8     1    52
    50     2     4     4     2     2     2    51    54
    51     7    10     6     8    10     1    56
    52     4     3     2     4     5     1    60
    53    10     5     3     9     1     1    54
    54     4     1     6     4    10     1    56
    55     4     1     9     6     7     1    58
    56     7     1     4     6     3     2    58    60
    57     6    10     4     2     6     1    59
    58     9     2     3     8     7     1    61
    59     8     7     5     1     2     1    61
    60     2     9     6     2     5     1    61
    61     0     0     0     0     0     0
--------------------------------------------------------------------------------
INFORMATION OF PROJECT 9:
#jobs  release  duedate
    62     0   111
#local resources
     2
R_L1   R_L2   
    24    22
jobnr.  dur.  r_G1  r_G2  r_L1  r_L2  #succ.  successors
     0     0     0     0     0     0     3     1     2     3
     1     8     9     7     1     9     3     4     5     9
     2     9     7     5     2     5     3     7    12    15
     3     3     2     5     3     6     1     6
     4     5    10     7     1     6     3    11    16    18
     5     5     7     4     6    10     3     8    10    36
     6    10     8     1     7     5     3    21    27    41
     7     8     6     3     8     6     3    17    33    34
     8     5     3     1     7     4     3    19    30    39
     9     2     6     6     3     4     2    13    14
    10    10     7     8     5     4     3    31    32    44
    11    10    10     5     8     6     3    26    32    56
    12     3     2     3     2     8     2    13    20
    13     6     9     4     9     8     2    22    23
    14     9     4     6     2     4     3    28    40    49
    15     1     7     3     1     1     3    44    46    49
    16     9     9     2     5     5     3    23    29    44
    17    10     5     1     6     1     2    42    47
    18     8     3    10     9     7     1    24
    19     8     3     8     2     2     2    22    53
    20     3     7     7     8     7     1    25
    21     7     5     5     9     5     1    54
    22     8     1     7     8     9     2    26    38
    23     1     8     1     7     8     1    45
    24     2     3    10     7     5     1    41
    25     1     6     6     6     6     1    30
    26     2    10     4     3     7     1    43
    27     5     1     9     7    10     2    35    52
    28     8    10     3     4     7     3    29    32    37
    29     9     8    10     9     9     3    38    43    46
    30     1    10     8     5     4     3    41    43    54
    31     2     4     6     4     6     1    39
    32     1     4     9     6     8     2    42    57
    33     3     9     9     6     7     2    35    37
    34     6     2     9     6     8     2    35    36
    35     2     4     4    10    10     1    39
    36     4     3     7     2     8     2    38    56
    37     4     7     5     9     8     1    46
    38    10     6     2     4     3     2    51    57
    39     4     8     9     3     3     1    45
    40     2     5     5     4     2     1    50
    41     9     1     8     1    10     1    53
    42     2     4     2     5     3     1    58
    43     8     4     1     5     4     1    59
    44     4    10     6     6     8     3    45    58    59
    45     5     1     8     7     5     1    51
    46     5     5     8     3     6     1    53
    47     2     6     4     6     1     2    48    49
    48     5     1     6     5     8     2    51    52
    49     3     9     2     7     6     2    55    60
    50     2     3     9     7     1     1    52
    51     7     6     1     6     5     1    60
    52     6     4     5     4     2     2    54    60
    53     5     3     9     5     2     1    55
    54     9     5     7     2     1     1    55
    55     1     9     8     5     7     1    56
    56     8     9     6     9     5     1    57
    57     6     9    10     1     7     2    58    59
    58     8     3     7     1     8     1    61
    59     4    10     5     8    10     1    61
    60     9     6     1     8     6     1    61
    61     0     0     0     0     0     0
--------------------------------------------------------------------------------
INFORMATION OF PROJECT 10:
#jobs  release  duedate
    62     0   142
#local resources
     2
R_L1   R_L2   
    16    16
jobnr.  dur.  r_G1  r_G2  r_L1  r_L2  #succ.  successors
     0     0     0     0     0     0     3     1     2     3
     1     4     1     0     5     0     3     4     7    15
     2    10     0     5     4     8     3     5     6    13
     3    10     3     9     4     3     2    19    28
     4     6     9     8    10     0     3    11    20    24
     5     9     8     7     9     6     3     9    11    27
     6     1     0     8     6     1     2     8    17
     7     6     0     6     6     2     3     8    12    14
     8     2     3     5     7     1     2    10    25
     9    10     8     7     0     1     3    22    28    32
    10    10     0     3     1     0     3    19    27    47
    11     9     6     5     0     8     2    16    18
    12     1     0     0     3     6     3    19    44    55
    13     3     3     9     8     7     3    16    21    42
    14    10    10     3     7     9     2    48    57
    15     8     0     0     0     4     2    21    43
    16     3    10     5     1     9     3    17    23    38
    17     5     8     8     1     4     3    33    40    41
    18     3     6     0     0     4     2    23    37
    19     3     1     3     0     0     2    20    36
    20    10     7     4     1     5     3    30    45    50
    21     2     1     5     3     4     3    30    35    45
    22     7     6    10     0    10     2    31    37
    23     5     3     2    10     7     3    25    26    34
    24     6     6    10     9     8     3    35    47    53
    25     4     0     6     2     8     2    29    39
    26     7     0     0     9    10     3    35    39    49
    27     8     0     3     2     8     3    30    33    37
    28     6    10     4     9     0     2    29    40
    29     1     5     2     5     2     3    33    41    52
    30     8     6     0     0     0     2    57    59
    31     3     0     7    10     1     2    34    36
    32     7     6     9     9     6     3    34    44    49
    33     8     6     0     5     0     1    58
    34     4     8     8     9     2     3    40    47    52
    35     7     5     0     6     0     2    48    60
    36     1     1     3     5    10     2    38    43
    37    10     9     4     6     6     3    38    39    43
    38     2     1    10     4     0     2    49    52
    39     1     4     4     2     0     2    41    50
    40     1     0     7     9     9     2    46    48
    41     3     1     3     0     6     2    46    55
    42     1     5     8     6     5     2    44    58
    43     3     5     8     2     0     2    45    46
    44     9     7     0     3     0     1    56
    45    10     0     7     9     0     1    51
    46    10     0     0     1     9     2    51    54
    47     4     0     6     5     2     2    54    60
    48     8    10     0     3     5     1    55
    49     2     1     0     7     4     2    50    51
    50     8     8     4     2     0     2    54    56
    51     6     3     9     7     1     1    53
    52     7     2     0     3    10     1    53
    53     4    10     0     9     0     1    56
    54     9     1     6     0     4     1    58
    55     7     3    10     0     5     1    59
    56     1     5     1     6     3     2    57    59
    57    10     4     9     7     5     1    60
    58     6     0    10     7     0     1    61
    59     9     0     5    10     0     1    61
    60     1     0     3     1     0     1    61
    61     0     0     0     0     0     0
--------------------------------------------------------------------------------
INFORMATION OF PROJECT 11:
#jobs  release  duedate
    62     0   162
#local resources
     2
R_L1   R_L2   
    21    19
jobnr.  dur.  r_G1  r_G2  r_L1  r_L2  #succ.  successors
     0     0     0     0     0     0     3     1     2     3
     1    10     7     9     3     9     3     5     6    17
     2     1     4     7     9     8     3     4     8    10
     3     8     2     4     8    10     2    44    48
     4    10     5     9     1     8     2     9    19
     5    10     9     7     8     8     2     7    38
     6     7     1     6     5     7     2    36    40
     7     9     2     2     3    10     3    11    14    25
     8     7     9     2    10     2     3    12    30    42
     9     9     3     1     2     6     3    13    20    21
    10     9    10     4     4     4     3    16    18    21
    11     8     3     9    10     8     1    15
    12     7    10    10     2     1     3    24    27    33
    13     6     3     7     6     8     3    17    26    41
    14     1     8     5     6     4     2    44    51
    15     5     3     8     4     7     3    19    23    52
    16     7     6     4     4     1     2    32    45
    17     4     4     3     7     6     1    22
    18     6     3     1     7     5     2    39    60
    19    10     2     5    10     8     1    51
    20     9     7     9     2     1     1    47
    21     8     5    10     9     5     2    23    25
    22     8     8     4    10     7     3    28    42    47
    23     3     7     2     4     2     2    29    57
    24     9     9     1     7     5     2    28    53
    25     9     1     1     5     3     2    30    31
    26     6     7     3     2     9     1    34
    27    10     4     4     2     5     2    28    29
    28     8     2     3     4     2     1    51
    29     9     9     2     4     1     2    36    47
    30     5     8     9     8     5     2    36    60
    31     8     3    10     9     6     1    37
    32     7     1     3     9     6     3    33    35    50
    33     5     2     5     2     9     1    37
    34     7     2    10     8     6     3    43    46    54
    35     3     6     9    10     5     2    46    59
    36     8     7     6     5     2     1    56
    37     7     3     7     8     1     2    43    54
    38     7     9     5     7     7     2    39    40
    39     4     7     3     5     8     2    43    58
    40     7     2     1     6     5     2    41    53
    41    10     8     7     9     7     3    50    55    57
    42     5     1     5    10     8     1    49
    43     9     7     3     5     4     1    57
    44    10     9     5    10     2     1    45
    45     6     2     2     9     3     2    46    49
    46     8     8     6     5    10     1    52
    47     9     6     4    10     2     1    54
    48     4     2     7    10     4     2    49    50
    49     1     7     3     3     1     2    52    56
    50     6     2     5     7    10     1    58
    51     5     9     6    10     4     1    55
    52     9     9    10     1     6     1    53
    53     6    10     5     2     5     1    60
    54     5     8     5     2     7     2    55    56
    55     5     6     3     6     3     1    58
    56     5     2     9     7     7     1    59
    57     8     4     8     1     1     1    59
    58     4     5     9     9     4     1    61
    59     4     4     6     7     1     1    61
    60     8    10     8     3     3     1    61
    61     0     0     0     0     0     0
--------------------------------------------------------------------------------
INFORMATION OF PROJECT 12:
#jobs  release  duedate
    62     0   143
#local resources
     2
R_L1   R_L2   
    16    16
jobnr.  dur.  r_G1  r_G2  r_L1  r_L2  #succ.  successors
     0     0     0     0     0     0     3     1     2     3
     1     7     4     5     7     8     3    12    17    33
     2     4     0     3     9     5     3    23    41    48
     3     5     9     0     7     0     3     4     6    11
     4     9     3     5     1     9     3     5    25    27
     5     8     3     2     6     4     3    20    28    34
     6     8     0     0     1     8     3     7    13    14
     7     6    10     1     0     0     3     8    10    15
     8     8     5     0     4     3     3     9    26    38
     9     2    10     0    10     4     2    19    21
    10     9     7     3     0     0     3    25    27    37
    11     9     3     0     7     4     3    17    36    39
    12     9     7     4     5     1     3    19    28    44
    13     2     8     0     0    10     3    15    21    28
    14     1     4     0     6     2     2    16    24
    15     7     2     1     4     1     2    41    43
    16     4     9     0     0     8     2    38    39
    17     4     0     9     5     3     3    18    30    32
    18     4     8     6     6     1     1    34
    19    10    10     0     4     7     3    20    45    49
    20     5     7     7     0     3     3    22    35    37
    21     4     1     0     0     0     3    32    33    42
    22     8     4     5     0    10     3    31    42    47
    23     3     4     0     8     3     2    36    47
    24     1     0     0     6     0     3    29    38    50
    25     6     1     8     6     9     3    32    33    41
    26     9     5     9     3     8     2    29    31
    27     7     3    10     9     9     3    29    40    51
    28     2     6     3     0     4     3    31    45    48
    29    10     0     0     1     0     3    35    46    55
    30     9     4     5     0     9     2    35    43
    31     8    10     0     6     1     1    50
    32     2     5     1     1     9     3    34    40    55
    33     2     9     5     9     1     1    56
    34     2     0     6     2     1     3    49    51    58
    35    10     0     4     8     3     2    54    56
    36     6     5     3     5     8     3    43    53    55
    37     5     9     4     0     9     2    39    47
    38     4     3     0     4     9     1    40
    39     9     7     0     5     4     2    42    52
    40     2     1     0     2     9     3    44    52    53
    41     1     8     0     3     2     3    49    51    52
    42     2     1    10     0     4     1    46
    43     9     2    10    10     0     2    45    59
    44     6     7    10     0     7     1    46
    45     1     1     0     8     6     1    60
    46     3     2     5     1     3     1    48
    47     8    10     5     9     2     1    54
    48     5     9     0     8     7     1    58
    49    10     0     9     0     3     1    50
    50    10     0     2     5     4     1    53
    51     4     5     0     9     1     1    60
    52     8     9     0     7     3     2    54    56
    53     4     4     1     4     0     2    59    60
    54    10     0     8     9     0     1    57
    55     5     4     5     4     5     1    57
    56     8    10     2     1     0     1    57
    57    10     0     5     9     3     2    58    59
    58     9     2     3    10     8     1    61
    59     5     1     0     9     7     1    61
    60     4     0     2     0     8     1    61
    61     0     0     0     0     0     0
--------------------------------------------------------------------------------
INFORMATION OF PROJECT 13:
#jobs  release  duedate
    62     0    87
#local resources
     2
R_L1   R_L2   
    27    35
jobnr.  dur.  r_G1  r_G2  r_L1  r_L2  #succ.  successors
     0     0     0     0     0     0     3     1     2     3
     1     9     7     6    10     2     3     4     5     9
     2    10     6     2     4     1     3     8    17    24
     3     1     6     9     2     3     3     6     7    10
     4     4     6     5     6     9     3    12    16    48
     5     1     9     3     7     6     3     7    11    42
     6     6     7     8     7     2     3    17    27    34
     7     2     1    10     6     2     3    14    32    52
     8     7    10     4     8     1     2    11    27
     9     4     7     9     9     2     3    21    46    55
    10     1     4     3     8     2     3    14    15    31
    11     3     3     8     3     6     2    13    59
    12    10     8     2     6     8     3    19    20    23
    13     4     2     8     6     9     1    49
    14     7     5     6     5     9     2    16    29
    15     9     1     1     9     1     3    18    26    30
    16     2     8     9     9     6     3    33    45    47
    17     3     1    10     6    10     3    22    48    55
    18     9    10     6     2     9     3    44    45    49
    19     5     3     6     2     8     3    22    26    34
    20     1     7    10     2    10     3    22    28    41
    21     8     7     6     4     5     3    25    31    49
    22     5    10     4     3     8     3    33    35    36
    23    10     3     5     2     2     3    24    38    46
    24    10     4     2     6     8     3    30    35    36
    25     4     4     8     7    10     3    32    35    37
    26     7     4     9     2    10     3    32    40    50
    27     5     6     4     5     2     2    29    48
    28     4    10     4     2    10     1    33
    29     9    10     4     2     2     3    39    45    50
    30     8     7     7     2     4     3    43    52    55
    31     4    10     2     8     6     3    34    36    42
    32    10     1     3     1     8     3    38    51    56
    33     3     5     2     4     3     3    37    50    58
    34     8     4    10     1     6     3    37    39    44
    35     7    10     2     8    10     2    42    54
    36     7     1     1     9     1     2    40    60
    37     5     8     2     9     1     1    38
    38    10     9     1     5     3     1    43
    39     7     8     9     8     7     3    40    43    56
    40     4    10     6     9     6     1    53
    41     6     5     7     8     9     2    46    53
    42     3     1     3    10     3     1    44
    43     1     6     1     1     6     1    54
    44     7    10     1     2     5     1    47
    45     8     8     7     4     2     1    54
    46     1    10     6     7     3     2    47    52
    47     8     8     4    10     2     1    57
    48     4     1     1    10     8     1    51
    49    10     8     1     1     4     1    57
    50     1    10     3    10     8     2    51    60
    51     6     5     6     3     1     1    53
    52     4     8     1     5     8     1    57
    53     1    10     3     2     2     1    59
    54     2     2     4     3     9     1    59
    55     6     9     7     1     6     1    56
    56     3     8    10     6     4     2    58    60
    57     2     4     8     3     6     1    58
    58     9     4     7     1     4     1    61
    59     5    10     5     5     5     1    61
    60     1     2    10    10     2     1    61
    61     0     0     0     0     0     0
--------------------------------------------------------------------------------
INFORMATION OF PROJECT 14:
#jobs  release  duedate
    62     0   101
#local resources
     2
R_L1   R_L2   
    20    20
jobnr.  dur.  r_G1  r_G2  r_L1  r_L2  #succ.  successors
     0     0     0     0     0     0     3     1     2     3
     1     3     5     1     8     2     3     9    10    54
     2     2     3     0     5    10     3     4     7    15
     3     5     4     0     6     7     3     5     6    52
     4     5     0     3     0     3     1    14
     5     2     4     1     4     2     3    16    26    29
     6     6     4    10     9     9     3     8    11    12
     7    10     8     7     9     8     2    27    57
     8     9     2     0     0     6     3    18    22    60
     9     1     9     0     0     4     1    12
    10     6     7     0     3     1     3    17    38    40
    11     3     2     3     8     7     2    13    19
    12     9     1     2    10     4     2    14    43
    13    10     0     3    10    10     3    39    41    45
    14     1     2     3     8     0     1    50
    15     1     0     0     0     7     1    20
    16     6     7     0     0     0     1    33
    17     9     9     4    10    10     1    46
    18     1     9     5     6     7     1    24
    19     3    10     7     3     0     2    23    31
    20     2     1     9     6     0     1    21
    21     1     9     1     7     8     3    25    34    51
    22     6     0     1     3     7     1    55
    23     9     5     2    10     9     1    27
    24     8     0     6    10     0     2    30    47
    25     8     6     8     5     7     1    45
    26     4     8    10     0     0     1    28
    27     5     0     6     9     9     1    32
    28     3     6     0     3     0     1    33
    29    10     0     0     0     8     3    35    36    49
    30     8     6     3     2     6     1    42
    31     1     0     0     9     9     1    56
    32     1     3     3     7     4     1    44
    33     4     2     4     1     2     2    37    48
    34     2     0     5     3     4     1    49
    35     4     3     9     0     0     1    59
    36     3     0     4     0     1     2    38    41
    37    10     5     4     0     4     1    46
    38     5     9     3     1     9     1    47
    39     9     4     0     6     3     2    40    53
    40     9     5     0     2     7     1    58
    41     2    10     1     7     8     1    42
    42     7     9     4     2     0     1    51
    43     3     5     8     7     6     2    48    53
    44     2     0     0     3     2     1    56
    45     6     1     7     0     0     1    54
    46     9     0     8     0     4     1    47
    47     5     3     9     2     6     1    53
    48     9     0     1     5     8     1    55
    49     5     5     0    10     5     1    54
    50     7     3     0     9     2     2    57    58
    51     3     0     0     7    10     1    58
    52    10     0     7     7     9     1    56
    53    10     0     0     7     0     1    57
    54     6     1     1     5     6     1    55
    55     4     5     0     3     2     1    59
    56     6     5     6     0    10     1    60
    57     7     1     6     4     0     1    59
    58     1     3    10     2     9     1    61
    59     6     9    10     9     4     1    61
    60    10     8     8     4     3     1    61
    61     0     0     0     0     0     0
--------------------------------------------------------------------------------
INFORMATION OF PROJECT 15:
#jobs  release  duedate
    62     0   105
#local resources
     2
R_L1   R_L2   
    24    20
jobnr.  dur.  r_G1  r_G2  r_L1  r_L2  #succ.  successors
     0     0     0     0     0     0     3     1     2     3
     1     6     6     9     2     1     1    27
     2     3     3     8     9     4     3     5     6     9
     3     7     7     5     5    10     3     4     7    18
     4     1     4     7     2     3     3    13    19    32
     5     8     2     9     6     9     1    24
     6     9     7     6     7     7     3     8    10    16
     7     1    10     3     6     8     3    14    33    53
     8     4     7     4    10     7     2    11    17
     9     4     9     5     5     5     3    15    20    42
    10     2    10     5    10     8     3    12    36    43
    11     7     1     2     1     5     2    22    25
    12     4     3     8     2    10     1    40
    13     3     3     2     6     5     1    35
    14     3     9     7     5     8     3    21    37    56
    15     6     1     8     8     1     1    34
    16     3    10     7     6     8     3    27    30    33
    17     8     3     6     4     1     2    31    36
    18     2     8     7     4    10     3    23    26    52
    19     5     9     1    10     5     1    48
    20     7     6     6     8     9     1    28
    21     3     7     3     7     2     1    31
    22     3     7     1     1     8     2    34    50
    23     6     7     6     1    10     1    30
    24    10     3     2     3     1     1    58
    25     2     6     3     6     7     3    26    29    54
    26     2     9     9     6     5     1    37
    27     6     1     6     9    10     1    47
    28    10     2    10     9     3     1    52
    29     4     7     1     4     3     1    57
    30     7     4     1     3     5     1    39
    31     8     8    10    10     6     1    44
    32     6     5     8     7     3     1    46
    33     5     1     7     4     6     1    38
    34     6     9     4     3     2     1    39
    35     8     3     1     4     4     1    41
    36     3     5     1     9     2     2    41    49
    37     5     1     3     2     6     1    60
    38     3     7     2     1     4     1    60
    39     2     4     7    10     9     1    49
    40    10     2     2    10     7     1    45
    41     7     9     2     8     1     1    57
    42     8    10     8     7     3     3    44    45    48
    43     5     5     2     6     7     1    55
    44     2     1    10     8     2     1    51
    45     1     9     3     7     3     1    49
    46     9     7     1     8     1     1    50
    47     9     7    10     1     2     1    56
    48     9     9     4     1     3     1    53
    49     3     1     5     1     7     1    51
    50     9     4     8     3     7     1    60
    51     7     6     3    10     5     1    59
    52     3     6    10     3     1     1    53
    53     8     3     6     6     4     1    57
    54     6     7     6     3     9     2    55    58
    55     7     7     7    10     3     1    59
    56    10     9     4     9    10     1    58
    57     7    10     3     4     8     1    59
    58     4     5     5     5    10     1    61
    59     9     6    10     2     1     1    61
    60     5     7     8     1     7     1    61
    61     0     0     0     0     0     0
--------------------------------------------------------------------------------
INFORMATION OF PROJECT 16:
#jobs  release  duedate
    62     0    67
#local resources
     2
R_L1   R_L2   
    41    39
jobnr.  dur.  r_G1  r_G2  r_L1  r_L2  #succ.  successors
     0     0     0     0     0     0     3     1     2     3
     1     4     8    10     3     3     3     4     5    10
     2     6     3     6     2     2     3     6    11    29
     3     2    10     7     7     6     1    41
     4     7     9     3     9    10     3     7    17    20
     5     3     2     1     1    10     3     8     9    23
     6     7    10     2    10     2     3    13    14    15
     7     9     2     8     6     3     1    55
     8     8     9     8     6     8     3    16    47    50
     9     3     8     9     8     8     3    12    22    52
    10     1     1     1     6     5     3    24    25    33
    11     9     5    10     8     6     1    37
    12     2    10     9     9    10     1    31
    13     1     7     6     7     6     1    19
    14     3     9     9     9     9     2    28    40
    15     7     2     7     1    10     3    18    26    32
    16     9     7     1     8     4     3    27    35    45
    17     8     5     9     2     3     1    53
    18     2     2     8     3    10     1    22
    19     1    10     1     2     1     1    47
    20     6     8     4     9     2     1    21
    21     5     6    10     8     5     1    30
    22     6     8     2     8     8     1    35
    23     5     4     3     2    10     3    28    36    48
    24     9     7    10     2     8     2    30    54
    25     1     7     7     2     5     1    44
    26     8     7     1     7     9     1    37
    27     9     3     8     5     8     2    29    31
    28     2     7     5     7    10     1    54
    29    10     6     8     6     6     1    52
    30     4     8     9     8     9     1    47
    31     7     6     9     8     9     2    38    46
    32     3     9     7     3     2     1    34
    33     7     3     2    10     7     1    42
    34     2     6    10    10     5     1    39
    35     9     4     1     2     2     1    60
    36     4     2     7    10     8     1    49
    37     6     6    10     9    10     1    49
    38     8     2     4     2    10     1    60
    39     1     4     5     3     1     2    43    51
    40     3     2     1     8     7     2    51    55
    41    10     7     7     7     6     1    44
    42     3     8     1     6     1     1    57
    43     5     4     2     8     2     1    44
    44     6     9     1     1    10     2    45    48
    45    10     5     7     4    10     1    54
    46    10     9     2     9     1     1    59
    47     2     5     2     6     3     1    51
    48     7     1    10     2     4     1    55
    49     3     1     1     3     4     1    52
    50     7     1     7     8     8     1    56
    51     2     5     8     9    10     1    59
    52     7     9     1     7     2     1    58
    53     2     2     3     6     8     1    60
    54     2    10    10     7     8     2    56    57
    55    10    10     5     2     2     1    58
    56     4     3     6     8     4     1    58
    57     7     4     7     3     5     1    59
    58     2     1     8     2     4     1    61
    59     3     3     4     4     7     1    61
    60     3     7     7    10     8     1    61
    61     0     0     0     0     0     0
--------------------------------------------------------------------------------
TRANSFER TIMES OF GLOBAL RESOURCE G1
 DEPOT    P1    P2    P3    P4    P5    P6    P7    P8    P9   P10   P11   P12   P13   P14   P15   P16
     0    16    12    19    15    30    19    28    23    18    22    27    22    29    22    11    35
    16     0    18     4     8    19    31    21    38    32     7    39     6    39    27     7    45
    12    18     0    22    21    24    30    36    25    27    23    37    22    21    33    12    28
    19     4    22     0     7    20    33    18    42    34     4    40     5    43    27    10    49
    15     8    21     7     0    26    26    15    38    28    11    34    12    42    20    10    48
    30    19    24    20    26     0    48    36    48    47    17    56    15    40    45    20    45
    19    31    30    33    26    48     0    32    24     6    37     9    37    41    13    28    45
    28    21    36    18    15    36    32     0    49    35    20    37    22    56    21    24    62
    23    38    25    42    38    48    24    49     0    18    44    27    44    22    35    32    25
    18    32    27    34    28    47     6    35    18     0    38    11    38    36    18    28    41
    22     7    23     4    11    17    37    20    44    38     0    44     2    44    31    13    50
    27    39    37    40    34    56     9    37    27    11    44     0    45    46    17    36    50
    22     6    22     5    12    15    37    22    44    38     2    45     0    42    32    12    48
    29    39    21    43    42    40    41    56    22    36    44    46    42     0    48    33     7
    22    27    33    27    20    45    13    21    35    18    31    17    32    48     0    26    54
    11     7    12    10    10    20    28    24    32    28    13    36    12    33    26     0    39
    35    45    28    49    48    45    45    62    25    41    50    50    48     7    54    39     0
--------------------------------------------------------------------------------
TRANSFER TIMES OF GLOBAL RESOURCE G2
 DEPOT    P1    P2    P3    P4    P5    P6    P7    P8    P9   P10   P11   P12   P13   P14   P15   P16
     0    25     9    21    26    13    19    16     7    18    24    24    25    21    19    16    30
    25     0    19    37    45    19    43    21    31    14    22    39    37    44    22    36     6
     9    19     0    28    27    15    27    19    16    18    15    22    22    29    11    24    24
    21    37    28     0    40    19    19    17    17    25    43    42    44    18    39     7    42
    26    45    27    40     0    38    25    41    25    43    30    10    14    27    26    34    50
    13    19    15    19    38     0    27     4    16     8    28    35    36    28    25    18    24
    19    43    27    19    25    27     0    28    12    34    40    30    33     3    35    13    48
    16    21    19    17    41     4    28     0    18     8    32    38    39    29    29    18    25
     7    31    16    17    25    16    12    18     0    23    30    25    28    14    25    11    37
    18    14    18    25    43     8    34     8    23     0    28    39    39    35    26    25    18
    24    22    15    43    30    28    40    32    30    28     0    21    18    42     5    39    25
    24    39    22    42    10    35    30    38    25    39    21     0     5    32    18    36    43
    25    37    22    44    14    36    33    39    28    39    18     5     0    36    16    38    41
    21    44    29    18    27    28     3    29    14    35    42    32    36     0    38    13    50
    19    22    11    39    26    25    35    29    25    26     5    18    16    38     0    35    26
    16    36    24     7    34    18    13    18    11    25    39    36    38    13    35     0    41
    30     6    24    42    50    24    48    25    37    18    25    43    41    50    26    41     0
--------------------------------------------------------------------------------
Additional Information: 
global resource strength = 0.2
transfer time factor = 0.5
adapted from RCPSP instances: 
[j609_1, j6014_7, j6029_10, j6041_10, j6025_3, j609_5, j6013_1, j6029_9, j6029_8, j6041_6, j6029_6, j6041_8, j6046_3, j609_10, j6013_5, j6014_5]
