--------------------------------------------------------------------------------
PORTFOLIO INFORMATION:
#projects
    16
#global resources
     2
R_G1   R_G2   
   216   225
--------------------------------------------------------------------------------
INFORMATION OF PROJECT 1:
#jobs  release  duedate
    62     0   104
#local resources
     2
R_L1   R_L2   
    17    16
jobnr.  dur.  r_G1  r_G2  r_L1  r_L2  #succ.  successors
     0     0     0     0     0     0     3     1     2     3
     1     6     5     0     5     4     3     4     8    10
     2     7     8     0     0     7     3     5     6    34
     3     4     9     2     8     9     3     7    17    26
     4     9    10    10    10     5     2     9    13
     5     5     2     5     1     0     1    20
     6     3     6     0     0     5     1    57
     7     2     7     1     0     1     1    59
     8     2     4     0     7     5     3    11    12    33
     9     3     0     7     1     2     1    51
    10     4     0     0     9     6     2    14    29
    11     1     5     1     9     2     3    18    34    51
    12     5     0     1     2     9     2    27    31
    13     6     4     3     7    10     3    18    28    53
    14     7     9     0     8     2     2    15    16
    15     5     6     5     3     7     2    19    38
    16     4     1     0     8     4     2    21    22
    17     5     0     0     3     9     3    24    47    55
    18     1     8     7     0     5     3    19    46    48
    19     7     5     0     0     0     2    31    43
    20     3     0     1     7     8     3    25    32    38
    21     3     7     8     3     9     1    36
    22     9     8     1     6     4     2    23    27
    23     2     3     7     7     5     3    35    46    60
    24     4    10     8    10     0     1    39
    25     7    10     6     0     2     3    28    37    41
    26     2     6     6     2     0     1    42
    27     2     9     5     0     0     3    37    49    54
    28     8     2     6     7     3     3    30    39    42
    29     5     1     1     0     0     1    52
    30     1     0     0     2     4     3    36    43    44
    31     6     0     3     0     5     1    41
    32     5    10     1     4     7     3    44    45    48
    33     7     7     3     9     6     1    41
    34     1     9     1     6     6     1    42
    35    10     4     4     7     0     3    36    37    40
    36     8     2     0     8     7     1    48
    37     4     2     9    10     0     3    43    45    58
    38     7     6     6    10     3     3    44    47    52
    39     7     0     9     3     5     1    54
    40     5     0     0     6     7     2    45    47
    41     1     1     2     7    10     1    59
    42     6     5     0     0     0     1    54
    43     3     9     4    10     1     1    55
    44     3    10     3    10     7     2    46    57
    45     1     0     0     0     5     1    53
    46     2     1     0     0     9     1    56
    47     9     6     4     0     6     1    51
    48     2     4     8     2     3     2    50    52
    49     6     0     3     0     3     3    50    53    57
    50     4     4     0     8     5     1    56
    51     2     1     0     0    10     1    58
    52     4     7     3     2     0     1    56
    53     6     4     2     1    10     1    55
    54     3    10     8     8     6     1    60
    55     4     0     0     7     5     1    59
    56     6     2     3     7     0     1    58
    57     9     0     1     4     2     1    60
    58     7     4     8     5     6     1    61
    59     9     8     3     4     4     1    61
    60     8     1     0     3     0     1    61
    61     0     0     0     0     0     0
--------------------------------------------------------------------------------
INFORMATION OF PROJECT 2:
#jobs  release  duedate
    62     0    98
#local resources
     2
R_L1   R_L2   
    17    17
jobnr.  dur.  r_G1  r_G2  r_L1  r_L2  #succ.  successors
     0     0     0     0     0     0     3     1     2     3
     1     3     8     2     5     1     3     9    10    54
     2     2     5    10     3     0     3     4     7    15
     3     5     6     7     4     0     3     5     6    52
     4     5     0     3     0     3     1    14
     5     2     4     2     4     1     3    16    26    29
     6     6     9     9     4    10     3     8    11    12
     7    10     9     8     8     7     2    27    57
     8     9     0     6     2     0     3    18    22    60
     9     1     0     4     9     0     1    12
    10     6     3     1     7     0     3    17    38    40
    11     3     8     7     2     3     2    13    19
    12     9    10     4     1     2     2    14    43
    13    10    10    10     0     3     3    39    41    45
    14     1     8     0     2     3     1    50
    15     1     0     7     0     0     1    20
    16     6     0     0     7     0     1    33
    17     9    10    10     9     4     1    46
    18     1     6     7     9     5     1    24
    19     3     3     0    10     7     2    23    31
    20     2     6     0     1     9     1    21
    21     1     7     8     9     1     3    25    34    51
    22     6     3     7     0     1     1    55
    23     9    10     9     5     2     1    27
    24     8    10     0     0     6     2    30    47
    25     8     5     7     6     8     1    45
    26     4     0     0     8    10     1    28
    27     5     9     9     0     6     1    32
    28     3     3     0     6     0     1    33
    29    10     0     8     0     0     3    35    36    49
    30     8     2     6     6     3     1    42
    31     1     9     9     0     0     1    56
    32     1     7     4     3     3     1    44
    33     4     1     2     2     4     2    37    48
    34     2     3     4     0     5     1    49
    35     4     0     0     3     9     1    59
    36     3     0     1     0     4     2    38    41
    37    10     0     4     5     4     1    46
    38     5     1     9     9     3     1    47
    39     9     6     3     4     0     2    40    53
    40     9     2     7     5     0     1    58
    41     2     7     8    10     1     1    42
    42     7     2     0     9     4     1    51
    43     3     7     6     5     8     2    48    53
    44     2     3     2     0     0     1    56
    45     6     0     0     1     7     1    54
    46     9     0     4     0     8     1    47
    47     5     2     6     3     9     1    53
    48     9     5     8     0     1     1    55
    49     5    10     5     5     0     1    54
    50     7     9     2     3     0     2    57    58
    51     3     7    10     0     0     1    58
    52    10     7     9     0     7     1    56
    53    10     7     0     0     0     1    57
    54     6     5     6     1     1     1    55
    55     4     3     2     5     0     1    59
    56     6     0    10     5     6     1    60
    57     7     4     0     1     6     1    59
    58     1     2     9     3    10     1    61
    59     6     9     4     9    10     1    61
    60    10     4     3     8     8     1    61
    61     0     0     0     0     0     0
--------------------------------------------------------------------------------
INFORMATION OF PROJECT 3:
#jobs  release  duedate
    62     0    66
#local resources
     2
R_L1   R_L2   
    40    41
jobnr.  dur.  r_G1  r_G2  r_L1  r_L2  #succ.  successors
     0     0     0     0     0     0     3     1     2     3
     1     6    10     8     6     6     1    18
     2     1     8     8     5     6     1     4
     3    10     6     8    10     6     3     7     8    16
     4     2     3     1     7     5     3     5     6    10
     5    10     5     4     3     4     3     9    13    23
     6     8    10     8    10     3     3    11    21    31
     7     9     3     8     4     9     2    19    60
     8    10     2     6     1    10     3    12    15    20
     9     4     3     7     8     2     2    17    28
    10     1     5     3     8     4     1    29
    11     4     5     5     3     7     2    14    17
    12     4     2     4     7     6     3    42    44    45
    13     5     7     7     6     7     2    40    57
    14     6     3     9     6     7     1    30
    15     3     9     2     9     2     1    32
    16     9     6     7     8    10     2    24    25
    17     6     7     7     2    10     1    18
    18     9     7     3    10     7     1    56
    19     1     2     2     2     7     2    27    35
    20     7     5     2     7    10     2    39    48
    21     4     9     1     1     4     3    22    34    47
    22     1     2     8     7     9     1    28
    23    10     9     9     1     1     2    26    59
    24     9     6     1     5     1     1    53
    25     4     2     4     8     6     1    27
    26    10     5     7     5     8     1    38
    27     8     3     7     7     7     3    33    49    50
    28     1     7     8     5     2     2    37    43
    29     7     7     1     7     4     1    50
    30     2     6    10    10     7     1    36
    31     8     6    10     7     6     1    35
    32     2     3     3     2     2     1    51
    33     1     3     6     1     4     1    52
    34    10     6     2     8     2     1    37
    35     2     8     2    10     2     1    52
    36     1     5     6     3    10     2    41    44
    37     3     7     2     6     3     1    46
    38     1     3     7     8     5     1    44
    39     4     1     9     1     5     2    50    54
    40    10     8     9     2     1     1    41
    41     2    10     8     5    10     1    43
    42     8     6     6     2    10     2    46    56
    43     9     5     6     3     7     1    55
    44     2     5     1     9     1     1    49
    45     9     3     1     9     2     1    53
    46     5     9     6     1     6     3    54    55    58
    47     5     9    10     6     7     1    53
    48     4     1     8     8     4     1    49
    49     4     9     1     2     9     1    56
    50     9     9     6     1     6     1    57
    51     3     4     3     3    10     1    57
    52     7     2     4     4     7     1    59
    53     8     1     1    10     7     1    54
    54     8    10    10     6     6     1    60
    55     2     3     5    10     9     1    60
    56    10     7     5     4     3     1    58
    57     4     2     7    10    10     1    58
    58     9     3     6     6     6     1    61
    59    10     9     6     3     2     1    61
    60     1     6     6     9     7     1    61
    61     0     0     0     0     0     0
--------------------------------------------------------------------------------
INFORMATION OF PROJECT 4:
#jobs  release  duedate
    62     0    95
#local resources
     2
R_L1   R_L2   
    20    18
jobnr.  dur.  r_G1  r_G2  r_L1  r_L2  #succ.  successors
     0     0     0     0     0     0     3     1     2     3
     1     8     0     6     0     5     3     8    10    23
     2     6     6     2     1     0     1     5
     3     8    10     1     0     0     3     4    24    25
     4     3     3     0     9     9     3     6    12    31
     5     1     1     0     0     6     3    37    53    54
     6    10     0     5     1     3     3     7    11    13
     7     6     3     7     7     2     3    45    51    55
     8     8     7     2     0     6     3     9    15    18
     9    10     7     0     3     0     1    42
    10     7    10     3     0     0     1    43
    11     8     0     0     9     8     3    20    26    50
    12     4     8     9     2    10     3    14    38    39
    13     6     4     6    10     2     1    21
    14     1     4    10     2     7     3    16    22    34
    15     4     2     0     8     0     3    17    20    30
    16     5     0     4     8     6     3    19    29    32
    17     3     4     2     2     9     3    28    38    45
    18     4     0     3     0     4     3    24    49    56
    19     1     4     8     5    10     3    40    48    59
    20     5     7     8     9     0     2    28    32
    21     5     3     8     7     0     1    27
    22     6     9     6     8     2     2    44    47
    23     4     1     8    10     2     2    32    35
    24     8     0     4     6     9     1    26
    25     2     3     4     0    10     2    33    47
    26     5     7     4    10     5     1    34
    27     3     7     3     0     6     2    35    60
    28     4     0     0    10     7     3    39    42    46
    29     1     0     8     5     6     3    30    46    55
    30     2    10     9    10     0     1    47
    31     1    10     0     3     9     1    37
    32     6     7     9     4     2     1    48
    33     2     6     9     4     3     2    41    60
    34     5     6     1     1     8     2    36    40
    35     2     9     6     6     0     3    36    45    49
    36     2     0     5     5     0     1    41
    37     5     0     6    10     6     1    57
    38     7     5     7    10     4     1    41
    39    10     2     2     0     1     3    48    51    55
    40     9     2     0     0     0     2    42    58
    41     5     6     0    10     9     1    54
    42     4     0     3     9     0     1    57
    43     2     3     3     9     0     2    44    53
    44     5     2     1     4    10     1    51
    45     2     4     4     0     9     1    52
    46     1     0     0     4     8     1    49
    47     1     2     0     7     0     2    50    58
    48     6     8     3     5     0     1    53
    49     6     0     9     0     1     2    54    58
    50     4     3     3     2     4     1    52
    51     6     0     0     2     0     1    52
    52     3     8     7     4     6     1    56
    53     1     1     3     2     0     1    57
    54    10    10     4     9     8     1    59
    55     7     8     0     9     7     1    56
    56     8     2     7     0     8     1    59
    57     1     4     4     5    10     1    60
    58     6     6     8     5    10     1    61
    59     1    10     5     0     0     1    61
    60     7     6     8     2     5     1    61
    61     0     0     0     0     0     0
--------------------------------------------------------------------------------
INFORMATION OF PROJECT 5:
#jobs  release  duedate
    62     0   107
#local resources
     2
R_L1   R_L2   
    22    24
jobnr.  dur.  r_G1  r_G2  r_L1  r_L2  #succ.  successors
     0     0     0     0     0     0     3     1     2     3
     1     2     4    10     3    10     2    11    20
     2     1     2     7     5     4     3     4     5    22
     3     8     2     5     1     9     3     8    14    21
     4    10     4     3     6     1     1     8
     5    10     6     2     9     9     3     6     7     9
     6     1     6     9     6    10     2    13    34
     7     7     4     2     6     5     1    39
     8     4     1    10    10    10     3    10    24    26
     9     2     9     7     8     9     3    23    43    48
    10     2     7     5     4    10     1    12
    11     5     7     2     2     3     3    15    35    60
    12     1     9     1     9     1     1    19
    13     3     3     2    10     9     3    16    33    36
    14     2    10     2     6     3     1    29
    15     1     2     3     7     1     1    27
    16     1    10     3     9    10     2    17    18
    17     2     8     8     4     3     2    30    31
    18     3     2     8     2    10     3    40    43    50
    19    10     4     9     1     4     1    25
    20     6     3     8     2     2     1    29
    21    10     7     9     4     4     1    28
    22     7    10    10     8     9     1    55
    23     9     8     1     7     9     1    37
    24     2    10     4     5     9     1    41
    25     3    10     1     2     4     1    33
    26     6    10     1     5     9     2    32    40
    27     8     7     5     9     7     1    40
    28     9     6     6     3     5     2    45    57
    29     7    10     9     5     1     1    41
    30     8    10     2    10     4     1    38
    31     1     5     5    10     7     1    46
    32    10     6     7     5    10     2    41    51
    33     2     1     9     5     3     1    47
    34     8     4     3     5     7     2    49    54
    35     2     4     6     9     1     1    47
    36     7    10     4     4     3     3    45    53    58
    37     5     6     9     7     8     2    42    52
    38     2     1     7    10     4     1    49
    39     8     2    10     6    10     1    49
    40    10     3     3     6    10     1    53
    41     7     9     6    10     9     2    45    56
    42     3     8     9     9     9     2    54    60
    43     7     7     6     9     8     1    44
    44     5    10     3     8     8     1    60
    45    10     7     3     8     1     1    46
    46     9     5     6     1     6     1    59
    47     5     8     4     3     1     1    52
    48    10     2    10     6     4     1    56
    49     9     5     7     8     1     1    59
    50     5     4     1     5     3     2    53    58
    51     6     2     1     8    10     1    54
    52    10     1    10     4     2     1    55
    53     9     3     3     5     3     1    59
    54     7     6     4     3     4     1    55
    55     4     8     2     3     9     1    57
    56     7     7     3     2     3     1    57
    57    10     5     5     3     2     1    58
    58     5     4     6     7     1     1    61
    59    10     1     9     1     3     1    61
    60     6     1     8     9     4     1    61
    61     0     0     0     0     0     0
--------------------------------------------------------------------------------
INFORMATION OF PROJECT 6:
#jobs  release  duedate
    62     0   108
#local resources
     2
R_L1   R_L2   
    24    23
jobnr.  dur.  r_G1  r_G2  r_L1  r_L2  #succ.  successors
     0     0     0     0     0     0     3     1     2     3
     1     8     7     7     9     6     2    34    39
     2     8     7     4    10     8     3     4     9    24
     3     8     7     6     6     1     3     5     8    11
     4     6     5     9     5     8     2     7    18
     5     8     2     9     9     5     3     6    13    27
     6     7     8    10     2    10     3    40    48    60
     7     9    10     7     6     7     3    12    14    21
     8     8     5     4     4     5     3    10    17    22
     9    10     5     8     2     1     2    23    30
    10     1     7     2     4     4     1    25
    11     7     4     1     1     9     1    28
    12     1     9     7     4     9     1    20
    13     7     9     6     1     9     2    35    44
    14     1     5     7    10     4     3    15    16    45
    15     9     8     4     1     7     1    38
    16    10     7     2     5     2     2    37    46
    17     8     8    10    10     3     3    19    26    29
    18     4    10     3     9     7     1    51
    19     1     6     1     3     1     1    48
    20     2     8     6     8     5     1    27
    21    10     6     7     9     4     1    49
    22     7    10     4     3     7     2    33    47
    23     5     2     5     4     4     2    54    57
    24     8     6     6     2     7     1    37
    25     9     4     9    10     6     2    28    58
    26    10     1    10     8     7     1    49
    27     4     8     8    10     7     1    31
    28     4     6     4     4     5     1    30
    29    10     9     7     3    10     1    32
    30     7     4     9    10     7     1    59
    31     5     5     1     6     4     2    42    50
    32     1     2     9     2    10     2    38    55
    33     5    10     6     7     1     2    36    43
    34     5     5     6     8     2     1    50
    35     4     5     2     8     4     1    55
    36    10     5    10    10     8     1    56
    37     5     6     2     2     7     1    49
    38     6     6     7     3     3     2    52    59
    39     3     3     8     4     3     2    40    53
    40     3     2     9     2     4     1    41
    41     8     5     6     5    10     1    56
    42     4     1     6     8     1     1    57
    43     7     9     7     3     6     2    52    57
    44     4     7     7     1     2     1    58
    45     6     1     4     9     2     1    48
    46    10     3     3     9     2     1    56
    47     7     7     4     7     8     1    52
    48     7     1     6    10     6     1    51
    49     5    10     1     9    10     1    54
    50     3    10     2     2     4     1    53
    51     2     4     5     1     2     1    54
    52     9     3     5     1     9     1    53
    53     5     3    10     2     8     1    60
    54     5     8     3     2     5     1    55
    55     3     3     3     7     5     1    59
    56    10     7     5     2     1     1    58
    57     2     3     1     8     1     1    60
    58     8     6     6     2     3     1    61
    59     4     4     4     6     3     1    61
    60     7     7     7    10     8     1    61
    61     0     0     0     0     0     0
--------------------------------------------------------------------------------
INFORMATION OF PROJECT 7:
#jobs  release  duedate
    62     0    70
#local resources
     2
R_L1   R_L2   
    32    37
jobnr.  dur.  r_G1  r_G2  r_L1  r_L2  #succ.  successors
     0     0     0     0     0     0     3     1     2     3
     1     3     4     6     6     5     1     7
     2     9     8     3     1     2     1    17
     3     6     9     3     5     2     3     4     5     6
     4     5     4     6     4     9     3     8    10    53
     5     7     5     6     5     2     3    11    35    53
     6     3     4     1     1     9     1    39
     7     2    10     3     2     5     3    12    15    28
     8     5     2     7     5     7     2     9    18
     9     6     5     5     5     2     2    22    24
    10     1     1     6     6     7     3    13    14    36
    11     6     7     5     5     2     3    32    56    60
    12     8     5     2     8     4     1    16
    13    10     9     5     6     9     3    19    27    31
    14     6     6     1     3     4     1    45
    15     3     3     6     9     9     1    44
    16    10     4     1     5    10     1    24
    17     4    10     8    10     5     3    19    21    47
    18     6     9     1     4     7     1    20
    19     2     5     1     8     3     1    23
    20     2     4     2     2     5     2    26    57
    21     7     1     8    10     5     2    25    37
    22     7     2     2     6     6     1    42
    23     1     6     5    10     1     1    26
    24     2    10     4     2     7     1    39
    25    10     3    10     8     7     1    29
    26     2     3     8     7    10     1    32
    27     2     3     5     6     4     1    50
    28     8     6     3     3     8     1    49
    29     7     4     1     2     2     3    30    34    52
    30     4     7     7     6     3     1    56
    31    10     9     1     3     5     1    56
    32     8     8     6     5     7     1    33
    33     4     4     6     4     1     2    41    49
    34     8     6     7     9     3     2    43    50
    35     7     7     6     3    10     1    38
    36     9     1    10     2     6     2    40    55
    37     6     6     8     1     7     2    42    59
    38     6     4     6    10     6     1    42
    39     9     9     8     3     8     1    47
    40    10     5     9     2     8     3    43    46    48
    41     4     4     5     4     2     1    48
    42     9     5     9     6     8     1    46
    43     3     8     9     3     6     1    60
    44     2     5     8     2     1     1    54
    45     9     9     6     3     3     2    46    55
    46     3     6     6     4     3     1    57
    47     6     3     4     7     8     1    51
    48     1     6     9     1     5     1    54
    49     1     9     7     5     5     2    51    58
    50     8     6     4     6     5     1    54
    51     9     1     3     9     4     1    59
    52     3     4     4     3    10     1    55
    53     3     4     8     1     9     1    60
    54     9     3     9     7     9     1    59
    55     8    10     2     7     7     1    57
    56     9     5     1     1     4     1    58
    57     1     8     9     6     2     1    58
    58     6     6     3     5     2     1    61
    59     3     6     5     8     7     1    61
    60     8     4     1     2     4     1    61
    61     0     0     0     0     0     0
--------------------------------------------------------------------------------
INFORMATION OF PROJECT 8:
#jobs  release  duedate
    62     0   124
#local resources
     2
R_L1   R_L2   
    22    19
jobnr.  dur.  r_G1  r_G2  r_L1  r_L2  #succ.  successors
     0     0     0     0     0     0     3     1     2     3
     1     5     3     6    10     2     3     4     7    52
     2     1     1     6     4     9     3    10    16    46
     3    10     5     9     5     1     3    12    14    23
     4     5     9     8     9     1     3     5     6     8
     5    10     2     4     4     7     3    11    17    48
     6     8     3    10     5     1     3    13    41    44
     7     3     9     6     6     6     3    25    39    55
     8     8     2     5     2     1     3     9    20    22
     9     2     7     1     5     5     3    13    15    21
    10     7     6     6     3     3     3    27    34    35
    11     8     8     9     9    10     3    30    31    33
    12     2     8     7     5     1     2    18    25
    13     2     5     1    10     9     3    43    48    55
    14    10     5     5     9     9     2    40    57
    15     5     8     9     7     1     2    24    39
    16     5     7     3     6    10     1    51
    17     7     6     8     8     4     3    19    28    38
    18    10     3     9     2     8     2    20    56
    19     6     5     4     4     2     3    35    46    49
    20     4     6     9     3     1     2    28    35
    21     9     3     6     9     1     1    32
    22     4     7     2    10     9     3    26    36    45
    23     9     2     8     8     9     1    44
    24     1    10     2    10     3     2    29    49
    25    10     3     6     9     6     3    27    33    37
    26     7     6     3     4    10     3    27    28    41
    27     3     4     3     7     8     1    48
    28     6     2     8    10     1     1    53
    29     4     6    10     4     5     2    36    56
    30     3    10     2     5     9     1    42
    31     5     6    10     5     1     1    32
    32     2     7     6     4     2     1    58
    33     7    10     3     7     6     2    36    40
    34     2    10    10     7     8     1    52
    35     3    10     1     3     2     1    40
    36    10     8     3     5     2     1    54
    37     8     1     8     9     4     1    57
    38     6     4     6     9     7     1    39
    39     9     2     6     8     5     2    42    47
    40     4     4    10    10    10     1    59
    41     9     2     9     2     5     2    43    46
    42     7     1     7    10     3     2    53    56
    43     4     2     1     4     9     1    59
    44     7     3     6     6     1     1    47
    45     5     8    10     1    10     1    47
    46     5     2     7     6     1     3    50    53    55
    47     8     5     1     9    10     2    49    50
    48     3     1     5     3     2     1    59
    49     7     4     6     4     8     2    51    54
    50     5     1    10     3     9     1    51
    51     7     3    10     7    10     1    58
    52    10     9    10     6     1     1    54
    53     7     9     8     8     8     1    57
    54     3     2     7     2     5     1    60
    55     9     1     7     4     6     1    60
    56     6     8     8     2     7     1    58
    57     9     2    10     6     5     1    60
    58     6     3     9     1     7     1    61
    59     1     8     7     3     9     1    61
    60     4     3     2     9     3     1    61
    61     0     0     0     0     0     0
--------------------------------------------------------------------------------
INFORMATION OF PROJECT 9:
#jobs  release  duedate
    62     0   128
#local resources
     2
R_L1   R_L2   
    18    19
jobnr.  dur.  r_G1  r_G2  r_L1  r_L2  #succ.  successors
     0     0     0     0     0     0     3     1     2     3
     1    10     4    10     9     4     3     4     5    12
     2     6     6     6     7     7     3     8    11    17
     3     5     5     1     1     4     3     6    16    23
     4     8     1     9     6     8     3     7    10    21
     5     3     1     3     9     9     3    11    19    49
     6     6     7     6     3     7     3     9    13    22
     7     6     6     6     1     3     3    14    26    49
     8    10     1    10     7     3     3     9    21    36
     9     9     4     9     5     1     3    18    28    33
    10     6     2     4     5     8     3    17    18    25
    11     1     6     4     5     5     3    15    30    31
    12     7     3     3     4     9     3    29    41    57
    13     6    10     6     2     6     3    18    42    43
    14     2     7     3     6     7     1    50
    15     9     7     4     4     3     3    32    41    57
    16     9     1     7     5     4     3    26    39    42
    17     3     2     7     2     4     1    31
    18     3     3     9     9     7     3    38    39    51
    19     9     1     6     9     1     2    20    43
    20     5    10     7     1     1     3    28    34    56
    21     4     1     2     4     3     3    24    32    40
    22     2     7     8     3     5     1    24
    23     9     7     6    10     1     2    33    36
    24     4     9     2     6     3     3    28    35    37
    25     3     2     4     8     5     3    27    34    50
    26     2    10     6     4    10     2    33    48
    27     9     4    10     5     8     3    32    36    49
    28     7     9    10     7     7     1    41
    29     4     8     7     6     6     3    31    35    50
    30     3    10     2    10     5     3    37    46    52
    31     9    10     9     4     8     2    40    45
    32     8     2     2     7     6     2    38    53
    33     8     9     3     6    10     2    37    40
    34     1    10     9    10     5     3    35    44    53
    35     9     8     3     7     6     1    38
    36    10     3     6    10     4     3    39    46    47
    37     3    10     3     6     8     3    43    45    55
    38     6     9     3     2     8     1    47
    39     6    10     3     7     5     2    44    55
    40     3     9     4     5     7     1    59
    41     1     7     4     5     1     3    44    47    59
    42     5     6     8     3     6     3    45    46    48
    43     2     6     4     6     9     2    51    54
    44     2     1     7     9     3     1    52
    45     6    10     2    10     2     2    53    56
    46     6     4     6     8     3     1    51
    47    10     3     1     7     4     2    48    58
    48     4     4     5     7     5     1    52
    49     1     3     1     7     2     2    54    55
    50    10     9     8     3     9     2    54    58
    51     4     2     4     4     7     1    57
    52     9     1     8     1     9     1    60
    53     2     2     1     9     8     1    60
    54     9     8     7     1     6     1    60
    55     2    10     9     7     6     1    56
    56     2    10     5     9    10     1    59
    57     2     1     4     8     8     1    58
    58     4     6     3     2     8     1    61
    59     9     6     9     1     8     1    61
    60     5     8     4    10     8     1    61
    61     0     0     0     0     0     0
--------------------------------------------------------------------------------
INFORMATION OF PROJECT 10:
#jobs  release  duedate
    62     0   103
#local resources
     2
R_L1   R_L2   
    18    18
jobnr.  dur.  r_G1  r_G2  r_L1  r_L2  #succ.  successors
     0     0     0     0     0     0     3     1     2     3
     1     8     7     0     3     6     2     7    48
     2     2     0     6     4     4     3    15    25    38
     3     6     2     7     0     9     3     4     5     6
     4     9     7     8     0     0     3    12    21    31
     5     2     8     0     2     1     3     8    24    31
     6     8     4     9     6     7     2    19    45
     7     2     5     9     2     6     3     9    27    39
     8     1     9    10     3     0     3    10    14    22
     9     9     1    10     9     4     3    11    35    40
    10    10     9     0     0     1     3    13    17    28
    11    10     1     8     2     3     2    32    36
    12     9    10     8     0     7     3    20    30    59
    13     7     6     7     5     0     3    26    37    53
    14     7     0     3     6     0     3    16    18    37
    15     4     0     7     3    10     1    27
    16     6     5     1     2     0     1    56
    17     9     3     1     0     3     2    42    52
    18     4     0     9     0     6     2    25    29
    19     2     8     0     3     5     3    31    34    55
    20     9     2     9     8     0     2    51    54
    21     7     0     6     0     3     3    26    30    57
    22     9     4    10     5     1     1    23
    23     5     2     1     6     8     3    32    33    39
    24     5     6     4    10    10     1    38
    25     3     0     2     3     4     2    43    51
    26     4     3     6    10     6     2    48    58
    27    10    10     6     4     1     2    41    44
    28     8     8     1     6     8     1    30
    29     5     1     8     0     5     1    57
    30     2     2     0     6     9     3    38    42    54
    31    10     3     2     3     0     2    43    44
    32     5     7     1     8     5     1    50
    33     7     5    10     4     6     2    37    52
    34     8     9     5     6     7     2    44    46
    35     8     6     7     3     2     1    41
    36     3     2    10     8     0     2    49    54
    37    10    10     9     0     0     1    47
    38     4     0     8     2     0     2    43    45
    39     4    10     0    10     7     1    58
    40     7     0     1     2     1     1    42
    41     2     0     0     7     9     2    45    47
    42     6     0     0     1    10     1    46
    43     3     5     0     7     0     1    46
    44     4     4     0     9     7     2    50    57
    45     9     5     0     3     0     2    49    51
    46     9     8    10     8     5     2    53    60
    47     1     0     6     9     6     1    55
    48     3     6     4     6     7     1    55
    49     1     5     2     0     0     1    50
    50    10     0     4     2     9     1    56
    51     7     5     0     1     3     2    52    53
    52     1     0     3     2    10     1    56
    53    10     5     0     2     7     1    58
    54     5     4     5     7     0     1    60
    55     5     0     0     6     5     1    59
    56     6     7     0    10     1     1    60
    57     5     0     5     3     0     1    59
    58     6     0     7     2     7     1    61
    59     2     5     0     7     0     1    61
    60    10     8     0     2     6     1    61
    61     0     0     0     0     0     0
--------------------------------------------------------------------------------
INFORMATION OF PROJECT 11:
#jobs  release  duedate
    62     0    70
#local resources
     2
R_L1   R_L2   
    43    39
jobnr.  dur.  r_G1  r_G2  r_L1  r_L2  #succ.  successors
     0     0     0     0     0     0     3     1     2     3
     1     1     1     2     1     6     3     6     7    18
     2    10     2     6     9     7     3     4     5     8
     3     7    10     8     7     2     2     9    58
     4     1     7    10     2     5     3     6    10    24
     5     3     7     6     8     4     3    13    14    17
     6     4     8     3     1     3     3    15    21    30
     7     8     3     4     3     9     2    19    55
     8     7    10     4     4     5     3    23    31    46
     9     4    10     7     6     8     1    11
    10     3     1     3     4     4     1    12
    11     1     8     9     9     2     1    43
    12     4     3    10     8     9     3    22    33    34
    13     5     8     1     3     1     1    60
    14     9     5     9     3     8     2    25    45
    15     6     2    10     7     6     1    16
    16     4     9     8     3     6     3    20    40    42
    17     1     7     5     1     3     1    43
    18     6     3     4     9     3     1    21
    19     2     6     3     8     3     1    35
    20     7     5     3     6     1     1    28
    21     5     8     3     9     6     1    26
    22     1     6     1    10     3     2    39    48
    23    10     3     1     8     6     1    32
    24     9     2     9     4     6     2    37    50
    25     6     6    10     3     7     3    29    38    41
    26    10     1     2     6     3     1    27
    27     9     3     8     3     4     2    49    51
    28     7     8     4    10     6     1    56
    29    10     2     1     6     8     3    32    33    52
    30     4     1     1     9     3     1    36
    31     2     3     8     9     9     2    33    53
    32    10     5     5     7     6     1    49
    33     8     1     3     4     9     2    35    36
    34     7     6     6     9     7     1    35
    35     7     7     1     8    10     1    47
    36     4     3     6     9     2     1    60
    37     4    10     2     6     9     1    44
    38     1     9     2     4     8     1    44
    39     5     2     9    10     7     1    55
    40     1     8     8     7     7     2    54    59
    41     6     2     8     3     1     1    44
    42     9     9     3     5     3     1    51
    43     8     5     6     7     7     1    51
    44     9     3     6     5    10     1    56
    45     2     3     4     1     4     1    59
    46     1     4    10     4     1     1    53
    47     6     5     2     2     7     1    57
    48     4     1     1     6     6     1    49
    49     2     3     4     3     6     2    53    54
    50     2     8     1     1     8     1    57
    51     5     9    10     9     1     1    55
    52     9     9     4     6     9     1    60
    53     8     1     2     8     2     1    57
    54     7     7    10     8     3     1    56
    55     1     4     7    10     1     1    59
    56     2    10     9    10     2     1    58
    57     1    10     6     5     6     1    58
    58     5     5     4     1     5     1    61
    59     6     6     9     9     6     1    61
    60     8     9     7     3     5     1    61
    61     0     0     0     0     0     0
--------------------------------------------------------------------------------
INFORMATION OF PROJECT 12:
#jobs  release  duedate
    62     0   114
#local resources
     2
R_L1   R_L2   
    18    19
jobnr.  dur.  r_G1  r_G2  r_L1  r_L2  #succ.  successors
     0     0     0     0     0     0     3     1     2     3
     1     4     6     0     9     0     3    17    29    31
     2     8     1     9     1     0     3     4     6    16
     3    10     7     8     4     6     3     7    11    45
     4     7     0     9     8     0     3     5    19    39
     5     9     0     8     0     2     2    13    14
     6    10     0    10     5     3     2     8    10
     7     3     8     7     3     1     3     9    12    30
     8     3     0     4     9     6     1    23
     9     5    10     4     8     0     1    56
    10     3     1     5     0     1     1    21
    11     2     3     5     0     7     3    20    25    26
    12     1     0     6     3     5     2    28    50
    13     4     2     8     5    10     3    18    41    53
    14     7     0    10     8    10     1    15
    15     4     8     6     9     7     2    28    52
    16     9     2     2     4     7     2    46    50
    17     7     0     8     1     6     2    42    46
    18     5     1     4     9     0     1    32
    19     8    10     7     0     3     1    55
    20     5    10     2     0     8     1    22
    21     4     2     8     0     2     1    42
    22     1     2     9     7     0     1    57
    23    10    10     3     2     5     2    24    32
    24     8     5    10     8    10     2    33    35
    25     8     0     0     8     6     3    27    34    53
    26     6     5     5     0     4     1    44
    27     4     1     0     8     1     1    54
    28    10     9     4     8     0     1    40
    29     7     0     6     7     7     2    37    38
    30     7     8     0    10     2     1    41
    31     8     6     7     0     6     2    36    43
    32     9     0     3     7     9     2    48    54
    33     4     7     0     3     9     1    49
    34     3     0     1     5     6     1    51
    35    10     7     0     1     8     1    49
    36     5     0     3     5     0     1    44
    37    10     8     4     0     2     1    57
    38     3     8     4     0     8     1    56
    39     2     3     7     0     0     1    54
    40     1     0     0     7     9     1    49
    41     5     0     9     7     6     1    43
    42     5     9     0    10     4     1    47
    43     9     4     6     9     5     1    44
    44     4     0     0     4     8     1    51
    45     6     6     1     1    10     2    47    51
    46    10     1     0     2    10     1    56
    47     5     9     0     6     9     1    55
    48     3     0     6     0     1     1    59
    49     3     4     3     6     3     1    60
    50     5     0     0     6     2     1    52
    51    10     5     0     3     8     1    55
    52     1     9     3     6     7     1    53
    53     6     4     7     0     7     2    58    59
    54     7     0     8     3     2     1    58
    55     2     9     5     0    10     2    57    60
    56     3     6     0     0     6     1    60
    57     7     3     1    10     6     1    59
    58     7     6     7     8     6     1    61
    59     9     6     0    10     0     1    61
    60    10     0     1     3     3     1    61
    61     0     0     0     0     0     0
--------------------------------------------------------------------------------
INFORMATION OF PROJECT 13:
#jobs  release  duedate
    62     0    92
#local resources
     2
R_L1   R_L2   
    24    26
jobnr.  dur.  r_G1  r_G2  r_L1  r_L2  #succ.  successors
     0     0     0     0     0     0     3     1     2     3
     1     1     0     5     6     7     3     8    10    24
     2     1     7     0     1     0     3     8    18    21
     3     7     9    10     7     7     3     4     5     6
     4     4     2     1     7     2     3    14    15    33
     5     9    10     0     0     6     3    11    13    16
     6     9     1     7     9     8     3     7    17    18
     7     4     0     6     3    10     3     9    12    25
     8     3     6     3     4     7     3    14    29    51
     9     6     8     7     7     8     3    28    39    59
    10     8     4     0     3     8     3    14    20    58
    11     5     0     7     1     2     3    26    33    55
    12    10     2     0     0     0     3    23    35    51
    13    10     6     0     6     5     3    34    41    46
    14     3    10     9     7     3     1    36
    15     2    10    10     9     1     3    17    30    31
    16     6    10    10     9     9     3    19    22    32
    17    10     2     0     5     7     3    26    35    54
    18     3     0     7     0     1     3    40    47    53
    19     5     0     7     3     0     3    37    39    46
    20     6    10     8     8     9     3    22    27    28
    21     8     7     9     0     6     3    40    44    45
    22     3     4     8     6    10     2    29    37
    23     9     3     8     3     9     3    26    30    43
    24     6     4     3     7    10     3    32    38    48
    25     5     9     3     3     2     3    27    33    43
    26     1    10     0     8     9     1    56
    27     4    10     6     4     0     3    45    46    53
    28     8     0     3     2     4     3    29    41    52
    29     9     4     8     9     0     1    49
    30    10     8    10     0     9     3    34    36    53
    31     2     0     0     3     6     3    32    35    38
    32     2     2     0     7     6     2    36    42
    33     2     5     0     1     3     3    44    45    49
    34    10     5     2     1     0     3    37    47    48
    35     1     5     7     9     7     1    56
    36     4     0     8    10     0     1    49
    37     3     0     3     7     6     2    42    55
    38     6     0     2     0     8     3    44    50    52
    39     5     0     0     6     7     2    40    41
    40     2     8     3     8     0     2    43    50
    41     2     0     0     3     6     1    42
    42     2     3     4     5     8     1    60
    43     3     0     6     6     7     1    48
    44     7     0     2     0     0     1    47
    45     2     0     0    10     0     1    59
    46     4     3     3     3     9     1    50
    47     7     0     9     0     0     1    56
    48     5    10     8     6     0     3    52    54    58
    49    10     0     2     3     5     1    57
    50     1     0    10    10     0     1    51
    51     2     4     4     2    10     1    54
    52     5     9     6     6     1     1    55
    53     3     6    10     4     4     2    59    60
    54     4     6     9     9     3     1    57
    55     1     8     0     1     7     1    57
    56     8     0     7     7    10     1    58
    57     7     0    10     0     7     1    60
    58     1     2     6     5     8     1    61
    59     2     0     0     0    10     1    61
    60    10     4     4     7     7     1    61
    61     0     0     0     0     0     0
--------------------------------------------------------------------------------
INFORMATION OF PROJECT 14:
#jobs  release  duedate
    62     0    92
#local resources
     2
R_L1   R_L2   
    22    22
jobnr.  dur.  r_G1  r_G2  r_L1  r_L2  #succ.  successors
     0     0     0     0     0     0     3     1     2     3
     1     1     5     8    10     2     3    10    17    23
     2     7     1     5     5     1     3     7     8    27
     3     1     4     5     9     9     3     4    11    22
     4     5     2    10    10     9     3     5     6    12
     5     6     9     3     7    10     3     9    14    16
     6     9     7     6     4     5     1    25
     7     8    10     9     8     8     3    18    37    57
     8     3     7     2     4     8     1    52
     9    10     1     4     2     3     1    51
    10     9     4     3     5     5     3    13    19    28
    11     8     2     3     1     3     3    13    15    33
    12     5    10     1     3     3     2    25    54
    13     4     9     7     4     5     2    24    36
    14     1     8     3     3     1     1    32
    15     2    10     8     2     8     2    27    42
    16     6     7     4     2     5     3    30    31    35
    17    10     7     9    10     7     1    36
    18     4     3     9     5    10     2    20    26
    19     5     8     3     4     3     1    58
    20     3    10     3    10     4     3    21    38    52
    21     4     9     2     5     1     1    43
    22     8     1     5     5     7     1    37
    23     1     1     1     2     4     1    30
    24     6     1     6     5     9     1    29
    25     6     7     5     1    10     1    51
    26    10     6     8     1     4     2    41    48
    27    10     6     8     5     1     1    45
    28     7     6     7     1     7     1    53
    29     7     5     6     2     9     1    39
    30     5     8     8    10     5     1    58
    31     2     4     9     1     4     2    34    40
    32     6     2     3    10     4     1    36
    33     1    10     6     3     5     1    43
    34     3     3     7     7     9     2    44    58
    35     2     5    10    10    10     1    47
    36     6     9     2     2     6     1    55
    37     7     4     5    10     5     1    45
    38     8     5     9     3     2     1    46
    39     7     8     9     2     8     2    46    50
    40     7     2    10     6     2     1    44
    41     4     4    10    10     4     2    42    49
    42     1     1     1     6    10     1    56
    43     4     8     7     9     3     1    44
    44     6     5     3     5     6     2    54    59
    45     8     7     4     1     5     1    46
    46     1     9     1     4     4     1    59
    47     2     6     6     6     1     1    49
    48     7     4     6     1     7     1    56
    49     8     5     7     7     6     1    50
    50     1     9     9     8     4     1    55
    51     7     7     9     2    10     1    60
    52     8     4     8     3     2     1    55
    53     9     6     9     1     6     1    54
    54     5    10     4     5     1     1    56
    55     1     2     3     7     6     1    60
    56     4     9    10     8     1     1    60
    57     9     5     9     7     3     1    59
    58     2    10     8    10     2     1    61
    59     3     9     9     3     3     1    61
    60     9     3     5     7     3     1    61
    61     0     0     0     0     0     0
--------------------------------------------------------------------------------
INFORMATION OF PROJECT 15:
#jobs  release  duedate
    62     0   119
#local resources
     2
R_L1   R_L2   
    21    19
jobnr.  dur.  r_G1  r_G2  r_L1  r_L2  #succ.  successors
     0     0     0     0     0     0     3     1     2     3
     1     1     5     4     9     2     3    13    14    39
     2     4     9     8     5     3     3     6     7     8
     3     3     1    10     5     5     3     4     9    36
     4     1     9    10     6     5     3     5    21    24
     5    10    10    10     7     8     3    29    40    44
     6    10     5     7     9     2     3    11    12    27
     7     9     5     7     3     4     3    19    35    36
     8     4     6    10    10     2     3    10    14    41
     9     2     2     6     1     3     3    18    22    39
    10     2     9     1     7     2     3    15    25    58
    11     2     2    10     9     8     3    18    20    28
    12     6     9     6     6     7     3    16    25    34
    13     4     4     1     6     2     3    25    26    32
    14     8     8     5     7     6     3    24    33    54
    15     3    10     9     5     3     3    17    36    43
    16     1     1    10    10     9     3    18    19    45
    17     4     9     5     6     6     3    24    29    37
    18     8    10     2     4     4     3    32    35    55
    19     2     3     3    10     9     2    48    53
    20     6     2    10     1     5     3    39    46    53
    21    10     9     4     9     5     3    30    44    49
    22     5     1     3     2     4     3    23    48    53
    23     4     7     3     3     9     3    27    28    33
    24     1     3     5     7    10     2    42    45
    25     1     1     5     2    10     3    28    37    42
    26     3     1     8     2     8     2    27    43
    27     6     8     2    10     6     2    31    38
    28     9     2     5     8     3     2    29    57
    29     8    10     4     2    10     3    46    51    54
    30     6     4     5     8     2     3    37    38    47
    31     1     1     5     6    10     3    35    41    44
    32     6     8     5     6     2     1    54
    33     3     1    10     7     5     2    34    42
    34     4     8     3     2     4     3    38    43    46
    35     8     5     3     8     3     1    49
    36     4     8     6     4    10     1    40
    37     9     8     2     7     4     1    51
    38     5     9    10    10     8     1    58
    39     7     2     3     6     5     3    40    45    49
    40     6     8     4     7     2     2    48    50
    41     7     9     5    10     4     2    47    50
    42     5     6     3     7    10     1    50
    43     1     1     3     5     7     2    52    56
    44     4    10     2     5     3     1    47
    45     9     6     6     7     1     1    60
    46     8     7     5     9     4     2    55    56
    47     3    10    10     5     6     1    58
    48     1     2     5     3     4     1    51
    49     9     9     4    10     7     1    57
    50     8     3     3    10    10     2    52    57
    51     9     3     8     5     6     2    52    56
    52     3     7     2     4     7     1    55
    53     8     6     2     1     6     1    60
    54     6     3     6     4     7     1    59
    55     4     9    10     2     4     1    60
    56     6     3    10     3     4     1    59
    57     9     5     9     6     6     1    59
    58     6     3     6     3     4     1    61
    59     6     2     9     5    10     1    61
    60     4     5     7     5     5     1    61
    61     0     0     0     0     0     0
--------------------------------------------------------------------------------
INFORMATION OF PROJECT 16:
#jobs  release  duedate
    62     0    81
#local resources
     2
R_L1   R_L2   
    34    37
jobnr.  dur.  r_G1  r_G2  r_L1  r_L2  #succ.  successors
     0     0     0     0     0     0     3     1     2     3
     1     6     2     5     1    10     3     4    15    24
     2    10     1     1     2     7     3     7    18    21
     3     9     5     8     7     5     3     5     6     8
     4     9     7     2     3     3     2    36    37
     5     9    10     9     9     7     3    20    23    29
     6     1     3     6     3     5     3    13    47    52
     7     7     2     3     7     1     3    23    25    47
     8     5     6    10     1     5     2     9    12
     9     3     8     1     4     4     2    10    16
    10     9    10     2    10    10     3    11    17    32
    11     8     9     9     6     5     3    30    45    55
    12     4     3     6     1     7     2    14    16
    13     8     2     6     4    10     2    51    59
    14     7     5     2     7     3     1    21
    15     8     5     6     8     2     2    41    58
    16     6     7     6     2     5     2    30    33
    17     6     1     6     8     9     3    19    25    50
    18     7     3     7    10     2     1    39
    19     8     1     3     5     9     1    35
    20    10     5     6     5     2     2    31    46
    21     7     9     3     6     4     2    22    27
    22    10     7     7     6     9     2    37    55
    23     6     2     6     1     5     2    27    28
    24     8     6     4    10     3     2    26    29
    25     1     9    10     9     2     2    38    49
    26     4     5     3     9     1     2    35    50
    27     1     7     7     1     5     2    38    43
    28     8     8    10     8     6     1    34
    29     3     1     6     2     3     3    34    40    50
    30     1     7     4     5     6     2    43    48
    31     8     8    10     8    10     2    32    42
    32     8     7     5     9     6     1    49
    33     9     3     7     9     8     1    60
    34     6     9     5     4     6     3    44    45    53
    35     6     4     1     3     9     1    40
    36     9     8     3     7    10     3    39    48    51
    37     7     2     3     6     4     2    43    45
    38     3     7     4     3     5     1    44
    39     2     2     2     9     8     2    40    42
    40     6     7     2     5     3     2    47    52
    41     9     8     7     1     8     2    44    56
    42     9     7     4     8     3     2    59    60
    43     5     1     7     5     1     1    56
    44    10    10     9     4     6     1    54
    45     4     3     4     3     8     2    46    48
    46     4     2    10     3     8     2    49    59
    47     3     1    10    10    10     1    54
    48     5     7     8     9     2     1    54
    49     8     2     1     3     1     1    58
    50    10     9    10     9    10     2    53    57
    51     1     9     7     2     4     1    55
    52     8    10    10     7     1     1    53
    53     3    10    10     4     8     1    58
    54     9     3     9     9     1     1    57
    55     2     7     2     3    10     1    56
    56     7     4     2     9     6     1    57
    57     1     6     5     1     6     1    60
    58     5     1     8     2     7     1    61
    59     3     6     6     6     2     1    61
    60     4     5    10    10    10     1    61
    61     0     0     0     0     0     0
--------------------------------------------------------------------------------
TRANSFER TIMES OF GLOBAL RESOURCE G1
 DEPOT    P1    P2    P3    P4    P5    P6    P7    P8    P9   P10   P11   P12   P13   P14   P15   P16
     0    28    23    27    26     9    26    28    30    30    10     6    28    23    22    25    23
    28     0    48    55    44    34    13    56    46    42    25    22     3    26    47    32     9
    23    48     0    14    38    15    42    16    19    24    24    28    48    44    27    28    41
    27    55    14     0    31    23    51     2    33    37    33    33    55    44    19    41    49
    26    44    38    31     0    32    48    31    53    54    35    28    46    21    13    50    44
     9    34    15    23    32     0    29    24    22    23    10    14    34    32    25    21    27
    26    13    42    51    48    29     0    52    36    32    19    21    11    34    47    21     6
    28    56    16     2    31    24    52     0    35    39    34    34    56    44    19    42    50
    30    46    19    33    53    22    36    35     0     7    25    32    45    52    43    17    38
    30    42    24    37    54    23    32    39     7     0    23    31    41    51    46    11    34
    10    25    24    33    35    10    19    34    25    23     0     9    24    29    31    16    17
     6    22    28    33    28    14    21    34    32    31     9     0    23    21    27    24    18
    28     3    48    55    46    34    11    56    45    41    24    23     0    28    48    30     8
    23    26    44    44    21    32    34    44    52    51    29    21    28     0    28    44    29
    22    47    27    19    13    25    47    19    43    46    31    27    48    28     0    44    44
    25    32    28    41    50    21    21    42    17    11    16    24    30    44    44     0    23
    23     9    41    49    44    27     6    50    38    34    17    18     8    29    44    23     0
--------------------------------------------------------------------------------
TRANSFER TIMES OF GLOBAL RESOURCE G2
 DEPOT    P1    P2    P3    P4    P5    P6    P7    P8    P9   P10   P11   P12   P13   P14   P15   P16
     0    24    23    10    19    15     7    27    15     2    21     8    17    24    10     1    19
    24     0    47    32    31    13    27    22    37    23    34    25    39    20    15    25    20
    23    47     0    17    27    37    21    44    16    25    29    26    12    43    33    23    37
    10    32    17     0    13    24     5    28    17    11    28    17     8    34    18    10    20
    19    31    27    13     0    29    13    19    29    18    39    27    16    40    21    19    14
    15    13    37    24    29     0    20    28    25    14    22    13    32    12     9    15    22
     7    27    21     5    13    20     0    24    18     7    27    15    13    30    13     7    17
    27    22    44    28    19    28    24     0    41    25    46    34    33    39    21    27     8
    15    37    16    17    29    25    18    41     0    17    14    12    19    29    24    15    33
     2    23    25    11    18    14     7    25    17     0    22    10    18    24     8     3    18
    21    34    29    28    39    22    27    46    14    22     0    13    31    21    26    21    39
     8    25    26    17    27    13    15    34    12    10    13     0    23    19    14     9    26
    17    39    12     8    16    32    13    33    19    18    31    23     0    40    25    17    26
    24    20    43    34    40    12    30    39    29    24    21    19    40     0    20    24    33
    10    15    33    18    21     9    13    21    24     8    26    14    25    20     0    11    14
     1    25    23    10    19    15     7    27    15     3    21     9    17    24    11     0    20
    19    20    37    20    14    22    17     8    33    18    39    26    26    33    14    20     0
--------------------------------------------------------------------------------
Additional Information: 
global resource strength = 0.5
transfer time factor = 0.5
adapted from RCPSP instances: 
[j6025_9, j609_10, j6014_1, j6025_7, j6013_9, j6013_4, j6014_4, j6029_10, j6045_9, j6025_2, j6014_6, j609_7, j6042_10, j6013_7, j6045_10, j6030_5]
