--------------------------------------------------------------------------------
PORTFOLIO INFORMATION:
#projects
    18
#global resources
     2
R_G1   R_G2   
   122   121
--------------------------------------------------------------------------------
INFORMATION OF PROJECT 1:
#jobs  release  duedate
    62     0   129
#local resources
     2
R_L1   R_L2   
    20    21
jobnr.  dur.  r_G1  r_G2  r_L1  r_L2  #succ.  successors
     0     0     0     0     0     0     3     1     2     3
     1    10     9     1     9     8     3     4    29    32
     2     8     5    10     1     2     3     6    13    18
     3     3     1     9     8     8     2    47    56
     4     5     3     7     6     8     2     5    12
     5     9     3     5     4     9     1    42
     6     1    10     2     3     3     3     7     8    23
     7     7     1     6     8     4     3     9    10    16
     8     5    10     2     6     2     2    11    22
     9    10     4    10     8    10     3    14    50    52
    10     7     2     1     4     4     3    15    17    49
    11     8    10     2    10    10     2    30    52
    12     9    10     1     8     8     3    21    50    53
    13     2    10     8     4     9     1    59
    14     2     2     9     2     6     3    19    25    36
    15    10     5     9     1     5     3    20    33    38
    16     4     8     4     7     9     2    21    35
    17     8    10     4     4     5     1    27
    18     1     1     8     9    10     3    23    24    26
    19     1     4     4     6     7     2    20    38
    20     6     2     1     3     5     1    31
    21     1     4     1     1     5     3    34    45    54
    22     7    10    10     4     2     3    28    33    37
    23     3     3     5     4     4     1    53
    24     4     6     4     1     5     2    41    49
    25     4     6     5    10     9     2    27    39
    26     4    10     2     7     7     1    27
    27     2     1     6     9     9     1    35
    28     8     6     7     5     3     2    35    60
    29     6     4     9    10     6     3    41    44    46
    30     9    10     9     5    10     2    34    48
    31     2     9    10     2     3     1    42
    32     7     1     6     9     8     1    47
    33     6     9     1     9     5     3    36    43    52
    34     3     3     1     8     7     2    43    58
    35     8     7     7     8     5     1    48
    36     1     5     4     6     8     1    40
    37    10     6     7     2     1     1    40
    38     8     6     5     9     2     2    42    51
    39     4     5     1     4     4     3    40    41    45
    40     5    10     2     1     9     2    47    54
    41     1     9     3     2     7     1    48
    42     6     3    10    10     7     2    43    46
    43     9    10     1    10     2     1    56
    44     6     6     7     6     7     3    45    49    53
    45    10     2     3     3     3     1    51
    46     7     4     9    10     7     2    55    58
    47     8     6     4     8     9     1    55
    48     2     5     3     8     9     2    54    58
    49     9     4     2     2     9     1    51
    50     2     4     6     9     4     2    59    60
    51     7    10     1     9     4     1    57
    52     7    10     2    10     4     1    55
    53     9     2     2     1     6     1    56
    54     7     6     8     7     7     1    57
    55     7     4     4     3     6     1    57
    56     4     7    10     9    10     1    60
    57     9     7     3     9     1     1    59
    58    10     9     6     9     4     1    61
    59     2     6     4     9     8     1    61
    60     6    10     7     1     1     1    61
    61     0     0     0     0     0     0
--------------------------------------------------------------------------------
INFORMATION OF PROJECT 2:
#jobs  release  duedate
    62     0   106
#local resources
     2
R_L1   R_L2   
    18    21
jobnr.  dur.  r_G1  r_G2  r_L1  r_L2  #succ.  successors
     0     0     0     0     0     0     3     1     2     3
     1     8     7     6     3     0     2     7    48
     2     2     0     4     4     6     3    15    25    38
     3     6     2     9     0     7     3     4     5     6
     4     9     7     0     0     8     3    12    21    31
     5     2     8     1     2     0     3     8    24    31
     6     8     4     7     6     9     2    19    45
     7     2     5     6     2     9     3     9    27    39
     8     1     9     0     3    10     3    10    14    22
     9     9     1     4     9    10     3    11    35    40
    10    10     9     1     0     0     3    13    17    28
    11    10     1     3     2     8     2    32    36
    12     9    10     7     0     8     3    20    30    59
    13     7     6     0     5     7     3    26    37    53
    14     7     0     0     6     3     3    16    18    37
    15     4     0    10     3     7     1    27
    16     6     5     0     2     1     1    56
    17     9     3     3     0     1     2    42    52
    18     4     0     6     0     9     2    25    29
    19     2     8     5     3     0     3    31    34    55
    20     9     2     0     8     9     2    51    54
    21     7     0     3     0     6     3    26    30    57
    22     9     4     1     5    10     1    23
    23     5     2     8     6     1     3    32    33    39
    24     5     6    10    10     4     1    38
    25     3     0     4     3     2     2    43    51
    26     4     3     6    10     6     2    48    58
    27    10    10     1     4     6     2    41    44
    28     8     8     8     6     1     1    30
    29     5     1     5     0     8     1    57
    30     2     2     9     6     0     3    38    42    54
    31    10     3     0     3     2     2    43    44
    32     5     7     5     8     1     1    50
    33     7     5     6     4    10     2    37    52
    34     8     9     7     6     5     2    44    46
    35     8     6     2     3     7     1    41
    36     3     2     0     8    10     2    49    54
    37    10    10     0     0     9     1    47
    38     4     0     0     2     8     2    43    45
    39     4    10     7    10     0     1    58
    40     7     0     1     2     1     1    42
    41     2     0     9     7     0     2    45    47
    42     6     0    10     1     0     1    46
    43     3     5     0     7     0     1    46
    44     4     4     7     9     0     2    50    57
    45     9     5     0     3     0     2    49    51
    46     9     8     5     8    10     2    53    60
    47     1     0     6     9     6     1    55
    48     3     6     7     6     4     1    55
    49     1     5     0     0     2     1    50
    50    10     0     9     2     4     1    56
    51     7     5     3     1     0     2    52    53
    52     1     0    10     2     3     1    56
    53    10     5     7     2     0     1    58
    54     5     4     0     7     5     1    60
    55     5     0     5     6     0     1    59
    56     6     7     1    10     0     1    60
    57     5     0     0     3     5     1    59
    58     6     0     7     2     7     1    61
    59     2     5     0     7     0     1    61
    60    10     8     6     2     0     1    61
    61     0     0     0     0     0     0
--------------------------------------------------------------------------------
INFORMATION OF PROJECT 3:
#jobs  release  duedate
    62     0    69
#local resources
     2
R_L1   R_L2   
    33    37
jobnr.  dur.  r_G1  r_G2  r_L1  r_L2  #succ.  successors
     0     0     0     0     0     0     3     1     2     3
     1     5    10     8     9     2     3     4     6    31
     2     7     6     9     7     8     3     5    11    22
     3     1     3     3    10     2     3    14    19    44
     4    10     5     9     4     8     1    58
     5     1     6     8    10    10     3     7     8     9
     6     6     8     9     4     2     1    13
     7     5     3     2    10     7     2    12    21
     8     2     3     4     2     5     3    13    20    30
     9     2     6     7     9     8     2    10    27
    10     5     9     6     3     3     2    18    41
    11     7     4     8     3     8     2    49    57
    12     3     9     3     7     8     1    39
    13     3     6     1     4     1     2    15    55
    14     9     9     7     4     8     3    16    29    40
    15     7     6     4     2     3     3    17    32    38
    16     9     3     1     5     2     3    37    46    53
    17     9     8    10    10     1     3    23    25    36
    18     3     7     2     4     9     1    48
    19     6     6     7     4     7     1    30
    20     3     5     9    10     7     2    24    46
    21     3     5    10     1     7     1    28
    22     8     3    10     1     1     3    33    34    45
    23     9     8    10     8     5     1    35
    24     6     1    10    10     9     1    26
    25     7     8    10     5     8     1    54
    26     1     5     6     4     9     1    32
    27     8     8     8     7     4     1    48
    28     2     3     2     1     1     1    42
    29     7     2    10     2     3     1    30
    30     1     5     8     6     5     2    50    51
    31     4     8     5     6     3     1    34
    32     5     9     2     3     2     1    47
    33     9     2     1     6     5     1    40
    34     9     9     8     4     1     1    51
    35     9     8     9    10     9     1    52
    36    10     7     1     7    10     1    40
    37     2     6     1     6     2     1    42
    38     1     6    10     2     9     1    43
    39     1     8     8     8     1     1    47
    40     3     6     8     3     1     1    53
    41     5     8     1     4     8     1    59
    42     5     2     8    10     2     1    45
    43     6     6    10     3     3     2    52    54
    44     8     7     2     3    10     1    51
    45     9     3    10     4     3     1    47
    46     5     6     5     9     3     1    55
    47    10     8     9     4     4     1    52
    48     7    10     1    10     9     1    50
    49     2    10     1     1     4     1    50
    50     9     6     9    10     9     1    54
    51     4     3    10     2     1     1    60
    52     3     6     9     2     5     1    57
    53     1    10     4     5     4     1    56
    54     1    10     4     8     7     1    59
    55     6     2     7     6     7     2    58    59
    56     9     7    10     3     5     1    57
    57     2     1     3     5     6     2    58    60
    58     4     2     3     4     2     1    61
    59     5     1     8     8     5     1    61
    60     6     1     7     8     4     1    61
    61     0     0     0     0     0     0
--------------------------------------------------------------------------------
INFORMATION OF PROJECT 4:
#jobs  release  duedate
    62     0   131
#local resources
     2
R_L1   R_L2   
    18    20
jobnr.  dur.  r_G1  r_G2  r_L1  r_L2  #succ.  successors
     0     0     0     0     0     0     3     1     2     3
     1     5     2     5     9     4     3     6    17    33
     2     3     4     2     9     6     3     4     9    10
     3     9     9     3     2     6     3    11    14    24
     4     8     8     4     7     4     2     5     7
     5     3     2     1     1     8     2    18    21
     6     4     2    10     2     6     2     8    15
     7    10     8    10     8     7     2    12    54
     8     2     6     3     1     9     3    31    45    55
     9     3     4     4     4     5     1    50
    10     1     3     9     4     5     3    16    23    37
    11    10    10     1    10     1     3    19    41    47
    12     5     3     2     9     3     1    13
    13     1     4     6     8     9     2    31    52
    14     7     4     9     5     4     2    15    33
    15     3    10     8     4     5     3    20    47    57
    16     7     4     6     4     2     3    26    28    33
    17     2     9     7    10    10     1    22
    18     2     8     8     5     4     2    24    35
    19     7     9     3     2     1     2    30    43
    20     2     2     6     6    10     3    27    29    42
    21     2     8     7     9     8     1    49
    22     6     6     5     8     6     2    35    37
    23     7     8     7     1     6     2    35    56
    24     8     7     2     4     6     2    25    36
    25     5     1     2     5    10     1    56
    26     6     8     1    10     9     3    36    38    50
    27    10     2     5     7    10     3    30    40    41
    28     5     6     2     2     5     1    45
    29     9     3     3     4     2     1    48
    30     4     5     8     8     8     2    44    59
    31     2     2     8     9    10     1    32
    32     7     2     4     6     7     2    38    39
    33     3     8     6     1    10     1    34
    34     5     5     7     9     5     3    41    44    47
    35     4     8    10    10     3     2    36    51
    36     6    10     1     3     9     1    52
    37     1     7     4     3     2     2    38    55
    38     4     4     3     8     9     2    40    57
    39     2     1     6     6     4     1    40
    40    10     5     2     9     9     2    44    46
    41     2     9     4     6     4     2    50    59
    42     7     2     8     8     6     2    45    48
    43     4     8     7     8     9     2    48    57
    44     4     8     6     2     9     1    56
    45     3    10     3     1     2     2    51    60
    46     4     5     5     9     9     1    49
    47     9     9     2     7     2     2    53    58
    48     7     2     4     8     5     3    49    52    54
    49     2     1     6     9     6     1    51
    50     7     4     3     4     7     2    53    54
    51     9     7     2    10     8     1    59
    52     4     6     3     5     5     1    53
    53     1     8     1     3     3     1    55
    54     8     5     8     9     7     1    60
    55     9     6     9     9     1     1    60
    56     5     4     8     9     5     1    58
    57     1     8     1     9     4     1    58
    58     5     8    10     7     9     1    61
    59     8    10     4     8     8     1    61
    60     9     5    10     2     6     1    61
    61     0     0     0     0     0     0
--------------------------------------------------------------------------------
INFORMATION OF PROJECT 5:
#jobs  release  duedate
    62     0    84
#local resources
     2
R_L1   R_L2   
    28    29
jobnr.  dur.  r_G1  r_G2  r_L1  r_L2  #succ.  successors
     0     0     0     0     0     0     3     1     2     3
     1    10     0     0     5     2     3     7     9    12
     2     5     9     6     7    10     3     6    10    20
     3     5     0     0     2     0     3     4    30    33
     4     1     4     1     0    10     3     5    13    34
     5     2     5     8     3     5     3    15    18    22
     6     1     4     5     0     5     3     8    14    37
     7     3     2     8     4     1     3    33    40    52
     8    10     1     6     8     5     3    11    39    49
     9     4     0     5     0     8     2    44    53
    10     1     2     2     0    10     2    23    39
    11     1     0    10    10     1     3    29    32    58
    12     5    10     8     4     0     3    16    42    50
    13     6     0     8     2     0     2    27    38
    14     1     4     1    10    10     2    21    36
    15     4     2     6    10     1     3    36    43    50
    16     7     0     7     1     5     3    17    24    25
    17    10     0     0     7     6     2    19    48
    18     9     2     2     6     8     3    32    44    45
    19     9     9     4     7     9     1    21
    20     4     2     0     3     6     1    54
    21     2     2     7     7     3     2    23    33
    22     4    10     0     0     1     1    26
    23     9     0     6     9     6     1    31
    24     8     8     5     0     4     2    27    52
    25     3    10     8     4     1     2    28    38
    26     8     3     0     0     0     1    51
    27     5     0     0     1     3     1    43
    28     7     9     4     4     1     2    37    45
    29     1     7     7     0     8     1    53
    30     9     0     0     3     9     1    54
    31     5     1     1    10     3     2    57    59
    32    10    10     5     0     4     2    36    41
    33     8     2     6     0     0     2    38    45
    34     8     1     6     9    10     2    35    37
    35    10     3     0     2     2     3    41    46    47
    36     9     9     5     8     0     1    53
    37     8     8     0     0     2     1    47
    38     6     8     2     7     3     1    55
    39     2     8     1     3     1     2    43    54
    40    10     8     1     0     7     2    42    49
    41     7    10     7     4     1     1    56
    42    10     0    10     7     0     1    48
    43     4     6     1     0     3     2    44    60
    44     8    10     0     5     0     2    47    58
    45     3    10     4     7     0     2    51    60
    46     8     0     5     5     3     3    48    49    52
    47     5     9     0     6     1     1    56
    48    10     0     9     9     0     1    55
    49     6     0     3     2     6     1    50
    50     2     0     4     0     2     2    51    60
    51     2     9     9     9     4     1    57
    52     9     2     0     3     8     1    57
    53     3    10     7     8     0     1    55
    54     3     5     1     9     0     1    56
    55     9     3     0     7     1     1    59
    56     6     7     0     1     7     1    59
    57    10     2     7     1     8     1    58
    58     3     0     5     0     0     1    61
    59     5     3     9     3     4     1    61
    60     4     9     8     1     8     1    61
    61     0     0     0     0     0     0
--------------------------------------------------------------------------------
INFORMATION OF PROJECT 6:
#jobs  release  duedate
    62     0    95
#local resources
     2
R_L1   R_L2   
    22    24
jobnr.  dur.  r_G1  r_G2  r_L1  r_L2  #succ.  successors
     0     0     0     0     0     0     3     1     2     3
     1     1     2     8    10     5     3    10    17    23
     2     7     1     5     5     1     3     7     8    27
     3     1     9     5     9     4     3     4    11    22
     4     5     9    10    10     2     3     5     6    12
     5     6    10     3     7     9     3     9    14    16
     6     9     5     6     4     7     1    25
     7     8     8     9     8    10     3    18    37    57
     8     3     8     2     4     7     1    52
     9    10     3     4     2     1     1    51
    10     9     5     3     5     4     3    13    19    28
    11     8     3     3     1     2     3    13    15    33
    12     5     3     1     3    10     2    25    54
    13     4     5     7     4     9     2    24    36
    14     1     1     3     3     8     1    32
    15     2     8     8     2    10     2    27    42
    16     6     5     4     2     7     3    30    31    35
    17    10     7     9    10     7     1    36
    18     4    10     9     5     3     2    20    26
    19     5     3     3     4     8     1    58
    20     3     4     3    10    10     3    21    38    52
    21     4     1     2     5     9     1    43
    22     8     7     5     5     1     1    37
    23     1     4     1     2     1     1    30
    24     6     9     6     5     1     1    29
    25     6    10     5     1     7     1    51
    26    10     4     8     1     6     2    41    48
    27    10     1     8     5     6     1    45
    28     7     7     7     1     6     1    53
    29     7     9     6     2     5     1    39
    30     5     5     8    10     8     1    58
    31     2     4     9     1     4     2    34    40
    32     6     4     3    10     2     1    36
    33     1     5     6     3    10     1    43
    34     3     9     7     7     3     2    44    58
    35     2    10    10    10     5     1    47
    36     6     6     2     2     9     1    55
    37     7     5     5    10     4     1    45
    38     8     2     9     3     5     1    46
    39     7     8     9     2     8     2    46    50
    40     7     2    10     6     2     1    44
    41     4     4    10    10     4     2    42    49
    42     1    10     1     6     1     1    56
    43     4     3     7     9     8     1    44
    44     6     6     3     5     5     2    54    59
    45     8     5     4     1     7     1    46
    46     1     4     1     4     9     1    59
    47     2     1     6     6     6     1    49
    48     7     7     6     1     4     1    56
    49     8     6     7     7     5     1    50
    50     1     4     9     8     9     1    55
    51     7    10     9     2     7     1    60
    52     8     2     8     3     4     1    55
    53     9     6     9     1     6     1    54
    54     5     1     4     5    10     1    56
    55     1     6     3     7     2     1    60
    56     4     1    10     8     9     1    60
    57     9     3     9     7     5     1    59
    58     2     2     8    10    10     1    61
    59     3     3     9     3     9     1    61
    60     9     3     5     7     3     1    61
    61     0     0     0     0     0     0
--------------------------------------------------------------------------------
INFORMATION OF PROJECT 7:
#jobs  release  duedate
    62     0   120
#local resources
     2
R_L1   R_L2   
    18    21
jobnr.  dur.  r_G1  r_G2  r_L1  r_L2  #succ.  successors
     0     0     0     0     0     0     3     1     2     3
     1     4     4     8     9     6     3     5     7    12
     2     9     4     6     5     5     3     4     6    24
     3     7     1     4     3     2     1     9
     4     2     8     7    10     5     3    15    32    34
     5     1    10     1     9     5     1    30
     6     6    10     9     1    10     3    11    14    35
     7     8     1     5     2     6     3     8    10    23
     8    10     2     3     7     8     1    18
     9     8     2     9    10    10     2    26    53
    10     7     6     8     8     4     3    13    17    27
    11     1     3     9     3     7     2    25    30
    12     2     8     7    10    10     2    16    21
    13     4     1     3     1     3     3    22    37    38
    14     9     8    10     1     1     2    19    31
    15     7     1     7     5     2     1    60
    16     7     7     3     6     5     1    35
    17     6     2    10     3    10     3    20    29    36
    18     3     2     8     8     7     2    19    50
    19     8     7     7     3    10     1    44
    20     6     4     2     1     8     1    40
    21     4     9     2     6     5     1    33
    22    10     4     5    10     2     1    30
    23     4     3     1     8     8     2    43    45
    24     7     3     8     1     6     2    26    46
    25    10     5     4     1     4     2    28    40
    26     2     6     9     8     5     1    47
    27     7     7    10     5     4     1    58
    28     3     5     2     1     6     1    56
    29     1     1     9    10     4     1    45
    30     8     3     5     5    10     1    58
    31     8     7     5     9     9     3    41    42    48
    32     1     5     4     2     2     1    39
    33     5     5     8     4     4     2    44    51
    34     1     9     3     1     6     1    52
    35    10     2     5     4     3     1    54
    36     5     3     3     9     1     1    39
    37     9     4     3     3     9     2    55    57
    38     1     7     4     5    10     1    59
    39     5     5     8    10     5     1    50
    40     7     7     6     5     8     2    45    49
    41     6     6     6     3     3     1    54
    42     9     3     6     2     9     1    53
    43     8     9     6     5     5     1    50
    44     2     7     3     8     4     1    49
    45     1     2     1    10     3     1    52
    46     8     3     6     5     9     1    55
    47     5     6     4     5     9     1    58
    48    10     3     4    10     9     1    60
    49     1     3     7     4     3     2    53    55
    50     7    10     6     6     5     1    51
    51     9     2     2     5    10     1    52
    52     7     7     8     9     1     1    57
    53     1    10     2     5     3     1    54
    54     7    10     6     5     1     1    59
    55    10     2    10     5     9     1    60
    56     3     2     2     6     2     1    57
    57     8     2     9     9     8     1    59
    58     5     4     4     7     5     1    61
    59     3     8     1     1     5     1    61
    60     7     2     6    10     3     1    61
    61     0     0     0     0     0     0
--------------------------------------------------------------------------------
INFORMATION OF PROJECT 8:
#jobs  release  duedate
    62     0    93
#local resources
     2
R_L1   R_L2   
    30    25
jobnr.  dur.  r_G1  r_G2  r_L1  r_L2  #succ.  successors
     0     0     0     0     0     0     3     1     2     3
     1     9     2    10     6    10     3     7     8    27
     2     1     2     5     2    10     3     5    12    18
     3     1     0     4     9     0     2     4    49
     4     6    10     4     5     3     3     6    11    23
     5     9     5     0     0     3     3    10    47    60
     6    10     1     1     5     6     2    25    32
     7     9     8     9     5     2     3    13    16    26
     8     4     7     0     0     5     3     9    14    29
     9     7    10     3     4     8     1    22
    10     1     0     6     7     0     3    20    31    39
    11     6    10     5    10     4     1    17
    12     4     9     2     7     0     1    35
    13     9     1     0     0     0     1    56
    14     9     0     9     9     8     3    15    21    46
    15     3     9     7     7     1     1    45
    16     7     3    10     1     9     1    24
    17     3     9     8     0     9     1    51
    18     4     5     8     0     6     2    19    46
    19     4     3     0     3     7     2    37    50
    20     5     6     4     8     0     2    27    42
    21    10     0     0    10     0     3    31    33    36
    22     8     0     3     5     4     1    52
    23     1     6    10     7     1     1    48
    24     3     4     0     2     8     2    35    38
    25     8     4     1     0     1     2    40    52
    26     8     6     0     0     2     1    28
    27     8     3     7     8     9     1    38
    28     5     0    10    10     8     1    60
    29     3     6     4     8     4     1    30
    30     7     4     0     7     2     1    34
    31     1     0     9     3     5     1    54
    32     8     1     1     5     0     2    41    44
    33    10     9     4     9     7     1    43
    34     2     9     5     6     1     2    42    47
    35     3     5     4     4     4     1    50
    36     7     6    10     6     0     1    58
    37     1     7    10     0     6     1    45
    38     3     7     3     0     5     2    53    59
    39     2     8     6     5    10     1    45
    40     5    10     2     2     7     1    41
    41     3     1     0     0     0     1    55
    42    10     8     1     0     6     1    55
    43     8     7     5     8     0     1    44
    44     5     0    10     3     8     2    47    54
    45     8     2     1     5     3     1    54
    46     8     0     0     6     1     1    52
    47     2     0     4     9     8     2    48    50
    48     8     2     0     8     0     1    51
    49     6    10     5     0     5     1    57
    50     1     1     0     8     9     1    56
    51     2     0     4     2     7     1    55
    52     6     7     0     0     2     1    59
    53     6     0     4     8     9     1    56
    54     6     0     7     7     9     1    58
    55     9     5     0    10     0     1    59
    56     2     0     0     0     7     1    58
    57     1     0     5     0     9     1    60
    58     8     2     5     0     4     1    61
    59     9     3     9     1     0     1    61
    60     1     7    10     9     7     1    61
    61     0     0     0     0     0     0
--------------------------------------------------------------------------------
INFORMATION OF PROJECT 9:
#jobs  release  duedate
    62     0   143
#local resources
     2
R_L1   R_L2   
    16    16
jobnr.  dur.  r_G1  r_G2  r_L1  r_L2  #succ.  successors
     0     0     0     0     0     0     3     1     2     3
     1     7     8     5     7     4     3    12    17    33
     2     4     5     3     9     0     3    23    41    48
     3     5     0     0     7     9     3     4     6    11
     4     9     9     5     1     3     3     5    25    27
     5     8     4     2     6     3     3    20    28    34
     6     8     8     0     1     0     3     7    13    14
     7     6     0     1     0    10     3     8    10    15
     8     8     3     0     4     5     3     9    26    38
     9     2     4     0    10    10     2    19    21
    10     9     0     3     0     7     3    25    27    37
    11     9     4     0     7     3     3    17    36    39
    12     9     1     4     5     7     3    19    28    44
    13     2    10     0     0     8     3    15    21    28
    14     1     2     0     6     4     2    16    24
    15     7     1     1     4     2     2    41    43
    16     4     8     0     0     9     2    38    39
    17     4     3     9     5     0     3    18    30    32
    18     4     1     6     6     8     1    34
    19    10     7     0     4    10     3    20    45    49
    20     5     3     7     0     7     3    22    35    37
    21     4     0     0     0     1     3    32    33    42
    22     8    10     5     0     4     3    31    42    47
    23     3     3     0     8     4     2    36    47
    24     1     0     0     6     0     3    29    38    50
    25     6     9     8     6     1     3    32    33    41
    26     9     8     9     3     5     2    29    31
    27     7     9    10     9     3     3    29    40    51
    28     2     4     3     0     6     3    31    45    48
    29    10     0     0     1     0     3    35    46    55
    30     9     9     5     0     4     2    35    43
    31     8     1     0     6    10     1    50
    32     2     9     1     1     5     3    34    40    55
    33     2     1     5     9     9     1    56
    34     2     1     6     2     0     3    49    51    58
    35    10     3     4     8     0     2    54    56
    36     6     8     3     5     5     3    43    53    55
    37     5     9     4     0     9     2    39    47
    38     4     9     0     4     3     1    40
    39     9     4     0     5     7     2    42    52
    40     2     9     0     2     1     3    44    52    53
    41     1     2     0     3     8     3    49    51    52
    42     2     4    10     0     1     1    46
    43     9     0    10    10     2     2    45    59
    44     6     7    10     0     7     1    46
    45     1     6     0     8     1     1    60
    46     3     3     5     1     2     1    48
    47     8     2     5     9    10     1    54
    48     5     7     0     8     9     1    58
    49    10     3     9     0     0     1    50
    50    10     4     2     5     0     1    53
    51     4     1     0     9     5     1    60
    52     8     3     0     7     9     2    54    56
    53     4     0     1     4     4     2    59    60
    54    10     0     8     9     0     1    57
    55     5     5     5     4     4     1    57
    56     8     0     2     1    10     1    57
    57    10     3     5     9     0     2    58    59
    58     9     8     3    10     2     1    61
    59     5     7     0     9     1     1    61
    60     4     8     2     0     0     1    61
    61     0     0     0     0     0     0
--------------------------------------------------------------------------------
INFORMATION OF PROJECT 10:
#jobs  release  duedate
    62     0    84
#local resources
     2
R_L1   R_L2   
    34    36
jobnr.  dur.  r_G1  r_G2  r_L1  r_L2  #succ.  successors
     0     0     0     0     0     0     3     1     2     3
     1     6     5    10     1     2     3     4    15    24
     2    10     1     7     2     1     3     7    18    21
     3     9     8     5     7     5     3     5     6     8
     4     9     2     3     3     7     2    36    37
     5     9     9     7     9    10     3    20    23    29
     6     1     6     5     3     3     3    13    47    52
     7     7     3     1     7     2     3    23    25    47
     8     5    10     5     1     6     2     9    12
     9     3     1     4     4     8     2    10    16
    10     9     2    10    10    10     3    11    17    32
    11     8     9     5     6     9     3    30    45    55
    12     4     6     7     1     3     2    14    16
    13     8     6    10     4     2     2    51    59
    14     7     2     3     7     5     1    21
    15     8     6     2     8     5     2    41    58
    16     6     6     5     2     7     2    30    33
    17     6     6     9     8     1     3    19    25    50
    18     7     7     2    10     3     1    39
    19     8     3     9     5     1     1    35
    20    10     6     2     5     5     2    31    46
    21     7     3     4     6     9     2    22    27
    22    10     7     9     6     7     2    37    55
    23     6     6     5     1     2     2    27    28
    24     8     4     3    10     6     2    26    29
    25     1    10     2     9     9     2    38    49
    26     4     3     1     9     5     2    35    50
    27     1     7     5     1     7     2    38    43
    28     8    10     6     8     8     1    34
    29     3     6     3     2     1     3    34    40    50
    30     1     4     6     5     7     2    43    48
    31     8    10    10     8     8     2    32    42
    32     8     5     6     9     7     1    49
    33     9     7     8     9     3     1    60
    34     6     5     6     4     9     3    44    45    53
    35     6     1     9     3     4     1    40
    36     9     3    10     7     8     3    39    48    51
    37     7     3     4     6     2     2    43    45
    38     3     4     5     3     7     1    44
    39     2     2     8     9     2     2    40    42
    40     6     2     3     5     7     2    47    52
    41     9     7     8     1     8     2    44    56
    42     9     4     3     8     7     2    59    60
    43     5     7     1     5     1     1    56
    44    10     9     6     4    10     1    54
    45     4     4     8     3     3     2    46    48
    46     4    10     8     3     2     2    49    59
    47     3    10    10    10     1     1    54
    48     5     8     2     9     7     1    54
    49     8     1     1     3     2     1    58
    50    10    10    10     9     9     2    53    57
    51     1     7     4     2     9     1    55
    52     8    10     1     7    10     1    53
    53     3    10     8     4    10     1    58
    54     9     9     1     9     3     1    57
    55     2     2    10     3     7     1    56
    56     7     2     6     9     4     1    57
    57     1     5     6     1     6     1    60
    58     5     8     7     2     1     1    61
    59     3     6     2     6     6     1    61
    60     4    10    10    10     5     1    61
    61     0     0     0     0     0     0
--------------------------------------------------------------------------------
INFORMATION OF PROJECT 11:
#jobs  release  duedate
    62     0   116
#local resources
     2
R_L1   R_L2   
    21    17
jobnr.  dur.  r_G1  r_G2  r_L1  r_L2  #succ.  successors
     0     0     0     0     0     0     3     1     2     3
     1     9     3    10     0     8     2     7     8
     2     7     3     7     0     8     3     6     8    10
     3     9     0     6     0     5     3     4    17    47
     4     3     5     8     3     4     3     5     9    10
     5     3     1     0     2     9     1    35
     6     3     0     1     3     5     3    11    17    31
     7     1     0     8     5     4     2    11    21
     8     9     0     7     1     1     1    24
     9     9     8     0     5     2     1    25
    10     9     1     2     4     2     2    37    54
    11     8     5     2     0     9     3    12    13    25
    12     7     0    10     0     5     3    15    19    23
    13     2     3     4     9     2     3    14    16    33
    14     6     3     0     0     0     3    28    30    41
    15     9     9     7     7     0     3    18    55    59
    16    10     6     1    10     2     3    24    29    43
    17     9     1     2     8     0     2    35    60
    18     3     5     9     9     0     3    22    45    49
    19     2     0     3    10     9     3    20    29    50
    20     7     7    10     5     9     1    40
    21     8     8     2     3     4     3    23    27    51
    22     9     5     3     0     6     3    26    34    43
    23    10     4     6     5     0     1    39
    24     4     3     1     6     4     2    30    37
    25     5     9     0     4     9     2    29    46
    26     8     5     2     8    10     1    53
    27     7     3     6     3     7     3    31    32    46
    28     8     1     5     7     2     1    34
    29     2     3     4     0     6     3    51    52    55
    30    10     0     7     2     0     1    36
    31     1     6     7     2     3     2    36    43
    32     3     2     0     9     6     1    41
    33     7     7     3     9     0     3    35    37    38
    34     5     4     3     1     7     3    38    39    40
    35     8     0    10     4    10     2    44    56
    36     2     0     2     0     5     2    40    48
    37     7     2     0     3    10     1    50
    38     3     4     8     8     1     1    52
    39     2    10     7     0     0     1    54
    40     8     0     4     1     1     1    58
    41     3     0     2     7    10     1    42
    42     9     6     9     0     5     1    47
    43     7     0     1     8    10     1    44
    44    10     0     4     7     8     1    57
    45     9     0     6     1     5     1    48
    46     7     0     3     9     0     1    60
    47     7     0     3     2     6     1    59
    48     7     0     0     2     4     1    53
    49     5     7     1     1     6     2    52    57
    50     4     8     2     9     0     2    51    55
    51     1     8     8     0     0     2    56    59
    52     2     7     5     4     1     1    53
    53     8     0     5     5     5     1    54
    54     4     0     0     2     0     1    56
    55     2     7     9     5     7     2    57    60
    56     1     4     0     2     0     1    58
    57     8     7     2     0     1     1    58
    58     6     0     0     2     0     1    61
    59     8    10     3     9     0     1    61
    60     2     0     8     6     4     1    61
    61     0     0     0     0     0     0
--------------------------------------------------------------------------------
INFORMATION OF PROJECT 12:
#jobs  release  duedate
    62     0   119
#local resources
     2
R_L1   R_L2   
    20    20
jobnr.  dur.  r_G1  r_G2  r_L1  r_L2  #succ.  successors
     0     0     0     0     0     0     3     1     2     3
     1     5     4     0     7     9     3     7     8    25
     2     4     5     8     3     0     3     4     5    17
     3     4     3     3    10     7     3    16    21    51
     4     9     1     5    10     3     3     6    11    14
     5     2     3     1     1     0     3     7    10    12
     6     2     8     8     9     9     3     9    30    32
     7     6     1     2     6     0     3    24    34    43
     8     8     0     1     4     4     3    24    35    41
     9     3     0     6     0     5     2    15    37
    10     9     9     7     6     8     3    19    27    28
    11     8     6     0    10     5     2    28    29
    12     3     7     6     0    10     3    13    24    44
    13    10     0    10     0     7     3    20    25    30
    14     8     7     7     5     6     2    20    26
    15     6     4     0     8     5     2    16    22
    16     3     8     0     5     0     2    33    38
    17    10     7     6     0     7     3    18    23    26
    18     8     0     4     5     0     3    36    48    49
    19     8     1     8     8     0     3    30    31    45
    20     9     9     7     6     8     3    36    46    50
    21     1     5     2     1     8     2    28    29
    22     1     9     0     0     0     2    39    42
    23    10     1     2     3    10     3    38    56    60
    24    10     0     4     5     0     3    38    40    45
    25     7     7    10     8     9     2    33    34
    26     9     8     0     0    10     2    44    53
    27    10     8     0     6     0     2    29    42
    28     6     5     2     2     0     3    31    33    37
    29     4     5     6     1     7     2    31    53
    30     9     2     4     0     7     3    47    48    52
    31     2     9     2     0    10     3    43    47    58
    32     5     8     6     1     0     3    34    35    41
    33     7     0     9     9    10     3    41    43    54
    34     3     9     2     6     0     3    36    39    49
    35     9     4     6     1     0     2    37    44
    36     5    10     0     8     2     1    54
    37     7     0     8     9     4     1    57
    38     9     3     1    10     0     1    42
    39     7     1     4     0    10     3    40    46    55
    40     2     4     5     0     1     3    47    51    52
    41     6     3     8     7     4     1    45
    42    10     9     1     3     7     1    58
    43     4     1     0     9     0     1    49
    44     7     2     6     2     3     2    48    52
    45     8     0     6     9     7     3    46    50    58
    46     5     5     9     4    10     1    53
    47     4     0     0     8     0     2    56    57
    48    10     9     9     2     2     2    51    55
    49     1     2     0     0     1     1    50
    50     1     1    10     2     0     1    55
    51     8     0     7     7     8     1    57
    52     3     0     4     0     8     2    54    60
    53     8     0     8     0     0     1    59
    54     5     1     2    10     7     1    56
    55     4     1     5     0     1     1    59
    56     4     8     6     1     0     1    59
    57     7     7     0     7    10     1    60
    58     2     4     5     0     7     1    61
    59    10     6     8     9     2     1    61
    60     9     8     2     1     0     1    61
    61     0     0     0     0     0     0
--------------------------------------------------------------------------------
INFORMATION OF PROJECT 13:
#jobs  release  duedate
    62     0   125
#local resources
     2
R_L1   R_L2   
    20    19
jobnr.  dur.  r_G1  r_G2  r_L1  r_L2  #succ.  successors
     0     0     0     0     0     0     3     1     2     3
     1     3     1     5     1    10     3     4    17    23
     2     1     2    10     2     4     3     5    11    12
     3    10     7     2     3     2     1    43
     4     5     8     6     6     8     2     9    32
     5     5     8     5     5     1     3     6     7    29
     6     5     4     2    10     5     3     8    10    16
     7    10     3     3     4     6     2    34    44
     8     2     5     1     6     2     1    50
     9     9     3     6    10     9     3    13    14    19
    10     4     9    10     5     7     3    19    21    26
    11     6     3     3     9     4     1    36
    12    10     8    10     7     6     1    15
    13     4    10     3     4     6     3    42    50    59
    14     2     4     2     1     2     1    21
    15     4     3     8     5     3     1    58
    16    10     5     9     8     7     3    18    25    38
    17     3     7    10     8     8     2    30    45
    18     6     6     7     4     1     3    20    24    27
    19    10     5     3     3     2     2    31    47
    20     6     6    10     6     8     2    22    54
    21     9     7     2     9     3     1    50
    22     8     5     7     1     4     1    49
    23     9    10     2     6     2     1    35
    24     4     7     1     7     3     1    45
    25     8     5     3     1     2     1    58
    26     8     5     7     9     5     2    28    48
    27     5     1     8     3     4     1    33
    28     9     9     3     3     6     2    36    56
    29     4     9     5     4     9     1    40
    30     1     2     4     9     7     1    44
    31    10     6     2     6     2     1    42
    32     6     7     5     3     4     2    41    53
    33     4     5     8     7     9     1    39
    34     1     8     4     9     9     2    37    57
    35     2     7     4     4     5     1    45
    36     7     8     9    10     9     1    43
    37     8     9     1     6     7     1    38
    38     3     3     1     3     2     3    41    51    55
    39     1     9     2     6     4     1    51
    40     4    10    10     9     2     1    46
    41     2     8     3     3     1     1    52
    42     9     1     1     9     5     1    54
    43     5     6     8     9     8     1    54
    44    10     2     7     6     6     1    46
    45     9    10     5     2     1     1    49
    46     7    10     1     1    10     1    49
    47    10     7     5    10     6     1    56
    48     7     9     4     7     7     2    52    60
    49     1    10     1     2     8     1    58
    50    10     3    10     9     1     1    51
    51    10     7     4    10     4     1    53
    52     7    10    10    10     5     1    59
    53     5     1     1     8     9     1    60
    54     3     8    10     1     7     1    55
    55     3     2     9     2     2     1    60
    56     4     3     5     9    10     1    57
    57     8     4     1     9     5     1    59
    58     2    10     5     4     3     1    61
    59     6     8     9     5     4     1    61
    60    10     7     4     8     2     1    61
    61     0     0     0     0     0     0
--------------------------------------------------------------------------------
INFORMATION OF PROJECT 14:
#jobs  release  duedate
    62     0   123
#local resources
     2
R_L1   R_L2   
    15    18
jobnr.  dur.  r_G1  r_G2  r_L1  r_L2  #succ.  successors
     0     0     0     0     0     0     3     1     2     3
     1     4     9     6     7     7     3     4    12    33
     2    10     5     2     0     0     3     5     6    22
     3     1     0     8     0     9     2    27    40
     4     7    10     5    10     2     3     7     9    11
     5     5     3     7     4    10     3     8    27    28
     6     9    10     3     6     0     3    10    14    30
     7     6     4     2     8     8     1    34
     8     6     8     6     0     2     3    10    40    53
     9     6     0     0     5    10     3    27    39    55
    10    10     0     1     2     4     3    24    26    32
    11    10     5     4     9     2     3    15    20    26
    12     1     0     8     8     1     3    13    24    50
    13     2     7    10     0     5     3    19    21    35
    14     7     0     5     2     3     3    16    20    23
    15     7    10     0     8     3     3    17    29    60
    16     6     0     2    10     3     3    18    29    36
    17     4     2    10     0     9     3    18    28    43
    18     3     5     9     6     1     2    34    48
    19     2     1     0     2     7     3    22    37    39
    20     4     1     0     4     0     3    32    35    40
    21     3     8     0     7     2     3    26    28    31
    22     6     0     2     0     8     3    30    47    55
    23     5     9     6     2     2     1    25
    24     2     0     9     0     3     3    29    39    41
    25     9     8     7     3     8     3    31    43    51
    26     9     5     6     9     5     3    37    42    57
    27     5     8     7     5     0     3    31    34    38
    28     8     4     0     0     1     2    38    48
    29     9     0     9     6     7     3    43    44    49
    30    10     8     5     5     0     1    45
    31     5     0     8     9     8     3    37    46    47
    32     8     0     0     0     8     2    36    45
    33     1     1     0     0     0     3    35    36    38
    34    10     5    10     0     5     2    42    44
    35     3     0     9     0    10     3    44    47    59
    36     2     7     3     4     5     2    41    58
    37     5     2     2     8     6     1    56
    38     5    10     0     0     9     1    49
    39     5     0     5     1    10     2    42    46
    40     8     0     9     1     2     3    45    51    52
    41     5     0     0    10     0     2    46    51
    42     3     8     5     6     0     1    49
    43     9     4     6     0     9     1    59
    44     5     5     5     0     2     1    58
    45    10     6     5     2     7     3    48    54    56
    46     6     6     1     1     1     1    52
    47     3     0     2     4     7     2    52    53
    48     8     4     6     0     8     1    59
    49     4     5     3     7     4     1    58
    50    10    10     5     5     0     1    53
    51     3     9     3     2     3     2    54    55
    52     9     4     6     1     3     1    56
    53     3     5     5     0    10     1    54
    54     5     5    10     0    10     1    57
    55     4    10     6    10     3     1    57
    56     3     1     9     5     9     1    60
    57     9     1     0     0     4     1    60
    58     6     0     9     0     3     1    61
    59    10     2     4     0     1     1    61
    60     2     9     0     1     6     1    61
    61     0     0     0     0     0     0
--------------------------------------------------------------------------------
INFORMATION OF PROJECT 15:
#jobs  release  duedate
    62     0   114
#local resources
     2
R_L1   R_L2   
    20    18
jobnr.  dur.  r_G1  r_G2  r_L1  r_L2  #succ.  successors
     0     0     0     0     0     0     3     1     2     3
     1     4     8     9     3    10     3     4     5     8
     2     5     2     1     9     2     3    14    27    56
     3     5     7    10     8     5     3     6     7    25
     4     3     8     5     9     2     3    10    13    17
     5     8     3     5     8     4     3    15    16    52
     6     3     8     4     5     9     3    28    34    39
     7     7     5     3     8     3     3     9    12    29
     8     4     2     3     5     6     3    16    34    43
     9     4     9     7     8     6     3    27    39    48
    10     5     8     4     6     7     3    11    18    50
    11     4     1     5     5     2     3    19    20    26
    12     3     6     7     7     6     3    21    24    56
    13     7     4     9     5     9     3    18    25    31
    14     1     7     3     1     4     3    30    35    40
    15     3     8     7     4     2     2    33    45
    16     5     3     3     9     3     3    17    26    41
    17    10     2     1     8     1     1    58
    18     4     2     6    10     4     3    22    27    34
    19     3     9     3     3     8     3    24    37    49
    20     8     4     4     6     4     2    24    29
    21     6     4     5     9     3     3    26    32    49
    22     1     3     5     1     5     3    23    29    37
    23     9     5     7     8     4     3    33    38    42
    24     8     3    10     2    10     3    40    44    60
    25     3     5     4     2    10     3    32    35    37
    26     4     4     3     5     1     1    59
    27     5     9     7     6     4     3    33    44    49
    28     7     4     9     8    10     3    30    35    41
    29    10    10     3     3     3     2    53    57
    30     6     2     1     9     7     2    38    45
    31    10     3     9     4     9     2    38    56
    32     8     7     5     5     4     3    36    44    48
    33     8    10     6     1     3     1    55
    34     5     1     9     4     1     1    46
    35     3     6    10     2     4     2    36    45
    36     7     7     5     9     6     2    43    46
    37     4     6     3     3     9     3    39    40    51
    38     4     1     1     4     6     1    52
    39     2     6     1     7     8     2    54    57
    40     7     7     2     4     8     2    42    43
    41     1     8     8     4     4     2    42    50
    42    10     1     5     7     6     1    47
    43     6     5     2     5     6     1    58
    44     4     5     9     7     7     2    46    47
    45     6    10     6     3     8     3    47    48    53
    46     3     2     9     5     4     2    51    52
    47     6     3     6     8     6     1    55
    48     1     9     6     5     3     1    50
    49     5     4     5    10     1     2    54    57
    50     3     1     4     1     4     2    51    54
    51     6    10     8     7     6     1    59
    52     4     6     6     9     7     1    53
    53     6    10     3     2     7     1    55
    54     8     3     2     8     9     1    60
    55     2     1     6     3     8     1    59
    56    10     3     1     6     5     1    60
    57     2     3    10     1     6     1    58
    58     8     9     3     9     4     1    61
    59     3     3     7     8     4     1    61
    60     3     2     2     8     5     1    61
    61     0     0     0     0     0     0
--------------------------------------------------------------------------------
INFORMATION OF PROJECT 16:
#jobs  release  duedate
    62     0   110
#local resources
     2
R_L1   R_L2   
    22    26
jobnr.  dur.  r_G1  r_G2  r_L1  r_L2  #succ.  successors
     0     0     0     0     0     0     3     1     2     3
     1     2    10    10     3     4     2    11    20
     2     1     4     7     5     2     3     4     5    22
     3     8     9     5     1     2     3     8    14    21
     4    10     1     3     6     4     1     8
     5    10     9     2     9     6     3     6     7     9
     6     1    10     9     6     6     2    13    34
     7     7     5     2     6     4     1    39
     8     4    10    10    10     1     3    10    24    26
     9     2     9     7     8     9     3    23    43    48
    10     2    10     5     4     7     1    12
    11     5     3     2     2     7     3    15    35    60
    12     1     1     1     9     9     1    19
    13     3     9     2    10     3     3    16    33    36
    14     2     3     2     6    10     1    29
    15     1     1     3     7     2     1    27
    16     1    10     3     9    10     2    17    18
    17     2     3     8     4     8     2    30    31
    18     3    10     8     2     2     3    40    43    50
    19    10     4     9     1     4     1    25
    20     6     2     8     2     3     1    29
    21    10     4     9     4     7     1    28
    22     7     9    10     8    10     1    55
    23     9     9     1     7     8     1    37
    24     2     9     4     5    10     1    41
    25     3     4     1     2    10     1    33
    26     6     9     1     5    10     2    32    40
    27     8     7     5     9     7     1    40
    28     9     5     6     3     6     2    45    57
    29     7     1     9     5    10     1    41
    30     8     4     2    10    10     1    38
    31     1     7     5    10     5     1    46
    32    10    10     7     5     6     2    41    51
    33     2     3     9     5     1     1    47
    34     8     7     3     5     4     2    49    54
    35     2     1     6     9     4     1    47
    36     7     3     4     4    10     3    45    53    58
    37     5     8     9     7     6     2    42    52
    38     2     4     7    10     1     1    49
    39     8    10    10     6     2     1    49
    40    10    10     3     6     3     1    53
    41     7     9     6    10     9     2    45    56
    42     3     9     9     9     8     2    54    60
    43     7     8     6     9     7     1    44
    44     5     8     3     8    10     1    60
    45    10     1     3     8     7     1    46
    46     9     6     6     1     5     1    59
    47     5     1     4     3     8     1    52
    48    10     4    10     6     2     1    56
    49     9     1     7     8     5     1    59
    50     5     3     1     5     4     2    53    58
    51     6    10     1     8     2     1    54
    52    10     2    10     4     1     1    55
    53     9     3     3     5     3     1    59
    54     7     4     4     3     6     1    55
    55     4     9     2     3     8     1    57
    56     7     3     3     2     7     1    57
    57    10     2     5     3     5     1    58
    58     5     1     6     7     4     1    61
    59    10     3     9     1     1     1    61
    60     6     4     8     9     1     1    61
    61     0     0     0     0     0     0
--------------------------------------------------------------------------------
INFORMATION OF PROJECT 17:
#jobs  release  duedate
    62     0    73
#local resources
     2
R_L1   R_L2   
    30    39
jobnr.  dur.  r_G1  r_G2  r_L1  r_L2  #succ.  successors
     0     0     0     0     0     0     3     1     2     3
     1     1     1     2     1     6     3     6     7    18
     2    10     9     6     2     7     3     4     5     8
     3     7     7     8    10     2     2     9    58
     4     1     2    10     7     5     3     6    10    24
     5     3     8     6     7     4     3    13    14    17
     6     4     1     3     8     3     3    15    21    30
     7     8     3     4     3     9     2    19    55
     8     7     4     4    10     5     3    23    31    46
     9     4     6     7    10     8     1    11
    10     3     4     3     1     4     1    12
    11     1     9     9     8     2     1    43
    12     4     8    10     3     9     3    22    33    34
    13     5     3     1     8     1     1    60
    14     9     3     9     5     8     2    25    45
    15     6     7    10     2     6     1    16
    16     4     3     8     9     6     3    20    40    42
    17     1     1     5     7     3     1    43
    18     6     9     4     3     3     1    21
    19     2     8     3     6     3     1    35
    20     7     6     3     5     1     1    28
    21     5     9     3     8     6     1    26
    22     1    10     1     6     3     2    39    48
    23    10     8     1     3     6     1    32
    24     9     4     9     2     6     2    37    50
    25     6     3    10     6     7     3    29    38    41
    26    10     6     2     1     3     1    27
    27     9     3     8     3     4     2    49    51
    28     7    10     4     8     6     1    56
    29    10     6     1     2     8     3    32    33    52
    30     4     9     1     1     3     1    36
    31     2     9     8     3     9     2    33    53
    32    10     7     5     5     6     1    49
    33     8     4     3     1     9     2    35    36
    34     7     9     6     6     7     1    35
    35     7     8     1     7    10     1    47
    36     4     9     6     3     2     1    60
    37     4     6     2    10     9     1    44
    38     1     4     2     9     8     1    44
    39     5    10     9     2     7     1    55
    40     1     7     8     8     7     2    54    59
    41     6     3     8     2     1     1    44
    42     9     5     3     9     3     1    51
    43     8     7     6     5     7     1    51
    44     9     5     6     3    10     1    56
    45     2     1     4     3     4     1    59
    46     1     4    10     4     1     1    53
    47     6     2     2     5     7     1    57
    48     4     6     1     1     6     1    49
    49     2     3     4     3     6     2    53    54
    50     2     1     1     8     8     1    57
    51     5     9    10     9     1     1    55
    52     9     6     4     9     9     1    60
    53     8     8     2     1     2     1    57
    54     7     8    10     7     3     1    56
    55     1    10     7     4     1     1    59
    56     2    10     9    10     2     1    58
    57     1     5     6    10     6     1    58
    58     5     1     4     5     5     1    61
    59     6     9     9     6     6     1    61
    60     8     3     7     9     5     1    61
    61     0     0     0     0     0     0
--------------------------------------------------------------------------------
INFORMATION OF PROJECT 18:
#jobs  release  duedate
    62     0    96
#local resources
     2
R_L1   R_L2   
    28    26
jobnr.  dur.  r_G1  r_G2  r_L1  r_L2  #succ.  successors
     0     0     0     0     0     0     3     1     2     3
     1     7     7     1     6     3     3     5    10    16
     2     4     5     3     3    10     3    13    19    25
     3     3     6     7     7     6     3     4     7    23
     4    10     4     8    10     9     3    12    16    49
     5     8     2     1     5     8     3     6     8    12
     6     8     7    10     2     3     1    24
     7     7     5     6     4     9     3     9    12    20
     8     8     2     7     4     9     3     9    21    34
     9     5     6     9     5     8     3    11    30    38
    10     5     9    10     2     3     3    13    25    36
    11     5     4     9     3     8     3    14    26    35
    12     6     3     2     9     3     3    15    34    41
    13     1     4     4     4     2     3    18    22    31
    14     5    10     6     2     2     3    22    28    33
    15    10     1    10     4     9     3    47    48    57
    16    10     2     2     7     4     3    17    29    43
    17     1     2     3     8     7     1    30
    18     5     1     5     2     2     3    24    29    32
    19     9     8     1     8     5     3    32    44    45
    20     7     8     8    10     4     3    42    51    54
    21     4     3     9     7     4     2    35    51
    22     3     8     8     5     4     2    41    58
    23     5     2    10     1     6     2    25    26
    24     6     4     8     8     1     3    33    39    53
    25     9     5     5     5     7     2    31    46
    26     4     2     1     8     5     3    27    31    42
    27     1     5     5     8     4     3    28    39    43
    28     8     6    10     3     6     2    29    36
    29     3     7     7     5    10     3    37    44    48
    30     1     7    10     8     6     1    33
    31     6     9     9     6    10     2    41    56
    32     4     9     8     1     4     3    34    37    38
    33    10     8     4     2     9     3    37    44    59
    34     9     6     7     9     9     1    58
    35    10     2     5     1     6     3    42    43    48
    36     2    10     5     6     9     3    40    46    51
    37     6     9     6     1     4     1    47
    38     7     6    10     6     4     2    46    49
    39     4    10     7     1     2     2    40    50
    40     1    10     4     8     2     1    45
    41     2    10     3    10     4     2    54    57
    42     2     2     3     6     6     2    45    47
    43     8     1     9     9     4     1    52
    44     8    10     1     9    10     1    52
    45     6     1     9    10    10     1    49
    46     9     1     4     2     2     2    50    52
    47     6     9     6     8     2     1    55
    48     2     6     7     7     5     3    50    53    60
    49     7    10     5     4     7     1    55
    50     8     1     7     8     5     1    54
    51     7     8     5     8     7     3    53    56    59
    52     9     8     2     5     2     2    55    57
    53     3     6     4     2     2     1    58
    54     6     2     8     4    10     1    59
    55     1     2     4     5     2     1    56
    56     9     4     3     6     9     1    60
    57     6     1     8     5     1     1    60
    58     9     4     4    10     2     1    61
    59     8     5     9     5     2     1    61
    60     2     8     5     9     3     1    61
    61     0     0     0     0     0     0
--------------------------------------------------------------------------------
TRANSFER TIMES OF GLOBAL RESOURCE G1
 DEPOT    P1    P2    P3    P4    P5    P6    P7    P8    P9   P10   P11   P12   P13   P14   P15   P16   P17   P18
     0    11     8    12     6    12     6     7     6     8    10    13    12     8    12    10     6    12     8
    11     0    10    16     7    13     9    17    10    17    15    16    22     9    22     7    16     3    18
     8    10     0     7     5     4    12    11     2    15    17     7    15     1    17     5    11    12    13
    12    16     7     0    11     4    17    12     7    18    21     2    13     7    17    10    12    18    13
     6     7     5    11     0     8     8    11     4    14    13    11    16     4    17     5    11     9    13
    12    13     4     4     8     0    16    14     6    19    21     4    16     5    19     7    14    15    15
     6     9    12    17     8    16     0    12    10    10     6    18    17    11    15    12    11    10    13
     7    17    11    12    11    14    12     0    10     7    12    13     6    11     6    15     2    19     2
     6    10     2     7     4     6    10    10     0    14    15     8    14     2    15     6    10    12    11
     8    17    15    18    14    19    10     7    14     0     7    19    11    15     8    18     6    19     7
    10    15    17    21    13    21     6    12    15     7     0    22    17    16    14    18    11    15    13
    13    16     7     2    11     4    18    13     8    19    22     0    14     7    18    10    14    18    14
    12    22    15    13    16    16    17     6    14    11    17    14     0    15     6    19     7    24     5
     8     9     1     7     4     5    11    11     2    15    16     7    15     0    17     5    12    12    13
    12    22    17    17    17    19    15     6    15     8    14    18     6    17     0    21     6    24     5
    10     7     5    10     5     7    12    15     6    18    18    10    19     5    21     0    15     9    17
     6    16    11    12    11    14    11     2    10     6    11    14     7    12     6    15     0    18     2
    12     3    12    18     9    15    10    19    12    19    15    18    24    12    24     9    18     0    20
     8    18    13    13    13    15    13     2    11     7    13    14     5    13     5    17     2    20     0
--------------------------------------------------------------------------------
TRANSFER TIMES OF GLOBAL RESOURCE G2
 DEPOT    P1    P2    P3    P4    P5    P6    P7    P8    P9   P10   P11   P12   P13   P14   P15   P16   P17   P18
     0     8     8     7    10     8    13     5    14    12     8     5     5     8     9     7    11     7     7
     8     0    13     4    17    15    18    12    19    18     8     4     4    12     8     9    17     4     5
     8    13     0    10    10     4    19    11    19    17     8    10    10     2     8     5    16    13     9
     7     4    10     0    16    12    19    12    20    18     4     3     2     8     4     6    17     6     1
    10    17    10    16     0     7    12     8    11    10    15    14    14    11    16    13     9    16    15
     8    15     4    12     7     0    17    10    17    15    11    12    11     5    11     8    14    15    12
    13    18    19    19    12    17     0     8     2     3    21    16    17    19    21    20     3    15    19
     5    12    11    12     8    10     8     0     9     7    13     9    10    11    14    12     6     9    12
    14    19    19    20    11    17     2     9     0     2    21    17    18    19    22    20     3    16    20
    12    18    17    18    10    15     3     7     2     0    19    15    16    17    20    18     1    14    18
     8     8     8     4    15    11    21    13    21    19     0     7     5     6     1     3    19    10     4
     5     4    10     3    14    12    16     9    17    15     7     0     2     9     7     7    15     4     4
     5     4    10     2    14    11    17    10    18    16     5     2     0     8     5     6    15     5     3
     8    12     2     8    11     5    19    11    19    17     6     9     8     0     7     4    16    12     8
     9     8     8     4    16    11    21    14    22    20     1     7     5     7     0     4    19    10     3
     7     9     5     6    13     8    20    12    20    18     3     7     6     4     4     0    17    10     5
    11    17    16    17     9    14     3     6     3     1    19    15    15    16    19    17     0    14    17
     7     4    13     6    16    15    15     9    16    14    10     4     5    12    10    10    14     0     7
     7     5     9     1    15    12    19    12    20    18     4     4     3     8     3     5    17     7     0
--------------------------------------------------------------------------------
Additional Information: 
global resource strength = 0.2
transfer time factor = 0.2
adapted from RCPSP instances: 
[j6029_3, j6025_2, j6014_3, j6029_7, j6026_3, j6013_7, j6013_1, j6010_1, j6041_8, j6030_5, j6025_10, j6041_10, j6013_10, j6041_5, j6045_5, j6013_9, j6014_6, j6046_10]
