--------------------------------------------------------------------------------
PORTFOLIO INFORMATION:
#projects
    18
#global resources
     2
R_G1   R_G2   
   223   241
--------------------------------------------------------------------------------
INFORMATION OF PROJECT 1:
#jobs  release  duedate
    62     0   108
#local resources
     2
R_L1   R_L2   
    21    21
jobnr.  dur.  r_G1  r_G2  r_L1  r_L2  #succ.  successors
     0     0     0     0     0     0     3     1     2     3
     1     3     7     5     7     1     3     5    13    20
     2     5     6     1     8     2     3     4     7     9
     3     3     3     6    10     4     3     6    11    40
     4    10     2     7     8     9     3     8    33    52
     5     5     5     4     4     5     3    10    21    42
     6     9     3     4     5     5     2    21    45
     7     9     4     1    10     7     2    15    28
     8     3     1     7     1    10     1    16
     9     9     2     8     5    10     3    17    43    44
    10     4     1     1     7     1     1    14
    11     5     4     8     9     6     3    12    14    29
    12     2     3     4     7     9     1    41
    13     5     9     5     5     8     3    22    28    35
    14     7     1    10     4     5     1    15
    15     6     3     7     1     7     3    19    36    55
    16     6     4    10     5     4     3    18    26    31
    17    10     7     9     4     5     3    23    38    47
    18     1    10     2     5     8     1    27
    19     3     9     7     3     5     3    34    52    60
    20     6     6     8     9     8     3    24    27    47
    21     6     9     3     4     9     3    23    25    43
    22     1     6     1     5     2     2    24    43
    23     5     4     1     5     2     1    39
    24    10     8     6    10     2     1    46
    25     1     4     2     5    10     1    44
    26     2     7    10     4     7     1    41
    27     6     1     4     8     8     2    30    39
    28     2     3     9     7     8     3    38    48    54
    29     9     8     4     3     8     2    38    50
    30     1     6     3    10    10     2    34    60
    31     6     1     1     7     3     1    32
    32     8     4     2     6     7     1    55
    33     5     8     5    10    10     1    42
    34     5     2     3     1     8     2    41    53
    35     7     2     4     7     7     2    37    42
    36     5     3     7     2     2     3    45    46    56
    37     1     7     4     2     2     2    40    44
    38     5     1     1     9     8     1    51
    39     9     6     8     7     4     2    51    60
    40     4     3     5     1     1     1    49
    41    10     3     2     1    10     1    45
    42     2     9     4    10     4     1    57
    43     9     7     5     4     8     2    49    52
    44     1    10     1     3     3     1    53
    45     6     2     6     9     5     2    54    57
    46     7     4    10     2    10     1    50
    47    10     8     4     1     4     2    48    54
    48     4     4     8     5     4     3    49    50    51
    49     6     5     1     1     9     1    58
    50     5     6     7     8     7     1    59
    51     9     5     6     4     6     2    55    56
    52     5     8     6     2     7     1    53
    53     4    10     8     3     4     1    56
    54     1     5     2     7     6     1    58
    55     7     8     7     4     7     2    58    59
    56     3    10     9     5     6     1    57
    57     3     6     4     6     3     1    59
    58     1     8     7     5     9     1    61
    59     3     6     8     1     2     1    61
    60     2     6    10     8     9     1    61
    61     0     0     0     0     0     0
--------------------------------------------------------------------------------
INFORMATION OF PROJECT 2:
#jobs  release  duedate
    62     0   116
#local resources
     2
R_L1   R_L2   
    20    20
jobnr.  dur.  r_G1  r_G2  r_L1  r_L2  #succ.  successors
     0     0     0     0     0     0     3     1     2     3
     1     9     1     0     5     8     3     5     7     9
     2     7     4     9     8     3     3     4     6     8
     3     9     6     0     0     8     1    52
     4    10     0     5     6     5     3    12    16    24
     5     6     1    10     1     0     2    23    25
     6     8     2     7     0    10     2    13    33
     7     8    10     6     0    10     2    27    40
     8     1     1     4     0     0     3    10    11    14
     9     7    10     0     8     9     1    29
    10     9     0     9     0     8     1    23
    11     4     4     0     1     7     1    15
    12     6     1     8     8     2     3    17    32    52
    13     6    10     2     6     2     1    18
    14     9     6     8     1     7     2    20    28
    15     2     0     5     5     7     2    27    45
    16     7    10     0     3     2     1    57
    17     2     7    10     5     5     2    19    21
    18     9     2     0     4     1     1    31
    19     9     0     6     7     1     1    22
    20     9     9     0    10     5     1    26
    21     5     5     1     8     9     1    30
    22     2     0     3     0     1     1    44
    23    10     0     6     7     0     1    48
    24     7     2     0     1     2     1    41
    25     5     2     9     0     3     3    54    56    60
    26     1     0    10     9     1     3    29    37    43
    27     5     4     3     0     8     1    29
    28    10     1     0     0     2     1    36
    29     9     0     8    10     7     1    58
    30     5     8     5     5     5     2    37    47
    31     9     5    10     1     4     3    34    35    56
    32     9     0     0     0     7     1    35
    33     2     5     0     0    10     2    35    41
    34     8     2     1     5     9     1    39
    35     5     6     0     1     0     1    38
    36     4    10    10     9     0     3    39    46    49
    37     6     0     7     7     8     2    42    50
    38     7    10     6     1     2     1    59
    39     4     5     6     7     7     2    51    53
    40     2     4     7     8     3     1    43
    41     9     0     6     9     6     1    42
    42     1     3     6     0     2     1    55
    43     7     6     4     7     8     1    55
    44     8     0     2     0     1     1    47
    45     6     9     0     0     6     1    53
    46     4     5     0     0     0     1    51
    47     9     0     5     4     2     1    49
    48    10    10     0     4    10     1    50
    49    10     6     6     3     0     1    56
    50     7     0     6     0     1     2    53    57
    51     9     3     1     1     9     2    52    60
    52     2     9     0     1     7     1    55
    53     8     6     3     1     2     1    60
    54     6     3     8    10     7     1    59
    55     5     9     9     0     0     1    59
    56    10     0     2     0     3     1    57
    57     8     0     3     6     4     1    58
    58     9     7     8     5     0     1    61
    59     4     3     3     8     1     1    61
    60     6     8     1     9     8     1    61
    61     0     0     0     0     0     0
--------------------------------------------------------------------------------
INFORMATION OF PROJECT 3:
#jobs  release  duedate
    62     0   114
#local resources
     2
R_L1   R_L2   
    19    19
jobnr.  dur.  r_G1  r_G2  r_L1  r_L2  #succ.  successors
     0     0     0     0     0     0     3     1     2     3
     1     4     6     9     0     0     3    17    29    31
     2     8     1     1     9     0     3     4     6    16
     3    10     7     4     8     6     3     7    11    45
     4     7     0     8     9     0     3     5    19    39
     5     9     0     0     8     2     2    13    14
     6    10     0     5    10     3     2     8    10
     7     3     8     3     7     1     3     9    12    30
     8     3     0     9     4     6     1    23
     9     5    10     8     4     0     1    56
    10     3     1     0     5     1     1    21
    11     2     3     0     5     7     3    20    25    26
    12     1     0     3     6     5     2    28    50
    13     4     2     5     8    10     3    18    41    53
    14     7     0     8    10    10     1    15
    15     4     8     9     6     7     2    28    52
    16     9     2     4     2     7     2    46    50
    17     7     0     1     8     6     2    42    46
    18     5     1     9     4     0     1    32
    19     8    10     0     7     3     1    55
    20     5    10     0     2     8     1    22
    21     4     2     0     8     2     1    42
    22     1     2     7     9     0     1    57
    23    10    10     2     3     5     2    24    32
    24     8     5     8    10    10     2    33    35
    25     8     0     8     0     6     3    27    34    53
    26     6     5     0     5     4     1    44
    27     4     1     8     0     1     1    54
    28    10     9     8     4     0     1    40
    29     7     0     7     6     7     2    37    38
    30     7     8    10     0     2     1    41
    31     8     6     0     7     6     2    36    43
    32     9     0     7     3     9     2    48    54
    33     4     7     3     0     9     1    49
    34     3     0     5     1     6     1    51
    35    10     7     1     0     8     1    49
    36     5     0     5     3     0     1    44
    37    10     8     0     4     2     1    57
    38     3     8     0     4     8     1    56
    39     2     3     0     7     0     1    54
    40     1     0     7     0     9     1    49
    41     5     0     7     9     6     1    43
    42     5     9    10     0     4     1    47
    43     9     4     9     6     5     1    44
    44     4     0     4     0     8     1    51
    45     6     6     1     1    10     2    47    51
    46    10     1     2     0    10     1    56
    47     5     9     6     0     9     1    55
    48     3     0     0     6     1     1    59
    49     3     4     6     3     3     1    60
    50     5     0     6     0     2     1    52
    51    10     5     3     0     8     1    55
    52     1     9     6     3     7     1    53
    53     6     4     0     7     7     2    58    59
    54     7     0     3     8     2     1    58
    55     2     9     0     5    10     2    57    60
    56     3     6     0     0     6     1    60
    57     7     3    10     1     6     1    59
    58     7     6     8     7     6     1    61
    59     9     6    10     0     0     1    61
    60    10     0     3     1     3     1    61
    61     0     0     0     0     0     0
--------------------------------------------------------------------------------
INFORMATION OF PROJECT 4:
#jobs  release  duedate
    62     0   126
#local resources
     2
R_L1   R_L2   
    20    19
jobnr.  dur.  r_G1  r_G2  r_L1  r_L2  #succ.  successors
     0     0     0     0     0     0     3     1     2     3
     1    10     9     8     9     1     3     4    29    32
     2     8     5     2     1    10     3     6    13    18
     3     3     1     8     8     9     2    47    56
     4     5     3     8     6     7     2     5    12
     5     9     3     9     4     5     1    42
     6     1    10     3     3     2     3     7     8    23
     7     7     1     4     8     6     3     9    10    16
     8     5    10     2     6     2     2    11    22
     9    10     4    10     8    10     3    14    50    52
    10     7     2     4     4     1     3    15    17    49
    11     8    10    10    10     2     2    30    52
    12     9    10     8     8     1     3    21    50    53
    13     2    10     9     4     8     1    59
    14     2     2     6     2     9     3    19    25    36
    15    10     5     5     1     9     3    20    33    38
    16     4     8     9     7     4     2    21    35
    17     8    10     5     4     4     1    27
    18     1     1    10     9     8     3    23    24    26
    19     1     4     7     6     4     2    20    38
    20     6     2     5     3     1     1    31
    21     1     4     5     1     1     3    34    45    54
    22     7    10     2     4    10     3    28    33    37
    23     3     3     4     4     5     1    53
    24     4     6     5     1     4     2    41    49
    25     4     6     9    10     5     2    27    39
    26     4    10     7     7     2     1    27
    27     2     1     9     9     6     1    35
    28     8     6     3     5     7     2    35    60
    29     6     4     6    10     9     3    41    44    46
    30     9    10    10     5     9     2    34    48
    31     2     9     3     2    10     1    42
    32     7     1     8     9     6     1    47
    33     6     9     5     9     1     3    36    43    52
    34     3     3     7     8     1     2    43    58
    35     8     7     5     8     7     1    48
    36     1     5     8     6     4     1    40
    37    10     6     1     2     7     1    40
    38     8     6     2     9     5     2    42    51
    39     4     5     4     4     1     3    40    41    45
    40     5    10     9     1     2     2    47    54
    41     1     9     7     2     3     1    48
    42     6     3     7    10    10     2    43    46
    43     9    10     2    10     1     1    56
    44     6     6     7     6     7     3    45    49    53
    45    10     2     3     3     3     1    51
    46     7     4     7    10     9     2    55    58
    47     8     6     9     8     4     1    55
    48     2     5     9     8     3     2    54    58
    49     9     4     9     2     2     1    51
    50     2     4     4     9     6     2    59    60
    51     7    10     4     9     1     1    57
    52     7    10     4    10     2     1    55
    53     9     2     6     1     2     1    56
    54     7     6     7     7     8     1    57
    55     7     4     6     3     4     1    57
    56     4     7    10     9    10     1    60
    57     9     7     1     9     3     1    59
    58    10     9     4     9     6     1    61
    59     2     6     8     9     4     1    61
    60     6    10     1     1     7     1    61
    61     0     0     0     0     0     0
--------------------------------------------------------------------------------
INFORMATION OF PROJECT 5:
#jobs  release  duedate
    62     0    66
#local resources
     2
R_L1   R_L2   
    40    37
jobnr.  dur.  r_G1  r_G2  r_L1  r_L2  #succ.  successors
     0     0     0     0     0     0     3     1     2     3
     1     5     9     8    10     2     3     4     6    31
     2     7     7     9     6     8     3     5    11    22
     3     1    10     3     3     2     3    14    19    44
     4    10     4     9     5     8     1    58
     5     1    10     8     6    10     3     7     8     9
     6     6     4     9     8     2     1    13
     7     5    10     2     3     7     2    12    21
     8     2     2     4     3     5     3    13    20    30
     9     2     9     7     6     8     2    10    27
    10     5     3     6     9     3     2    18    41
    11     7     3     8     4     8     2    49    57
    12     3     7     3     9     8     1    39
    13     3     4     1     6     1     2    15    55
    14     9     4     7     9     8     3    16    29    40
    15     7     2     4     6     3     3    17    32    38
    16     9     5     1     3     2     3    37    46    53
    17     9    10    10     8     1     3    23    25    36
    18     3     4     2     7     9     1    48
    19     6     4     7     6     7     1    30
    20     3    10     9     5     7     2    24    46
    21     3     1    10     5     7     1    28
    22     8     1    10     3     1     3    33    34    45
    23     9     8    10     8     5     1    35
    24     6    10    10     1     9     1    26
    25     7     5    10     8     8     1    54
    26     1     4     6     5     9     1    32
    27     8     7     8     8     4     1    48
    28     2     1     2     3     1     1    42
    29     7     2    10     2     3     1    30
    30     1     6     8     5     5     2    50    51
    31     4     6     5     8     3     1    34
    32     5     3     2     9     2     1    47
    33     9     6     1     2     5     1    40
    34     9     4     8     9     1     1    51
    35     9    10     9     8     9     1    52
    36    10     7     1     7    10     1    40
    37     2     6     1     6     2     1    42
    38     1     2    10     6     9     1    43
    39     1     8     8     8     1     1    47
    40     3     3     8     6     1     1    53
    41     5     4     1     8     8     1    59
    42     5    10     8     2     2     1    45
    43     6     3    10     6     3     2    52    54
    44     8     3     2     7    10     1    51
    45     9     4    10     3     3     1    47
    46     5     9     5     6     3     1    55
    47    10     4     9     8     4     1    52
    48     7    10     1    10     9     1    50
    49     2     1     1    10     4     1    50
    50     9    10     9     6     9     1    54
    51     4     2    10     3     1     1    60
    52     3     2     9     6     5     1    57
    53     1     5     4    10     4     1    56
    54     1     8     4    10     7     1    59
    55     6     6     7     2     7     2    58    59
    56     9     3    10     7     5     1    57
    57     2     5     3     1     6     2    58    60
    58     4     4     3     2     2     1    61
    59     5     8     8     1     5     1    61
    60     6     8     7     1     4     1    61
    61     0     0     0     0     0     0
--------------------------------------------------------------------------------
INFORMATION OF PROJECT 6:
#jobs  release  duedate
    62     0    95
#local resources
     2
R_L1   R_L2   
    25    27
jobnr.  dur.  r_G1  r_G2  r_L1  r_L2  #succ.  successors
     0     0     0     0     0     0     3     1     2     3
     1     9    10     7     6     3     3    10    20    48
     2    10     3     7     3     9     3     4     5     6
     3     8     9     2     9     8     2    18    56
     4     4     6     4     6     8     3     8    27    47
     5     5     8     8     6     8     3    18    31    54
     6    10     9     6     7     1     3     7    14    26
     7     6     9     3     3     3     3    21    27    47
     8     3     7     4     3    10     3     9    11    16
     9     1     5     8     8     6     2    13    15
    10    10     9     6     5     4     3    14    24    35
    11     9     5    10     5     7     3    12    20    24
    12     6     5     8     5     5     3    13    15    49
    13     3     8     3     6     8     3    29    36    44
    14     8     1     7    10     1     2    17    33
    15     2     3     5     3    10     3    22    23    26
    16     2     3     8     9    10     3    19    28    32
    17     6     4     2     1     3     2    23    36
    18     8    10     1     1     9     2    20    50
    19     4     9     7     2     6     3    25    39    43
    20     2    10     7     6     5     2    39    57
    21     4    10     1    10     7     3    22    24    34
    22     8     1     3     3     7     3    30    32    41
    23     5     3     3     3     9     2    29    53
    24    10     8     9     8     9     3    31    33    45
    25     1     6     8     4     1     3    29    34    35
    26     7     2     1    10     3     3    31    37    45
    27     2     7     4     1     7     3    32    38    46
    28     3     2     3     6     8     3    30    34    51
    29     1     3     2     3     6     3    30    46    58
    30     6     9     5     4     5     2    37    60
    31     6     1     2     6     6     1    55
    32     7     3     7     1     7     3    33    48    59
    33     9     8     1     1     4     2    39    52
    34    10     6     6     1     8     2    42    56
    35     1     6     9     9     9     2    41    42
    36     7     1    10     9     3     3    37    40    43
    37     6     5     1     3     6     1    50
    38     4     9     6     2     4     3    43    44    48
    39     3     4     9     6     5     2    51    60
    40     5     2     9     8     3     1    41
    41     1     5     2     4     2     2    45    53
    42     1     2     1     5     5     3    44    49    50
    43     9     3     5     3     4     2    52    54
    44     2     5     3     1     9     1    59
    45     4     1     8     3     3     2    46    51
    46     5    10     2    10     8     1    55
    47     1     7     4     7     5     1    49
    48     7     7     7    10    10     1    52
    49     1     6     6     4     6     1    53
    50     9     7     9     2     8     1    59
    51     5     1     9     7     7     1    58
    52    10    10     9     4     2     1    55
    53     2     7     5     5    10     2    54    58
    54     7     6     1     5    10     1    57
    55     5     9     2     1     5     1    56
    56     1     8     6     7     5     1    57
    57     4    10     7     4     4     1    60
    58     2    10     4     7     9     1    61
    59     2    10    10     1     2     1    61
    60     9     1    10     3     9     1    61
    61     0     0     0     0     0     0
--------------------------------------------------------------------------------
INFORMATION OF PROJECT 7:
#jobs  release  duedate
    62     0    95
#local resources
     2
R_L1   R_L2   
    16    18
jobnr.  dur.  r_G1  r_G2  r_L1  r_L2  #succ.  successors
     0     0     0     0     0     0     3     1     2     3
     1     8     0     0     6     5     3     8    10    23
     2     6     1     6     2     0     1     5
     3     8     0    10     1     0     3     4    24    25
     4     3     9     3     0     9     3     6    12    31
     5     1     0     1     0     6     3    37    53    54
     6    10     1     0     5     3     3     7    11    13
     7     6     7     3     7     2     3    45    51    55
     8     8     0     7     2     6     3     9    15    18
     9    10     3     7     0     0     1    42
    10     7     0    10     3     0     1    43
    11     8     9     0     0     8     3    20    26    50
    12     4     2     8     9    10     3    14    38    39
    13     6    10     4     6     2     1    21
    14     1     2     4    10     7     3    16    22    34
    15     4     8     2     0     0     3    17    20    30
    16     5     8     0     4     6     3    19    29    32
    17     3     2     4     2     9     3    28    38    45
    18     4     0     0     3     4     3    24    49    56
    19     1     5     4     8    10     3    40    48    59
    20     5     9     7     8     0     2    28    32
    21     5     7     3     8     0     1    27
    22     6     8     9     6     2     2    44    47
    23     4    10     1     8     2     2    32    35
    24     8     6     0     4     9     1    26
    25     2     0     3     4    10     2    33    47
    26     5    10     7     4     5     1    34
    27     3     0     7     3     6     2    35    60
    28     4    10     0     0     7     3    39    42    46
    29     1     5     0     8     6     3    30    46    55
    30     2    10    10     9     0     1    47
    31     1     3    10     0     9     1    37
    32     6     4     7     9     2     1    48
    33     2     4     6     9     3     2    41    60
    34     5     1     6     1     8     2    36    40
    35     2     6     9     6     0     3    36    45    49
    36     2     5     0     5     0     1    41
    37     5    10     0     6     6     1    57
    38     7    10     5     7     4     1    41
    39    10     0     2     2     1     3    48    51    55
    40     9     0     2     0     0     2    42    58
    41     5    10     6     0     9     1    54
    42     4     9     0     3     0     1    57
    43     2     9     3     3     0     2    44    53
    44     5     4     2     1    10     1    51
    45     2     0     4     4     9     1    52
    46     1     4     0     0     8     1    49
    47     1     7     2     0     0     2    50    58
    48     6     5     8     3     0     1    53
    49     6     0     0     9     1     2    54    58
    50     4     2     3     3     4     1    52
    51     6     2     0     0     0     1    52
    52     3     4     8     7     6     1    56
    53     1     2     1     3     0     1    57
    54    10     9    10     4     8     1    59
    55     7     9     8     0     7     1    56
    56     8     0     2     7     8     1    59
    57     1     5     4     4    10     1    60
    58     6     5     6     8    10     1    61
    59     1     0    10     5     0     1    61
    60     7     2     6     8     5     1    61
    61     0     0     0     0     0     0
--------------------------------------------------------------------------------
INFORMATION OF PROJECT 8:
#jobs  release  duedate
    62     0    91
#local resources
     2
R_L1   R_L2   
    29    32
jobnr.  dur.  r_G1  r_G2  r_L1  r_L2  #succ.  successors
     0     0     0     0     0     0     3     1     2     3
     1     8     6     2     7     3     3     4     5     9
     2     5     4    10     1     7     3    13    26    40
     3     8     7     3     7     3     3     8    14    15
     4     6     4     5     3     5     3     6     7    56
     5     3     1    10     2    10     3    18    26    58
     6     9     8     2    10     5     3    12    16    19
     7     8    10    10     3     6     2    44    45
     8     2     7     7     3     3     2    10    29
     9    10    10     4     4    10     3    10    11    60
    10    10    10     2     1     6     3    28    36    46
    11     6     5     9     4     6     3    33    39    48
    12     8     9     8    10     2     1    42
    13     2     9    10     6     6     2    16    43
    14    10    10     6     2     1     2    27    31
    15    10     8     7    10     7     2    17    26
    16     9     6     8     5    10     3    20    25    34
    17     7     3     1     5     8     1    27
    18     5     8     2    10     7     3    24    30    34
    19     4     2     6     9     6     2    21    23
    20     3     2     7     8     5     1    30
    21     2     4    10     3     7     1    22
    22    10    10    10    10     9     3    28    38    41
    23    10     7     5     5     4     1    54
    24     3     1     7     5     3     1    28
    25     8     6     3     6     4     1    29
    26     3     6     2     4     1     1    34
    27     8     9    10     3     9     3    32    35    45
    28     8     3     1     6     2     1    59
    29     7     8     8     7     3     3    41    52    54
    30     2    10     6     5     9     1    53
    31     8     6     3     3     2     1    37
    32     8     1     1     6    10     1    46
    33     5     7     8     1     3     2    43    47
    34     2     3     6     1     3     2    53    57
    35     9     6    10     2     7     1    49
    36    10     7     5     5     9     3    37    39    42
    37     9     1     5     9     4     2    44    47
    38     1     1    10     4     1     1    45
    39     4     8     8     1     2     1    50
    40     9     7     5     3     8     3    41    46    49
    41     9     9     5     2     5     1    58
    42     6     7     2     9     5     2    48    57
    43     4     8     6     9    10     3    51    54    56
    44     2     2    10     9     7     2    48    51
    45     2     1     4     3     5     1    53
    46    10     8     1     6     5     1    47
    47     2     3     8     2     1     3    50    52    57
    48     1     5     6     1     6     1    52
    49     3     7     3     5     3     3    50    56    60
    50     2     7     4     7     3     1    51
    51    10     9     4     6     7     1    55
    52     1    10     9     4     1     1    55
    53     8     4    10     2     9     1    60
    54     4    10     8     1     7     1    55
    55     9     7    10     9     3     1    58
    56     3     8     4     8     8     1    59
    57    10     3     8     3     7     1    59
    58     7     3    10     3     4     1    61
    59     1     5     7     3     3     1    61
    60     9     7     8     7     2     1    61
    61     0     0     0     0     0     0
--------------------------------------------------------------------------------
INFORMATION OF PROJECT 9:
#jobs  release  duedate
    62     0   124
#local resources
     2
R_L1   R_L2   
    18    19
jobnr.  dur.  r_G1  r_G2  r_L1  r_L2  #succ.  successors
     0     0     0     0     0     0     3     1     2     3
     1     5    10     6     3     2     3     4     7    52
     2     1     4     6     1     9     3    10    16    46
     3    10     5     9     5     1     3    12    14    23
     4     5     9     8     9     1     3     5     6     8
     5    10     4     4     2     7     3    11    17    48
     6     8     5    10     3     1     3    13    41    44
     7     3     6     6     9     6     3    25    39    55
     8     8     2     5     2     1     3     9    20    22
     9     2     5     1     7     5     3    13    15    21
    10     7     3     6     6     3     3    27    34    35
    11     8     9     9     8    10     3    30    31    33
    12     2     5     7     8     1     2    18    25
    13     2    10     1     5     9     3    43    48    55
    14    10     9     5     5     9     2    40    57
    15     5     7     9     8     1     2    24    39
    16     5     6     3     7    10     1    51
    17     7     8     8     6     4     3    19    28    38
    18    10     2     9     3     8     2    20    56
    19     6     4     4     5     2     3    35    46    49
    20     4     3     9     6     1     2    28    35
    21     9     9     6     3     1     1    32
    22     4    10     2     7     9     3    26    36    45
    23     9     8     8     2     9     1    44
    24     1    10     2    10     3     2    29    49
    25    10     9     6     3     6     3    27    33    37
    26     7     4     3     6    10     3    27    28    41
    27     3     7     3     4     8     1    48
    28     6    10     8     2     1     1    53
    29     4     4    10     6     5     2    36    56
    30     3     5     2    10     9     1    42
    31     5     5    10     6     1     1    32
    32     2     4     6     7     2     1    58
    33     7     7     3    10     6     2    36    40
    34     2     7    10    10     8     1    52
    35     3     3     1    10     2     1    40
    36    10     5     3     8     2     1    54
    37     8     9     8     1     4     1    57
    38     6     9     6     4     7     1    39
    39     9     8     6     2     5     2    42    47
    40     4    10    10     4    10     1    59
    41     9     2     9     2     5     2    43    46
    42     7    10     7     1     3     2    53    56
    43     4     4     1     2     9     1    59
    44     7     6     6     3     1     1    47
    45     5     1    10     8    10     1    47
    46     5     6     7     2     1     3    50    53    55
    47     8     9     1     5    10     2    49    50
    48     3     3     5     1     2     1    59
    49     7     4     6     4     8     2    51    54
    50     5     3    10     1     9     1    51
    51     7     7    10     3    10     1    58
    52    10     6    10     9     1     1    54
    53     7     8     8     9     8     1    57
    54     3     2     7     2     5     1    60
    55     9     4     7     1     6     1    60
    56     6     2     8     8     7     1    58
    57     9     6    10     2     5     1    60
    58     6     1     9     3     7     1    61
    59     1     3     7     8     9     1    61
    60     4     9     2     3     3     1    61
    61     0     0     0     0     0     0
--------------------------------------------------------------------------------
INFORMATION OF PROJECT 10:
#jobs  release  duedate
    62     0    66
#local resources
     2
R_L1   R_L2   
    36    36
jobnr.  dur.  r_G1  r_G2  r_L1  r_L2  #succ.  successors
     0     0     0     0     0     0     3     1     2     3
     1     6     1     6     5     7     3     6     9    16
     2     2     5     4    10     1     2    24    33
     3     8    10     7     5     6     3     4     5    11
     4     9    10     7     9     6     3    18    43    48
     5     9     5     1     2     5     3     8    15    34
     6     7     6     4     1     9     3     7    10    12
     7     5     2     2     2    10     2    21    40
     8     3    10     5     9     9     2    22    44
     9     4     6     9     1     9     3    13    20    26
    10    10     3     8     6     9     3    27    36    46
    11     3     8     4     1     3     1    48
    12     6     5     1     4     1     3    15    17    42
    13     7     8     1     1     2     2    14    60
    14     4     2     3     3     7     1    54
    15     5     1    10     8     6     1    51
    16     9     3     6     4     7     1    55
    17    10     2    10     4     1     3    19    23    29
    18     6     4     8     4     6     1    36
    19     8     3     9     1     1     2    47    58
    20     1     9     9     1    10     2    25    32
    21     4     2     6     3     8     1    39
    22     1     2     3     8     3     1    42
    23     4     2     5     8     3     2    37    45
    24     7    10     1     9     4     1    45
    25     1     2    10     5     4     1    50
    26     1     7     1     7     5     2    28    56
    27     3     5     9     4     2     1    38
    28     1     4     8     7     3     2    30    31
    29     6    10     8     1     7     1    46
    30     9     9     4    10     9     1    57
    31     1     1     3     7     6     1    44
    32     6     6     8     3     9     1    53
    33     8     5     6     2     6     1    35
    34     6     2    10     4     5     1    35
    35     2     3     9     4     7     1    49
    36     7     8     7     6     6     1    58
    37     8     2     2     1     1     1    47
    38     5     5     3     2     7     1    52
    39     5     6     1     3     1     1    57
    40     4     5     9     3     1     1    41
    41     9     6     9     4     6     2    48    60
    42     1     8     8     7     8     1    45
    43     3     3     7     7     1     1    49
    44     4     1     3     9     1     2    49    50
    45     7     2     6     2     4     1    54
    46     9     9     5     6     8     2    52    55
    47     6     8    10     6     4     1    55
    48     6     4     1     3     5     1    57
    49     5     2     9     1     9     1    60
    50     5     9     2     8     6     1    59
    51     1     8     1     2     5     1    56
    52     2    10     8     7     5     1    53
    53     7     2     9    10     3     1    54
    54     4     5     7     4     8     1    58
    55     2    10     3     1     4     1    56
    56     2     6     8     6     6     1    59
    57     5     3     8     8     2     1    59
    58     2    10     5    10     1     1    61
    59    10     2     2     3    10     1    61
    60     7     1     4     3     9     1    61
    61     0     0     0     0     0     0
--------------------------------------------------------------------------------
INFORMATION OF PROJECT 11:
#jobs  release  duedate
    62     0   117
#local resources
     2
R_L1   R_L2   
    21    19
jobnr.  dur.  r_G1  r_G2  r_L1  r_L2  #succ.  successors
     0     0     0     0     0     0     3     1     2     3
     1     4     9     8     6     4     3     5     7    12
     2     9     5     6     5     4     3     4     6    24
     3     7     3     4     2     1     1     9
     4     2    10     7     5     8     3    15    32    34
     5     1     9     1     5    10     1    30
     6     6     1     9    10    10     3    11    14    35
     7     8     2     5     6     1     3     8    10    23
     8    10     7     3     8     2     1    18
     9     8    10     9    10     2     2    26    53
    10     7     8     8     4     6     3    13    17    27
    11     1     3     9     7     3     2    25    30
    12     2    10     7    10     8     2    16    21
    13     4     1     3     3     1     3    22    37    38
    14     9     1    10     1     8     2    19    31
    15     7     5     7     2     1     1    60
    16     7     6     3     5     7     1    35
    17     6     3    10    10     2     3    20    29    36
    18     3     8     8     7     2     2    19    50
    19     8     3     7    10     7     1    44
    20     6     1     2     8     4     1    40
    21     4     6     2     5     9     1    33
    22    10    10     5     2     4     1    30
    23     4     8     1     8     3     2    43    45
    24     7     1     8     6     3     2    26    46
    25    10     1     4     4     5     2    28    40
    26     2     8     9     5     6     1    47
    27     7     5    10     4     7     1    58
    28     3     1     2     6     5     1    56
    29     1    10     9     4     1     1    45
    30     8     5     5    10     3     1    58
    31     8     9     5     9     7     3    41    42    48
    32     1     2     4     2     5     1    39
    33     5     4     8     4     5     2    44    51
    34     1     1     3     6     9     1    52
    35    10     4     5     3     2     1    54
    36     5     9     3     1     3     1    39
    37     9     3     3     9     4     2    55    57
    38     1     5     4    10     7     1    59
    39     5    10     8     5     5     1    50
    40     7     5     6     8     7     2    45    49
    41     6     3     6     3     6     1    54
    42     9     2     6     9     3     1    53
    43     8     5     6     5     9     1    50
    44     2     8     3     4     7     1    49
    45     1    10     1     3     2     1    52
    46     8     5     6     9     3     1    55
    47     5     5     4     9     6     1    58
    48    10    10     4     9     3     1    60
    49     1     4     7     3     3     2    53    55
    50     7     6     6     5    10     1    51
    51     9     5     2    10     2     1    52
    52     7     9     8     1     7     1    57
    53     1     5     2     3    10     1    54
    54     7     5     6     1    10     1    59
    55    10     5    10     9     2     1    60
    56     3     6     2     2     2     1    57
    57     8     9     9     8     2     1    59
    58     5     7     4     5     4     1    61
    59     3     1     1     5     8     1    61
    60     7    10     6     3     2     1    61
    61     0     0     0     0     0     0
--------------------------------------------------------------------------------
INFORMATION OF PROJECT 12:
#jobs  release  duedate
    62     0    70
#local resources
     2
R_L1   R_L2   
    32    34
jobnr.  dur.  r_G1  r_G2  r_L1  r_L2  #succ.  successors
     0     0     0     0     0     0     3     1     2     3
     1     3     4     5     6     6     1     7
     2     9     8     2     1     3     1    17
     3     6     9     2     5     3     3     4     5     6
     4     5     4     9     4     6     3     8    10    53
     5     7     5     2     5     6     3    11    35    53
     6     3     4     9     1     1     1    39
     7     2    10     5     2     3     3    12    15    28
     8     5     2     7     5     7     2     9    18
     9     6     5     2     5     5     2    22    24
    10     1     1     7     6     6     3    13    14    36
    11     6     7     2     5     5     3    32    56    60
    12     8     5     4     8     2     1    16
    13    10     9     9     6     5     3    19    27    31
    14     6     6     4     3     1     1    45
    15     3     3     9     9     6     1    44
    16    10     4    10     5     1     1    24
    17     4    10     5    10     8     3    19    21    47
    18     6     9     7     4     1     1    20
    19     2     5     3     8     1     1    23
    20     2     4     5     2     2     2    26    57
    21     7     1     5    10     8     2    25    37
    22     7     2     6     6     2     1    42
    23     1     6     1    10     5     1    26
    24     2    10     7     2     4     1    39
    25    10     3     7     8    10     1    29
    26     2     3    10     7     8     1    32
    27     2     3     4     6     5     1    50
    28     8     6     8     3     3     1    49
    29     7     4     2     2     1     3    30    34    52
    30     4     7     3     6     7     1    56
    31    10     9     5     3     1     1    56
    32     8     8     7     5     6     1    33
    33     4     4     1     4     6     2    41    49
    34     8     6     3     9     7     2    43    50
    35     7     7    10     3     6     1    38
    36     9     1     6     2    10     2    40    55
    37     6     6     7     1     8     2    42    59
    38     6     4     6    10     6     1    42
    39     9     9     8     3     8     1    47
    40    10     5     8     2     9     3    43    46    48
    41     4     4     2     4     5     1    48
    42     9     5     8     6     9     1    46
    43     3     8     6     3     9     1    60
    44     2     5     1     2     8     1    54
    45     9     9     3     3     6     2    46    55
    46     3     6     3     4     6     1    57
    47     6     3     8     7     4     1    51
    48     1     6     5     1     9     1    54
    49     1     9     5     5     7     2    51    58
    50     8     6     5     6     4     1    54
    51     9     1     4     9     3     1    59
    52     3     4    10     3     4     1    55
    53     3     4     9     1     8     1    60
    54     9     3     9     7     9     1    59
    55     8    10     7     7     2     1    57
    56     9     5     4     1     1     1    58
    57     1     8     2     6     9     1    58
    58     6     6     2     5     3     1    61
    59     3     6     7     8     5     1    61
    60     8     4     4     2     1     1    61
    61     0     0     0     0     0     0
--------------------------------------------------------------------------------
INFORMATION OF PROJECT 13:
#jobs  release  duedate
    62     0   104
#local resources
     2
R_L1   R_L2   
    18    20
jobnr.  dur.  r_G1  r_G2  r_L1  r_L2  #succ.  successors
     0     0     0     0     0     0     3     1     2     3
     1     9     8     0     0     0     3    10    13    15
     2     2     7     2     0     5     1     4
     3     6     7     9     5     6     3     6     8    11
     4     6     8     7     9     5     3     5    21    29
     5     7     0     4     0     3     3     7    32    37
     6     5     9     1     0     6     3     9    14    44
     7     5     4     8     3     0     2    12    47
     8     8     1     7     2     0     2    28    45
     9     2     0     0     1     1     2    16    19
    10     3     0     1     9     3     2    33    43
    11     3     4     0     5     0     3    31    42    53
    12     9     4     8     0     9     2    20    30
    13     8     7     0     1     0     1    59
    14     3     4     2     2     6     1    23
    15     8    10     2     1     1     3    17    36    38
    16    10     4     1     3     7     3    26    27    41
    17     5     8     7     0     8     1    18
    18     5     1    10     9     0     2    22    48
    19    10     3     4     0     5     1    23
    20     9     6     1     9     1     1    22
    21     1     0     2     0    10     2    25    57
    22     5     4     0     3     6     1    24
    23     6     8     6     9     9     1    39
    24     6    10     8     6     0     1    34
    25     8     6     7     9     0     1    40
    26     9     7     5     8     8     1    28
    27     6     2     0     7     7     1    35
    28    10     3     8     9     0     2    51    60
    29     6     2     0     0     7     2    34    49
    30     8     0     8     2     1     1    51
    31     1     5     0     5     2     1    59
    32     7     0     7     0     0     1    46
    33     9     5     2     5     5     1    34
    34     7     0     6     7    10     3    39    54    55
    35     6     9     0     4     0     1    40
    36     5     0     2     4     0     1    48
    37     4     1     6     5     0     1    39
    38     4     5     0     9     4     1    56
    39    10     2     6     0     5     1    52
    40     1     0     2     1     4     1    52
    41     4     0     2     2     8     1    55
    42     7     5     8     2     7     1    54
    43     2     2     3     9     4     1    56
    44     7     8     0     0     0     1    52
    45     6     7     9     2     9     2    46    55
    46     8     0     1     4    10     1    57
    47     2    10     2     5     0     1    51
    48     6     1     3     7     2     1    58
    49     5     5     0     6     3     2    50    60
    50    10     7     0     9     7     1    53
    51     6     4     1     8     0     1    53
    52     4     5     7     0     1     1    56
    53     6     8     0     8     5     1    54
    54     4     0     9     6     0     2    57    59
    55     2     0    10     2     4     1    60
    56     2     8     7     5     0     1    58
    57     8     3     5     8     8     1    58
    58     8     9     5    10     4     1    61
    59     7     1     0     7     3     1    61
    60     9     5     7     2     9     1    61
    61     0     0     0     0     0     0
--------------------------------------------------------------------------------
INFORMATION OF PROJECT 14:
#jobs  release  duedate
    62     0   105
#local resources
     2
R_L1   R_L2   
    16    14
jobnr.  dur.  r_G1  r_G2  r_L1  r_L2  #succ.  successors
     0     0     0     0     0     0     3     1     2     3
     1     3    10     0     7     0     2     7    49
     2     6     9     8     0     4     3     4     8    19
     3     3     8     4     8     4     1    38
     4     2     3     9     3     0     3     5    10    31
     5     7     2     2     7     2     3     6     9    13
     6     1     2     2     0     2     3    23    28    54
     7     8     4     7     1     4     3    11    28    59
     8     4     0     5     4     4     1    14
     9     8     0     0    10     0     2    12    15
    10     6     4     3     0     1     1    16
    11     2     5     3     3     3     1    32
    12     7     8     8     9     1     1    17
    13     8     8     3     4     0     2    36    45
    14     8     5     8     1     8     1    26
    15     6     0     7     4    10     3    18    21    22
    16     3     8     3     7     0     3    25    30    35
    17     7     9     9     6     4     1    44
    18     9     2     0     8     0     3    20    24    33
    19     4     0     6     5     0     1    56
    20     9     5     9     7     7     1    50
    21     4     0     9     0     3     2    29    34
    22     6     5     4     8     6     3    37    41    51
    23     6     6     2     3     0     1    41
    24     8     0     8     5     1     2    42    56
    25     4     4     0     2     3     1    27
    26     5     5     2     1     4     1    46
    27     6     0     9     0     0     2    39    53
    28     9     0     5     0     0     2    40    43
    29     4     0    10    10     9     1    52
    30     1     2    10     2     8     1    55
    31     1     6     6     7     5     2    47    52
    32     3     8     0     3     8     1    60
    33     9     4    10     8     1     1    34
    34     3     0     9     5     4     1    36
    35     7     1     4     0     0     1    43
    36     2     0     7     8     5     1    50
    37     9     0     3     0     1     1    43
    38     8     0     0     3     6     2    46    48
    39     7     1     4     0     0     2    45    51
    40     5     0     6     6     2     1    45
    41     9     3     2     6     1     1    46
    42     5    10     4     7     0     1    53
    43     1     5     2     0     8     1    60
    44     2    10     0     5     3     1    54
    45     1     1     0     0     4     1    55
    46     8     3     2     5     0     1    58
    47     1     8     6     0    10     2    51    54
    48     8     0     0     4     7     1    53
    49     1     3     5     1     7     1    52
    50     3     2     8     0     2     2    57    60
    51    10     8     0     8     9     1    56
    52     2     0     2     3     9     1    59
    53     4     8     2     0     5     1    57
    54     1     2    10     5     4     1    55
    55     3     1     3     1     0     1    57
    56    10     7     8     7     1     1    58
    57     9     7     9     0     5     1    58
    58     1     8     3     9     1     1    61
    59     5     9     5     0     0     1    61
    60     3     4     0     4     4     1    61
    61     0     0     0     0     0     0
--------------------------------------------------------------------------------
INFORMATION OF PROJECT 15:
#jobs  release  duedate
    62     0   108
#local resources
     2
R_L1   R_L2   
    24    23
jobnr.  dur.  r_G1  r_G2  r_L1  r_L2  #succ.  successors
     0     0     0     0     0     0     3     1     2     3
     1     8     7     7     9     6     2    34    39
     2     8     7     4    10     8     3     4     9    24
     3     8     7     6     6     1     3     5     8    11
     4     6     5     9     5     8     2     7    18
     5     8     2     9     9     5     3     6    13    27
     6     7     8    10     2    10     3    40    48    60
     7     9    10     7     6     7     3    12    14    21
     8     8     5     4     4     5     3    10    17    22
     9    10     5     8     2     1     2    23    30
    10     1     7     2     4     4     1    25
    11     7     4     1     1     9     1    28
    12     1     9     7     4     9     1    20
    13     7     9     6     1     9     2    35    44
    14     1     5     7    10     4     3    15    16    45
    15     9     8     4     1     7     1    38
    16    10     7     2     5     2     2    37    46
    17     8     8    10    10     3     3    19    26    29
    18     4    10     3     9     7     1    51
    19     1     6     1     3     1     1    48
    20     2     8     6     8     5     1    27
    21    10     6     7     9     4     1    49
    22     7    10     4     3     7     2    33    47
    23     5     2     5     4     4     2    54    57
    24     8     6     6     2     7     1    37
    25     9     4     9    10     6     2    28    58
    26    10     1    10     8     7     1    49
    27     4     8     8    10     7     1    31
    28     4     6     4     4     5     1    30
    29    10     9     7     3    10     1    32
    30     7     4     9    10     7     1    59
    31     5     5     1     6     4     2    42    50
    32     1     2     9     2    10     2    38    55
    33     5    10     6     7     1     2    36    43
    34     5     5     6     8     2     1    50
    35     4     5     2     8     4     1    55
    36    10     5    10    10     8     1    56
    37     5     6     2     2     7     1    49
    38     6     6     7     3     3     2    52    59
    39     3     3     8     4     3     2    40    53
    40     3     2     9     2     4     1    41
    41     8     5     6     5    10     1    56
    42     4     1     6     8     1     1    57
    43     7     9     7     3     6     2    52    57
    44     4     7     7     1     2     1    58
    45     6     1     4     9     2     1    48
    46    10     3     3     9     2     1    56
    47     7     7     4     7     8     1    52
    48     7     1     6    10     6     1    51
    49     5    10     1     9    10     1    54
    50     3    10     2     2     4     1    53
    51     2     4     5     1     2     1    54
    52     9     3     5     1     9     1    53
    53     5     3    10     2     8     1    60
    54     5     8     3     2     5     1    55
    55     3     3     3     7     5     1    59
    56    10     7     5     2     1     1    58
    57     2     3     1     8     1     1    60
    58     8     6     6     2     3     1    61
    59     4     4     4     6     3     1    61
    60     7     7     7    10     8     1    61
    61     0     0     0     0     0     0
--------------------------------------------------------------------------------
INFORMATION OF PROJECT 16:
#jobs  release  duedate
    62     0   101
#local resources
     2
R_L1   R_L2   
    19    21
jobnr.  dur.  r_G1  r_G2  r_L1  r_L2  #succ.  successors
     0     0     0     0     0     0     3     1     2     3
     1     1     1     8     2     8     3     4     9    10
     2     4     4     7    10     9     3    34    41    42
     3     4     2     1     1     4     3     6     8    35
     4     1     7     3     6     5     3     5    22    52
     5     1     7     4     7     5     3    12    16    25
     6     5    10     6     3    10     3     7    13    31
     7     1    10    10     3     7     3    11    20    21
     8     1     4     6     5     1     3    16    18    21
     9     8     7     9    10     3     3    14    19    38
    10     9     7     9     7     1     3    15    38    50
    11     4     5     9     1     5     1    48
    12     8     8     1     3     9     3    17    27    38
    13     9     5     6    10     2     3    20    24    54
    14     6     2    10     2     9     3    26    33    37
    15     5     4     1     3     8     3    29    40    53
    16    10    10     2     5     5     3    17    20    34
    17     6     2     2     9     4     3    19    31    32
    18     4     3     8     2     5     3    23    24    27
    19     6     1     8     4     1     1    48
    20     3     6     9     2     4     2    28    39
    21    10     7     1     6     5     3    30    42    43
    22     7     8     4     5     3     3    25    29    36
    23     6    10     4     3    10     3    28    39    47
    24     4     4     7     1    10     3    26    29    30
    25     2     8     3    10     8     2    31    57
    26     7     6     4     1     6     3    34    42    43
    27     6     5     8     9     1     3    28    32    49
    28     4     8     2     7     1     1    30
    29     3     3     4     4     9     3    32    33    56
    30    10     7     7     1     6     2    33    44
    31     9     6    10     2     3     1    48
    32     4     3     8     2    10     1    60
    33     7     6     1    10     5     1    51
    34     2    10     6     4    10     2    36    40
    35     6     6     7     5    10     3    36    37    56
    36     6     4     3     2     9     1    51
    37     1     1    10     7     1     3    44    52    54
    38     2    10     8     3     1     1    39
    39     7     1     2     7     3     2    40    53
    40     1    10    10     7     8     2    49    59
    41     7     8     6     6     4     3    46    47    54
    42    10     2     4     6     7     2    46    49
    43     8     9     1     4     2     3    44    45    55
    44     8     8     7     7     4     1    53
    45     5     8     8     2     3     2    46    47
    46     3     2     3     6     5     1    50
    47     5     1     9     4     4     2    50    58
    48     1     4     3     5     4     1    59
    49     4     6     4     1     8     2    51    55
    50     8     5     2     4     6     2    52    56
    51     1     8     9     9    10     1    58
    52    10     3     8     8     5     1    59
    53     4    10     8     3     2     1    60
    54     2    10     3     5     1     2    55    58
    55     8     2     1     9     2     1    57
    56     2     3     2     8     2     1    57
    57     4     6     4     1     9     1    60
    58     4     8     9    10     7     1    61
    59     6     4     6     8     1     1    61
    60     5     7     3    10     5     1    61
    61     0     0     0     0     0     0
--------------------------------------------------------------------------------
INFORMATION OF PROJECT 17:
#jobs  release  duedate
    62     0   103
#local resources
     2
R_L1   R_L2   
    17    17
jobnr.  dur.  r_G1  r_G2  r_L1  r_L2  #succ.  successors
     0     0     0     0     0     0     3     1     2     3
     1     9     0     8     0     1     3     4     9    17
     2     1    10     1     4     3     2    11    53
     3     7     5     7     5     3     3     5     7    10
     4     9     3     4     5     0     3     6    13    22
     5     2     6     0     1     7     2     8    30
     6     5     7     0     0     4     3    12    14    47
     7     3     1    10     9     2     3    18    36    41
     8     4     0     1     1     2     1    45
     9     5     2     6    10     8     2    27    48
    10     2     3     1     4     0     2    16    43
    11     5     5     3     5    10     3    28    34    37
    12     3     0     6     7     4     2    38    45
    13     7     2     8    10     6     3    16    18    37
    14     2     0     0     2     0     1    15
    15     2     6    10     3     0     2    20    48
    16     5     0     9     0     3     1    33
    17     6     0     0    10     1     3    19    21    23
    18     7     4     0     8    10     3    24    26    32
    19    10     0     0     1     8     1    31
    20     3     0     0     5     8     1    25
    21     1    10     9     1     5     3    31    39    40
    22     1     3     7     8     3     1    40
    23     4     2     0     5     1     3    29    35    47
    24     2     8     9     3     3     1    56
    25     1     6     2     0     9     1    26
    26     2     0     5     5     0     2    29    30
    27     1     4    10     0     2     2    29    58
    28     3     4     0     0     3     2    38    40
    29     3     6     0     0     0     3    38    53    54
    30    10    10     8     1     6     1    57
    31     7     0     1     2     3     1    49
    32     6     0     0     1     1     2    44    50
    33     3    10     7     0     7     1    39
    34     4     6     2    10     3     3    39    46    52
    35     3     5     0     8     8     3    49    50    60
    36     8     7     1     8    10     2    51    56
    37     2     0     8    10     8     3    43    45    46
    38     4     6     8     8     1     1    55
    39     1     7     9     4     4     2    48    57
    40     9     7     3     2    10     3    44    46    54
    41     7     1     8     0     3     2    42    49
    42     6     0     0    10     2     2    43    44
    43     6     7     9     5     0     2    47    51
    44     6    10     3     5     0     1    55
    45     9     0     8     3    10     1    60
    46     2     2     6     6     4     1    57
    47     8     5     3     9     5     2    50    54
    48     7     4     2     8     7     1    58
    49     4     5    10     7     6     1    51
    50     5     0     0     0     6     2    52    58
    51     6     0     0     5     0     1    52
    52     7     3     9     0     3     1    55
    53     4     9     8     7     0     1    59
    54     3     9     0     0     0     1    56
    55     5     3     2     5    10     1    59
    56    10     1     2    10     6     1    59
    57     2     0     5     8     0     1    60
    58     2     6     5     4     0     1    61
    59     3     1     5     1     8     1    61
    60     9     0    10     8     8     1    61
    61     0     0     0     0     0     0
--------------------------------------------------------------------------------
INFORMATION OF PROJECT 18:
#jobs  release  duedate
    62     0   125
#local resources
     2
R_L1   R_L2   
    17    19
jobnr.  dur.  r_G1  r_G2  r_L1  r_L2  #succ.  successors
     0     0     0     0     0     0     3     1     2     3
     1     8     6     1     3     4     3     4     6    16
     2     9     5     5     1     3     2     5    13
     3     7     4     3     4     9     2    11    39
     4     5     4     1     5     2     3     7    20    26
     5     1     3     6     2     5     2    15    41
     6     9     2     5     5     8     2    17    22
     7     9     4     7     4    10     2     8     9
     8     6     6     5     7     5     3    10    14    18
     9     7     3    10     3     9     1    49
    10     8     6     1     5     5     3    12    23    28
    11     8     7     1    10     5     1    21
    12     8     1    10     9     8     1    30
    13     5     4     6     2     4     2    59    60
    14     1     9     4     1    10     3    24    40    45
    15     2     9     5     2     2     3    35    44    51
    16     2     6     2     4     8     1    25
    17     2     5     1    10     2     3    19    34    45
    18     9     1     2     5     2     1    25
    19     7    10     4     6    10     1    51
    20     6     4     8     8     9     1    38
    21     9     6     9     5    10     3    27    32    36
    22     8     7     7     4     7     1    49
    23     4    10     7     1     9     1    40
    24     5     3     6     6     1     1    38
    25     7     4     7     2     1     1    55
    26     1     3     3     4     8     1    41
    27     5     7     2     7     1     3    29    31    42
    28     5     4     8     6     9     1    43
    29     3     8     4     2     7     2    35    58
    30     1     3     7     1     1     2    37    54
    31    10     2    10     9     3     2    52    54
    32     7     2     3     3     9     1    33
    33     8     2    10     2     6     2    35    43
    34     2     2     6     1     6     1    55
    35     9     1     7     4     2     1    52
    36     9     1     3     5     7     1    47
    37     9    10     3     1     4     1    55
    38     3     1     5     6     3     1    39
    39     5     6     6     6     6     1    42
    40     5     9     7     9     6     1    48
    41     4     5     2     4     6     1    50
    42     7     1     6     7     2     2    50    52
    43     7     1     5     5     9     2    46    53
    44     5     8     7     9     9     1    45
    45     5     5     1     3     4     1    57
    46     3     8     2     4    10     1    58
    47     9     7     6     6     3     1    49
    48     8    10     1     9     5     1    56
    49     4     5     5     7     7     1    58
    50     3     1     6     3     9     1    57
    51    10     1     6     8     2     1    56
    52     1     2     8     7     5     1    56
    53     2     4     6     4     4     1    57
    54     1     2     2     2     7     1    60
    55     6     4     9     8     4     1    59
    56     1     3     8     2    10     1    60
    57     7     1     1     5    10     1    59
    58     9     2     1     6     1     1    61
    59     9    10     7     1     6     1    61
    60     9     2     5     5     8     1    61
    61     0     0     0     0     0     0
--------------------------------------------------------------------------------
TRANSFER TIMES OF GLOBAL RESOURCE G1
 DEPOT    P1    P2    P3    P4    P5    P6    P7    P8    P9   P10   P11   P12   P13   P14   P15   P16   P17   P18
     0    10    10     7     7    10     8     8     4    11    10     7     9     7     9     7     8     7     8
    10     0     4    13    10    16    15    11    13     5     6     8     5     3    15    16     4    10    17
    10     4     0    15     8    18    14    13    13     2     3     6     9     4    13    16     7     7    16
     7    13    15     0    13     4    14     5     6    16    16    13    10    11    15     9    10    13    10
     7    10     8    13     0    16     6    14     8     9     7     3    13     8     5    10    11     2     9
    10    16    18     4    16     0    16     7     8    20    19    17    13    15    18    10    14    17    12
     8    15    14    14     6    16     0    16     8    15    12     8    17    13     2     7    15     7     5
     8    11    13     5    14     7    16     0     9    15    15    14     7    10    17    12     7    14    14
     4    13    13     6     8     8     8     9     0    15    13    10    12    10    10     4    11     9     6
    11     5     2    16     9    20    15    15    15     0     3     7    10     6    14    18     8     9    17
    10     6     3    16     7    19    12    15    13     3     0     5    11     6    11    16     9     6    15
     7     8     6    13     3    17     8    14    10     7     5     0    12     7     7    12    10     2    11
     9     5     9    10    13    13    17     7    12    10    11    12     0     6    17    16     2    12    17
     7     3     4    11     8    15    13    10    10     6     6     7     6     0    13    14     4     8    14
     9    15    13    15     5    18     2    17    10    14    11     7    17    13     0     9    15     6     7
     7    16    16     9    10    10     7    12     4    18    16    12    16    14     9     0    15    11     3
     8     4     7    10    11    14    15     7    11     8     9    10     2     4    15    15     0    11    16
     7    10     7    13     2    17     7    14     9     9     6     2    12     8     6    11    11     0    10
     8    17    16    10     9    12     5    14     6    17    15    11    17    14     7     3    16    10     0
--------------------------------------------------------------------------------
TRANSFER TIMES OF GLOBAL RESOURCE G2
 DEPOT    P1    P2    P3    P4    P5    P6    P7    P8    P9   P10   P11   P12   P13   P14   P15   P16   P17   P18
     0     6     4     3    11     4     9     5    10    12    14    12     7    11     4    10     6     6     4
     6     0     7     8    16     5     7     3    14    12     9    14     5    16     7     8     4    10     3
     4     7     0     2     9     3     7     7    11     9    16    15     6     9     0    13     5     4     5
     3     8     2     0     8     5     9     7    10    10    16    14     8     8     2    13     7     3     6
    11    16     9     8     0    12    15    15    11    13    24    18    15     2     9    20    14     6    14
     4     5     3     5    12     0     5     6    13     8    14    16     4    11     3    12     3     6     4
     9     7     7     9    15     5     0     9    18     7    14    20     3    14     7    15     4    10     7
     5     3     7     7    15     6     9     0    12    14     9    12     7    15     7     7     6    10     2
    10    14    11    10    11    13    18    12     0    19    20     9    16    12    11    15    15    11    12
    12    12     9    10    13     8     7    14    19     0    20    23     8    12     9    20     9    10    12
    14     9    16    16    24    14    14     9    20    20     0    16    12    24    16     6    13    19    11
    12    14    15    14    18    16    20    12     9    23    16     0    18    20    15    10    17    16    13
     7     5     6     8    15     4     3     7    16     8    12    18     0    14     6    12     2     9     5
    11    16     9     8     2    11    14    15    12    12    24    20    14     0     9    21    13     6    14
     4     7     0     2     9     3     7     7    11     9    16    15     6     9     0    13     5     4     5
    10     8    13    13    20    12    15     7    15    20     6    10    12    21    13     0    12    16     9
     6     4     5     7    14     3     4     6    15     9    13    17     2    13     5    12     0     8     4
     6    10     4     3     6     6    10    10    11    10    19    16     9     6     4    16     8     0     8
     4     3     5     6    14     4     7     2    12    12    11    13     5    14     5     9     4     8     0
--------------------------------------------------------------------------------
Additional Information: 
global resource strength = 0.5
transfer time factor = 0.2
adapted from RCPSP instances: 
[j6029_1, j609_6, j609_7, j6029_3, j6014_3, j6046_6, j6025_7, j6030_10, j6029_10, j6014_9, j6013_1, j6014_4, j609_9, j609_3, j6013_4, j6045_1, j6025_5, j6013_8]
