--------------------------------------------------------------------------------
PORTFOLIO INFORMATION:
#projects
    18
#global resources
     2
R_G1   R_G2   
   102   104
--------------------------------------------------------------------------------
INFORMATION OF PROJECT 1:
#jobs  release  duedate
    62     0   162
#local resources
     2
R_L1   R_L2   
    16    19
jobnr.  dur.  r_G1  r_G2  r_L1  r_L2  #succ.  successors
     0     0     0     0     0     0     3     1     2     3
     1    10     3     9     7     9     3     5     6    17
     2     1     9     7     4     8     3     4     8    10
     3     8     8     4     2    10     2    44    48
     4    10     1     9     5     8     2     9    19
     5    10     8     7     9     8     2     7    38
     6     7     5     6     1     7     2    36    40
     7     9     3     2     2    10     3    11    14    25
     8     7    10     2     9     2     3    12    30    42
     9     9     2     1     3     6     3    13    20    21
    10     9     4     4    10     4     3    16    18    21
    11     8    10     9     3     8     1    15
    12     7     2    10    10     1     3    24    27    33
    13     6     6     7     3     8     3    17    26    41
    14     1     6     5     8     4     2    44    51
    15     5     4     8     3     7     3    19    23    52
    16     7     4     4     6     1     2    32    45
    17     4     7     3     4     6     1    22
    18     6     7     1     3     5     2    39    60
    19    10    10     5     2     8     1    51
    20     9     2     9     7     1     1    47
    21     8     9    10     5     5     2    23    25
    22     8    10     4     8     7     3    28    42    47
    23     3     4     2     7     2     2    29    57
    24     9     7     1     9     5     2    28    53
    25     9     5     1     1     3     2    30    31
    26     6     2     3     7     9     1    34
    27    10     2     4     4     5     2    28    29
    28     8     4     3     2     2     1    51
    29     9     4     2     9     1     2    36    47
    30     5     8     9     8     5     2    36    60
    31     8     9    10     3     6     1    37
    32     7     9     3     1     6     3    33    35    50
    33     5     2     5     2     9     1    37
    34     7     8    10     2     6     3    43    46    54
    35     3    10     9     6     5     2    46    59
    36     8     5     6     7     2     1    56
    37     7     8     7     3     1     2    43    54
    38     7     7     5     9     7     2    39    40
    39     4     5     3     7     8     2    43    58
    40     7     6     1     2     5     2    41    53
    41    10     9     7     8     7     3    50    55    57
    42     5    10     5     1     8     1    49
    43     9     5     3     7     4     1    57
    44    10    10     5     9     2     1    45
    45     6     9     2     2     3     2    46    49
    46     8     5     6     8    10     1    52
    47     9    10     4     6     2     1    54
    48     4    10     7     2     4     2    49    50
    49     1     3     3     7     1     2    52    56
    50     6     7     5     2    10     1    58
    51     5    10     6     9     4     1    55
    52     9     1    10     9     6     1    53
    53     6     2     5    10     5     1    60
    54     5     2     5     8     7     2    55    56
    55     5     6     3     6     3     1    58
    56     5     7     9     2     7     1    59
    57     8     1     8     4     1     1    59
    58     4     9     9     5     4     1    61
    59     4     7     6     4     1     1    61
    60     8     3     8    10     3     1    61
    61     0     0     0     0     0     0
--------------------------------------------------------------------------------
INFORMATION OF PROJECT 2:
#jobs  release  duedate
    62     0    95
#local resources
     2
R_L1   R_L2   
    26    26
jobnr.  dur.  r_G1  r_G2  r_L1  r_L2  #succ.  successors
     0     0     0     0     0     0     3     1     2     3
     1     1     6     5     7     0     3     8    10    24
     2     1     1     0     0     7     3     8    18    21
     3     7     7    10     7     9     3     4     5     6
     4     4     7     1     2     2     3    14    15    33
     5     9     0     0     6    10     3    11    13    16
     6     9     9     7     8     1     3     7    17    18
     7     4     3     6    10     0     3     9    12    25
     8     3     4     3     7     6     3    14    29    51
     9     6     7     7     8     8     3    28    39    59
    10     8     3     0     8     4     3    14    20    58
    11     5     1     7     2     0     3    26    33    55
    12    10     0     0     0     2     3    23    35    51
    13    10     6     0     5     6     3    34    41    46
    14     3     7     9     3    10     1    36
    15     2     9    10     1    10     3    17    30    31
    16     6     9    10     9    10     3    19    22    32
    17    10     5     0     7     2     3    26    35    54
    18     3     0     7     1     0     3    40    47    53
    19     5     3     7     0     0     3    37    39    46
    20     6     8     8     9    10     3    22    27    28
    21     8     0     9     6     7     3    40    44    45
    22     3     6     8    10     4     2    29    37
    23     9     3     8     9     3     3    26    30    43
    24     6     7     3    10     4     3    32    38    48
    25     5     3     3     2     9     3    27    33    43
    26     1     8     0     9    10     1    56
    27     4     4     6     0    10     3    45    46    53
    28     8     2     3     4     0     3    29    41    52
    29     9     9     8     0     4     1    49
    30    10     0    10     9     8     3    34    36    53
    31     2     3     0     6     0     3    32    35    38
    32     2     7     0     6     2     2    36    42
    33     2     1     0     3     5     3    44    45    49
    34    10     1     2     0     5     3    37    47    48
    35     1     9     7     7     5     1    56
    36     4    10     8     0     0     1    49
    37     3     7     3     6     0     2    42    55
    38     6     0     2     8     0     3    44    50    52
    39     5     6     0     7     0     2    40    41
    40     2     8     3     0     8     2    43    50
    41     2     3     0     6     0     1    42
    42     2     5     4     8     3     1    60
    43     3     6     6     7     0     1    48
    44     7     0     2     0     0     1    47
    45     2    10     0     0     0     1    59
    46     4     3     3     9     3     1    50
    47     7     0     9     0     0     1    56
    48     5     6     8     0    10     3    52    54    58
    49    10     3     2     5     0     1    57
    50     1    10    10     0     0     1    51
    51     2     2     4    10     4     1    54
    52     5     6     6     1     9     1    55
    53     3     4    10     4     6     2    59    60
    54     4     9     9     3     6     1    57
    55     1     1     0     7     8     1    57
    56     8     7     7    10     0     1    58
    57     7     0    10     7     0     1    60
    58     1     5     6     8     2     1    61
    59     2     0     0    10     0     1    61
    60    10     7     4     7     4     1    61
    61     0     0     0     0     0     0
--------------------------------------------------------------------------------
INFORMATION OF PROJECT 3:
#jobs  release  duedate
    62     0   116
#local resources
     2
R_L1   R_L2   
    17    18
jobnr.  dur.  r_G1  r_G2  r_L1  r_L2  #succ.  successors
     0     0     0     0     0     0     3     1     2     3
     1     9     5     4     7     7     3    10    13    46
     2     3     1     8     4     9     3     5     8    16
     3    10     4     6     3     5     3     4    24    42
     4     6     5     1     2     3     3    12    28    43
     5     1     2    10     1    10     3     6     7     9
     6     2     2     6     6     4     3    29    36    37
     7     8     1     5     1    10     3    13    17    54
     8     1     4     7     5     4     3    26    37    47
     9     1     8     6     4     4     3    12    22    36
    10     5     6     3     5     4     3    11    19    22
    11     3     8     8     2     2     3    15    23    24
    12     5     9     8     5     1     3    14    38    39
    13    10     5     9     5     1     3    20    28    58
    14     1     2     8     7     7     3    31    34    41
    15     3    10     5     1     8     3    21    35    52
    16     9     3     5    10     4     3    18    28    38
    17     3     4     3     6     5     2    18    51
    18     2     3     1     3    10     2    42    55
    19     3     1     2     8     3     2    20    36
    20     7     9     5     2     9     2    33    41
    21     5    10     3     1     5     3    29    33    47
    22     9     6     7     9     6     3    32    35    57
    23     4     1     1     3     2     2    25    37
    24     1     4     8     4     6     2    32    40
    25     9     2     2    10     9     2    31    48
    26     5     8     8    10     7     3    27    30    33
    27     6     2     7     7     8     3    29    34    46
    28     2     4     9     4     8     1    60
    29     3    10     9     8     1     2    32    50
    30     4    10    10     7     4     3    34    39    52
    31     2     5     2    10     8     2    45    49
    32     7     9     2     8     7     3    41    43    44
    33     1     8     8     7     6     2    39    57
    34     7     1     6    10     1     2    35    45
    35     7     9     9     4     7     2    44    51
    36     3     3    10     3     4     3    38    42    47
    37     1     9     1     8     8     3    40    43    56
    38     7     5     8     2     2     2    40    49
    39    10     9     6     2    10     1    51
    40     6     5    10     2     2     2    44    45
    41     9     2     7     6     1     1    56
    42     3    10     6     1     5     1    48
    43     3     8     9     6     2     1    55
    44     9     5     2     8     7     2    53    58
    45     1     3     6     3     8     1    50
    46     7    10     5     2     6     2    48    49
    47    10     3     3     3     3     2    50    53
    48     5     7     6     8     6     1    60
    49     1    10    10     4     3     1    52
    50     2     4     5     5     4     3    54    57    59
    51     6     3     2     7     9     2    53    56
    52     8     9     8     9     6     1    54
    53     8     9     5     2     7     1    59
    54     8     2     8     3     8     1    55
    55     1     4    10     3     1     1    58
    56     4     5     3    10     1     1    59
    57     1     6     6     5     3     1    60
    58     2     9    10     8     4     1    61
    59     6     7     2    10     2     1    61
    60     4     5     8    10     7     1    61
    61     0     0     0     0     0     0
--------------------------------------------------------------------------------
INFORMATION OF PROJECT 4:
#jobs  release  duedate
    62     0   129
#local resources
     2
R_L1   R_L2   
    19    21
jobnr.  dur.  r_G1  r_G2  r_L1  r_L2  #succ.  successors
     0     0     0     0     0     0     3     1     2     3
     1    10     9     9     1     8     3     4    29    32
     2     8     5     1    10     2     3     6    13    18
     3     3     1     8     9     8     2    47    56
     4     5     3     6     7     8     2     5    12
     5     9     3     4     5     9     1    42
     6     1    10     3     2     3     3     7     8    23
     7     7     1     8     6     4     3     9    10    16
     8     5    10     6     2     2     2    11    22
     9    10     4     8    10    10     3    14    50    52
    10     7     2     4     1     4     3    15    17    49
    11     8    10    10     2    10     2    30    52
    12     9    10     8     1     8     3    21    50    53
    13     2    10     4     8     9     1    59
    14     2     2     2     9     6     3    19    25    36
    15    10     5     1     9     5     3    20    33    38
    16     4     8     7     4     9     2    21    35
    17     8    10     4     4     5     1    27
    18     1     1     9     8    10     3    23    24    26
    19     1     4     6     4     7     2    20    38
    20     6     2     3     1     5     1    31
    21     1     4     1     1     5     3    34    45    54
    22     7    10     4    10     2     3    28    33    37
    23     3     3     4     5     4     1    53
    24     4     6     1     4     5     2    41    49
    25     4     6    10     5     9     2    27    39
    26     4    10     7     2     7     1    27
    27     2     1     9     6     9     1    35
    28     8     6     5     7     3     2    35    60
    29     6     4    10     9     6     3    41    44    46
    30     9    10     5     9    10     2    34    48
    31     2     9     2    10     3     1    42
    32     7     1     9     6     8     1    47
    33     6     9     9     1     5     3    36    43    52
    34     3     3     8     1     7     2    43    58
    35     8     7     8     7     5     1    48
    36     1     5     6     4     8     1    40
    37    10     6     2     7     1     1    40
    38     8     6     9     5     2     2    42    51
    39     4     5     4     1     4     3    40    41    45
    40     5    10     1     2     9     2    47    54
    41     1     9     2     3     7     1    48
    42     6     3    10    10     7     2    43    46
    43     9    10    10     1     2     1    56
    44     6     6     6     7     7     3    45    49    53
    45    10     2     3     3     3     1    51
    46     7     4    10     9     7     2    55    58
    47     8     6     8     4     9     1    55
    48     2     5     8     3     9     2    54    58
    49     9     4     2     2     9     1    51
    50     2     4     9     6     4     2    59    60
    51     7    10     9     1     4     1    57
    52     7    10    10     2     4     1    55
    53     9     2     1     2     6     1    56
    54     7     6     7     8     7     1    57
    55     7     4     3     4     6     1    57
    56     4     7     9    10    10     1    60
    57     9     7     9     3     1     1    59
    58    10     9     9     6     4     1    61
    59     2     6     9     4     8     1    61
    60     6    10     1     7     1     1    61
    61     0     0     0     0     0     0
--------------------------------------------------------------------------------
INFORMATION OF PROJECT 5:
#jobs  release  duedate
    62     0   131
#local resources
     2
R_L1   R_L2   
    19    20
jobnr.  dur.  r_G1  r_G2  r_L1  r_L2  #succ.  successors
     0     0     0     0     0     0     3     1     2     3
     1    10     4     9     4    10     3     4     5    12
     2     6     6     7     7     6     3     8    11    17
     3     5     5     1     4     1     3     6    16    23
     4     8     1     6     8     9     3     7    10    21
     5     3     1     9     9     3     3    11    19    49
     6     6     7     3     7     6     3     9    13    22
     7     6     6     1     3     6     3    14    26    49
     8    10     1     7     3    10     3     9    21    36
     9     9     4     5     1     9     3    18    28    33
    10     6     2     5     8     4     3    17    18    25
    11     1     6     5     5     4     3    15    30    31
    12     7     3     4     9     3     3    29    41    57
    13     6    10     2     6     6     3    18    42    43
    14     2     7     6     7     3     1    50
    15     9     7     4     3     4     3    32    41    57
    16     9     1     5     4     7     3    26    39    42
    17     3     2     2     4     7     1    31
    18     3     3     9     7     9     3    38    39    51
    19     9     1     9     1     6     2    20    43
    20     5    10     1     1     7     3    28    34    56
    21     4     1     4     3     2     3    24    32    40
    22     2     7     3     5     8     1    24
    23     9     7    10     1     6     2    33    36
    24     4     9     6     3     2     3    28    35    37
    25     3     2     8     5     4     3    27    34    50
    26     2    10     4    10     6     2    33    48
    27     9     4     5     8    10     3    32    36    49
    28     7     9     7     7    10     1    41
    29     4     8     6     6     7     3    31    35    50
    30     3    10    10     5     2     3    37    46    52
    31     9    10     4     8     9     2    40    45
    32     8     2     7     6     2     2    38    53
    33     8     9     6    10     3     2    37    40
    34     1    10    10     5     9     3    35    44    53
    35     9     8     7     6     3     1    38
    36    10     3    10     4     6     3    39    46    47
    37     3    10     6     8     3     3    43    45    55
    38     6     9     2     8     3     1    47
    39     6    10     7     5     3     2    44    55
    40     3     9     5     7     4     1    59
    41     1     7     5     1     4     3    44    47    59
    42     5     6     3     6     8     3    45    46    48
    43     2     6     6     9     4     2    51    54
    44     2     1     9     3     7     1    52
    45     6    10    10     2     2     2    53    56
    46     6     4     8     3     6     1    51
    47    10     3     7     4     1     2    48    58
    48     4     4     7     5     5     1    52
    49     1     3     7     2     1     2    54    55
    50    10     9     3     9     8     2    54    58
    51     4     2     4     7     4     1    57
    52     9     1     1     9     8     1    60
    53     2     2     9     8     1     1    60
    54     9     8     1     6     7     1    60
    55     2    10     7     6     9     1    56
    56     2    10     9    10     5     1    59
    57     2     1     8     8     4     1    58
    58     4     6     2     8     3     1    61
    59     9     6     1     8     9     1    61
    60     5     8    10     8     4     1    61
    61     0     0     0     0     0     0
--------------------------------------------------------------------------------
INFORMATION OF PROJECT 6:
#jobs  release  duedate
    62     0   120
#local resources
     2
R_L1   R_L2   
    21    22
jobnr.  dur.  r_G1  r_G2  r_L1  r_L2  #succ.  successors
     0     0     0     0     0     0     3     1     2     3
     1     4     9     4     6     8     3     5     7    12
     2     9     5     4     5     6     3     4     6    24
     3     7     3     1     2     4     1     9
     4     2    10     8     5     7     3    15    32    34
     5     1     9    10     5     1     1    30
     6     6     1    10    10     9     3    11    14    35
     7     8     2     1     6     5     3     8    10    23
     8    10     7     2     8     3     1    18
     9     8    10     2    10     9     2    26    53
    10     7     8     6     4     8     3    13    17    27
    11     1     3     3     7     9     2    25    30
    12     2    10     8    10     7     2    16    21
    13     4     1     1     3     3     3    22    37    38
    14     9     1     8     1    10     2    19    31
    15     7     5     1     2     7     1    60
    16     7     6     7     5     3     1    35
    17     6     3     2    10    10     3    20    29    36
    18     3     8     2     7     8     2    19    50
    19     8     3     7    10     7     1    44
    20     6     1     4     8     2     1    40
    21     4     6     9     5     2     1    33
    22    10    10     4     2     5     1    30
    23     4     8     3     8     1     2    43    45
    24     7     1     3     6     8     2    26    46
    25    10     1     5     4     4     2    28    40
    26     2     8     6     5     9     1    47
    27     7     5     7     4    10     1    58
    28     3     1     5     6     2     1    56
    29     1    10     1     4     9     1    45
    30     8     5     3    10     5     1    58
    31     8     9     7     9     5     3    41    42    48
    32     1     2     5     2     4     1    39
    33     5     4     5     4     8     2    44    51
    34     1     1     9     6     3     1    52
    35    10     4     2     3     5     1    54
    36     5     9     3     1     3     1    39
    37     9     3     4     9     3     2    55    57
    38     1     5     7    10     4     1    59
    39     5    10     5     5     8     1    50
    40     7     5     7     8     6     2    45    49
    41     6     3     6     3     6     1    54
    42     9     2     3     9     6     1    53
    43     8     5     9     5     6     1    50
    44     2     8     7     4     3     1    49
    45     1    10     2     3     1     1    52
    46     8     5     3     9     6     1    55
    47     5     5     6     9     4     1    58
    48    10    10     3     9     4     1    60
    49     1     4     3     3     7     2    53    55
    50     7     6    10     5     6     1    51
    51     9     5     2    10     2     1    52
    52     7     9     7     1     8     1    57
    53     1     5    10     3     2     1    54
    54     7     5    10     1     6     1    59
    55    10     5     2     9    10     1    60
    56     3     6     2     2     2     1    57
    57     8     9     2     8     9     1    59
    58     5     7     4     5     4     1    61
    59     3     1     8     5     1     1    61
    60     7    10     2     3     6     1    61
    61     0     0     0     0     0     0
--------------------------------------------------------------------------------
INFORMATION OF PROJECT 7:
#jobs  release  duedate
    62     0   130
#local resources
     2
R_L1   R_L2   
    19    18
jobnr.  dur.  r_G1  r_G2  r_L1  r_L2  #succ.  successors
     0     0     0     0     0     0     3     1     2     3
     1     5     2     1     7     2     3     4     5     7
     2     7     9     6     4     6     2     9    15
     3     8     1     4     4    10     3     6    15    36
     4     7     5     7    10    10     3    27    29    36
     5     4     6     3     5     7     3     8    10    11
     6     9     1     5     3    10     3    18    24    47
     7     9     4     7     9     7     2    34    53
     8     4     4     9     2     8     3    13    21    26
     9     4     5     5     4     4     3    12    17    19
    10     2     7     9     7     3     3    13    16    25
    11     9     9     6     3     7     3    30    41    49
    12     7     4     9    10     1     3    14    18    34
    13     7     6     3     7     2     3    15    17    19
    14     1     6     4     2     3     3    32    35    37
    15     1     8     4     7     2     3    20    28    59
    16     5     3     9     4     9     3    20    39    46
    17     9     2     9     7     4     3    22    36    41
    18    10     9     6     6     7     3    38    43    55
    19     2     6     8     6     5     3    22    30    37
    20     6    10     3     7     9     3    24    29    42
    21     4    10     7     2     2     3    25    31    43
    22     2     1     5     4    10     3    23    33    56
    23     9     2     9     7     4     3    27    42    53
    24     6    10     4     9     3     1    45
    25    10     6     8    10     4     3    32    40    49
    26     8     5    10     6     2     3    39    50    51
    27     4     4     8     2     1     2    40    43
    28     3     6     6     3     1     3    29    37    48
    29     2     6     6     9     3     1    45
    30     4     4     4     9     6     3    31    46    47
    31     4     9     3     1     2     2    32    52
    32     4     6     1     9     7     1    50
    33     1     1    10     3     4     2    35    52
    34     1     9     9     8     4     3    38    41    56
    35     7     7    10    10     1     3    40    49    53
    36     5     5     4     9     7     1    50
    37     4     2     4     5     2     3    39    42    45
    38     6     3     4     2     2     1    52
    39     8     4    10     5     4     1    44
    40     7    10     1     8     8     2    46    54
    41     2     2     4     2     8     2    44    47
    42     6     1     7     9     3     1    51
    43     5     7     5     3     4     2    44    54
    44     3     1     2     3     3     1    58
    45     4     2     4    10     4     1    60
    46     8     2     9     8     5     2    48    51
    47     4     9     7     3     6     1    48
    48     6     1    10     7     7     1    55
    49     4     3     4     2     3     1    54
    50     4     4     1     8     2     2    56    60
    51     8    10     9     8     7     2    55    58
    52     3     4    10    10     3     2    57    58
    53     5     3     7     7    10     1    57
    54     1    10     9     2     8     1    57
    55     1     6     6     4     5     1    60
    56     1     1     3     8     3     1    59
    57     9     7     6     5     8     1    59
    58     7     3     6    10     4     1    61
    59     3     2     5     7     5     1    61
    60     6     2     2     8     1     1    61
    61     0     0     0     0     0     0
--------------------------------------------------------------------------------
INFORMATION OF PROJECT 8:
#jobs  release  duedate
    62     0    84
#local resources
     2
R_L1   R_L2   
    25    30
jobnr.  dur.  r_G1  r_G2  r_L1  r_L2  #succ.  successors
     0     0     0     0     0     0     3     1     2     3
     1    10     5     2     0     0     3     7     9    12
     2     5     7    10     9     6     3     6    10    20
     3     5     2     0     0     0     3     4    30    33
     4     1     0    10     4     1     3     5    13    34
     5     2     3     5     5     8     3    15    18    22
     6     1     0     5     4     5     3     8    14    37
     7     3     4     1     2     8     3    33    40    52
     8    10     8     5     1     6     3    11    39    49
     9     4     0     8     0     5     2    44    53
    10     1     0    10     2     2     2    23    39
    11     1    10     1     0    10     3    29    32    58
    12     5     4     0    10     8     3    16    42    50
    13     6     2     0     0     8     2    27    38
    14     1    10    10     4     1     2    21    36
    15     4    10     1     2     6     3    36    43    50
    16     7     1     5     0     7     3    17    24    25
    17    10     7     6     0     0     2    19    48
    18     9     6     8     2     2     3    32    44    45
    19     9     7     9     9     4     1    21
    20     4     3     6     2     0     1    54
    21     2     7     3     2     7     2    23    33
    22     4     0     1    10     0     1    26
    23     9     9     6     0     6     1    31
    24     8     0     4     8     5     2    27    52
    25     3     4     1    10     8     2    28    38
    26     8     0     0     3     0     1    51
    27     5     1     3     0     0     1    43
    28     7     4     1     9     4     2    37    45
    29     1     0     8     7     7     1    53
    30     9     3     9     0     0     1    54
    31     5    10     3     1     1     2    57    59
    32    10     0     4    10     5     2    36    41
    33     8     0     0     2     6     2    38    45
    34     8     9    10     1     6     2    35    37
    35    10     2     2     3     0     3    41    46    47
    36     9     8     0     9     5     1    53
    37     8     0     2     8     0     1    47
    38     6     7     3     8     2     1    55
    39     2     3     1     8     1     2    43    54
    40    10     0     7     8     1     2    42    49
    41     7     4     1    10     7     1    56
    42    10     7     0     0    10     1    48
    43     4     0     3     6     1     2    44    60
    44     8     5     0    10     0     2    47    58
    45     3     7     0    10     4     2    51    60
    46     8     5     3     0     5     3    48    49    52
    47     5     6     1     9     0     1    56
    48    10     9     0     0     9     1    55
    49     6     2     6     0     3     1    50
    50     2     0     2     0     4     2    51    60
    51     2     9     4     9     9     1    57
    52     9     3     8     2     0     1    57
    53     3     8     0    10     7     1    55
    54     3     9     0     5     1     1    56
    55     9     7     1     3     0     1    59
    56     6     1     7     7     0     1    59
    57    10     1     8     2     7     1    58
    58     3     0     0     0     5     1    61
    59     5     3     4     3     9     1    61
    60     4     1     8     9     8     1    61
    61     0     0     0     0     0     0
--------------------------------------------------------------------------------
INFORMATION OF PROJECT 9:
#jobs  release  duedate
    62     0   114
#local resources
     2
R_L1   R_L2   
    20    19
jobnr.  dur.  r_G1  r_G2  r_L1  r_L2  #succ.  successors
     0     0     0     0     0     0     3     1     2     3
     1     4     8    10     3     9     3     4     5     8
     2     5     2     2     9     1     3    14    27    56
     3     5     7     5     8    10     3     6     7    25
     4     3     8     2     9     5     3    10    13    17
     5     8     3     4     8     5     3    15    16    52
     6     3     8     9     5     4     3    28    34    39
     7     7     5     3     8     3     3     9    12    29
     8     4     2     6     5     3     3    16    34    43
     9     4     9     6     8     7     3    27    39    48
    10     5     8     7     6     4     3    11    18    50
    11     4     1     2     5     5     3    19    20    26
    12     3     6     6     7     7     3    21    24    56
    13     7     4     9     5     9     3    18    25    31
    14     1     7     4     1     3     3    30    35    40
    15     3     8     2     4     7     2    33    45
    16     5     3     3     9     3     3    17    26    41
    17    10     2     1     8     1     1    58
    18     4     2     4    10     6     3    22    27    34
    19     3     9     8     3     3     3    24    37    49
    20     8     4     4     6     4     2    24    29
    21     6     4     3     9     5     3    26    32    49
    22     1     3     5     1     5     3    23    29    37
    23     9     5     4     8     7     3    33    38    42
    24     8     3    10     2    10     3    40    44    60
    25     3     5    10     2     4     3    32    35    37
    26     4     4     1     5     3     1    59
    27     5     9     4     6     7     3    33    44    49
    28     7     4    10     8     9     3    30    35    41
    29    10    10     3     3     3     2    53    57
    30     6     2     7     9     1     2    38    45
    31    10     3     9     4     9     2    38    56
    32     8     7     4     5     5     3    36    44    48
    33     8    10     3     1     6     1    55
    34     5     1     1     4     9     1    46
    35     3     6     4     2    10     2    36    45
    36     7     7     6     9     5     2    43    46
    37     4     6     9     3     3     3    39    40    51
    38     4     1     6     4     1     1    52
    39     2     6     8     7     1     2    54    57
    40     7     7     8     4     2     2    42    43
    41     1     8     4     4     8     2    42    50
    42    10     1     6     7     5     1    47
    43     6     5     6     5     2     1    58
    44     4     5     7     7     9     2    46    47
    45     6    10     8     3     6     3    47    48    53
    46     3     2     4     5     9     2    51    52
    47     6     3     6     8     6     1    55
    48     1     9     3     5     6     1    50
    49     5     4     1    10     5     2    54    57
    50     3     1     4     1     4     2    51    54
    51     6    10     6     7     8     1    59
    52     4     6     7     9     6     1    53
    53     6    10     7     2     3     1    55
    54     8     3     9     8     2     1    60
    55     2     1     8     3     6     1    59
    56    10     3     5     6     1     1    60
    57     2     3     6     1    10     1    58
    58     8     9     4     9     3     1    61
    59     3     3     4     8     7     1    61
    60     3     2     5     8     2     1    61
    61     0     0     0     0     0     0
--------------------------------------------------------------------------------
INFORMATION OF PROJECT 10:
#jobs  release  duedate
    62     0   125
#local resources
     2
R_L1   R_L2   
    19    20
jobnr.  dur.  r_G1  r_G2  r_L1  r_L2  #succ.  successors
     0     0     0     0     0     0     3     1     2     3
     1     3     1     1    10     5     3     4    17    23
     2     1     2     2     4    10     3     5    11    12
     3    10     3     7     2     2     1    43
     4     5     6     8     8     6     2     9    32
     5     5     5     8     1     5     3     6     7    29
     6     5    10     4     5     2     3     8    10    16
     7    10     4     3     6     3     2    34    44
     8     2     6     5     2     1     1    50
     9     9    10     3     9     6     3    13    14    19
    10     4     5     9     7    10     3    19    21    26
    11     6     9     3     4     3     1    36
    12    10     7     8     6    10     1    15
    13     4     4    10     6     3     3    42    50    59
    14     2     1     4     2     2     1    21
    15     4     5     3     3     8     1    58
    16    10     8     5     7     9     3    18    25    38
    17     3     8     7     8    10     2    30    45
    18     6     4     6     1     7     3    20    24    27
    19    10     3     5     2     3     2    31    47
    20     6     6     6     8    10     2    22    54
    21     9     9     7     3     2     1    50
    22     8     1     5     4     7     1    49
    23     9     6    10     2     2     1    35
    24     4     7     7     3     1     1    45
    25     8     1     5     2     3     1    58
    26     8     9     5     5     7     2    28    48
    27     5     3     1     4     8     1    33
    28     9     3     9     6     3     2    36    56
    29     4     4     9     9     5     1    40
    30     1     9     2     7     4     1    44
    31    10     6     6     2     2     1    42
    32     6     3     7     4     5     2    41    53
    33     4     7     5     9     8     1    39
    34     1     9     8     9     4     2    37    57
    35     2     4     7     5     4     1    45
    36     7    10     8     9     9     1    43
    37     8     6     9     7     1     1    38
    38     3     3     3     2     1     3    41    51    55
    39     1     6     9     4     2     1    51
    40     4     9    10     2    10     1    46
    41     2     3     8     1     3     1    52
    42     9     9     1     5     1     1    54
    43     5     9     6     8     8     1    54
    44    10     6     2     6     7     1    46
    45     9     2    10     1     5     1    49
    46     7     1    10    10     1     1    49
    47    10    10     7     6     5     1    56
    48     7     7     9     7     4     2    52    60
    49     1     2    10     8     1     1    58
    50    10     9     3     1    10     1    51
    51    10    10     7     4     4     1    53
    52     7    10    10     5    10     1    59
    53     5     8     1     9     1     1    60
    54     3     1     8     7    10     1    55
    55     3     2     2     2     9     1    60
    56     4     9     3    10     5     1    57
    57     8     9     4     5     1     1    59
    58     2     4    10     3     5     1    61
    59     6     5     8     4     9     1    61
    60    10     8     7     2     4     1    61
    61     0     0     0     0     0     0
--------------------------------------------------------------------------------
INFORMATION OF PROJECT 11:
#jobs  release  duedate
    62     0   140
#local resources
     2
R_L1   R_L2   
    16    16
jobnr.  dur.  r_G1  r_G2  r_L1  r_L2  #succ.  successors
     0     0     0     0     0     0     3     1     2     3
     1     7     6     9     9     7     1     7
     2    10     1     1     0     5     3     4     6     9
     3     6     9    10     1     1     3     5    28    32
     4     1     9     0     6     5     3    20    37    55
     5    10     1     7     9     0     3    39    45    51
     6     1     1     5     5     7     1    14
     7     3     8     9     2     3     3     8    10    18
     8     6     9     4     1     4     3    13    31    40
     9     3     0     0    10     7     3    12    14    16
    10     2     2     0     1     4     3    11    13    21
    11     4     3     3     7     8     3    12    19    27
    12    10     1     7     5     2     3    28    34    54
    13    10     0     0     4     7     3    15    35    48
    14     7     8     7     5     0     3    19    34    44
    15     3     7     0     0     4     3    32    43    49
    16     5     0     2     0     7     3    17    22    24
    17     8     2     0     0     5     3    29    52    56
    18     6     5     1     0     4     2    24    26
    19     3     7     9     0     2     2    23    30
    20     7     1     3     7     3     3    31    35    36
    21     7     3     0     6     4     3    38    47    51
    22     5     8     1     1    10     2    26    41
    23     1    10     0     2     4     3    25    26    28
    24     9     4     1     2     7     2    25    33
    25     9     5     0     9     0     3    29    39    41
    26     9     8     9    10     3     2    38    40
    27     4     0     2     0     7     3    33    36    41
    28     2     2     8     0     6     3    29    38    46
    29     6     7     7     5     6     3    35    37    57
    30    10     0     2     0     0     3    31    32    37
    31     1     0    10    10     0     1    48
    32     9     0     2     9     0     3    45    46    59
    33     4    10     2     6     0     3    34    40    42
    34     7     3     0     0     4     2    57    58
    35     9     9     0     2     4     1    50
    36     5     8     1     0     0     2    39    44
    37     2     3     0     5    10     1    60
    38     2    10     5     4     0     3    50    52    53
    39     8     1     0     8     9     1    47
    40     9     7     9     8     1     2    43    46
    41     6    10     0     0     0     3    43    49    58
    42     9     3     5     0     0     3    44    45    47
    43     5     2     9     7     1     2    51    53
    44     2     5     9     4     8     1    56
    45     1     6     2     2     4     1    54
    46    10     0     2     0    10     1    52
    47     9     2     9     0     4     2    48    60
    48     2     7     6     0     9     3    49    50    58
    49     4    10     2     8     0     1    53
    50    10     7     5     0     1     1    59
    51     1     5     0     2     0     1    54
    52     8     1     6     3     2     1    55
    53     5    10    10     4     0     1    56
    54    10    10     4     0     4     1    55
    55     2     2     8     9     9     1    57
    56     6     9     7     9     5     1    59
    57     7     3     0     1     5     1    60
    58    10     2     5     8     0     1    61
    59     9     0     1     0     3     1    61
    60     9     2     4     7     4     1    61
    61     0     0     0     0     0     0
--------------------------------------------------------------------------------
INFORMATION OF PROJECT 12:
#jobs  release  duedate
    62     0    73
#local resources
     2
R_L1   R_L2   
    35    37
jobnr.  dur.  r_G1  r_G2  r_L1  r_L2  #succ.  successors
     0     0     0     0     0     0     3     1     2     3
     1     3     6     6     4     5     1     7
     2     9     1     3     8     2     1    17
     3     6     5     3     9     2     3     4     5     6
     4     5     4     6     4     9     3     8    10    53
     5     7     5     6     5     2     3    11    35    53
     6     3     1     1     4     9     1    39
     7     2     2     3    10     5     3    12    15    28
     8     5     5     7     2     7     2     9    18
     9     6     5     5     5     2     2    22    24
    10     1     6     6     1     7     3    13    14    36
    11     6     5     5     7     2     3    32    56    60
    12     8     8     2     5     4     1    16
    13    10     6     5     9     9     3    19    27    31
    14     6     3     1     6     4     1    45
    15     3     9     6     3     9     1    44
    16    10     5     1     4    10     1    24
    17     4    10     8    10     5     3    19    21    47
    18     6     4     1     9     7     1    20
    19     2     8     1     5     3     1    23
    20     2     2     2     4     5     2    26    57
    21     7    10     8     1     5     2    25    37
    22     7     6     2     2     6     1    42
    23     1    10     5     6     1     1    26
    24     2     2     4    10     7     1    39
    25    10     8    10     3     7     1    29
    26     2     7     8     3    10     1    32
    27     2     6     5     3     4     1    50
    28     8     3     3     6     8     1    49
    29     7     2     1     4     2     3    30    34    52
    30     4     6     7     7     3     1    56
    31    10     3     1     9     5     1    56
    32     8     5     6     8     7     1    33
    33     4     4     6     4     1     2    41    49
    34     8     9     7     6     3     2    43    50
    35     7     3     6     7    10     1    38
    36     9     2    10     1     6     2    40    55
    37     6     1     8     6     7     2    42    59
    38     6    10     6     4     6     1    42
    39     9     3     8     9     8     1    47
    40    10     2     9     5     8     3    43    46    48
    41     4     4     5     4     2     1    48
    42     9     6     9     5     8     1    46
    43     3     3     9     8     6     1    60
    44     2     2     8     5     1     1    54
    45     9     3     6     9     3     2    46    55
    46     3     4     6     6     3     1    57
    47     6     7     4     3     8     1    51
    48     1     1     9     6     5     1    54
    49     1     5     7     9     5     2    51    58
    50     8     6     4     6     5     1    54
    51     9     9     3     1     4     1    59
    52     3     3     4     4    10     1    55
    53     3     1     8     4     9     1    60
    54     9     7     9     3     9     1    59
    55     8     7     2    10     7     1    57
    56     9     1     1     5     4     1    58
    57     1     6     9     8     2     1    58
    58     6     5     3     6     2     1    61
    59     3     8     5     6     7     1    61
    60     8     2     1     4     4     1    61
    61     0     0     0     0     0     0
--------------------------------------------------------------------------------
INFORMATION OF PROJECT 13:
#jobs  release  duedate
    62     0   118
#local resources
     2
R_L1   R_L2   
    20    21
jobnr.  dur.  r_G1  r_G2  r_L1  r_L2  #succ.  successors
     0     0     0     0     0     0     3     1     2     3
     1     6    10     3     6     5     3     5     6    22
     2     6    10     3     4     6     3    14    32    38
     3     4     8     7     6     2     3     4     7    19
     4     8     8     5     6     6     1    60
     5     3     1     8     1     2     3     8     9    12
     6     4     2     7     9     8     1    41
     7    10     1     5    10     1     3    10    13    20
     8     2    10     5    10     3     2    29    33
     9     3     3     9     7     6     3    11    14    17
    10    10     8     3     7     9     3    16    26    29
    11     4     2     2     1     6     1    37
    12     8    10     5     5     1     3    15    21    27
    13    10     7     6     2     7     3    16    18    46
    14    10    10     7     2     8     2    23    29
    15     7     9     8     6     6     1    40
    16     2     8     5     3     5     3    23    36    42
    17     2     4     8     3     7     2    28    30
    18     9     8     7     2     5     3    36    40    43
    19     5     9     8     8     7     3    24    28    39
    20     3     4     6     7     7     1    34
    21     4     2     3     3    10     2    35    50
    22     5     1     4     2    10     2    46    50
    23     8     3     1     4     2     1    25
    24     2     7     6     6     7     2    35    36
    25     8    10     9     1     4     1    30
    26     8     3     8     7     7     3    28    38    47
    27     6    10    10     3    10     3    32    35    44
    28     2     7     1     3     5     3    31    44    49
    29     8     3    10     4     8     2    49    57
    30     7     3     8     9     6     1    44
    31     2     2     6     2     9     2    33    50
    32     7     8     5     5     8     1    33
    33     2     3     9     6     8     1    53
    34     1     6     5     8     2     2    46    60
    35     3    10     4     5     7     3    42    45    48
    36     6     7     3    10    10     1    47
    37     4     4     1     5    10     1    42
    38     4     4     5     9     4     1    41
    39    10     4     4     7     2     1    41
    40     5     4     1     5     2     1    56
    41     9    10    10     3     2     1    53
    42     2     5     6     8     9     3    43    49    57
    43     6     3     1     4     6     2    52    55
    44     8     8     3     3     7     1    53
    45    10     4     4    10     4     1    57
    46     7     7     2     3    10     1    47
    47     3     1     6     8     4     2    58    59
    48     3    10     1     7    10     2    52    54
    49     6     8     6     9     2     1    51
    50     2     3    10     3     2     2    59    60
    51     8     1     8     2     1     2    52    54
    52     3     6     5    10     4     1    56
    53     7     1     6     1     9     1    54
    54     5     5     1     9    10     2    55    56
    55     7     5     6     6     6     1    58
    56     2     9     5     9     4     1    59
    57    10     1     8     4     1     1    58
    58     1     5     9     5     5     1    61
    59     2     6    10     1     3     1    61
    60     7     4     2     3     4     1    61
    61     0     0     0     0     0     0
--------------------------------------------------------------------------------
INFORMATION OF PROJECT 14:
#jobs  release  duedate
    62     0    94
#local resources
     2
R_L1   R_L2   
    31    32
jobnr.  dur.  r_G1  r_G2  r_L1  r_L2  #succ.  successors
     0     0     0     0     0     0     3     1     2     3
     1     6     7    10     3     9     3     7     9    14
     2     3     7     2     8    10     1    24
     3     9     8     6     9     9     3     4     6    12
     4     6     6     4     1     5     3     5    13    18
     5     7     8     3     2     1     3    10    11    19
     6     8     4     5    10     8     3    40    41    44
     7     2     1     1     5     4     3     8    31    38
     8     1     5     9     2    10     3    33    47    59
     9     8     3     5     6     7     3    17    33    43
    10     6     8     3    10     3     3    20    31    55
    11    10     3     5     8     2     2    33    54
    12     3    10     7     2     5     2    15    50
    13     6     3    10    10     8     3    19    22    52
    14     1     2     6     2     6     3    26    28    48
    15     4     8     3    10     2     1    16
    16     5     7     7     2     7     2    47    55
    17     5     6    10     3     9     3    22    30    35
    18     9     4     3     4     8     1    25
    19     7     3     1     5     6     2    21    23
    20     9     8     1    10     8     2    30    41
    21     9     5     7     7    10     3    46    51    56
    22     1     3     5     4     2     2    37    39
    23     9     8     7    10     9     1    27
    24     3     3    10     3    10     2    29    32
    25     7    10    10     8     2     3    26    36    37
    26     8     9     8     9     4     3    42    50    60
    27    10     9    10     3     3     1    40
    28     5     2     6     2    10     3    29    41    47
    29     9     6     5     5     2     1    34
    30     1     7    10     8     3     1    36
    31     1     3     5     2     2     1    36
    32     3     5     8     7     1     3    35    38    57
    33    10     6     5     6    10     1    48
    34     6     2     9     9     8     1    45
    35     1    10     7     1     1     1    39
    36     4     4     3    10     4     2    44    49
    37     8     4     9     5     9     1    46
    38     6     2    10     2     6     1    43
    39    10     7     4     2     1     1    42
    40     4     6     3     9    10     2    46    54
    41     1     3    10     6     8     1    43
    42     6     4    10     7     2     2    45    51
    43    10     4     9     3     3     3    49    53    56
    44     8    10     4     3     3     1    57
    45    10     3     1     2     3     2    53    54
    46     8     4     2     4    10     2    48    58
    47     9     6     9     3     6     1    57
    48    10     9     2     9     8     1    60
    49     8     3     6     1     6     1    50
    50     3     3     4     8     6     1    51
    51     8     3     5     3     3     1    59
    52     6     7     8     6     9     1    53
    53     5     7     7     1     5     1    58
    54     9     5     1     5    10     2    55    56
    55     1     8    10     9     9     1    59
    56     1     8     1     2     8     1    58
    57     5     8    10     4    10     1    60
    58     9     8     9     6     7     1    61
    59     9     2     7     2     1     1    61
    60     7     5     6     2     8     1    61
    61     0     0     0     0     0     0
--------------------------------------------------------------------------------
INFORMATION OF PROJECT 15:
#jobs  release  duedate
    62     0   106
#local resources
     2
R_L1   R_L2   
    18    17
jobnr.  dur.  r_G1  r_G2  r_L1  r_L2  #succ.  successors
     0     0     0     0     0     0     3     1     2     3
     1     9     0     0     8     1     3     4     9    17
     2     1     4    10     1     3     2    11    53
     3     7     5     5     7     3     3     5     7    10
     4     9     5     3     4     0     3     6    13    22
     5     2     1     6     0     7     2     8    30
     6     5     0     7     0     4     3    12    14    47
     7     3     9     1    10     2     3    18    36    41
     8     4     1     0     1     2     1    45
     9     5    10     2     6     8     2    27    48
    10     2     4     3     1     0     2    16    43
    11     5     5     5     3    10     3    28    34    37
    12     3     7     0     6     4     2    38    45
    13     7    10     2     8     6     3    16    18    37
    14     2     2     0     0     0     1    15
    15     2     3     6    10     0     2    20    48
    16     5     0     0     9     3     1    33
    17     6    10     0     0     1     3    19    21    23
    18     7     8     4     0    10     3    24    26    32
    19    10     1     0     0     8     1    31
    20     3     5     0     0     8     1    25
    21     1     1    10     9     5     3    31    39    40
    22     1     8     3     7     3     1    40
    23     4     5     2     0     1     3    29    35    47
    24     2     3     8     9     3     1    56
    25     1     0     6     2     9     1    26
    26     2     5     0     5     0     2    29    30
    27     1     0     4    10     2     2    29    58
    28     3     0     4     0     3     2    38    40
    29     3     0     6     0     0     3    38    53    54
    30    10     1    10     8     6     1    57
    31     7     2     0     1     3     1    49
    32     6     1     0     0     1     2    44    50
    33     3     0    10     7     7     1    39
    34     4    10     6     2     3     3    39    46    52
    35     3     8     5     0     8     3    49    50    60
    36     8     8     7     1    10     2    51    56
    37     2    10     0     8     8     3    43    45    46
    38     4     8     6     8     1     1    55
    39     1     4     7     9     4     2    48    57
    40     9     2     7     3    10     3    44    46    54
    41     7     0     1     8     3     2    42    49
    42     6    10     0     0     2     2    43    44
    43     6     5     7     9     0     2    47    51
    44     6     5    10     3     0     1    55
    45     9     3     0     8    10     1    60
    46     2     6     2     6     4     1    57
    47     8     9     5     3     5     2    50    54
    48     7     8     4     2     7     1    58
    49     4     7     5    10     6     1    51
    50     5     0     0     0     6     2    52    58
    51     6     5     0     0     0     1    52
    52     7     0     3     9     3     1    55
    53     4     7     9     8     0     1    59
    54     3     0     9     0     0     1    56
    55     5     5     3     2    10     1    59
    56    10    10     1     2     6     1    59
    57     2     8     0     5     0     1    60
    58     2     4     6     5     0     1    61
    59     3     1     1     5     8     1    61
    60     9     8     0    10     8     1    61
    61     0     0     0     0     0     0
--------------------------------------------------------------------------------
INFORMATION OF PROJECT 16:
#jobs  release  duedate
    62     0   143
#local resources
     2
R_L1   R_L2   
    16    16
jobnr.  dur.  r_G1  r_G2  r_L1  r_L2  #succ.  successors
     0     0     0     0     0     0     3     1     2     3
     1     7     7     5     8     4     3    12    17    33
     2     4     9     3     5     0     3    23    41    48
     3     5     7     0     0     9     3     4     6    11
     4     9     1     5     9     3     3     5    25    27
     5     8     6     2     4     3     3    20    28    34
     6     8     1     0     8     0     3     7    13    14
     7     6     0     1     0    10     3     8    10    15
     8     8     4     0     3     5     3     9    26    38
     9     2    10     0     4    10     2    19    21
    10     9     0     3     0     7     3    25    27    37
    11     9     7     0     4     3     3    17    36    39
    12     9     5     4     1     7     3    19    28    44
    13     2     0     0    10     8     3    15    21    28
    14     1     6     0     2     4     2    16    24
    15     7     4     1     1     2     2    41    43
    16     4     0     0     8     9     2    38    39
    17     4     5     9     3     0     3    18    30    32
    18     4     6     6     1     8     1    34
    19    10     4     0     7    10     3    20    45    49
    20     5     0     7     3     7     3    22    35    37
    21     4     0     0     0     1     3    32    33    42
    22     8     0     5    10     4     3    31    42    47
    23     3     8     0     3     4     2    36    47
    24     1     6     0     0     0     3    29    38    50
    25     6     6     8     9     1     3    32    33    41
    26     9     3     9     8     5     2    29    31
    27     7     9    10     9     3     3    29    40    51
    28     2     0     3     4     6     3    31    45    48
    29    10     1     0     0     0     3    35    46    55
    30     9     0     5     9     4     2    35    43
    31     8     6     0     1    10     1    50
    32     2     1     1     9     5     3    34    40    55
    33     2     9     5     1     9     1    56
    34     2     2     6     1     0     3    49    51    58
    35    10     8     4     3     0     2    54    56
    36     6     5     3     8     5     3    43    53    55
    37     5     0     4     9     9     2    39    47
    38     4     4     0     9     3     1    40
    39     9     5     0     4     7     2    42    52
    40     2     2     0     9     1     3    44    52    53
    41     1     3     0     2     8     3    49    51    52
    42     2     0    10     4     1     1    46
    43     9    10    10     0     2     2    45    59
    44     6     0    10     7     7     1    46
    45     1     8     0     6     1     1    60
    46     3     1     5     3     2     1    48
    47     8     9     5     2    10     1    54
    48     5     8     0     7     9     1    58
    49    10     0     9     3     0     1    50
    50    10     5     2     4     0     1    53
    51     4     9     0     1     5     1    60
    52     8     7     0     3     9     2    54    56
    53     4     4     1     0     4     2    59    60
    54    10     9     8     0     0     1    57
    55     5     4     5     5     4     1    57
    56     8     1     2     0    10     1    57
    57    10     9     5     3     0     2    58    59
    58     9    10     3     8     2     1    61
    59     5     9     0     7     1     1    61
    60     4     0     2     8     0     1    61
    61     0     0     0     0     0     0
--------------------------------------------------------------------------------
INFORMATION OF PROJECT 17:
#jobs  release  duedate
    62     0   122
#local resources
     2
R_L1   R_L2   
    21    19
jobnr.  dur.  r_G1  r_G2  r_L1  r_L2  #succ.  successors
     0     0     0     0     0     0     3     1     2     3
     1     1     9     4     5     2     3    13    14    39
     2     4     5     8     9     3     3     6     7     8
     3     3     5    10     1     5     3     4     9    36
     4     1     6    10     9     5     3     5    21    24
     5    10     7    10    10     8     3    29    40    44
     6    10     9     7     5     2     3    11    12    27
     7     9     3     7     5     4     3    19    35    36
     8     4    10    10     6     2     3    10    14    41
     9     2     1     6     2     3     3    18    22    39
    10     2     7     1     9     2     3    15    25    58
    11     2     9    10     2     8     3    18    20    28
    12     6     6     6     9     7     3    16    25    34
    13     4     6     1     4     2     3    25    26    32
    14     8     7     5     8     6     3    24    33    54
    15     3     5     9    10     3     3    17    36    43
    16     1    10    10     1     9     3    18    19    45
    17     4     6     5     9     6     3    24    29    37
    18     8     4     2    10     4     3    32    35    55
    19     2    10     3     3     9     2    48    53
    20     6     1    10     2     5     3    39    46    53
    21    10     9     4     9     5     3    30    44    49
    22     5     2     3     1     4     3    23    48    53
    23     4     3     3     7     9     3    27    28    33
    24     1     7     5     3    10     2    42    45
    25     1     2     5     1    10     3    28    37    42
    26     3     2     8     1     8     2    27    43
    27     6    10     2     8     6     2    31    38
    28     9     8     5     2     3     2    29    57
    29     8     2     4    10    10     3    46    51    54
    30     6     8     5     4     2     3    37    38    47
    31     1     6     5     1    10     3    35    41    44
    32     6     6     5     8     2     1    54
    33     3     7    10     1     5     2    34    42
    34     4     2     3     8     4     3    38    43    46
    35     8     8     3     5     3     1    49
    36     4     4     6     8    10     1    40
    37     9     7     2     8     4     1    51
    38     5    10    10     9     8     1    58
    39     7     6     3     2     5     3    40    45    49
    40     6     7     4     8     2     2    48    50
    41     7    10     5     9     4     2    47    50
    42     5     7     3     6    10     1    50
    43     1     5     3     1     7     2    52    56
    44     4     5     2    10     3     1    47
    45     9     7     6     6     1     1    60
    46     8     9     5     7     4     2    55    56
    47     3     5    10    10     6     1    58
    48     1     3     5     2     4     1    51
    49     9    10     4     9     7     1    57
    50     8    10     3     3    10     2    52    57
    51     9     5     8     3     6     2    52    56
    52     3     4     2     7     7     1    55
    53     8     1     2     6     6     1    60
    54     6     4     6     3     7     1    59
    55     4     2    10     9     4     1    60
    56     6     3    10     3     4     1    59
    57     9     6     9     5     6     1    59
    58     6     3     6     3     4     1    61
    59     6     5     9     2    10     1    61
    60     4     5     7     5     5     1    61
    61     0     0     0     0     0     0
--------------------------------------------------------------------------------
INFORMATION OF PROJECT 18:
#jobs  release  duedate
    62     0    86
#local resources
     2
R_L1   R_L2   
    34    28
jobnr.  dur.  r_G1  r_G2  r_L1  r_L2  #succ.  successors
     0     0     0     0     0     0     3     1     2     3
     1     2     5     3     7     2     3    20    21    47
     2     8    10     6     9     1     3     5     8    13
     3     1     9     6     3    10     3     4    13    16
     4     3     4     6     6     9     3    11    26    27
     5     6     8     1     2     1     3     6     7    10
     6     8     3     5     6     4     3    35    41    44
     7     5     2     8     8     1     3    12    15    23
     8     6     8     2     4     5     3     9    14    24
     9     3    10     1     7     3     3    36    39    40
    10     2     6     7     2     6     3    23    31    40
    11     1     6     2     6     2     3    12    31    43
    12     3     9     2     9     5     2    37    38
    13     8     9     7     7     5     2    18    22
    14     4     3     9     4     5     3    22    36    46
    15     4    10     5     5     4     3    17    22    50
    16     8     2     1    10     1     3    19    27    52
    17     9    10     2     1     3     3    18    25    41
    18     3    10     6     2     1     3    32    33    45
    19     3     9    10     2     8     3    20    45    54
    20     7     2     7    10     5     2    25    60
    21     7     8     2    10    10     3    23    28    31
    22     6     3     5     8    10     3    27    30    51
    23     7     8     3     4    10     2    29    33
    24     1     7     2    10     6     3    25    41    43
    25     1     5     4     5     9     1    58
    26     3     6     7     3     4     1    42
    27     4     1     2     1     5     3    35    37    38
    28    10     6     3     4     7     3    30    37    44
    29    10     8     9     3     5     3    34    49    56
    30     4     7    10     6     8     1    33
    31     2     8     4     1     4     2    39    55
    32     6    10     3     4     2     3    36    46    59
    33     6     7     2     6     4     3    34    48    60
    34     5     1     9     2    10     2    35    57
    35     7     4     3    10     8     1    59
    36     8     3     9     5    10     2    38    47
    37     6     6     7     5     8     2    39    53
    38     6     4     8     6     9     1    55
    39     3     1    10     6     8     1    49
    40     1     1     5     9    10     3    42    43    44
    41     8     1     8     4    10     2    42    47
    42    10    10     6    10     6     2    48    51
    43     5    10     3     4     8     2    50    52
    44     7     7    10     7     7     2    45    50
    45     9     1     7     1     5     2    46    56
    46     7     3     4     2     9     1    57
    47     5     6     7     6     2     2    49    55
    48     1    10     5     8     3     2    52    58
    49     3     9     2     8     1     1    54
    50     7    10     9     9     8     2    51    53
    51     4     8     9     1    10     1    54
    52     8     6     3     2     3     1    53
    53     6     7     7     3     8     1    56
    54     6     5     4    10     4     1    60
    55     2     8     2     8     6     1    57
    56     4     7     1     6     7     1    59
    57     5     5     3     5     2     1    58
    58     5     7     7     5     2     1    61
    59     6     4     9     6     8     1    61
    60     5     4     5     9     6     1    61
    61     0     0     0     0     0     0
--------------------------------------------------------------------------------
TRANSFER TIMES OF GLOBAL RESOURCE G1
 DEPOT    P1    P2    P3    P4    P5    P6    P7    P8    P9   P10   P11   P12   P13   P14   P15   P16   P17   P18
     0    11    16     9    33    20    24    20    21    11    28    22    12    31    25    19    27    26    16
    11     0    24    20    43    30    30    24    32    17    31    33    19    22    23    14    25    35     6
    16    24     0    11    20    25    11    11    19     8    40    18     6    45    40    34    24    11    27
     9    20    11     0    25    16    22    20    13    12    30    14    10    39    31    25    30    19    24
    33    43    20    25     0    30    24    28    20    28    49    17    26    63    54    50    42    11    47
    20    30    25    16    30     0    36    35    11    27    20    13    25    43    28    28    45    29    35
    24    30    11    22    24    36     0     7    29    14    51    28    14    51    49    42    19    14    31
    20    24    11    20    28    35     7     0    29    10    47    29    10    45    44    37    14    18    25
    21    32    19    13    20    11    29    29     0    23    30     3    21    48    37    34    41    20    36
    11    17     8    12    28    27    14    10    23     0    38    23     3    38    36    28    19    19    20
    28    31    40    30    49    20    51    47    30    38     0    33    38    34    15    21    54    47    36
    22    33    18    14    17    13    28    29     3    23    33     0    21    51    39    36    41    18    38
    12    19     6    10    26    25    14    10    21     3    38    21     0    40    36    29    21    17    22
    31    22    45    39    63    43    51    45    48    38    34    51    40     0    19    16    42    56    21
    25    23    40    31    54    28    49    44    37    36    15    39    36    19     0     9    47    49    26
    19    14    34    25    50    28    42    37    34    28    21    36    29    16     9     0    38    44    17
    27    25    24    30    42    45    19    14    41    19    54    41    21    42    47    38     0    32    23
    26    35    11    19    11    29    14    18    20    19    47    18    17    56    49    44    32     0    38
    16     6    27    24    47    35    31    25    36    20    36    38    22    21    26    17    23    38     0
--------------------------------------------------------------------------------
TRANSFER TIMES OF GLOBAL RESOURCE G2
 DEPOT    P1    P2    P3    P4    P5    P6    P7    P8    P9   P10   P11   P12   P13   P14   P15   P16   P17   P18
     0    26    18    15    21    16    25    16    28     2    24     7    16    11    25    28     9    26    19
    26     0    17    21    46    41    49    27     5    26    10    29    11    15    44    18    29    19    10
    18    17     0     5    37    32    42    28    17    19     9    18    13    10    41    11    25     9     9
    15    21     5     0    33    28    38    27    21    16    14    13    14    10    39    15    22    13    12
    21    46    37    33     0     5     8    26    49    21    44    20    35    32    18    48    18    45    39
    16    41    32    28     5     0    11    22    44    16    39    15    31    27    19    43    14    40    34
    25    49    42    38     8    11     0    26    52    25    48    26    39    36    14    53    20    51    43
    16    27    28    27    26    22    26     0    31    14    30    22    19    19    17    37     9    36    24
    28     5    17    21    49    44    52    31     0    28     8    31    14    17    48    14    32    16    11
     2    26    19    16    21    16    25    14    28     0    24     8    15    12    24    29     7    27    19
    24    10     9    14    44    39    48    30     8    24     0    25    12    13    46     8    29     9     7
     7    29    18    13    20    15    26    22    31     8    25     0    20    15    29    28    14    26    21
    16    11    13    14    35    31    39    19    14    15    12    20     0     6    34    20    19    19     6
    11    15    10    10    32    27    36    19    17    12    13    15     6     0    33    19    16    18     8
    25    44    41    39    18    19    14    17    48    24    46    29    34    33     0    52    17    50    39
    28    18    11    15    48    43    53    37    14    29     8    28    20    19    52     0    35     4    14
     9    29    25    22    18    14    20     9    32     7    29    14    19    16    17    35     0    33    23
    26    19     9    13    45    40    51    36    16    27     9    26    19    18    50     4    33     0    14
    19    10     9    12    39    34    43    24    11    19     7    21     6     8    39    14    23    14     0
--------------------------------------------------------------------------------
Additional Information: 
global resource strength = 0.2
transfer time factor = 0.5
adapted from RCPSP instances: 
[j6029_6, j6042_10, j6045_4, j6029_3, j6045_9, j6013_1, j6045_7, j6026_3, j6045_5, j6013_10, j6041_7, j6014_4, j6029_5, j6030_7, j6025_5, j6041_8, j6045_10, j6046_7]
