--------------------------------------------------------------------------------
PORTFOLIO INFORMATION:
#projects
    20
#global resources
     2
R_G1   R_G2   
   139   138
--------------------------------------------------------------------------------
INFORMATION OF PROJECT 1:
#jobs  release  duedate
    62     0   111
#local resources
     2
R_L1   R_L2   
    24    24
jobnr.  dur.  r_G1  r_G2  r_L1  r_L2  #succ.  successors
     0     0     0     0     0     0     3     1     2     3
     1     8     7     6     9     7     2    34    39
     2     8     4     8    10     7     3     4     9    24
     3     8     6     1     6     7     3     5     8    11
     4     6     9     8     5     5     2     7    18
     5     8     9     5     9     2     3     6    13    27
     6     7    10    10     2     8     3    40    48    60
     7     9     7     7     6    10     3    12    14    21
     8     8     4     5     4     5     3    10    17    22
     9    10     8     1     2     5     2    23    30
    10     1     2     4     4     7     1    25
    11     7     1     9     1     4     1    28
    12     1     7     9     4     9     1    20
    13     7     6     9     1     9     2    35    44
    14     1     7     4    10     5     3    15    16    45
    15     9     4     7     1     8     1    38
    16    10     2     2     5     7     2    37    46
    17     8    10     3    10     8     3    19    26    29
    18     4     3     7     9    10     1    51
    19     1     1     1     3     6     1    48
    20     2     6     5     8     8     1    27
    21    10     7     4     9     6     1    49
    22     7     4     7     3    10     2    33    47
    23     5     5     4     4     2     2    54    57
    24     8     6     7     2     6     1    37
    25     9     9     6    10     4     2    28    58
    26    10    10     7     8     1     1    49
    27     4     8     7    10     8     1    31
    28     4     4     5     4     6     1    30
    29    10     7    10     3     9     1    32
    30     7     9     7    10     4     1    59
    31     5     1     4     6     5     2    42    50
    32     1     9    10     2     2     2    38    55
    33     5     6     1     7    10     2    36    43
    34     5     6     2     8     5     1    50
    35     4     2     4     8     5     1    55
    36    10    10     8    10     5     1    56
    37     5     2     7     2     6     1    49
    38     6     7     3     3     6     2    52    59
    39     3     8     3     4     3     2    40    53
    40     3     9     4     2     2     1    41
    41     8     6    10     5     5     1    56
    42     4     6     1     8     1     1    57
    43     7     7     6     3     9     2    52    57
    44     4     7     2     1     7     1    58
    45     6     4     2     9     1     1    48
    46    10     3     2     9     3     1    56
    47     7     4     8     7     7     1    52
    48     7     6     6    10     1     1    51
    49     5     1    10     9    10     1    54
    50     3     2     4     2    10     1    53
    51     2     5     2     1     4     1    54
    52     9     5     9     1     3     1    53
    53     5    10     8     2     3     1    60
    54     5     3     5     2     8     1    55
    55     3     3     5     7     3     1    59
    56    10     5     1     2     7     1    58
    57     2     1     1     8     3     1    60
    58     8     6     3     2     6     1    61
    59     4     4     3     6     4     1    61
    60     7     7     8    10     7     1    61
    61     0     0     0     0     0     0
--------------------------------------------------------------------------------
INFORMATION OF PROJECT 2:
#jobs  release  duedate
    62     0   142
#local resources
     2
R_L1   R_L2   
    16    15
jobnr.  dur.  r_G1  r_G2  r_L1  r_L2  #succ.  successors
     0     0     0     0     0     0     3     1     2     3
     1     4     1     0     5     0     3     4     7    15
     2    10     0     8     4     5     3     5     6    13
     3    10     3     3     4     9     2    19    28
     4     6     9     0    10     8     3    11    20    24
     5     9     8     6     9     7     3     9    11    27
     6     1     0     1     6     8     2     8    17
     7     6     0     2     6     6     3     8    12    14
     8     2     3     1     7     5     2    10    25
     9    10     8     1     0     7     3    22    28    32
    10    10     0     0     1     3     3    19    27    47
    11     9     6     8     0     5     2    16    18
    12     1     0     6     3     0     3    19    44    55
    13     3     3     7     8     9     3    16    21    42
    14    10    10     9     7     3     2    48    57
    15     8     0     4     0     0     2    21    43
    16     3    10     9     1     5     3    17    23    38
    17     5     8     4     1     8     3    33    40    41
    18     3     6     4     0     0     2    23    37
    19     3     1     0     0     3     2    20    36
    20    10     7     5     1     4     3    30    45    50
    21     2     1     4     3     5     3    30    35    45
    22     7     6    10     0    10     2    31    37
    23     5     3     7    10     2     3    25    26    34
    24     6     6     8     9    10     3    35    47    53
    25     4     0     8     2     6     2    29    39
    26     7     0    10     9     0     3    35    39    49
    27     8     0     8     2     3     3    30    33    37
    28     6    10     0     9     4     2    29    40
    29     1     5     2     5     2     3    33    41    52
    30     8     6     0     0     0     2    57    59
    31     3     0     1    10     7     2    34    36
    32     7     6     6     9     9     3    34    44    49
    33     8     6     0     5     0     1    58
    34     4     8     2     9     8     3    40    47    52
    35     7     5     0     6     0     2    48    60
    36     1     1    10     5     3     2    38    43
    37    10     9     6     6     4     3    38    39    43
    38     2     1     0     4    10     2    49    52
    39     1     4     0     2     4     2    41    50
    40     1     0     9     9     7     2    46    48
    41     3     1     6     0     3     2    46    55
    42     1     5     5     6     8     2    44    58
    43     3     5     0     2     8     2    45    46
    44     9     7     0     3     0     1    56
    45    10     0     0     9     7     1    51
    46    10     0     9     1     0     2    51    54
    47     4     0     2     5     6     2    54    60
    48     8    10     5     3     0     1    55
    49     2     1     4     7     0     2    50    51
    50     8     8     0     2     4     2    54    56
    51     6     3     1     7     9     1    53
    52     7     2    10     3     0     1    53
    53     4    10     0     9     0     1    56
    54     9     1     4     0     6     1    58
    55     7     3     5     0    10     1    59
    56     1     5     3     6     1     2    57    59
    57    10     4     5     7     9     1    60
    58     6     0     0     7    10     1    61
    59     9     0     0    10     5     1    61
    60     1     0     0     1     3     1    61
    61     0     0     0     0     0     0
--------------------------------------------------------------------------------
INFORMATION OF PROJECT 3:
#jobs  release  duedate
    62     0   104
#local resources
     2
R_L1   R_L2   
    17    19
jobnr.  dur.  r_G1  r_G2  r_L1  r_L2  #succ.  successors
     0     0     0     0     0     0     3     1     2     3
     1     4     5     0     3     0     3     4     9    12
     2     4     9     2     3     3     1    42
     3     3     7     0     8     9     3    14    16    34
     4     5     5     8     9     3     3     5    17    21
     5     1     0     5     6     5     3     6     7     8
     6    10     6     1     0     1     2    10    53
     7     9    10     1     0     5     1    11
     8     7     1     5     6     1     3    15    36    55
     9     5     4     4     1     4     2    22    25
    10     1     3     8     0     3     1    50
    11     3     1     0     3     1     2    13    20
    12     8     1     0     0     8     3    27    35    45
    13     7     9     7     8     3     1    18
    14     8     0     6     6     4     1    28
    15     1     0     6     9     7     2    19    33
    16     6     5     7    10     5     3    19    29    43
    17     1     6     5     2     0     2    37    41
    18    10     9     9    10     0     1    26
    19     8     0    10     4     0     2    44    54
    20    10     2     5     8     4     2    25    50
    21     4     8    10     8     8     3    22    24    28
    22     8     8     4     0     0     2    23    52
    23     3     0     9     7     4     2    38    58
    24     6     7     0    10     1     1    30
    25     9     8     1     5     0     1    31
    26     9     2     9     9     0     1    59
    27     4     1     0     3     4     1    46
    28     7     0     0     2     3     1    31
    29     1     6     4     8     5     1    40
    30     5     0     2     0     7     1    44
    31     4     4     1     2     1     1    32
    32     2     0     5     0     1     1    48
    33     6     0     8     1     5     1    38
    34     1     0     9     0    10     1    40
    35     3     5     9     3     0     2    39    49
    36     9     0     0     3     0     1    56
    37     1     0     0     9    10     1    44
    38    10     8     7     5     4     1    49
    39     3     8     0     3     8     2    42    57
    40     3     1     0     7     7     1    58
    41     3     1     0     0     1     1    47
    42     9     7     4     8     2     1    51
    43     7     9     4    10     8     1    55
    44     1     2     9     2     9     3    46    48    49
    45     7     1     0     8     9     1    53
    46     7     1     9     0     4     2    50    60
    47     8     0     2     1     0     1    48
    48    10     6     4     2     4     1    59
    49     6     7     2     6     0     1    56
    50     8     0     7     1     0     1    57
    51     4     3     7     0     2     1    56
    52     7     3     8     0    10     1    54
    53     4     7     5     2     1     1    55
    54     9     5     6     0    10     1    57
    55     3     8     0     8    10     1    59
    56     9     7     7     6     0     1    60
    57     7     6    10     0     5     1    58
    58     8     5     7     0     4     1    61
    59     8     0     7     0     0     1    61
    60     7     4     6     7     3     1    61
    61     0     0     0     0     0     0
--------------------------------------------------------------------------------
INFORMATION OF PROJECT 4:
#jobs  release  duedate
    62     0   123
#local resources
     2
R_L1   R_L2   
    15    18
jobnr.  dur.  r_G1  r_G2  r_L1  r_L2  #succ.  successors
     0     0     0     0     0     0     3     1     2     3
     1     4     9     6     7     7     3     4    12    33
     2    10     5     2     0     0     3     5     6    22
     3     1     0     8     0     9     2    27    40
     4     7    10     5    10     2     3     7     9    11
     5     5     3     7     4    10     3     8    27    28
     6     9    10     3     6     0     3    10    14    30
     7     6     4     2     8     8     1    34
     8     6     8     6     0     2     3    10    40    53
     9     6     0     0     5    10     3    27    39    55
    10    10     0     1     2     4     3    24    26    32
    11    10     5     4     9     2     3    15    20    26
    12     1     0     8     8     1     3    13    24    50
    13     2     7    10     0     5     3    19    21    35
    14     7     0     5     2     3     3    16    20    23
    15     7    10     0     8     3     3    17    29    60
    16     6     0     2    10     3     3    18    29    36
    17     4     2    10     0     9     3    18    28    43
    18     3     5     9     6     1     2    34    48
    19     2     1     0     2     7     3    22    37    39
    20     4     1     0     4     0     3    32    35    40
    21     3     8     0     7     2     3    26    28    31
    22     6     0     2     0     8     3    30    47    55
    23     5     9     6     2     2     1    25
    24     2     0     9     0     3     3    29    39    41
    25     9     8     7     3     8     3    31    43    51
    26     9     5     6     9     5     3    37    42    57
    27     5     8     7     5     0     3    31    34    38
    28     8     4     0     0     1     2    38    48
    29     9     0     9     6     7     3    43    44    49
    30    10     8     5     5     0     1    45
    31     5     0     8     9     8     3    37    46    47
    32     8     0     0     0     8     2    36    45
    33     1     1     0     0     0     3    35    36    38
    34    10     5    10     0     5     2    42    44
    35     3     0     9     0    10     3    44    47    59
    36     2     7     3     4     5     2    41    58
    37     5     2     2     8     6     1    56
    38     5    10     0     0     9     1    49
    39     5     0     5     1    10     2    42    46
    40     8     0     9     1     2     3    45    51    52
    41     5     0     0    10     0     2    46    51
    42     3     8     5     6     0     1    49
    43     9     4     6     0     9     1    59
    44     5     5     5     0     2     1    58
    45    10     6     5     2     7     3    48    54    56
    46     6     6     1     1     1     1    52
    47     3     0     2     4     7     2    52    53
    48     8     4     6     0     8     1    59
    49     4     5     3     7     4     1    58
    50    10    10     5     5     0     1    53
    51     3     9     3     2     3     2    54    55
    52     9     4     6     1     3     1    56
    53     3     5     5     0    10     1    54
    54     5     5    10     0    10     1    57
    55     4    10     6    10     3     1    57
    56     3     1     9     5     9     1    60
    57     9     1     0     0     4     1    60
    58     6     0     9     0     3     1    61
    59    10     2     4     0     1     1    61
    60     2     9     0     1     6     1    61
    61     0     0     0     0     0     0
--------------------------------------------------------------------------------
INFORMATION OF PROJECT 5:
#jobs  release  duedate
    62     0   139
#local resources
     2
R_L1   R_L2   
    15    16
jobnr.  dur.  r_G1  r_G2  r_L1  r_L2  #succ.  successors
     0     0     0     0     0     0     3     1     2     3
     1     5     0     3     9     9     3     4     5     6
     2     6    10    10     0     2     3     8     9    23
     3     9     2     9    10     6     3    10    12    14
     4     8     5     2     4    10     3     7    13    16
     5     8     8     4     0     0     3     7    17    22
     6     4     8     2     5     0     3    15    30    42
     7     9     0     7     1     4     2    23    35
     8     3     4    10     0     3     3    10    25    26
     9     4     1     2     0     9     3    11    15    21
    10     2     4     1     4     0     3    21    39    42
    11    10     2     8     9     0     2    22    25
    12     2     0     8     7     9     3    13    18    20
    13    10     0    10     8     8     3    17    37    43
    14     4     2     0     0     9     3    19    26    41
    15     9     6     7     7     0     3    16    22    38
    16    10     3     9     1     0     2    28    48
    17     5     6     3     2     0     3    27    29    50
    18     2     8     0     4     9     3    24    49    60
    19     9     4     9     0     0     2    32    36
    20     5     8    10     0     0     3    24    45    46
    21     9     6     9     5     2     3    24    44    58
    22     9     2    10    10     3     3    31    36    51
    23     5     9    10     1     2     3    33    40    41
    24     4     2     5     0     0     1    47
    25     4     2     0     0     6     3    39    43    48
    26     5     7     8     6     2     3    37    44    52
    27     6     0     1     8     9     3    35    36    38
    28     6     1     5     3    10     1    43
    29     8    10     1     4     1     2    41    57
    30     1     0     0     4     5     1    34
    31     3     4     4     3     3     3    33    40    45
    32     1     1     6     5     3     3    34    35    40
    33     8     4     9     9     4     2    34    39
    34     8     0     0     9     5     2    47    53
    35    10     7     4     0     0     2    42    51
    36     9     8     0     4     5     1    52
    37     9     3     9     8     5     2    38    50
    38     8     0    10     5     2     3    46    48    53
    39     7     0     8     1     8     2    49    59
    40     4     7     8     3     6     2    49    54
    41     1     0     0     6    10     3    51    56    59
    42     7     2     0     1     0     2    44    45
    43     7     8     0     9     9     2    53    60
    44     7     4     8     2     2     2    46    47
    45     9     1     3     2     8     2    52    56
    46     3     4     1     0     5     1    54
    47     6     6     0     7    10     1    54
    48     8     0    10     0     9     1    55
    49     9     1     8     5     5     1    50
    50     9     0     0     9     1     1    55
    51     6     7     0     4     0     1    58
    52    10     0    10     0     4     1    60
    53     9     4     0     0     9     2    55    57
    54     7     8     0     5     1     1    57
    55     9     3     7     2    10     1    56
    56     4     6     0     7     1     1    58
    57     5     1     5     5    10     1    59
    58     1    10     0     5     2     1    61
    59     4     8     0     4     0     1    61
    60     6    10     2     6     0     1    61
    61     0     0     0     0     0     0
--------------------------------------------------------------------------------
INFORMATION OF PROJECT 6:
#jobs  release  duedate
    62     0    84
#local resources
     2
R_L1   R_L2   
    28    30
jobnr.  dur.  r_G1  r_G2  r_L1  r_L2  #succ.  successors
     0     0     0     0     0     0     3     1     2     3
     1    10     0     2     5     0     3     7     9    12
     2     5     9    10     7     6     3     6    10    20
     3     5     0     0     2     0     3     4    30    33
     4     1     4    10     0     1     3     5    13    34
     5     2     5     5     3     8     3    15    18    22
     6     1     4     5     0     5     3     8    14    37
     7     3     2     1     4     8     3    33    40    52
     8    10     1     5     8     6     3    11    39    49
     9     4     0     8     0     5     2    44    53
    10     1     2    10     0     2     2    23    39
    11     1     0     1    10    10     3    29    32    58
    12     5    10     0     4     8     3    16    42    50
    13     6     0     0     2     8     2    27    38
    14     1     4    10    10     1     2    21    36
    15     4     2     1    10     6     3    36    43    50
    16     7     0     5     1     7     3    17    24    25
    17    10     0     6     7     0     2    19    48
    18     9     2     8     6     2     3    32    44    45
    19     9     9     9     7     4     1    21
    20     4     2     6     3     0     1    54
    21     2     2     3     7     7     2    23    33
    22     4    10     1     0     0     1    26
    23     9     0     6     9     6     1    31
    24     8     8     4     0     5     2    27    52
    25     3    10     1     4     8     2    28    38
    26     8     3     0     0     0     1    51
    27     5     0     3     1     0     1    43
    28     7     9     1     4     4     2    37    45
    29     1     7     8     0     7     1    53
    30     9     0     9     3     0     1    54
    31     5     1     3    10     1     2    57    59
    32    10    10     4     0     5     2    36    41
    33     8     2     0     0     6     2    38    45
    34     8     1    10     9     6     2    35    37
    35    10     3     2     2     0     3    41    46    47
    36     9     9     0     8     5     1    53
    37     8     8     2     0     0     1    47
    38     6     8     3     7     2     1    55
    39     2     8     1     3     1     2    43    54
    40    10     8     7     0     1     2    42    49
    41     7    10     1     4     7     1    56
    42    10     0     0     7    10     1    48
    43     4     6     3     0     1     2    44    60
    44     8    10     0     5     0     2    47    58
    45     3    10     0     7     4     2    51    60
    46     8     0     3     5     5     3    48    49    52
    47     5     9     1     6     0     1    56
    48    10     0     0     9     9     1    55
    49     6     0     6     2     3     1    50
    50     2     0     2     0     4     2    51    60
    51     2     9     4     9     9     1    57
    52     9     2     8     3     0     1    57
    53     3    10     0     8     7     1    55
    54     3     5     0     9     1     1    56
    55     9     3     1     7     0     1    59
    56     6     7     7     1     0     1    59
    57    10     2     8     1     7     1    58
    58     3     0     0     0     5     1    61
    59     5     3     4     3     9     1    61
    60     4     9     8     1     8     1    61
    61     0     0     0     0     0     0
--------------------------------------------------------------------------------
INFORMATION OF PROJECT 7:
#jobs  release  duedate
    62     0    67
#local resources
     2
R_L1   R_L2   
    41    39
jobnr.  dur.  r_G1  r_G2  r_L1  r_L2  #succ.  successors
     0     0     0     0     0     0     3     1     2     3
     1     4     8    10     3     3     3     4     5    10
     2     6     3     6     2     2     3     6    11    29
     3     2    10     7     7     6     1    41
     4     7     9     3     9    10     3     7    17    20
     5     3     2     1     1    10     3     8     9    23
     6     7    10     2    10     2     3    13    14    15
     7     9     2     8     6     3     1    55
     8     8     9     8     6     8     3    16    47    50
     9     3     8     9     8     8     3    12    22    52
    10     1     1     1     6     5     3    24    25    33
    11     9     5    10     8     6     1    37
    12     2    10     9     9    10     1    31
    13     1     7     6     7     6     1    19
    14     3     9     9     9     9     2    28    40
    15     7     2     7     1    10     3    18    26    32
    16     9     7     1     8     4     3    27    35    45
    17     8     5     9     2     3     1    53
    18     2     2     8     3    10     1    22
    19     1    10     1     2     1     1    47
    20     6     8     4     9     2     1    21
    21     5     6    10     8     5     1    30
    22     6     8     2     8     8     1    35
    23     5     4     3     2    10     3    28    36    48
    24     9     7    10     2     8     2    30    54
    25     1     7     7     2     5     1    44
    26     8     7     1     7     9     1    37
    27     9     3     8     5     8     2    29    31
    28     2     7     5     7    10     1    54
    29    10     6     8     6     6     1    52
    30     4     8     9     8     9     1    47
    31     7     6     9     8     9     2    38    46
    32     3     9     7     3     2     1    34
    33     7     3     2    10     7     1    42
    34     2     6    10    10     5     1    39
    35     9     4     1     2     2     1    60
    36     4     2     7    10     8     1    49
    37     6     6    10     9    10     1    49
    38     8     2     4     2    10     1    60
    39     1     4     5     3     1     2    43    51
    40     3     2     1     8     7     2    51    55
    41    10     7     7     7     6     1    44
    42     3     8     1     6     1     1    57
    43     5     4     2     8     2     1    44
    44     6     9     1     1    10     2    45    48
    45    10     5     7     4    10     1    54
    46    10     9     2     9     1     1    59
    47     2     5     2     6     3     1    51
    48     7     1    10     2     4     1    55
    49     3     1     1     3     4     1    52
    50     7     1     7     8     8     1    56
    51     2     5     8     9    10     1    59
    52     7     9     1     7     2     1    58
    53     2     2     3     6     8     1    60
    54     2    10    10     7     8     2    56    57
    55    10    10     5     2     2     1    58
    56     4     3     6     8     4     1    58
    57     7     4     7     3     5     1    59
    58     2     1     8     2     4     1    61
    59     3     3     4     4     7     1    61
    60     3     7     7    10     8     1    61
    61     0     0     0     0     0     0
--------------------------------------------------------------------------------
INFORMATION OF PROJECT 8:
#jobs  release  duedate
    62     0    89
#local resources
     2
R_L1   R_L2   
    14    20
jobnr.  dur.  r_G1  r_G2  r_L1  r_L2  #succ.  successors
     0     0     0     0     0     0     3     1     2     3
     1     6     0     0     4     0     3     4     8    19
     2     1     5     2     0     0     3    10    33    55
     3     8     7    10     0     0     3     5     6    13
     4     9     0     5     3     2     3    12    16    17
     5     1     0     0     0     3     2    23    29
     6     1     0     0     9     0     3     7     9    11
     7     1     4     0     9     4     3    14    15    18
     8     7    10    10     5     4     3    34    46    54
     9     1    10     0     1     0     1    26
    10     9     9     0     0     0     1    48
    11     8    10     6     0     0     1    28
    12     4    10     0     0     1     2    20    28
    13     7     2     0     8     0     1    43
    14     8     6     4     0     0     1    38
    15    10     0     0     6     9     2    24    52
    16     3     0     0     1     0     3    22    23    32
    17    10     0     0     9     8     2    41    52
    18     3     8     9     0     7     1    25
    19     5     0     1     0     0     3    21    27    30
    20     4     0     2     0     5     1    44
    21     9     1     8     0    10     1    29
    22     4     1     7     3     6     1    26
    23     6     0     0     8     1     1    57
    24     5     0     1     3     0     1    25
    25     7     2     0     0     0     1    31
    26     2     0     3     0     0     1    56
    27     9     7     5     2     8     1    40
    28    10     9     0     0     3     1    53
    29     3     0     0     0     3     1    44
    30     2     0     8     0     0     2    33    55
    31     6     0    10     5     0     2    35    42
    32     7     6     0     0     6     1    39
    33     2     9     0     0     9     2    43    59
    34     9     2     0     0     0     3    36    47    56
    35     5     0     6    10     0     1    50
    36    10     9     0     0     1     2    37    60
    37     2     8     0     0     0     1    41
    38     9     7     3     0     4     1    48
    39     2     0    10     0     9     1    45
    40     1     3     7     0     0     1    59
    41     7     0     0     1     0     1    45
    42     6     7     0     0     0     1    49
    43     6     4     6     3     0     1    44
    44     4     8     0     0     6     2    46    53
    45     1     2     0    10     0     1    53
    46     8    10     5     0     2     1    50
    47     2     9     0     0     0     1    51
    48     9     0     7     0     4     1    57
    49    10     9     0     3     0     2    51    55
    50    10     9     0     7     1     1    58
    51     3     0     0     0     5     1    60
    52     3     6     5     0     8     1    56
    53     7     7     0     0     8     1    57
    54     5     1     0     6     0     1    59
    55     4     0     6     6     0     1    60
    56     3     1     7    10     0     1    58
    57     7     2     0     0     5     1    58
    58     3     0     3     6     0     1    61
    59     5     8     8     1     0     1    61
    60    10     7     0     0     4     1    61
    61     0     0     0     0     0     0
--------------------------------------------------------------------------------
INFORMATION OF PROJECT 9:
#jobs  release  duedate
    62     0    94
#local resources
     2
R_L1   R_L2   
    29    32
jobnr.  dur.  r_G1  r_G2  r_L1  r_L2  #succ.  successors
     0     0     0     0     0     0     3     1     2     3
     1     6    10     3     7     9     3     7     9    14
     2     3     2     8     7    10     1    24
     3     9     6     9     8     9     3     4     6    12
     4     6     4     1     6     5     3     5    13    18
     5     7     3     2     8     1     3    10    11    19
     6     8     5    10     4     8     3    40    41    44
     7     2     1     5     1     4     3     8    31    38
     8     1     9     2     5    10     3    33    47    59
     9     8     5     6     3     7     3    17    33    43
    10     6     3    10     8     3     3    20    31    55
    11    10     5     8     3     2     2    33    54
    12     3     7     2    10     5     2    15    50
    13     6    10    10     3     8     3    19    22    52
    14     1     6     2     2     6     3    26    28    48
    15     4     3    10     8     2     1    16
    16     5     7     2     7     7     2    47    55
    17     5    10     3     6     9     3    22    30    35
    18     9     3     4     4     8     1    25
    19     7     1     5     3     6     2    21    23
    20     9     1    10     8     8     2    30    41
    21     9     7     7     5    10     3    46    51    56
    22     1     5     4     3     2     2    37    39
    23     9     7    10     8     9     1    27
    24     3    10     3     3    10     2    29    32
    25     7    10     8    10     2     3    26    36    37
    26     8     8     9     9     4     3    42    50    60
    27    10    10     3     9     3     1    40
    28     5     6     2     2    10     3    29    41    47
    29     9     5     5     6     2     1    34
    30     1    10     8     7     3     1    36
    31     1     5     2     3     2     1    36
    32     3     8     7     5     1     3    35    38    57
    33    10     5     6     6    10     1    48
    34     6     9     9     2     8     1    45
    35     1     7     1    10     1     1    39
    36     4     3    10     4     4     2    44    49
    37     8     9     5     4     9     1    46
    38     6    10     2     2     6     1    43
    39    10     4     2     7     1     1    42
    40     4     3     9     6    10     2    46    54
    41     1    10     6     3     8     1    43
    42     6    10     7     4     2     2    45    51
    43    10     9     3     4     3     3    49    53    56
    44     8     4     3    10     3     1    57
    45    10     1     2     3     3     2    53    54
    46     8     2     4     4    10     2    48    58
    47     9     9     3     6     6     1    57
    48    10     2     9     9     8     1    60
    49     8     6     1     3     6     1    50
    50     3     4     8     3     6     1    51
    51     8     5     3     3     3     1    59
    52     6     8     6     7     9     1    53
    53     5     7     1     7     5     1    58
    54     9     1     5     5    10     2    55    56
    55     1    10     9     8     9     1    59
    56     1     1     2     8     8     1    58
    57     5    10     4     8    10     1    60
    58     9     9     6     8     7     1    61
    59     9     7     2     2     1     1    61
    60     7     6     2     5     8     1    61
    61     0     0     0     0     0     0
--------------------------------------------------------------------------------
INFORMATION OF PROJECT 10:
#jobs  release  duedate
    62     0   131
#local resources
     2
R_L1   R_L2   
    18    19
jobnr.  dur.  r_G1  r_G2  r_L1  r_L2  #succ.  successors
     0     0     0     0     0     0     3     1     2     3
     1    10     4    10     9     4     3     4     5    12
     2     6     6     6     7     7     3     8    11    17
     3     5     5     1     1     4     3     6    16    23
     4     8     1     9     6     8     3     7    10    21
     5     3     1     3     9     9     3    11    19    49
     6     6     7     6     3     7     3     9    13    22
     7     6     6     6     1     3     3    14    26    49
     8    10     1    10     7     3     3     9    21    36
     9     9     4     9     5     1     3    18    28    33
    10     6     2     4     5     8     3    17    18    25
    11     1     6     4     5     5     3    15    30    31
    12     7     3     3     4     9     3    29    41    57
    13     6    10     6     2     6     3    18    42    43
    14     2     7     3     6     7     1    50
    15     9     7     4     4     3     3    32    41    57
    16     9     1     7     5     4     3    26    39    42
    17     3     2     7     2     4     1    31
    18     3     3     9     9     7     3    38    39    51
    19     9     1     6     9     1     2    20    43
    20     5    10     7     1     1     3    28    34    56
    21     4     1     2     4     3     3    24    32    40
    22     2     7     8     3     5     1    24
    23     9     7     6    10     1     2    33    36
    24     4     9     2     6     3     3    28    35    37
    25     3     2     4     8     5     3    27    34    50
    26     2    10     6     4    10     2    33    48
    27     9     4    10     5     8     3    32    36    49
    28     7     9    10     7     7     1    41
    29     4     8     7     6     6     3    31    35    50
    30     3    10     2    10     5     3    37    46    52
    31     9    10     9     4     8     2    40    45
    32     8     2     2     7     6     2    38    53
    33     8     9     3     6    10     2    37    40
    34     1    10     9    10     5     3    35    44    53
    35     9     8     3     7     6     1    38
    36    10     3     6    10     4     3    39    46    47
    37     3    10     3     6     8     3    43    45    55
    38     6     9     3     2     8     1    47
    39     6    10     3     7     5     2    44    55
    40     3     9     4     5     7     1    59
    41     1     7     4     5     1     3    44    47    59
    42     5     6     8     3     6     3    45    46    48
    43     2     6     4     6     9     2    51    54
    44     2     1     7     9     3     1    52
    45     6    10     2    10     2     2    53    56
    46     6     4     6     8     3     1    51
    47    10     3     1     7     4     2    48    58
    48     4     4     5     7     5     1    52
    49     1     3     1     7     2     2    54    55
    50    10     9     8     3     9     2    54    58
    51     4     2     4     4     7     1    57
    52     9     1     8     1     9     1    60
    53     2     2     1     9     8     1    60
    54     9     8     7     1     6     1    60
    55     2    10     9     7     6     1    56
    56     2    10     5     9    10     1    59
    57     2     1     4     8     8     1    58
    58     4     6     3     2     8     1    61
    59     9     6     9     1     8     1    61
    60     5     8     4    10     8     1    61
    61     0     0     0     0     0     0
--------------------------------------------------------------------------------
INFORMATION OF PROJECT 11:
#jobs  release  duedate
    62     0   122
#local resources
     2
R_L1   R_L2   
    21    18
jobnr.  dur.  r_G1  r_G2  r_L1  r_L2  #succ.  successors
     0     0     0     0     0     0     3     1     2     3
     1     1     9     2     5     4     3    13    14    39
     2     4     5     3     9     8     3     6     7     8
     3     3     5     5     1    10     3     4     9    36
     4     1     6     5     9    10     3     5    21    24
     5    10     7     8    10    10     3    29    40    44
     6    10     9     2     5     7     3    11    12    27
     7     9     3     4     5     7     3    19    35    36
     8     4    10     2     6    10     3    10    14    41
     9     2     1     3     2     6     3    18    22    39
    10     2     7     2     9     1     3    15    25    58
    11     2     9     8     2    10     3    18    20    28
    12     6     6     7     9     6     3    16    25    34
    13     4     6     2     4     1     3    25    26    32
    14     8     7     6     8     5     3    24    33    54
    15     3     5     3    10     9     3    17    36    43
    16     1    10     9     1    10     3    18    19    45
    17     4     6     6     9     5     3    24    29    37
    18     8     4     4    10     2     3    32    35    55
    19     2    10     9     3     3     2    48    53
    20     6     1     5     2    10     3    39    46    53
    21    10     9     5     9     4     3    30    44    49
    22     5     2     4     1     3     3    23    48    53
    23     4     3     9     7     3     3    27    28    33
    24     1     7    10     3     5     2    42    45
    25     1     2    10     1     5     3    28    37    42
    26     3     2     8     1     8     2    27    43
    27     6    10     6     8     2     2    31    38
    28     9     8     3     2     5     2    29    57
    29     8     2    10    10     4     3    46    51    54
    30     6     8     2     4     5     3    37    38    47
    31     1     6    10     1     5     3    35    41    44
    32     6     6     2     8     5     1    54
    33     3     7     5     1    10     2    34    42
    34     4     2     4     8     3     3    38    43    46
    35     8     8     3     5     3     1    49
    36     4     4    10     8     6     1    40
    37     9     7     4     8     2     1    51
    38     5    10     8     9    10     1    58
    39     7     6     5     2     3     3    40    45    49
    40     6     7     2     8     4     2    48    50
    41     7    10     4     9     5     2    47    50
    42     5     7    10     6     3     1    50
    43     1     5     7     1     3     2    52    56
    44     4     5     3    10     2     1    47
    45     9     7     1     6     6     1    60
    46     8     9     4     7     5     2    55    56
    47     3     5     6    10    10     1    58
    48     1     3     4     2     5     1    51
    49     9    10     7     9     4     1    57
    50     8    10    10     3     3     2    52    57
    51     9     5     6     3     8     2    52    56
    52     3     4     7     7     2     1    55
    53     8     1     6     6     2     1    60
    54     6     4     7     3     6     1    59
    55     4     2     4     9    10     1    60
    56     6     3     4     3    10     1    59
    57     9     6     6     5     9     1    59
    58     6     3     4     3     6     1    61
    59     6     5    10     2     9     1    61
    60     4     5     5     5     7     1    61
    61     0     0     0     0     0     0
--------------------------------------------------------------------------------
INFORMATION OF PROJECT 12:
#jobs  release  duedate
    62     0    96
#local resources
     2
R_L1   R_L2   
    27    24
jobnr.  dur.  r_G1  r_G2  r_L1  r_L2  #succ.  successors
     0     0     0     0     0     0     3     1     2     3
     1     2     4     9    10     1     3     4     8    10
     2     6     1     7    10     9     3     5     6    34
     3     8     9     6     1     7     2     7    31
     4     2     4     8     9     8     3     9    15    22
     5     4    10     1     8     3     1    30
     6     2     2     1     6     3     1    52
     7     4     3     7     1     9     3    18    20    51
     8     5     9     7     8     2     2    22    28
     9    10     2     3     4     8     3    11    16    19
    10     3     2     3     2     6     3    12    24    35
    11     8     9     2     9    10     2    13    44
    12     8     1     8     7     8     1    57
    13     3     4     5     1     1     2    14    39
    14    10     6     1     9     1     3    21    28    47
    15    10    10     3     8     4     3    17    23    25
    16     4     3     3     9     9     1    31
    17     2     1     6     7     4     1    32
    18     9     3    10     8     1     1    53
    19     3     2     9     2     8     2    27    30
    20     8     1    10     3     7     1    26
    21     3     5    10     7     1     1    57
    22     5     3     6     5    10     3    29    33    52
    23     5     5     1     9     6     1    56
    24     6     9     2     4     4     2    38    49
    25     6     6     1     7     2     1    46
    26     8     1     4     1     4     1    28
    27     6     3     6     2     1     1    40
    28    10     4     7     8     7     1    42
    29    10     1     5     8     4     1    45
    30     7     1    10     5     2     1    40
    31     3     7     7     4     8     1    43
    32     2     3     1     8     8     2    37    59
    33     8     7     5     6     9     2    41    53
    34     7    10     1     3     3     1    36
    35     6     5     7     3     7     1    56
    36    10     8    10     8     2     2    40    41
    37     8     4     6     2     8     1    39
    38    10     4     7     4     9     1    57
    39     2     9     9     7     3     1    48
    40     3     6     5     3     8     2    43    56
    41     4     6     2     2     7     1    50
    42     5     6     5     7     8     1    50
    43    10     8     8     3    10     1    58
    44     6     6     7    10     2     1    47
    45     7     2     8     1     8     1    55
    46     4     7     9    10     1     2    48    55
    47     7     5     4     1     8     1    54
    48     2     9     2    10     2     1    50
    49     4     8     5     5     2     2    52    59
    50     2     8     1     3     1     1    54
    51     2     1     7    10     9     1    59
    52     4     1     5     8     3     1    54
    53     1     8     1     5     9     1    60
    54     2     6     4     8    10     1    58
    55    10     6     3     1     5     1    58
    56     7     8     7     4     5     1    60
    57     4     8     8     7    10     1    60
    58     3     9     2    10     9     1    61
    59     5     2     7     4     3     1    61
    60     6     6     5     9     8     1    61
    61     0     0     0     0     0     0
--------------------------------------------------------------------------------
INFORMATION OF PROJECT 13:
#jobs  release  duedate
    62     0    69
#local resources
     2
R_L1   R_L2   
    39    41
jobnr.  dur.  r_G1  r_G2  r_L1  r_L2  #succ.  successors
     0     0     0     0     0     0     3     1     2     3
     1     6     8     6    10     6     1    18
     2     1     8     5     8     6     1     4
     3    10     8    10     6     6     3     7     8    16
     4     2     1     7     3     5     3     5     6    10
     5    10     4     3     5     4     3     9    13    23
     6     8     8    10    10     3     3    11    21    31
     7     9     8     4     3     9     2    19    60
     8    10     6     1     2    10     3    12    15    20
     9     4     7     8     3     2     2    17    28
    10     1     3     8     5     4     1    29
    11     4     5     3     5     7     2    14    17
    12     4     4     7     2     6     3    42    44    45
    13     5     7     6     7     7     2    40    57
    14     6     9     6     3     7     1    30
    15     3     2     9     9     2     1    32
    16     9     7     8     6    10     2    24    25
    17     6     7     2     7    10     1    18
    18     9     3    10     7     7     1    56
    19     1     2     2     2     7     2    27    35
    20     7     2     7     5    10     2    39    48
    21     4     1     1     9     4     3    22    34    47
    22     1     8     7     2     9     1    28
    23    10     9     1     9     1     2    26    59
    24     9     1     5     6     1     1    53
    25     4     4     8     2     6     1    27
    26    10     7     5     5     8     1    38
    27     8     7     7     3     7     3    33    49    50
    28     1     8     5     7     2     2    37    43
    29     7     1     7     7     4     1    50
    30     2    10    10     6     7     1    36
    31     8    10     7     6     6     1    35
    32     2     3     2     3     2     1    51
    33     1     6     1     3     4     1    52
    34    10     2     8     6     2     1    37
    35     2     2    10     8     2     1    52
    36     1     6     3     5    10     2    41    44
    37     3     2     6     7     3     1    46
    38     1     7     8     3     5     1    44
    39     4     9     1     1     5     2    50    54
    40    10     9     2     8     1     1    41
    41     2     8     5    10    10     1    43
    42     8     6     2     6    10     2    46    56
    43     9     6     3     5     7     1    55
    44     2     1     9     5     1     1    49
    45     9     1     9     3     2     1    53
    46     5     6     1     9     6     3    54    55    58
    47     5    10     6     9     7     1    53
    48     4     8     8     1     4     1    49
    49     4     1     2     9     9     1    56
    50     9     6     1     9     6     1    57
    51     3     3     3     4    10     1    57
    52     7     4     4     2     7     1    59
    53     8     1    10     1     7     1    54
    54     8    10     6    10     6     1    60
    55     2     5    10     3     9     1    60
    56    10     5     4     7     3     1    58
    57     4     7    10     2    10     1    58
    58     9     6     6     3     6     1    61
    59    10     6     3     9     2     1    61
    60     1     6     9     6     7     1    61
    61     0     0     0     0     0     0
--------------------------------------------------------------------------------
INFORMATION OF PROJECT 14:
#jobs  release  duedate
    62     0    93
#local resources
     2
R_L1   R_L2   
    26    24
jobnr.  dur.  r_G1  r_G2  r_L1  r_L2  #succ.  successors
     0     0     0     0     0     0     3     1     2     3
     1     9     6    10     2    10     3     7     8    27
     2     1     2    10     2     5     3     5    12    18
     3     1     9     0     0     4     2     4    49
     4     6     5     3    10     4     3     6    11    23
     5     9     0     3     5     0     3    10    47    60
     6    10     5     6     1     1     2    25    32
     7     9     5     2     8     9     3    13    16    26
     8     4     0     5     7     0     3     9    14    29
     9     7     4     8    10     3     1    22
    10     1     7     0     0     6     3    20    31    39
    11     6    10     4    10     5     1    17
    12     4     7     0     9     2     1    35
    13     9     0     0     1     0     1    56
    14     9     9     8     0     9     3    15    21    46
    15     3     7     1     9     7     1    45
    16     7     1     9     3    10     1    24
    17     3     0     9     9     8     1    51
    18     4     0     6     5     8     2    19    46
    19     4     3     7     3     0     2    37    50
    20     5     8     0     6     4     2    27    42
    21    10    10     0     0     0     3    31    33    36
    22     8     5     4     0     3     1    52
    23     1     7     1     6    10     1    48
    24     3     2     8     4     0     2    35    38
    25     8     0     1     4     1     2    40    52
    26     8     0     2     6     0     1    28
    27     8     8     9     3     7     1    38
    28     5    10     8     0    10     1    60
    29     3     8     4     6     4     1    30
    30     7     7     2     4     0     1    34
    31     1     3     5     0     9     1    54
    32     8     5     0     1     1     2    41    44
    33    10     9     7     9     4     1    43
    34     2     6     1     9     5     2    42    47
    35     3     4     4     5     4     1    50
    36     7     6     0     6    10     1    58
    37     1     0     6     7    10     1    45
    38     3     0     5     7     3     2    53    59
    39     2     5    10     8     6     1    45
    40     5     2     7    10     2     1    41
    41     3     0     0     1     0     1    55
    42    10     0     6     8     1     1    55
    43     8     8     0     7     5     1    44
    44     5     3     8     0    10     2    47    54
    45     8     5     3     2     1     1    54
    46     8     6     1     0     0     1    52
    47     2     9     8     0     4     2    48    50
    48     8     8     0     2     0     1    51
    49     6     0     5    10     5     1    57
    50     1     8     9     1     0     1    56
    51     2     2     7     0     4     1    55
    52     6     0     2     7     0     1    59
    53     6     8     9     0     4     1    56
    54     6     7     9     0     7     1    58
    55     9    10     0     5     0     1    59
    56     2     0     7     0     0     1    58
    57     1     0     9     0     5     1    60
    58     8     0     4     2     5     1    61
    59     9     1     0     3     9     1    61
    60     1     9     7     7    10     1    61
    61     0     0     0     0     0     0
--------------------------------------------------------------------------------
INFORMATION OF PROJECT 15:
#jobs  release  duedate
    62     0    93
#local resources
     2
R_L1   R_L2   
    18    18
jobnr.  dur.  r_G1  r_G2  r_L1  r_L2  #succ.  successors
     0     0     0     0     0     0     3     1     2     3
     1     9     6     6    10     6     3     6     7    13
     2     7     0     7     5     0     1    54
     3     3     5     5     9     3     2     4    10
     4     6     0     0     7     4     3     5    11    25
     5     4     8     1     0     2     3     8    12    21
     6     5     0     8     6     3     1    22
     7     7     0     6     0     9     3     9    18    33
     8     7     2     2     2     4     2    20    32
     9     2     4     8    10     0     1    23
    10     9     9     3     0     5     3    15    24    33
    11     5     7     0     6     3     1    39
    12     6     3    10     0     0     1    36
    13     1     0     5     6     2     3    14    16    19
    14     4     7     7     1     7     1    60
    15     4     6     9     0     4     3    17    23    27
    16     5     6     0     5     7     1    44
    17     2    10     3     0     8     2    43    45
    18     4     7     0    10    10     3    34    37    38
    19     5     5     8    10     3     2    30    53
    20     3    10     5     3     7     3    28    41    50
    21     7     6     0     0     1     1    26
    22     2    10     0     0     8     1    58
    23    10     0     7     5     2     1    36
    24     1     0     0     5     6     1    29
    25     7    10     3     1     1     2    40    49
    26     5     0     4     0     3     1    30
    27     7     8    10     0     9     1    30
    28     4     0     2     6     8     1    49
    29     6     9     0     5     9     1    57
    30     3     7     9     5     6     3    31    35    47
    31     5     7     0    10     8     1    46
    32     9     3     8    10     0     3    42    46    47
    33     1     4     0     2     5     1    56
    34     6     6     0    10     2     1    41
    35     6     7     8     3     5     1    57
    36     5     0     3     6     9     1    55
    37     5     5     2     4     0     1    39
    38     9     0     5     1     4     1    59
    39     2     9     7     3     6     1    43
    40     9     0     1     3     0     1    42
    41     8     2     3     0     5     1    52
    42     7     7     0     9     0     1    53
    43     3     2     6    10     0     1    57
    44     7     6     0     0     0     2    51    53
    45     9     6     3     5     0     1    55
    46     5     8    10     2     0     2    48    49
    47     8     8     0     4     8     1    51
    48     2     6     0     1     5     1    56
    49     3     3     2    10     2     2    51    52
    50     8     4     0     4     2     1    52
    51     3     8     0     5     4     1    59
    52     4     0     4     9     3     1    55
    53     5     5    10     3     7     1    59
    54     4     5     0     0    10     1    60
    55     3     8    10     3     9     1    58
    56     5     3     4     9     0     1    58
    57     6     8     4     9     7     1    60
    58     4     3     6    10     0     1    61
    59     2     8     1     3     6     1    61
    60     5     0     8     5     0     1    61
    61     0     0     0     0     0     0
--------------------------------------------------------------------------------
INFORMATION OF PROJECT 16:
#jobs  release  duedate
    62     0    77
#local resources
     2
R_L1   R_L2   
    35    37
jobnr.  dur.  r_G1  r_G2  r_L1  r_L2  #succ.  successors
     0     0     0     0     0     0     3     1     2     3
     1     5     5     2    10    10     3     4     5    26
     2     4     1     2     6     5     3    11    31    32
     3     4     9     1     6     3     3    10    12    40
     4     7     2     8     2     1     2     6    42
     5    10     6     1     6     8     3     7    21    27
     6     3     8     1     4     7     2     9    14
     7     7     2     7     6     4     3     8    17    19
     8    10     7     3    10    10     2    29    48
     9     6     4     6    10     6     1    37
    10     5     9     4     1     1     1    22
    11     2     9     1     4     3     2    19    25
    12     7     8    10     3     1     3    13    15    30
    13     5     1     5     3     6     1    16
    14     2     5     3    10     8     2    28    36
    15     6     1     4     7     8     1    16
    16    10     9     4     4    10     1    24
    17    10     4     6     9     8     1    18
    18     7     7     3     5    10     2    41    45
    19     1     5    10     6     2     1    20
    20     1     2    10     8     5     2    23    51
    21     6    10     3     7     4     3    29    34    52
    22     1     7    10     7     2     1    39
    23     6     3     4     2    10     1    40
    24     1     6     4     7     7     1    37
    25     4     7    10     3     8     1    40
    26     2     5     6     7    10     1    55
    27     4    10     4    10     6     1    35
    28     3     9     3    10     4     2    33    48
    29     5     7     4     8     7     1    59
    30     1     8     2     5     2     1    44
    31     9     7     1     8    10     1    58
    32     7     3     3     1    10     1    57
    33     5     8     1     8     3     1    56
    34     4     1     6     5     3     1    49
    35     6     4    10     5    10     2    38    41
    36    10     9     7     7     3     1    51
    37     6    10     4     9     8     1    45
    38     4     6     7     6     4     1    56
    39     3     4     4     1     7     3    43    46    53
    40     7     4     1     4     4     2    47    60
    41     2     4     5    10     6     1    44
    42    10     2     1     4     2     1    43
    43     4     2     4     2     6     1    58
    44    10     1     4     3     7     1    60
    45     2     3     7     6     6     3    49    50    57
    46     9     1     4     1     4     1    51
    47     5     1     7     4     8     2    54    56
    48     3     6     9     3    10     1    54
    49     5    10     2     1     5     1    55
    50    10     7     2     7     8     2    52    55
    51     3     2     6     8     9     1    52
    52     7     4     1     3     9     1    54
    53     1     8     6     9     3     1    57
    54     8     1    10     9     5     1    58
    55     4     3     4     1     7     1    60
    56     2     6     3     3    10     1    59
    57    10     9     1     1     3     1    59
    58     3     8     9     7     9     1    61
    59     2     6     4     2     5     1    61
    60     9     1     9     3     7     1    61
    61     0     0     0     0     0     0
--------------------------------------------------------------------------------
INFORMATION OF PROJECT 17:
#jobs  release  duedate
    62     0    69
#local resources
     2
R_L1   R_L2   
    36    45
jobnr.  dur.  r_G1  r_G2  r_L1  r_L2  #succ.  successors
     0     0     0     0     0     0     3     1     2     3
     1     6     7     1     5     6     3     6     9    16
     2     2     1     5    10     4     2    24    33
     3     8     6    10     5     7     3     4     5    11
     4     9     6    10     9     7     3    18    43    48
     5     9     5     5     2     1     3     8    15    34
     6     7     9     6     1     4     3     7    10    12
     7     5    10     2     2     2     2    21    40
     8     3     9    10     9     5     2    22    44
     9     4     9     6     1     9     3    13    20    26
    10    10     9     3     6     8     3    27    36    46
    11     3     3     8     1     4     1    48
    12     6     1     5     4     1     3    15    17    42
    13     7     2     8     1     1     2    14    60
    14     4     7     2     3     3     1    54
    15     5     6     1     8    10     1    51
    16     9     7     3     4     6     1    55
    17    10     1     2     4    10     3    19    23    29
    18     6     6     4     4     8     1    36
    19     8     1     3     1     9     2    47    58
    20     1    10     9     1     9     2    25    32
    21     4     8     2     3     6     1    39
    22     1     3     2     8     3     1    42
    23     4     3     2     8     5     2    37    45
    24     7     4    10     9     1     1    45
    25     1     4     2     5    10     1    50
    26     1     5     7     7     1     2    28    56
    27     3     2     5     4     9     1    38
    28     1     3     4     7     8     2    30    31
    29     6     7    10     1     8     1    46
    30     9     9     9    10     4     1    57
    31     1     6     1     7     3     1    44
    32     6     9     6     3     8     1    53
    33     8     6     5     2     6     1    35
    34     6     5     2     4    10     1    35
    35     2     7     3     4     9     1    49
    36     7     6     8     6     7     1    58
    37     8     1     2     1     2     1    47
    38     5     7     5     2     3     1    52
    39     5     1     6     3     1     1    57
    40     4     1     5     3     9     1    41
    41     9     6     6     4     9     2    48    60
    42     1     8     8     7     8     1    45
    43     3     1     3     7     7     1    49
    44     4     1     1     9     3     2    49    50
    45     7     4     2     2     6     1    54
    46     9     8     9     6     5     2    52    55
    47     6     4     8     6    10     1    55
    48     6     5     4     3     1     1    57
    49     5     9     2     1     9     1    60
    50     5     6     9     8     2     1    59
    51     1     5     8     2     1     1    56
    52     2     5    10     7     8     1    53
    53     7     3     2    10     9     1    54
    54     4     8     5     4     7     1    58
    55     2     4    10     1     3     1    56
    56     2     6     6     6     8     1    59
    57     5     2     3     8     8     1    59
    58     2     1    10    10     5     1    61
    59    10    10     2     3     2     1    61
    60     7     9     1     3     4     1    61
    61     0     0     0     0     0     0
--------------------------------------------------------------------------------
INFORMATION OF PROJECT 18:
#jobs  release  duedate
    62     0    98
#local resources
     2
R_L1   R_L2   
    25    25
jobnr.  dur.  r_G1  r_G2  r_L1  r_L2  #succ.  successors
     0     0     0     0     0     0     3     1     2     3
     1     9    10     3     6     7     3    10    20    48
     2    10     3     9     3     7     3     4     5     6
     3     8     9     8     9     2     2    18    56
     4     4     6     8     6     4     3     8    27    47
     5     5     8     8     6     8     3    18    31    54
     6    10     9     1     7     6     3     7    14    26
     7     6     9     3     3     3     3    21    27    47
     8     3     7    10     3     4     3     9    11    16
     9     1     5     6     8     8     2    13    15
    10    10     9     4     5     6     3    14    24    35
    11     9     5     7     5    10     3    12    20    24
    12     6     5     5     5     8     3    13    15    49
    13     3     8     8     6     3     3    29    36    44
    14     8     1     1    10     7     2    17    33
    15     2     3    10     3     5     3    22    23    26
    16     2     3    10     9     8     3    19    28    32
    17     6     4     3     1     2     2    23    36
    18     8    10     9     1     1     2    20    50
    19     4     9     6     2     7     3    25    39    43
    20     2    10     5     6     7     2    39    57
    21     4    10     7    10     1     3    22    24    34
    22     8     1     7     3     3     3    30    32    41
    23     5     3     9     3     3     2    29    53
    24    10     8     9     8     9     3    31    33    45
    25     1     6     1     4     8     3    29    34    35
    26     7     2     3    10     1     3    31    37    45
    27     2     7     7     1     4     3    32    38    46
    28     3     2     8     6     3     3    30    34    51
    29     1     3     6     3     2     3    30    46    58
    30     6     9     5     4     5     2    37    60
    31     6     1     6     6     2     1    55
    32     7     3     7     1     7     3    33    48    59
    33     9     8     4     1     1     2    39    52
    34    10     6     8     1     6     2    42    56
    35     1     6     9     9     9     2    41    42
    36     7     1     3     9    10     3    37    40    43
    37     6     5     6     3     1     1    50
    38     4     9     4     2     6     3    43    44    48
    39     3     4     5     6     9     2    51    60
    40     5     2     3     8     9     1    41
    41     1     5     2     4     2     2    45    53
    42     1     2     5     5     1     3    44    49    50
    43     9     3     4     3     5     2    52    54
    44     2     5     9     1     3     1    59
    45     4     1     3     3     8     2    46    51
    46     5    10     8    10     2     1    55
    47     1     7     5     7     4     1    49
    48     7     7    10    10     7     1    52
    49     1     6     6     4     6     1    53
    50     9     7     8     2     9     1    59
    51     5     1     7     7     9     1    58
    52    10    10     2     4     9     1    55
    53     2     7    10     5     5     2    54    58
    54     7     6    10     5     1     1    57
    55     5     9     5     1     2     1    56
    56     1     8     5     7     6     1    57
    57     4    10     4     4     7     1    60
    58     2    10     9     7     4     1    61
    59     2    10     2     1    10     1    61
    60     9     1     9     3    10     1    61
    61     0     0     0     0     0     0
--------------------------------------------------------------------------------
INFORMATION OF PROJECT 19:
#jobs  release  duedate
    62     0   102
#local resources
     2
R_L1   R_L2   
    21    20
jobnr.  dur.  r_G1  r_G2  r_L1  r_L2  #succ.  successors
     0     0     0     0     0     0     3     1     2     3
     1     3     6     1     8     8     3     4     5    39
     2     8     7     6     3     7     3     6     8    17
     3     1     9     8     8     4     3     9    10    13
     4     7     4     2     7     5     1    18
     5     8     4     6     5     6     3     7    11    19
     6     1     4     1     4     1     1    43
     7     3     4     5    10     8     3    15    23    45
     8     7    10     8    10     2     3    16    40    56
     9     6     3     1     1    10     3    14    25    48
    10     7     8     4     1     5     3    12    44    46
    11     8     7     7     6     6     2    21    33
    12     7     5     1     2     8     1    24
    13     9     7     4     9     2     3    34    44    55
    14     6     4     6     8     2     1    34
    15     2    10    10     4     2     1    50
    16     1     4     6     5     3     1    20
    17     5     4     8     4     4     1    33
    18     7     6     3     1     7     3    28    30    31
    19     1     4     7     8     4     1    27
    20     3     2     4     2     5     2    58    60
    21     1     9     9     3    10     1    22
    22     4     3     1     3     5     1    52
    23     2     8     7     5     6     1    26
    24     7     9     8    10     6     1    25
    25     7    10    10     8    10     3    35    37    58
    26     8     8     5     1     6     3    29    41    49
    27    10    10     6     6     1     1    53
    28     3     8     9     1     5     2    36    50
    29     6     9     4     6     7     1    32
    30     1     1     4     3     1     1    38
    31     7     7     2     4     9     1    60
    32     2     6    10    10     7     1    54
    33     3     8     3     3     5     2    44    47
    34     8     8     6     3     3     1    57
    35     1     1     3     4     9     1    42
    36     3     2     9     3     9     1    43
    37     3     4     2     8     1     1    41
    38     3     5     7     9     7     1    56
    39     9     3     9     5     2     1    43
    40     1     9    10     5    10     1    51
    41     9     1     2     6    10     1    51
    42    10     4     2     1     1     1    54
    43     7     9     5     6     5     1    51
    44     4     6     9     3     5     1    53
    45     2     7     7     8    10     1    52
    46     8     2    10     6     6     2    50    55
    47     5     9     1     1     8     1    52
    48     6     2     8     7     4     1    49
    49     9    10     4     1     1     1    54
    50     7     4     7     7     9     2    53    60
    51    10     1     4     6    10     1    57
    52     7     9     9     3     1     1    59
    53    10     4     8     4    10     1    58
    54     2     8     1     2     6     1    56
    55     7     8     4     6     1     1    57
    56     3     2     1     8     4     1    59
    57     2     7     6     9     1     1    59
    58    10     3     1     1     4     1    61
    59     8     5     5     7     5     1    61
    60     9     9     7     5     1     1    61
    61     0     0     0     0     0     0
--------------------------------------------------------------------------------
INFORMATION OF PROJECT 20:
#jobs  release  duedate
    62     0   111
#local resources
     2
R_L1   R_L2   
    24    22
jobnr.  dur.  r_G1  r_G2  r_L1  r_L2  #succ.  successors
     0     0     0     0     0     0     3     1     2     3
     1     8     9     7     1     9     3     4     5     9
     2     9     7     5     2     5     3     7    12    15
     3     3     2     5     3     6     1     6
     4     5    10     7     1     6     3    11    16    18
     5     5     7     4     6    10     3     8    10    36
     6    10     8     1     7     5     3    21    27    41
     7     8     6     3     8     6     3    17    33    34
     8     5     3     1     7     4     3    19    30    39
     9     2     6     6     3     4     2    13    14
    10    10     7     8     5     4     3    31    32    44
    11    10    10     5     8     6     3    26    32    56
    12     3     2     3     2     8     2    13    20
    13     6     9     4     9     8     2    22    23
    14     9     4     6     2     4     3    28    40    49
    15     1     7     3     1     1     3    44    46    49
    16     9     9     2     5     5     3    23    29    44
    17    10     5     1     6     1     2    42    47
    18     8     3    10     9     7     1    24
    19     8     3     8     2     2     2    22    53
    20     3     7     7     8     7     1    25
    21     7     5     5     9     5     1    54
    22     8     1     7     8     9     2    26    38
    23     1     8     1     7     8     1    45
    24     2     3    10     7     5     1    41
    25     1     6     6     6     6     1    30
    26     2    10     4     3     7     1    43
    27     5     1     9     7    10     2    35    52
    28     8    10     3     4     7     3    29    32    37
    29     9     8    10     9     9     3    38    43    46
    30     1    10     8     5     4     3    41    43    54
    31     2     4     6     4     6     1    39
    32     1     4     9     6     8     2    42    57
    33     3     9     9     6     7     2    35    37
    34     6     2     9     6     8     2    35    36
    35     2     4     4    10    10     1    39
    36     4     3     7     2     8     2    38    56
    37     4     7     5     9     8     1    46
    38    10     6     2     4     3     2    51    57
    39     4     8     9     3     3     1    45
    40     2     5     5     4     2     1    50
    41     9     1     8     1    10     1    53
    42     2     4     2     5     3     1    58
    43     8     4     1     5     4     1    59
    44     4    10     6     6     8     3    45    58    59
    45     5     1     8     7     5     1    51
    46     5     5     8     3     6     1    53
    47     2     6     4     6     1     2    48    49
    48     5     1     6     5     8     2    51    52
    49     3     9     2     7     6     2    55    60
    50     2     3     9     7     1     1    52
    51     7     6     1     6     5     1    60
    52     6     4     5     4     2     2    54    60
    53     5     3     9     5     2     1    55
    54     9     5     7     2     1     1    55
    55     1     9     8     5     7     1    56
    56     8     9     6     9     5     1    57
    57     6     9    10     1     7     2    58    59
    58     8     3     7     1     8     1    61
    59     4    10     5     8    10     1    61
    60     9     6     1     8     6     1    61
    61     0     0     0     0     0     0
--------------------------------------------------------------------------------
TRANSFER TIMES OF GLOBAL RESOURCE G1
 DEPOT    P1    P2    P3    P4    P5    P6    P7    P8    P9   P10   P11   P12   P13   P14   P15   P16   P17   P18   P19   P20
     0     4    10     8     9     2     6    10    10    13     9    10    11     4    13    10     6     8     8     8     3
     4     0     9    10    10     3     8    12    12    13    12    13    12     6    12    12     4     7     6    10     5
    10     9     0    17     6    10    15    11    19    21    16    16    21    14    21    18     6     3    15    17    13
     8    10    17     0    14     8     3    13     3    11     5     8     7     5    10     3    13    15    12     2     6
     9    10     6    14     0    10    13     5    17    21    12    11    19    12    21    15     9     6    16    15    11
     2     3    10     8    10     0     5    11    10    12    10    11    11     4    12    10     6     8     7     8     3
     6     8    15     3    13     5     0    12     5    10     7    10     7     2     9     6    11    13     9     3     3
    10    12    11    13     5    11    12     0    15    21     9     7    19    12    21    13    12    11    18    14    12
    10    12    19     3    17    10     5    15     0     9     7    11     5     7     8     4    15    18    12     3     8
    13    13    21    11    21    12    10    21     9     0    15    18     4    10     1    12    16    19     9     9    10
     9    12    16     5    12    10     7     9     7    15     0     4    12     7    14     4    14    15    15     7     8
    10    13    16     8    11    11    10     7    11    18     4     0    15    10    18     7    15    15    17    10    10
    11    12    21     7    19    11     7    19     5     4    12    15     0     8     3     9    15    19    10     6     8
     4     6    14     5    12     4     2    12     7    10     7    10     8     0    10     7     9    12     8     4     2
    13    12    21    10    21    12     9    21     8     1    14    18     3    10     0    11    16    19     9     8    10
    10    12    18     3    15    10     6    13     4    12     4     7     9     7    11     0    15    17    14     4     8
     6     4     6    13     9     6    11    12    15    16    14    15    15     9    16    15     0     4     9    13     8
     8     7     3    15     6     8    13    11    18    19    15    15    19    12    19    17     4     0    12    15    11
     8     6    15    12    16     7     9    18    12     9    15    17    10     8     9    14     9    12     0    10     8
     8    10    17     2    15     8     3    14     3     9     7    10     6     4     8     4    13    15    10     0     5
     3     5    13     6    11     3     3    12     8    10     8    10     8     2    10     8     8    11     8     5     0
--------------------------------------------------------------------------------
TRANSFER TIMES OF GLOBAL RESOURCE G2
 DEPOT    P1    P2    P3    P4    P5    P6    P7    P8    P9   P10   P11   P12   P13   P14   P15   P16   P17   P18   P19   P20
     0    11     9     4     6     7     9     7    10    10     7    12    10     8    10     9     9     8     8     4    10
    11     0     8    15    14    12    19     8    11    13    17     6    18    19     4     7    10     6    16     9    19
     9     8     0    11    14    13    14    11    15     6    13     4    18    16    10    11     3     3    10     9    19
     4    15    11     0     6     9     5    10    13    11     3    15    10     5    14    13    10    12     6     8    10
     6    14    14     6     0     5    11     7     8    15     8    16     5     6    12    10    14    13    11     7     5
     7    12    13     9     5     0    14     4     4    16    12    14     7    10     9     6    14    11    14     5     8
     9    19    14     5    11    14     0    15    18    11     3    17    14     7    18    18    12    15     5    13    13
     7     8    11    10     7     4    15     0     5    14    13    11    11    12     5     3    12     8    13     3    12
    10    11    15    13     8     4    18     5     0    18    15    15    10    14     8     5    16    12    17     7    11
    10    13     6    11    15    16    11    14    18     0    11     9    19    15    15    16     4     8     7    12    20
     7    17    13     3     8    12     3    13    15    11     0    16    11     5    16    15    11    13     5    10    11
    12     6     4    15    16    14    17    11    15     9    16     0    20    19     9    11     7     4    14    10    21
    10    18    18    10     5     7    14    11    10    19    11    20     0     7    15    13    18    17    15    11     2
     8    19    16     5     6    10     7    12    14    15     5    19     7     0    17    15    15    15     9    11     6
    10     4    10    14    12     9    18     5     8    15    16     9    15    17     0     3    12     7    16     7    16
     9     7    11    13    10     6    18     3     5    16    15    11    13    15     3     0    13     9    16     6    14
     9    10     3    10    14    14    12    12    16     4    11     7    18    15    12    13     0     5     8    10    19
     8     6     3    12    13    11    15     8    12     8    13     4    17    15     7     9     5     0    11     7    18
     8    16    10     6    11    14     5    13    17     7     5    14    15     9    16    16     8    11     0    11    15
     4     9     9     8     7     5    13     3     7    12    10    10    11    11     7     6    10     7    11     0    11
    10    19    19    10     5     8    13    12    11    20    11    21     2     6    16    14    19    18    15    11     0
--------------------------------------------------------------------------------
Additional Information: 
global resource strength = 0.2
transfer time factor = 0.2
adapted from RCPSP instances: 
[j6013_4, j6041_6, j609_8, j6041_5, j6041_9, j6026_3, j6014_5, j605_10, j6030_7, j6045_9, j6045_10, j6013_3, j6014_1, j6010_1, j609_5, j6014_7, j6014_9, j6046_6, j6013_6, j6029_8]
