--------------------------------------------------------------------------------
PORTFOLIO INFORMATION:
#projects
    20
#global resources
     2
R_G1   R_G2   
   260   265
--------------------------------------------------------------------------------
INFORMATION OF PROJECT 1:
#jobs  release  duedate
    62     0   122
#local resources
     2
R_L1   R_L2   
    19    20
jobnr.  dur.  r_G1  r_G2  r_L1  r_L2  #succ.  successors
     0     0     0     0     0     0     3     1     2     3
     1     3     1     1    10     5     3     4    17    23
     2     1     2     2     4    10     3     5    11    12
     3    10     3     7     2     2     1    43
     4     5     6     8     8     6     2     9    32
     5     5     5     8     1     5     3     6     7    29
     6     5    10     4     5     2     3     8    10    16
     7    10     4     3     6     3     2    34    44
     8     2     6     5     2     1     1    50
     9     9    10     3     9     6     3    13    14    19
    10     4     5     9     7    10     3    19    21    26
    11     6     9     3     4     3     1    36
    12    10     7     8     6    10     1    15
    13     4     4    10     6     3     3    42    50    59
    14     2     1     4     2     2     1    21
    15     4     5     3     3     8     1    58
    16    10     8     5     7     9     3    18    25    38
    17     3     8     7     8    10     2    30    45
    18     6     4     6     1     7     3    20    24    27
    19    10     3     5     2     3     2    31    47
    20     6     6     6     8    10     2    22    54
    21     9     9     7     3     2     1    50
    22     8     1     5     4     7     1    49
    23     9     6    10     2     2     1    35
    24     4     7     7     3     1     1    45
    25     8     1     5     2     3     1    58
    26     8     9     5     5     7     2    28    48
    27     5     3     1     4     8     1    33
    28     9     3     9     6     3     2    36    56
    29     4     4     9     9     5     1    40
    30     1     9     2     7     4     1    44
    31    10     6     6     2     2     1    42
    32     6     3     7     4     5     2    41    53
    33     4     7     5     9     8     1    39
    34     1     9     8     9     4     2    37    57
    35     2     4     7     5     4     1    45
    36     7    10     8     9     9     1    43
    37     8     6     9     7     1     1    38
    38     3     3     3     2     1     3    41    51    55
    39     1     6     9     4     2     1    51
    40     4     9    10     2    10     1    46
    41     2     3     8     1     3     1    52
    42     9     9     1     5     1     1    54
    43     5     9     6     8     8     1    54
    44    10     6     2     6     7     1    46
    45     9     2    10     1     5     1    49
    46     7     1    10    10     1     1    49
    47    10    10     7     6     5     1    56
    48     7     7     9     7     4     2    52    60
    49     1     2    10     8     1     1    58
    50    10     9     3     1    10     1    51
    51    10    10     7     4     4     1    53
    52     7    10    10     5    10     1    59
    53     5     8     1     9     1     1    60
    54     3     1     8     7    10     1    55
    55     3     2     2     2     9     1    60
    56     4     9     3    10     5     1    57
    57     8     9     4     5     1     1    59
    58     2     4    10     3     5     1    61
    59     6     5     8     4     9     1    61
    60    10     8     7     2     4     1    61
    61     0     0     0     0     0     0
--------------------------------------------------------------------------------
INFORMATION OF PROJECT 2:
#jobs  release  duedate
    62     0    81
#local resources
     2
R_L1   R_L2   
    34    37
jobnr.  dur.  r_G1  r_G2  r_L1  r_L2  #succ.  successors
     0     0     0     0     0     0     3     1     2     3
     1     6     2     5     1    10     3     4    15    24
     2    10     1     1     2     7     3     7    18    21
     3     9     5     8     7     5     3     5     6     8
     4     9     7     2     3     3     2    36    37
     5     9    10     9     9     7     3    20    23    29
     6     1     3     6     3     5     3    13    47    52
     7     7     2     3     7     1     3    23    25    47
     8     5     6    10     1     5     2     9    12
     9     3     8     1     4     4     2    10    16
    10     9    10     2    10    10     3    11    17    32
    11     8     9     9     6     5     3    30    45    55
    12     4     3     6     1     7     2    14    16
    13     8     2     6     4    10     2    51    59
    14     7     5     2     7     3     1    21
    15     8     5     6     8     2     2    41    58
    16     6     7     6     2     5     2    30    33
    17     6     1     6     8     9     3    19    25    50
    18     7     3     7    10     2     1    39
    19     8     1     3     5     9     1    35
    20    10     5     6     5     2     2    31    46
    21     7     9     3     6     4     2    22    27
    22    10     7     7     6     9     2    37    55
    23     6     2     6     1     5     2    27    28
    24     8     6     4    10     3     2    26    29
    25     1     9    10     9     2     2    38    49
    26     4     5     3     9     1     2    35    50
    27     1     7     7     1     5     2    38    43
    28     8     8    10     8     6     1    34
    29     3     1     6     2     3     3    34    40    50
    30     1     7     4     5     6     2    43    48
    31     8     8    10     8    10     2    32    42
    32     8     7     5     9     6     1    49
    33     9     3     7     9     8     1    60
    34     6     9     5     4     6     3    44    45    53
    35     6     4     1     3     9     1    40
    36     9     8     3     7    10     3    39    48    51
    37     7     2     3     6     4     2    43    45
    38     3     7     4     3     5     1    44
    39     2     2     2     9     8     2    40    42
    40     6     7     2     5     3     2    47    52
    41     9     8     7     1     8     2    44    56
    42     9     7     4     8     3     2    59    60
    43     5     1     7     5     1     1    56
    44    10    10     9     4     6     1    54
    45     4     3     4     3     8     2    46    48
    46     4     2    10     3     8     2    49    59
    47     3     1    10    10    10     1    54
    48     5     7     8     9     2     1    54
    49     8     2     1     3     1     1    58
    50    10     9    10     9    10     2    53    57
    51     1     9     7     2     4     1    55
    52     8    10    10     7     1     1    53
    53     3    10    10     4     8     1    58
    54     9     3     9     9     1     1    57
    55     2     7     2     3    10     1    56
    56     7     4     2     9     6     1    57
    57     1     6     5     1     6     1    60
    58     5     1     8     2     7     1    61
    59     3     6     6     6     2     1    61
    60     4     5    10    10    10     1    61
    61     0     0     0     0     0     0
--------------------------------------------------------------------------------
INFORMATION OF PROJECT 3:
#jobs  release  duedate
    62     0    83
#local resources
     2
R_L1   R_L2   
    29    34
jobnr.  dur.  r_G1  r_G2  r_L1  r_L2  #succ.  successors
     0     0     0     0     0     0     3     1     2     3
     1     2     2     3     5     7     3    20    21    47
     2     8     1     6    10     9     3     5     8    13
     3     1    10     6     9     3     3     4    13    16
     4     3     9     6     4     6     3    11    26    27
     5     6     1     1     8     2     3     6     7    10
     6     8     4     5     3     6     3    35    41    44
     7     5     1     8     2     8     3    12    15    23
     8     6     5     2     8     4     3     9    14    24
     9     3     3     1    10     7     3    36    39    40
    10     2     6     7     6     2     3    23    31    40
    11     1     2     2     6     6     3    12    31    43
    12     3     5     2     9     9     2    37    38
    13     8     5     7     9     7     2    18    22
    14     4     5     9     3     4     3    22    36    46
    15     4     4     5    10     5     3    17    22    50
    16     8     1     1     2    10     3    19    27    52
    17     9     3     2    10     1     3    18    25    41
    18     3     1     6    10     2     3    32    33    45
    19     3     8    10     9     2     3    20    45    54
    20     7     5     7     2    10     2    25    60
    21     7    10     2     8    10     3    23    28    31
    22     6    10     5     3     8     3    27    30    51
    23     7    10     3     8     4     2    29    33
    24     1     6     2     7    10     3    25    41    43
    25     1     9     4     5     5     1    58
    26     3     4     7     6     3     1    42
    27     4     5     2     1     1     3    35    37    38
    28    10     7     3     6     4     3    30    37    44
    29    10     5     9     8     3     3    34    49    56
    30     4     8    10     7     6     1    33
    31     2     4     4     8     1     2    39    55
    32     6     2     3    10     4     3    36    46    59
    33     6     4     2     7     6     3    34    48    60
    34     5    10     9     1     2     2    35    57
    35     7     8     3     4    10     1    59
    36     8    10     9     3     5     2    38    47
    37     6     8     7     6     5     2    39    53
    38     6     9     8     4     6     1    55
    39     3     8    10     1     6     1    49
    40     1    10     5     1     9     3    42    43    44
    41     8    10     8     1     4     2    42    47
    42    10     6     6    10    10     2    48    51
    43     5     8     3    10     4     2    50    52
    44     7     7    10     7     7     2    45    50
    45     9     5     7     1     1     2    46    56
    46     7     9     4     3     2     1    57
    47     5     2     7     6     6     2    49    55
    48     1     3     5    10     8     2    52    58
    49     3     1     2     9     8     1    54
    50     7     8     9    10     9     2    51    53
    51     4    10     9     8     1     1    54
    52     8     3     3     6     2     1    53
    53     6     8     7     7     3     1    56
    54     6     4     4     5    10     1    60
    55     2     6     2     8     8     1    57
    56     4     7     1     7     6     1    59
    57     5     2     3     5     5     1    58
    58     5     2     7     7     5     1    61
    59     6     8     9     4     6     1    61
    60     5     6     5     4     9     1    61
    61     0     0     0     0     0     0
--------------------------------------------------------------------------------
INFORMATION OF PROJECT 4:
#jobs  release  duedate
    62     0    95
#local resources
     2
R_L1   R_L2   
    26    25
jobnr.  dur.  r_G1  r_G2  r_L1  r_L2  #succ.  successors
     0     0     0     0     0     0     3     1     2     3
     1     9     7     3    10     6     3    10    20    48
     2    10     7     9     3     3     3     4     5     6
     3     8     2     8     9     9     2    18    56
     4     4     4     8     6     6     3     8    27    47
     5     5     8     8     8     6     3    18    31    54
     6    10     6     1     9     7     3     7    14    26
     7     6     3     3     9     3     3    21    27    47
     8     3     4    10     7     3     3     9    11    16
     9     1     8     6     5     8     2    13    15
    10    10     6     4     9     5     3    14    24    35
    11     9    10     7     5     5     3    12    20    24
    12     6     8     5     5     5     3    13    15    49
    13     3     3     8     8     6     3    29    36    44
    14     8     7     1     1    10     2    17    33
    15     2     5    10     3     3     3    22    23    26
    16     2     8    10     3     9     3    19    28    32
    17     6     2     3     4     1     2    23    36
    18     8     1     9    10     1     2    20    50
    19     4     7     6     9     2     3    25    39    43
    20     2     7     5    10     6     2    39    57
    21     4     1     7    10    10     3    22    24    34
    22     8     3     7     1     3     3    30    32    41
    23     5     3     9     3     3     2    29    53
    24    10     9     9     8     8     3    31    33    45
    25     1     8     1     6     4     3    29    34    35
    26     7     1     3     2    10     3    31    37    45
    27     2     4     7     7     1     3    32    38    46
    28     3     3     8     2     6     3    30    34    51
    29     1     2     6     3     3     3    30    46    58
    30     6     5     5     9     4     2    37    60
    31     6     2     6     1     6     1    55
    32     7     7     7     3     1     3    33    48    59
    33     9     1     4     8     1     2    39    52
    34    10     6     8     6     1     2    42    56
    35     1     9     9     6     9     2    41    42
    36     7    10     3     1     9     3    37    40    43
    37     6     1     6     5     3     1    50
    38     4     6     4     9     2     3    43    44    48
    39     3     9     5     4     6     2    51    60
    40     5     9     3     2     8     1    41
    41     1     2     2     5     4     2    45    53
    42     1     1     5     2     5     3    44    49    50
    43     9     5     4     3     3     2    52    54
    44     2     3     9     5     1     1    59
    45     4     8     3     1     3     2    46    51
    46     5     2     8    10    10     1    55
    47     1     4     5     7     7     1    49
    48     7     7    10     7    10     1    52
    49     1     6     6     6     4     1    53
    50     9     9     8     7     2     1    59
    51     5     9     7     1     7     1    58
    52    10     9     2    10     4     1    55
    53     2     5    10     7     5     2    54    58
    54     7     1    10     6     5     1    57
    55     5     2     5     9     1     1    56
    56     1     6     5     8     7     1    57
    57     4     7     4    10     4     1    60
    58     2     4     9    10     7     1    61
    59     2    10     2    10     1     1    61
    60     9    10     9     1     3     1    61
    61     0     0     0     0     0     0
--------------------------------------------------------------------------------
INFORMATION OF PROJECT 5:
#jobs  release  duedate
    62     0   103
#local resources
     2
R_L1   R_L2   
    21    18
jobnr.  dur.  r_G1  r_G2  r_L1  r_L2  #succ.  successors
     0     0     0     0     0     0     3     1     2     3
     1     8     3     0     7     6     2     7    48
     2     2     4     6     0     4     3    15    25    38
     3     6     0     7     2     9     3     4     5     6
     4     9     0     8     7     0     3    12    21    31
     5     2     2     0     8     1     3     8    24    31
     6     8     6     9     4     7     2    19    45
     7     2     2     9     5     6     3     9    27    39
     8     1     3    10     9     0     3    10    14    22
     9     9     9    10     1     4     3    11    35    40
    10    10     0     0     9     1     3    13    17    28
    11    10     2     8     1     3     2    32    36
    12     9     0     8    10     7     3    20    30    59
    13     7     5     7     6     0     3    26    37    53
    14     7     6     3     0     0     3    16    18    37
    15     4     3     7     0    10     1    27
    16     6     2     1     5     0     1    56
    17     9     0     1     3     3     2    42    52
    18     4     0     9     0     6     2    25    29
    19     2     3     0     8     5     3    31    34    55
    20     9     8     9     2     0     2    51    54
    21     7     0     6     0     3     3    26    30    57
    22     9     5    10     4     1     1    23
    23     5     6     1     2     8     3    32    33    39
    24     5    10     4     6    10     1    38
    25     3     3     2     0     4     2    43    51
    26     4    10     6     3     6     2    48    58
    27    10     4     6    10     1     2    41    44
    28     8     6     1     8     8     1    30
    29     5     0     8     1     5     1    57
    30     2     6     0     2     9     3    38    42    54
    31    10     3     2     3     0     2    43    44
    32     5     8     1     7     5     1    50
    33     7     4    10     5     6     2    37    52
    34     8     6     5     9     7     2    44    46
    35     8     3     7     6     2     1    41
    36     3     8    10     2     0     2    49    54
    37    10     0     9    10     0     1    47
    38     4     2     8     0     0     2    43    45
    39     4    10     0    10     7     1    58
    40     7     2     1     0     1     1    42
    41     2     7     0     0     9     2    45    47
    42     6     1     0     0    10     1    46
    43     3     7     0     5     0     1    46
    44     4     9     0     4     7     2    50    57
    45     9     3     0     5     0     2    49    51
    46     9     8    10     8     5     2    53    60
    47     1     9     6     0     6     1    55
    48     3     6     4     6     7     1    55
    49     1     0     2     5     0     1    50
    50    10     2     4     0     9     1    56
    51     7     1     0     5     3     2    52    53
    52     1     2     3     0    10     1    56
    53    10     2     0     5     7     1    58
    54     5     7     5     4     0     1    60
    55     5     6     0     0     5     1    59
    56     6    10     0     7     1     1    60
    57     5     3     5     0     0     1    59
    58     6     2     7     0     7     1    61
    59     2     7     0     5     0     1    61
    60    10     2     0     8     6     1    61
    61     0     0     0     0     0     0
--------------------------------------------------------------------------------
INFORMATION OF PROJECT 6:
#jobs  release  duedate
    62     0   126
#local resources
     2
R_L1   R_L2   
    20    19
jobnr.  dur.  r_G1  r_G2  r_L1  r_L2  #succ.  successors
     0     0     0     0     0     0     3     1     2     3
     1    10     9     8     9     1     3     4    29    32
     2     8     5     2     1    10     3     6    13    18
     3     3     1     8     8     9     2    47    56
     4     5     3     8     6     7     2     5    12
     5     9     3     9     4     5     1    42
     6     1    10     3     3     2     3     7     8    23
     7     7     1     4     8     6     3     9    10    16
     8     5    10     2     6     2     2    11    22
     9    10     4    10     8    10     3    14    50    52
    10     7     2     4     4     1     3    15    17    49
    11     8    10    10    10     2     2    30    52
    12     9    10     8     8     1     3    21    50    53
    13     2    10     9     4     8     1    59
    14     2     2     6     2     9     3    19    25    36
    15    10     5     5     1     9     3    20    33    38
    16     4     8     9     7     4     2    21    35
    17     8    10     5     4     4     1    27
    18     1     1    10     9     8     3    23    24    26
    19     1     4     7     6     4     2    20    38
    20     6     2     5     3     1     1    31
    21     1     4     5     1     1     3    34    45    54
    22     7    10     2     4    10     3    28    33    37
    23     3     3     4     4     5     1    53
    24     4     6     5     1     4     2    41    49
    25     4     6     9    10     5     2    27    39
    26     4    10     7     7     2     1    27
    27     2     1     9     9     6     1    35
    28     8     6     3     5     7     2    35    60
    29     6     4     6    10     9     3    41    44    46
    30     9    10    10     5     9     2    34    48
    31     2     9     3     2    10     1    42
    32     7     1     8     9     6     1    47
    33     6     9     5     9     1     3    36    43    52
    34     3     3     7     8     1     2    43    58
    35     8     7     5     8     7     1    48
    36     1     5     8     6     4     1    40
    37    10     6     1     2     7     1    40
    38     8     6     2     9     5     2    42    51
    39     4     5     4     4     1     3    40    41    45
    40     5    10     9     1     2     2    47    54
    41     1     9     7     2     3     1    48
    42     6     3     7    10    10     2    43    46
    43     9    10     2    10     1     1    56
    44     6     6     7     6     7     3    45    49    53
    45    10     2     3     3     3     1    51
    46     7     4     7    10     9     2    55    58
    47     8     6     9     8     4     1    55
    48     2     5     9     8     3     2    54    58
    49     9     4     9     2     2     1    51
    50     2     4     4     9     6     2    59    60
    51     7    10     4     9     1     1    57
    52     7    10     4    10     2     1    55
    53     9     2     6     1     2     1    56
    54     7     6     7     7     8     1    57
    55     7     4     6     3     4     1    57
    56     4     7    10     9    10     1    60
    57     9     7     1     9     3     1    59
    58    10     9     4     9     6     1    61
    59     2     6     8     9     4     1    61
    60     6    10     1     1     7     1    61
    61     0     0     0     0     0     0
--------------------------------------------------------------------------------
INFORMATION OF PROJECT 7:
#jobs  release  duedate
    62     0    66
#local resources
     2
R_L1   R_L2   
    33    43
jobnr.  dur.  r_G1  r_G2  r_L1  r_L2  #succ.  successors
     0     0     0     0     0     0     3     1     2     3
     1     5    10     2     9     8     3     4     6    31
     2     7     6     8     7     9     3     5    11    22
     3     1     3     2    10     3     3    14    19    44
     4    10     5     8     4     9     1    58
     5     1     6    10    10     8     3     7     8     9
     6     6     8     2     4     9     1    13
     7     5     3     7    10     2     2    12    21
     8     2     3     5     2     4     3    13    20    30
     9     2     6     8     9     7     2    10    27
    10     5     9     3     3     6     2    18    41
    11     7     4     8     3     8     2    49    57
    12     3     9     8     7     3     1    39
    13     3     6     1     4     1     2    15    55
    14     9     9     8     4     7     3    16    29    40
    15     7     6     3     2     4     3    17    32    38
    16     9     3     2     5     1     3    37    46    53
    17     9     8     1    10    10     3    23    25    36
    18     3     7     9     4     2     1    48
    19     6     6     7     4     7     1    30
    20     3     5     7    10     9     2    24    46
    21     3     5     7     1    10     1    28
    22     8     3     1     1    10     3    33    34    45
    23     9     8     5     8    10     1    35
    24     6     1     9    10    10     1    26
    25     7     8     8     5    10     1    54
    26     1     5     9     4     6     1    32
    27     8     8     4     7     8     1    48
    28     2     3     1     1     2     1    42
    29     7     2     3     2    10     1    30
    30     1     5     5     6     8     2    50    51
    31     4     8     3     6     5     1    34
    32     5     9     2     3     2     1    47
    33     9     2     5     6     1     1    40
    34     9     9     1     4     8     1    51
    35     9     8     9    10     9     1    52
    36    10     7    10     7     1     1    40
    37     2     6     2     6     1     1    42
    38     1     6     9     2    10     1    43
    39     1     8     1     8     8     1    47
    40     3     6     1     3     8     1    53
    41     5     8     8     4     1     1    59
    42     5     2     2    10     8     1    45
    43     6     6     3     3    10     2    52    54
    44     8     7    10     3     2     1    51
    45     9     3     3     4    10     1    47
    46     5     6     3     9     5     1    55
    47    10     8     4     4     9     1    52
    48     7    10     9    10     1     1    50
    49     2    10     4     1     1     1    50
    50     9     6     9    10     9     1    54
    51     4     3     1     2    10     1    60
    52     3     6     5     2     9     1    57
    53     1    10     4     5     4     1    56
    54     1    10     7     8     4     1    59
    55     6     2     7     6     7     2    58    59
    56     9     7     5     3    10     1    57
    57     2     1     6     5     3     2    58    60
    58     4     2     2     4     3     1    61
    59     5     1     5     8     8     1    61
    60     6     1     4     8     7     1    61
    61     0     0     0     0     0     0
--------------------------------------------------------------------------------
INFORMATION OF PROJECT 8:
#jobs  release  duedate
    62     0   125
#local resources
     2
R_L1   R_L2   
    17    15
jobnr.  dur.  r_G1  r_G2  r_L1  r_L2  #succ.  successors
     0     0     0     0     0     0     3     1     2     3
     1     8     1     4     3     6     3     4     6    16
     2     9     5     3     1     5     2     5    13
     3     7     3     9     4     4     2    11    39
     4     5     1     2     5     4     3     7    20    26
     5     1     6     5     2     3     2    15    41
     6     9     5     8     5     2     2    17    22
     7     9     7    10     4     4     2     8     9
     8     6     5     5     7     6     3    10    14    18
     9     7    10     9     3     3     1    49
    10     8     1     5     5     6     3    12    23    28
    11     8     1     5    10     7     1    21
    12     8    10     8     9     1     1    30
    13     5     6     4     2     4     2    59    60
    14     1     4    10     1     9     3    24    40    45
    15     2     5     2     2     9     3    35    44    51
    16     2     2     8     4     6     1    25
    17     2     1     2    10     5     3    19    34    45
    18     9     2     2     5     1     1    25
    19     7     4    10     6    10     1    51
    20     6     8     9     8     4     1    38
    21     9     9    10     5     6     3    27    32    36
    22     8     7     7     4     7     1    49
    23     4     7     9     1    10     1    40
    24     5     6     1     6     3     1    38
    25     7     7     1     2     4     1    55
    26     1     3     8     4     3     1    41
    27     5     2     1     7     7     3    29    31    42
    28     5     8     9     6     4     1    43
    29     3     4     7     2     8     2    35    58
    30     1     7     1     1     3     2    37    54
    31    10    10     3     9     2     2    52    54
    32     7     3     9     3     2     1    33
    33     8    10     6     2     2     2    35    43
    34     2     6     6     1     2     1    55
    35     9     7     2     4     1     1    52
    36     9     3     7     5     1     1    47
    37     9     3     4     1    10     1    55
    38     3     5     3     6     1     1    39
    39     5     6     6     6     6     1    42
    40     5     7     6     9     9     1    48
    41     4     2     6     4     5     1    50
    42     7     6     2     7     1     2    50    52
    43     7     5     9     5     1     2    46    53
    44     5     7     9     9     8     1    45
    45     5     1     4     3     5     1    57
    46     3     2    10     4     8     1    58
    47     9     6     3     6     7     1    49
    48     8     1     5     9    10     1    56
    49     4     5     7     7     5     1    58
    50     3     6     9     3     1     1    57
    51    10     6     2     8     1     1    56
    52     1     8     5     7     2     1    56
    53     2     6     4     4     4     1    57
    54     1     2     7     2     2     1    60
    55     6     9     4     8     4     1    59
    56     1     8    10     2     3     1    60
    57     7     1    10     5     1     1    59
    58     9     1     1     6     2     1    61
    59     9     7     6     1    10     1    61
    60     9     5     8     5     2     1    61
    61     0     0     0     0     0     0
--------------------------------------------------------------------------------
INFORMATION OF PROJECT 9:
#jobs  release  duedate
    62     0   111
#local resources
     2
R_L1   R_L2   
    19    20
jobnr.  dur.  r_G1  r_G2  r_L1  r_L2  #succ.  successors
     0     0     0     0     0     0     3     1     2     3
     1     4     9    10     8     3     3     4     5     8
     2     5     1     2     2     9     3    14    27    56
     3     5    10     5     7     8     3     6     7    25
     4     3     5     2     8     9     3    10    13    17
     5     8     5     4     3     8     3    15    16    52
     6     3     4     9     8     5     3    28    34    39
     7     7     3     3     5     8     3     9    12    29
     8     4     3     6     2     5     3    16    34    43
     9     4     7     6     9     8     3    27    39    48
    10     5     4     7     8     6     3    11    18    50
    11     4     5     2     1     5     3    19    20    26
    12     3     7     6     6     7     3    21    24    56
    13     7     9     9     4     5     3    18    25    31
    14     1     3     4     7     1     3    30    35    40
    15     3     7     2     8     4     2    33    45
    16     5     3     3     3     9     3    17    26    41
    17    10     1     1     2     8     1    58
    18     4     6     4     2    10     3    22    27    34
    19     3     3     8     9     3     3    24    37    49
    20     8     4     4     4     6     2    24    29
    21     6     5     3     4     9     3    26    32    49
    22     1     5     5     3     1     3    23    29    37
    23     9     7     4     5     8     3    33    38    42
    24     8    10    10     3     2     3    40    44    60
    25     3     4    10     5     2     3    32    35    37
    26     4     3     1     4     5     1    59
    27     5     7     4     9     6     3    33    44    49
    28     7     9    10     4     8     3    30    35    41
    29    10     3     3    10     3     2    53    57
    30     6     1     7     2     9     2    38    45
    31    10     9     9     3     4     2    38    56
    32     8     5     4     7     5     3    36    44    48
    33     8     6     3    10     1     1    55
    34     5     9     1     1     4     1    46
    35     3    10     4     6     2     2    36    45
    36     7     5     6     7     9     2    43    46
    37     4     3     9     6     3     3    39    40    51
    38     4     1     6     1     4     1    52
    39     2     1     8     6     7     2    54    57
    40     7     2     8     7     4     2    42    43
    41     1     8     4     8     4     2    42    50
    42    10     5     6     1     7     1    47
    43     6     2     6     5     5     1    58
    44     4     9     7     5     7     2    46    47
    45     6     6     8    10     3     3    47    48    53
    46     3     9     4     2     5     2    51    52
    47     6     6     6     3     8     1    55
    48     1     6     3     9     5     1    50
    49     5     5     1     4    10     2    54    57
    50     3     4     4     1     1     2    51    54
    51     6     8     6    10     7     1    59
    52     4     6     7     6     9     1    53
    53     6     3     7    10     2     1    55
    54     8     2     9     3     8     1    60
    55     2     6     8     1     3     1    59
    56    10     1     5     3     6     1    60
    57     2    10     6     3     1     1    58
    58     8     3     4     9     9     1    61
    59     3     7     4     3     8     1    61
    60     3     2     5     2     8     1    61
    61     0     0     0     0     0     0
--------------------------------------------------------------------------------
INFORMATION OF PROJECT 10:
#jobs  release  duedate
    62     0   128
#local resources
     2
R_L1   R_L2   
    18    16
jobnr.  dur.  r_G1  r_G2  r_L1  r_L2  #succ.  successors
     0     0     0     0     0     0     3     1     2     3
     1     5     2     4     9     5     3     6    17    33
     2     3     4     6     9     2     3     4     9    10
     3     9     9     6     2     3     3    11    14    24
     4     8     8     4     7     4     2     5     7
     5     3     2     8     1     1     2    18    21
     6     4     2     6     2    10     2     8    15
     7    10     8     7     8    10     2    12    54
     8     2     6     9     1     3     3    31    45    55
     9     3     4     5     4     4     1    50
    10     1     3     5     4     9     3    16    23    37
    11    10    10     1    10     1     3    19    41    47
    12     5     3     3     9     2     1    13
    13     1     4     9     8     6     2    31    52
    14     7     4     4     5     9     2    15    33
    15     3    10     5     4     8     3    20    47    57
    16     7     4     2     4     6     3    26    28    33
    17     2     9    10    10     7     1    22
    18     2     8     4     5     8     2    24    35
    19     7     9     1     2     3     2    30    43
    20     2     2    10     6     6     3    27    29    42
    21     2     8     8     9     7     1    49
    22     6     6     6     8     5     2    35    37
    23     7     8     6     1     7     2    35    56
    24     8     7     6     4     2     2    25    36
    25     5     1    10     5     2     1    56
    26     6     8     9    10     1     3    36    38    50
    27    10     2    10     7     5     3    30    40    41
    28     5     6     5     2     2     1    45
    29     9     3     2     4     3     1    48
    30     4     5     8     8     8     2    44    59
    31     2     2    10     9     8     1    32
    32     7     2     7     6     4     2    38    39
    33     3     8    10     1     6     1    34
    34     5     5     5     9     7     3    41    44    47
    35     4     8     3    10    10     2    36    51
    36     6    10     9     3     1     1    52
    37     1     7     2     3     4     2    38    55
    38     4     4     9     8     3     2    40    57
    39     2     1     4     6     6     1    40
    40    10     5     9     9     2     2    44    46
    41     2     9     4     6     4     2    50    59
    42     7     2     6     8     8     2    45    48
    43     4     8     9     8     7     2    48    57
    44     4     8     9     2     6     1    56
    45     3    10     2     1     3     2    51    60
    46     4     5     9     9     5     1    49
    47     9     9     2     7     2     2    53    58
    48     7     2     5     8     4     3    49    52    54
    49     2     1     6     9     6     1    51
    50     7     4     7     4     3     2    53    54
    51     9     7     8    10     2     1    59
    52     4     6     5     5     3     1    53
    53     1     8     3     3     1     1    55
    54     8     5     7     9     8     1    60
    55     9     6     1     9     9     1    60
    56     5     4     5     9     8     1    58
    57     1     8     4     9     1     1    58
    58     5     8     9     7    10     1    61
    59     8    10     8     8     4     1    61
    60     9     5     6     2    10     1    61
    61     0     0     0     0     0     0
--------------------------------------------------------------------------------
INFORMATION OF PROJECT 11:
#jobs  release  duedate
    62     0    92
#local resources
     2
R_L1   R_L2   
    22    26
jobnr.  dur.  r_G1  r_G2  r_L1  r_L2  #succ.  successors
     0     0     0     0     0     0     3     1     2     3
     1     1     5     2    10     8     3    10    17    23
     2     7     1     1     5     5     3     7     8    27
     3     1     4     9     9     5     3     4    11    22
     4     5     2     9    10    10     3     5     6    12
     5     6     9    10     7     3     3     9    14    16
     6     9     7     5     4     6     1    25
     7     8    10     8     8     9     3    18    37    57
     8     3     7     8     4     2     1    52
     9    10     1     3     2     4     1    51
    10     9     4     5     5     3     3    13    19    28
    11     8     2     3     1     3     3    13    15    33
    12     5    10     3     3     1     2    25    54
    13     4     9     5     4     7     2    24    36
    14     1     8     1     3     3     1    32
    15     2    10     8     2     8     2    27    42
    16     6     7     5     2     4     3    30    31    35
    17    10     7     7    10     9     1    36
    18     4     3    10     5     9     2    20    26
    19     5     8     3     4     3     1    58
    20     3    10     4    10     3     3    21    38    52
    21     4     9     1     5     2     1    43
    22     8     1     7     5     5     1    37
    23     1     1     4     2     1     1    30
    24     6     1     9     5     6     1    29
    25     6     7    10     1     5     1    51
    26    10     6     4     1     8     2    41    48
    27    10     6     1     5     8     1    45
    28     7     6     7     1     7     1    53
    29     7     5     9     2     6     1    39
    30     5     8     5    10     8     1    58
    31     2     4     4     1     9     2    34    40
    32     6     2     4    10     3     1    36
    33     1    10     5     3     6     1    43
    34     3     3     9     7     7     2    44    58
    35     2     5    10    10    10     1    47
    36     6     9     6     2     2     1    55
    37     7     4     5    10     5     1    45
    38     8     5     2     3     9     1    46
    39     7     8     8     2     9     2    46    50
    40     7     2     2     6    10     1    44
    41     4     4     4    10    10     2    42    49
    42     1     1    10     6     1     1    56
    43     4     8     3     9     7     1    44
    44     6     5     6     5     3     2    54    59
    45     8     7     5     1     4     1    46
    46     1     9     4     4     1     1    59
    47     2     6     1     6     6     1    49
    48     7     4     7     1     6     1    56
    49     8     5     6     7     7     1    50
    50     1     9     4     8     9     1    55
    51     7     7    10     2     9     1    60
    52     8     4     2     3     8     1    55
    53     9     6     6     1     9     1    54
    54     5    10     1     5     4     1    56
    55     1     2     6     7     3     1    60
    56     4     9     1     8    10     1    60
    57     9     5     3     7     9     1    59
    58     2    10     2    10     8     1    61
    59     3     9     3     3     9     1    61
    60     9     3     3     7     5     1    61
    61     0     0     0     0     0     0
--------------------------------------------------------------------------------
INFORMATION OF PROJECT 12:
#jobs  release  duedate
    62     0   139
#local resources
     2
R_L1   R_L2   
    18    19
jobnr.  dur.  r_G1  r_G2  r_L1  r_L2  #succ.  successors
     0     0     0     0     0     0     3     1     2     3
     1    10     4     6    10     7     3    13    15    16
     2     8     9     2     9     1     3     5     8    18
     3     8     3    10     1     6     3     4     6     9
     4     3     2     3     2     7     2    15    32
     5     6     1     6     3     3     3    19    34    46
     6     9     5     3     6     6     3     7    10    14
     7    10    10     3     4    10     3    21    31    45
     8     8     9     5     1     9     3    26    41    58
     9     4     4     3     2     4     1    29
    10     1     4     2     6     9     2    11    12
    11     3     7     1     4     9     3    15    17    24
    12     8     1     2     7     6     3    28    42    59
    13     4     4     8     8     7     2    47    51
    14    10     2    10     9     2     2    23    26
    15     4     2     6     3     1     2    25    35
    16     8     8     5    10     5     1    57
    17     9     2     9     8     9     2    38    40
    18     4     4     3     5     1     1    20
    19     8     1     5     3     9     3    22    23    57
    20     2     5     7     6     7     1    49
    21     9     9     4    10     4     3    23    34    53
    22     5    10     9     2     5     1    33
    23     7     9     6     2     2     1    49
    24     7     7     6     7     9     3    36    42    51
    25     4     6     6     5     9     1    43
    26     2     8     6     5     4     3    27    30    33
    27    10     6     4     1     8     3    29    50    54
    28     2     3     1     4     3     2    35    44
    29     7    10     1     2     4     1    35
    30     4     9     6     6     5     1    51
    31     6     6     6    10     8     2    33    46
    32     6    10    10     3     9     3    44    52    55
    33     3     1     9     1     9     2    38    40
    34     4     4     3     1    10     2    42    47
    35     4    10     7     4     8     1    38
    36     4     1     1     3     4     3    37    41    44
    37     4     8     4     6     8     2    39    55
    38     8     3     6     6     8     1    60
    39     8     1     1     7     4     1    54
    40     5     1     1     3     4     2    47    48
    41     6     6     9     5    10     3    46    54    56
    42     8     5     2     1     2     1    48
    43     1     2    10     9    10     1    45
    44     4     5     4     1     7     1    53
    45     7     1     8     3     3     2    52    53
    46     5     4     1     9     8     1    48
    47    10     1    10    10     2     2    50    52
    48     4     1     2     6     8     1    50
    49     1     1     7     1     6     1    55
    50     7     4     3     1    10     1    60
    51     5     4     9    10     3     1    56
    52     4     2     7    10     6     1    56
    53     6     7     1     7     6     1    57
    54    10     7    10    10     3     1    59
    55     7     3     3     2    10     1    58
    56    10     3     7    10     7     2    59    60
    57     2     3     3     4     2     1    58
    58     8     7    10     2     1     1    61
    59    10     6     7     2     4     1    61
    60     7    10     2     5     5     1    61
    61     0     0     0     0     0     0
--------------------------------------------------------------------------------
INFORMATION OF PROJECT 13:
#jobs  release  duedate
    62     0    98
#local resources
     2
R_L1   R_L2   
    20    17
jobnr.  dur.  r_G1  r_G2  r_L1  r_L2  #succ.  successors
     0     0     0     0     0     0     3     1     2     3
     1     3     5     2     8     1     3     9    10    54
     2     2     3    10     5     0     3     4     7    15
     3     5     4     7     6     0     3     5     6    52
     4     5     0     3     0     3     1    14
     5     2     4     2     4     1     3    16    26    29
     6     6     4     9     9    10     3     8    11    12
     7    10     8     8     9     7     2    27    57
     8     9     2     6     0     0     3    18    22    60
     9     1     9     4     0     0     1    12
    10     6     7     1     3     0     3    17    38    40
    11     3     2     7     8     3     2    13    19
    12     9     1     4    10     2     2    14    43
    13    10     0    10    10     3     3    39    41    45
    14     1     2     0     8     3     1    50
    15     1     0     7     0     0     1    20
    16     6     7     0     0     0     1    33
    17     9     9    10    10     4     1    46
    18     1     9     7     6     5     1    24
    19     3    10     0     3     7     2    23    31
    20     2     1     0     6     9     1    21
    21     1     9     8     7     1     3    25    34    51
    22     6     0     7     3     1     1    55
    23     9     5     9    10     2     1    27
    24     8     0     0    10     6     2    30    47
    25     8     6     7     5     8     1    45
    26     4     8     0     0    10     1    28
    27     5     0     9     9     6     1    32
    28     3     6     0     3     0     1    33
    29    10     0     8     0     0     3    35    36    49
    30     8     6     6     2     3     1    42
    31     1     0     9     9     0     1    56
    32     1     3     4     7     3     1    44
    33     4     2     2     1     4     2    37    48
    34     2     0     4     3     5     1    49
    35     4     3     0     0     9     1    59
    36     3     0     1     0     4     2    38    41
    37    10     5     4     0     4     1    46
    38     5     9     9     1     3     1    47
    39     9     4     3     6     0     2    40    53
    40     9     5     7     2     0     1    58
    41     2    10     8     7     1     1    42
    42     7     9     0     2     4     1    51
    43     3     5     6     7     8     2    48    53
    44     2     0     2     3     0     1    56
    45     6     1     0     0     7     1    54
    46     9     0     4     0     8     1    47
    47     5     3     6     2     9     1    53
    48     9     0     8     5     1     1    55
    49     5     5     5    10     0     1    54
    50     7     3     2     9     0     2    57    58
    51     3     0    10     7     0     1    58
    52    10     0     9     7     7     1    56
    53    10     0     0     7     0     1    57
    54     6     1     6     5     1     1    55
    55     4     5     2     3     0     1    59
    56     6     5    10     0     6     1    60
    57     7     1     0     4     6     1    59
    58     1     3     9     2    10     1    61
    59     6     9     4     9    10     1    61
    60    10     8     3     4     8     1    61
    61     0     0     0     0     0     0
--------------------------------------------------------------------------------
INFORMATION OF PROJECT 14:
#jobs  release  duedate
    62     0   103
#local resources
     2
R_L1   R_L2   
    33    24
jobnr.  dur.  r_G1  r_G2  r_L1  r_L2  #succ.  successors
     0     0     0     0     0     0     3     1     2     3
     1    10     9     3     3     1     2     4     5
     2     8     8     1     5     9     1    25
     3     7     6     1     5     8     3     6    14    20
     4     3     4    10    10     2     2     7    32
     5     1     3     2     4     3     3    15    29    46
     6     2     7    10     2     4     3    12    26    34
     7     4     9     4     5    10     3     8    10    13
     8    10     4    10     5     6     2     9    45
     9     9     8     3     3     8     3    11    23    31
    10     3    10     8     6     2     3    16    25    30
    11     5     1     5     4    10     2    17    44
    12     3     5     2     2     7     2    19    37
    13     9     9     6     9     1     2    36    59
    14     6     3     9     9     4     2    46    49
    15     8     4     6     5     1     3    24    36    60
    16     3     8     3     7     1     3    31    38    51
    17     2     9     2     4     4     2    18    41
    18     1     1     2    10    10     3    27    33    40
    19     9     3     7     4     3     1    28
    20     6     5    10     9    10     2    21    30
    21     9     9     7     4     6     3    22    42    54
    22     6     5     9     8     1     1    24
    23     8     1     4     4     8     1    48
    24     7    10    10     6     7     1    58
    25    10     5     7    10     9     2    26    39
    26     7     8     7     9     2     3    31    41    45
    27     1     3     2    10     6     2    34    36
    28    10     7     2     5     2     3    38    46    47
    29     4     4     4     9    10     1    43
    30     1     1     1     4     2     2    35    39
    31     5     4     8     5     6     1    47
    32    10     2     8     7     7     2    52    57
    33     1     4     3    10     6     2    39    54
    34     7     6     7     8     9     2    37    50
    35     6     8     4     4     2     3    43    44    48
    36     5     1    10     6     7     1    53
    37     6     3     6     4     3     1    52
    38     3     9     2     9     7     1    42
    39     2     6     6     7     4     1    55
    40     6     5     8     9     2     1    48
    41     1     5     5     3     4     3    42    51    52
    42     8    10     5     8     5     1    50
    43     4    10     4     9     6     1    49
    44     9     8     6     6     4     1    55
    45     7     6    10     9     5     2    47    56
    46    10     8     7     4     6     2    53    59
    47     7     5     2     6     6     2    53    59
    48    10     9     6     8     1     1    49
    49     6     6     4     8     9     3    50    51    56
    50     5     2     6     9     5     1    55
    51     6     1     4     7     5     1    54
    52     6     6     8     5     8     1    56
    53     8     7     8     9     2     1    58
    54    10     9     3    10     6     1    57
    55     2     3     3     4    10     1    57
    56     2     1     3     9     6     1    60
    57     9    10     1     3     6     2    58    60
    58     3     8     8     2     1     1    61
    59     9     2     1     9     5     1    61
    60     7     2     2     6     7     1    61
    61     0     0     0     0     0     0
--------------------------------------------------------------------------------
INFORMATION OF PROJECT 15:
#jobs  release  duedate
    62     0    74
#local resources
     2
R_L1   R_L2   
    33    37
jobnr.  dur.  r_G1  r_G2  r_L1  r_L2  #succ.  successors
     0     0     0     0     0     0     3     1     2     3
     1     5     2    10     5    10     3     4     5    26
     2     4     2     6     1     5     3    11    31    32
     3     4     1     6     9     3     3    10    12    40
     4     7     8     2     2     1     2     6    42
     5    10     1     6     6     8     3     7    21    27
     6     3     1     4     8     7     2     9    14
     7     7     7     6     2     4     3     8    17    19
     8    10     3    10     7    10     2    29    48
     9     6     6    10     4     6     1    37
    10     5     4     1     9     1     1    22
    11     2     1     4     9     3     2    19    25
    12     7    10     3     8     1     3    13    15    30
    13     5     5     3     1     6     1    16
    14     2     3    10     5     8     2    28    36
    15     6     4     7     1     8     1    16
    16    10     4     4     9    10     1    24
    17    10     6     9     4     8     1    18
    18     7     3     5     7    10     2    41    45
    19     1    10     6     5     2     1    20
    20     1    10     8     2     5     2    23    51
    21     6     3     7    10     4     3    29    34    52
    22     1    10     7     7     2     1    39
    23     6     4     2     3    10     1    40
    24     1     4     7     6     7     1    37
    25     4    10     3     7     8     1    40
    26     2     6     7     5    10     1    55
    27     4     4    10    10     6     1    35
    28     3     3    10     9     4     2    33    48
    29     5     4     8     7     7     1    59
    30     1     2     5     8     2     1    44
    31     9     1     8     7    10     1    58
    32     7     3     1     3    10     1    57
    33     5     1     8     8     3     1    56
    34     4     6     5     1     3     1    49
    35     6    10     5     4    10     2    38    41
    36    10     7     7     9     3     1    51
    37     6     4     9    10     8     1    45
    38     4     7     6     6     4     1    56
    39     3     4     1     4     7     3    43    46    53
    40     7     1     4     4     4     2    47    60
    41     2     5    10     4     6     1    44
    42    10     1     4     2     2     1    43
    43     4     4     2     2     6     1    58
    44    10     4     3     1     7     1    60
    45     2     7     6     3     6     3    49    50    57
    46     9     4     1     1     4     1    51
    47     5     7     4     1     8     2    54    56
    48     3     9     3     6    10     1    54
    49     5     2     1    10     5     1    55
    50    10     2     7     7     8     2    52    55
    51     3     6     8     2     9     1    52
    52     7     1     3     4     9     1    54
    53     1     6     9     8     3     1    57
    54     8    10     9     1     5     1    58
    55     4     4     1     3     7     1    60
    56     2     3     3     6    10     1    59
    57    10     1     1     9     3     1    59
    58     3     9     7     8     9     1    61
    59     2     4     2     6     5     1    61
    60     9     9     3     1     7     1    61
    61     0     0     0     0     0     0
--------------------------------------------------------------------------------
INFORMATION OF PROJECT 16:
#jobs  release  duedate
    62     0    87
#local resources
     2
R_L1   R_L2   
    19    18
jobnr.  dur.  r_G1  r_G2  r_L1  r_L2  #succ.  successors
     0     0     0     0     0     0     3     1     2     3
     1     9     0    10     0     5     1    16
     2     8     5    10     0     6     3     4     8    11
     3    10     8     4     7     7     3     7    26    28
     4     6     4     3     0     8     3     5     6    23
     5    10     1     9     1     8     3     9    10    60
     6     9     3     2     1     0     3    12    34    40
     7     1     4     0     8     6     2    15    32
     8    10     4     0     3     1     1    21
     9     2     0     1     6     3     1    41
    10     3     5     1     0     3     1    18
    11     3     5     9     6     2     3    14    16    53
    12     5     4     9     0     3     3    13    17    25
    13     6     4    10     5     0     3    45    50    59
    14     5     8     6    10     2     2    22    47
    15     8     0     2     2     0     1    47
    16     5     9     4     8     4     3    19    20    27
    17     2     1     4     4     5     3    41    46    55
    18     4     9     9     5     0     1    33
    19     7     1     1     0     4     2    35    39
    20     5     1     0     0     0     3    24    29    36
    21    10     4     0     4     0     1    30
    22     1     0    10     1     5     1    38
    23     6     9     6     4     8     1    24
    24     4     3     3     4     2     2    30    31
    25     2    10     0     3     8     1    41
    26     6     6     1     0     0     1    55
    27     4     0    10     7     0     1    46
    28     1     9     8     7     1     2    39    54
    29     7     8     0     1    10     2    49    51
    30     5     0     9    10    10     1    38
    31     4     4     3     1     2     1    57
    32     2    10     9     4     0     1    53
    33    10     9     0     8    10     1    40
    34     4     2    10     2    10     1    42
    35    10     0     1    10     8     1    40
    36     3     7     8     7     6     1    37
    37     5     5     0     7     0     1    49
    38     3     0     2    10     9     1    58
    39     8     0     2     9     0     1    43
    40     3     4     9     0     0     3    43    44    52
    41     1    10     8     6     6     1    45
    42     1     9     0     4    10     1    56
    43     5     6     0     2     8     1    56
    44     7     0     4     1     8     1    47
    45     2     2     2     4     0     1    51
    46     7     0     7     0     0     1    54
    47     5     8     6     9     2     1    48
    48     6     8     0     5     0     1    50
    49     6     4     7     0     8     1    59
    50     1    10     2     1     7     1    54
    51     1    10     0     8     8     1    56
    52     5     8     0     0     2     1    55
    53     2     0     0     2     2     1    60
    54     4     9     0    10     3     1    57
    55     3     0     3     0     4     1    59
    56     5     5     0     9     0     1    58
    57     1     9     9     3     8     1    58
    58     3     8     3     7     4     1    61
    59     2     6     1     1     0     1    61
    60     1     6     5     9     9     1    61
    61     0     0     0     0     0     0
--------------------------------------------------------------------------------
INFORMATION OF PROJECT 17:
#jobs  release  duedate
    62     0   104
#local resources
     2
R_L1   R_L2   
    16    20
jobnr.  dur.  r_G1  r_G2  r_L1  r_L2  #succ.  successors
     0     0     0     0     0     0     3     1     2     3
     1     8     0     0     5     6     3     4     6    10
     2     9     5     0     0     9     1    11
     3     3     0     0     6     2     3     5     7    18
     4    10     5    10     1     1     2    22    29
     5     9     5     8     0     1     3    13    40    47
     6     7     9     0     7     4     3     9    27    37
     7     1    10     9     9     3     3     8    20    32
     8     8     3     6     3     0     2    16    26
     9     6     1     8     4    10     3    14    24    25
    10     9     2     6     3    10     3    21    29    30
    11     2    10     0    10     0     3    12    37    56
    12     8     0     6     3     7     1    59
    13     2     4     7     0     6     2    15    48
    14     1     2     5     3     3     1    51
    15     8     7     0     6     1     3    17    51    58
    16     6     9     6     4     2     2    42    55
    17     2     0    10    10     1     2    22    23
    18     7     4     4     0     0     3    19    46    50
    19     3    10     6     9     7     2    32    39
    20     8     9     2     1     9     1    52
    21    10     5     6     4     0     2    44    59
    22     7     3     6     6     7     2    36    53
    23     8     0     6     8     5     2    36    37
    24     2     0     3     6     9     3    36    39    43
    25     9     8     0     0     3     3    28    41    48
    26     8     5     2     0     8     1    34
    27     2    10     2     0     5     3    33    44    49
    28     3     0     7     0     4     3    34    40    55
    29     5     0     5     7     0     2    33    35
    30     6     0     1     0     8     2    31    46
    31     3     3     0     6     5     3    39    41    42
    32     9     0    10     6     9     1    51
    33     4     4     7     2    10     3    34    42    54
    34    10     9     0     2     2     1    57
    35     2     1     8     3     9     1    38
    36     3     4     4     8     3     1    54
    37     2     5     7     0     0     1    53
    38     1     6     0     2     8     2    46    48
    39     2     8     6     1    10     2    40    45
    40     8     0     9     0     6     1    56
    41     7     3     0     7     9     1    45
    42     9     7     5     6     1     1    47
    43    10     1     7     5    10     3    44    47    50
    44     1     4     4     5     2     1    45
    45     9     0     6     4     5     1    52
    46     3     0     1     1     5     1    49
    47     9     0     0    10     0     1    57
    48     9     1     8     0     4     2    50    53
    49     9     2     5     7     6     1    52
    50     1     0     1     0     0     1    54
    51     4    10     0     2     9     1    60
    52     1     3     8     0     6     1    56
    53     7     0     9     8     0     1    60
    54     1     9     2     9     3     2    55    59
    55     2     0     2     3     8     1    60
    56     1    10     6     0     5     1    57
    57     1     0     1     0     1     1    58
    58     8     1     1     9     0     1    61
    59     9     4     0    10     6     1    61
    60     4     5     0     7     2     1    61
    61     0     0     0     0     0     0
--------------------------------------------------------------------------------
INFORMATION OF PROJECT 18:
#jobs  release  duedate
    62     0    64
#local resources
     2
R_L1   R_L2   
    40    45
jobnr.  dur.  r_G1  r_G2  r_L1  r_L2  #succ.  successors
     0     0     0     0     0     0     3     1     2     3
     1     4     3     3     8    10     3     4     5    10
     2     6     2     2     3     6     3     6    11    29
     3     2     7     6    10     7     1    41
     4     7     9    10     9     3     3     7    17    20
     5     3     1    10     2     1     3     8     9    23
     6     7    10     2    10     2     3    13    14    15
     7     9     6     3     2     8     1    55
     8     8     6     8     9     8     3    16    47    50
     9     3     8     8     8     9     3    12    22    52
    10     1     6     5     1     1     3    24    25    33
    11     9     8     6     5    10     1    37
    12     2     9    10    10     9     1    31
    13     1     7     6     7     6     1    19
    14     3     9     9     9     9     2    28    40
    15     7     1    10     2     7     3    18    26    32
    16     9     8     4     7     1     3    27    35    45
    17     8     2     3     5     9     1    53
    18     2     3    10     2     8     1    22
    19     1     2     1    10     1     1    47
    20     6     9     2     8     4     1    21
    21     5     8     5     6    10     1    30
    22     6     8     8     8     2     1    35
    23     5     2    10     4     3     3    28    36    48
    24     9     2     8     7    10     2    30    54
    25     1     2     5     7     7     1    44
    26     8     7     9     7     1     1    37
    27     9     5     8     3     8     2    29    31
    28     2     7    10     7     5     1    54
    29    10     6     6     6     8     1    52
    30     4     8     9     8     9     1    47
    31     7     8     9     6     9     2    38    46
    32     3     3     2     9     7     1    34
    33     7    10     7     3     2     1    42
    34     2    10     5     6    10     1    39
    35     9     2     2     4     1     1    60
    36     4    10     8     2     7     1    49
    37     6     9    10     6    10     1    49
    38     8     2    10     2     4     1    60
    39     1     3     1     4     5     2    43    51
    40     3     8     7     2     1     2    51    55
    41    10     7     6     7     7     1    44
    42     3     6     1     8     1     1    57
    43     5     8     2     4     2     1    44
    44     6     1    10     9     1     2    45    48
    45    10     4    10     5     7     1    54
    46    10     9     1     9     2     1    59
    47     2     6     3     5     2     1    51
    48     7     2     4     1    10     1    55
    49     3     3     4     1     1     1    52
    50     7     8     8     1     7     1    56
    51     2     9    10     5     8     1    59
    52     7     7     2     9     1     1    58
    53     2     6     8     2     3     1    60
    54     2     7     8    10    10     2    56    57
    55    10     2     2    10     5     1    58
    56     4     8     4     3     6     1    58
    57     7     3     5     4     7     1    59
    58     2     2     4     1     8     1    61
    59     3     4     7     3     4     1    61
    60     3    10     8     7     7     1    61
    61     0     0     0     0     0     0
--------------------------------------------------------------------------------
INFORMATION OF PROJECT 19:
#jobs  release  duedate
    62     0   103
#local resources
     2
R_L1   R_L2   
    17    17
jobnr.  dur.  r_G1  r_G2  r_L1  r_L2  #succ.  successors
     0     0     0     0     0     0     3     1     2     3
     1     9     0     8     0     1     3     4     9    17
     2     1     4     1    10     3     2    11    53
     3     7     5     7     5     3     3     5     7    10
     4     9     5     4     3     0     3     6    13    22
     5     2     1     0     6     7     2     8    30
     6     5     0     0     7     4     3    12    14    47
     7     3     9    10     1     2     3    18    36    41
     8     4     1     1     0     2     1    45
     9     5    10     6     2     8     2    27    48
    10     2     4     1     3     0     2    16    43
    11     5     5     3     5    10     3    28    34    37
    12     3     7     6     0     4     2    38    45
    13     7    10     8     2     6     3    16    18    37
    14     2     2     0     0     0     1    15
    15     2     3    10     6     0     2    20    48
    16     5     0     9     0     3     1    33
    17     6    10     0     0     1     3    19    21    23
    18     7     8     0     4    10     3    24    26    32
    19    10     1     0     0     8     1    31
    20     3     5     0     0     8     1    25
    21     1     1     9    10     5     3    31    39    40
    22     1     8     7     3     3     1    40
    23     4     5     0     2     1     3    29    35    47
    24     2     3     9     8     3     1    56
    25     1     0     2     6     9     1    26
    26     2     5     5     0     0     2    29    30
    27     1     0    10     4     2     2    29    58
    28     3     0     0     4     3     2    38    40
    29     3     0     0     6     0     3    38    53    54
    30    10     1     8    10     6     1    57
    31     7     2     1     0     3     1    49
    32     6     1     0     0     1     2    44    50
    33     3     0     7    10     7     1    39
    34     4    10     2     6     3     3    39    46    52
    35     3     8     0     5     8     3    49    50    60
    36     8     8     1     7    10     2    51    56
    37     2    10     8     0     8     3    43    45    46
    38     4     8     8     6     1     1    55
    39     1     4     9     7     4     2    48    57
    40     9     2     3     7    10     3    44    46    54
    41     7     0     8     1     3     2    42    49
    42     6    10     0     0     2     2    43    44
    43     6     5     9     7     0     2    47    51
    44     6     5     3    10     0     1    55
    45     9     3     8     0    10     1    60
    46     2     6     6     2     4     1    57
    47     8     9     3     5     5     2    50    54
    48     7     8     2     4     7     1    58
    49     4     7    10     5     6     1    51
    50     5     0     0     0     6     2    52    58
    51     6     5     0     0     0     1    52
    52     7     0     9     3     3     1    55
    53     4     7     8     9     0     1    59
    54     3     0     0     9     0     1    56
    55     5     5     2     3    10     1    59
    56    10    10     2     1     6     1    59
    57     2     8     5     0     0     1    60
    58     2     4     5     6     0     1    61
    59     3     1     5     1     8     1    61
    60     9     8    10     0     8     1    61
    61     0     0     0     0     0     0
--------------------------------------------------------------------------------
INFORMATION OF PROJECT 20:
#jobs  release  duedate
    62     0   138
#local resources
     2
R_L1   R_L2   
    18    17
jobnr.  dur.  r_G1  r_G2  r_L1  r_L2  #succ.  successors
     0     0     0     0     0     0     3     1     2     3
     1     6     1     9     1     2     2    13    50
     2     8     1     5     2     4     2     8    24
     3     8     6     4     3     5     3     4     8    16
     4     3     8     2     5     7     3     5     9    20
     5     9     7     6    10     5     3     6    11    15
     6     6    10     2     2     7     2     7    33
     7     9     5     6     1     6     3    17    21    37
     8     3     8     2     9     5     3    10    12    19
     9     9     5     5     2     4     1    56
    10     3     6     5     7     4     1    18
    11     7     5     2     9     9     3    26    50    58
    12     4     5     6     7     3     3    14    29    44
    13     3     7     5     2     2     3    16    29    39
    14     2     1    10    10     8     2    17    51
    15     1     4     4     9     5     1    17
    16     4     8     5     7     1     1    22
    17     5     5     1     7     3     3    25    28    53
    18     1     1     2     2    10     1    48
    19     8     9     2     7     9     1    45
    20     3     3     8     4     2     2    30    36
    21     9     1    10     3     7     3    23    27    46
    22     8     9     6    10     6     2    32    33
    23     1    10     4     6     9     2    25    30
    24     9     2     2     4     5     3    28    35    40
    25     1     9     1     7     4     2    39    43
    26     6     9     5    10     9     2    31    49
    27     2     2     6     6     7     1    47
    28     4     2     2    10     9     2    43    50
    29     1     1     6     7    10     2    31    36
    30     2     6    10     3     6     2    38    59
    31     7     7     2     5     2     1    59
    32     4     1     9     3     4     3    34    42    54
    33     4    10     2     9     9     2    35    44
    34     7     6     8     1     7     2    49    52
    35     2     5     3     9     9     2    51    55
    36     8     2     4     4    10     3    38    53    54
    37    10     9     1     1     3     1    44
    38    10     5     3     7     4     3    40    45    56
    39    10     9     4     6     8     1    56
    40     2     2     5     6     9     1    41
    41     4     1     4     9     1     1    43
    42     9     7     8     3     7     1    47
    43     8     3     7     1     2     1    57
    44     9     1     4    10     8     3    45    47    48
    45     5    10    10    10     1     1    52
    46     5     7     8     6     4     2    48    55
    47     3     2    10     1     2     2    49    51
    48     2     8     4    10     5     1    53
    49     1     7     6     6    10     2    55    60
    50     4     8    10     8     4     1    54
    51     8     6     8     6    10     2    52    57
    52     8     9     6     1     4     1    60
    53     6     7     7     5    10     1    57
    54     2     3     7     9    10     1    60
    55     2     7     1     9     3     1    59
    56     4     5     6     2     4     1    58
    57     7     5    10     4     5     1    58
    58    10     4     6     6     4     1    61
    59     4     7     1     6     8     1    61
    60     7     2     4     8     2     1    61
    61     0     0     0     0     0     0
--------------------------------------------------------------------------------
TRANSFER TIMES OF GLOBAL RESOURCE G1
 DEPOT    P1    P2    P3    P4    P5    P6    P7    P8    P9   P10   P11   P12   P13   P14   P15   P16   P17   P18   P19   P20
     0    18    24    15    32    19    17    29    25    22    15     4    17    22    15    20    30    26    25    18    23
    18     0    20    31    19     2     7    45    42    32     6    20    16    19    32     3    44    41    12    15    31
    24    20     0    39    14    21    25    52    44    21    15    27     8    37    32    18    35    35    12     7    18
    15    31    39     0    47    32    28    14    16    31    29    13    32    26    14    34    33    27    39    32    34
    32    19    14    47     0    19    25    61    55    35    19    35    19    37    43    16    49    48     8    18    32
    19     2    21    32    19     0     6    45    43    33     7    21    17    19    33     3    45    42    12    16    32
    17     7    25    28    25     6     0    41    41    34    11    18    21    13    31     9    46    42    18    20    34
    29    45    52    14    61    45    41     0    16    41    43    26    45    36    24    47    39    32    53    46    45
    25    42    44    16    55    43    41    16     0    28    39    23    37    41    13    44    24    17    48    38    33
    22    32    21    31    35    33    34    41    28     0    26    24    17    42    18    32    15    15    30    19     5
    15     6    15    29    19     7    11    43    39    26     0    17    11    22    27     7    39    36    11    10    25
     4    20    27    13    35    21    18    26    23    24    17     0    20    21    14    22    31    26    27    21    26
    17    16     8    32    19    17    21    45    37    17    11    20     0    32    25    16    31    30    13     2    15
    22    19    37    26    37    19    13    36    41    42    22    21    32     0    34    22    52    46    30    31    43
    15    32    32    14    43    33    31    24    13    18    27    14    25    34     0    33    20    13    36    26    22
    20     3    18    34    16     3     9    47    44    32     7    22    16    22    33     0    45    42     9    14    30
    30    44    35    33    49    45    46    39    24    15    39    31    31    52    20    45     0     7    44    33    18
    26    41    35    27    48    42    42    32    17    15    36    26    30    46    13    42     7     0    42    31    19
    25    12    12    39     8    12    18    53    48    30    11    27    13    30    36     9    44    42     0    12    28
    18    15     7    32    18    16    20    46    38    19    10    21     2    31    26    14    33    31    12     0    17
    23    31    18    34    32    32    34    45    33     5    25    26    15    43    22    30    18    19    28    17     0
--------------------------------------------------------------------------------
TRANSFER TIMES OF GLOBAL RESOURCE G2
 DEPOT    P1    P2    P3    P4    P5    P6    P7    P8    P9   P10   P11   P12   P13   P14   P15   P16   P17   P18   P19   P20
     0    21    23    15    22    13    28     9    28    17    23    20    21    35    25    30    24    24    21    19    18
    21     0     8    32    39    25    45    26    41    23    44    22    20    25    36    26    44     4    24    27    13
    23     8     0    36    43    30    49    29    37    20    46    18    27    32    33    19    44    10    30    33    20
    15    32    36     0     8     8    14     7    38    31    17    34    20    35    37    44    24    34    18    12    23
    22    39    43     8     0    15     6    15    42    37    16    41    26    39    42    52    26    41    23    16    30
    13    25    30     8    15     0    20     6    39    28    24    31    13    28    37    41    29    27    12     7    16
    28    45    49    14     6    20     0    20    45    42    17    46    31    44    46    57    27    47    28    21    35
     9    26    29     7    15     6    20     0    33    24    19    28    18    33    32    38    24    28    17    13    19
    28    41    37    38    42    39    45    33     0    18    31    20    48    61     6    27    21    44    49    45    44
    17    23    20    31    37    28    42    24    18     0    33     5    34    45    13    15    28    27    36    35    29
    23    44    46    17    16    24    17    19    31    33     0    37    37    51    32    48    11    47    35    28    38
    20    22    18    34    41    31    46    28    20     5    37     0    36    46    15    11    32    26    38    37    30
    21    20    27    20    26    13    31    18    48    34    37    36     0    16    45    43    42    20     4    11     8
    35    25    32    35    39    28    44    33    61    45    51    46    16     0    57    51    56    23    17    24    17
    25    36    33    37    42    37    46    32     6    13    32    15    45    57     0    22    24    40    46    43    41
    30    26    19    44    52    41    57    38    27    15    48    11    43    51    22     0    42    29    45    46    36
    24    44    44    24    26    29    27    24    21    28    11    32    42    56    24    42     0    47    40    35    41
    24     4    10    34    41    27    47    28    44    27    47    26    20    23    40    29    47     0    24    29    13
    21    24    30    18    23    12    28    17    49    36    35    38     4    17    46    45    40    24     0     8    11
    19    27    33    12    16     7    21    13    45    35    28    37    11    24    43    46    35    29     8     0    16
    18    13    20    23    30    16    35    19    44    29    38    30     8    17    41    36    41    13    11    16     0
--------------------------------------------------------------------------------
Additional Information: 
global resource strength = 0.5
transfer time factor = 0.5
adapted from RCPSP instances: 
[j6013_10, j6030_5, j6046_7, j6046_6, j6025_2, j6029_3, j6014_3, j6013_8, j6045_5, j6029_7, j6013_7, j6029_4, j609_10, j6030_9, j6014_7, j609_2, j6025_8, j6014_5, j6025_5, j6029_2]
