--------------------------------------------------------------------------------
PORTFOLIO INFORMATION:
#projects
    20
#global resources
     2
R_G1   R_G2   
   232   231
--------------------------------------------------------------------------------
INFORMATION OF PROJECT 1:
#jobs  release  duedate
    62     0   113
#local resources
     2
R_L1   R_L2   
    18    20
jobnr.  dur.  r_G1  r_G2  r_L1  r_L2  #succ.  successors
     0     0     0     0     0     0     3     1     2     3
     1     6     0     0     7     6     3     5     6    23
     2     9     1     0     1     9     2    33    44
     3     2     9     2     1     0     3     4    15    27
     4    10     4     6     6     0     3     6     7    10
     5    10     4     9     2     0     3     9    10    13
     6     5     5     3     4     0     3     8    11    12
     7     7     5     8     9     1     1    24
     8     5     3     2     1     0     3    14    31    45
     9     3     7     8     0     0     1    11
    10     1     5     8     1     2     3    29    43    53
    11     7     4     7     8     4     3    20    25    30
    12     6     3     6     7    10     3    28    34    35
    13     8     5     7     8    10     2    16    19
    14     1     9     4     0     0     2    18    39
    15     9     8     0     0     5     2    17    22
    16     8     0     3     0     9     3    22    26    36
    17     5     2     3     8     0     2    26    40
    18    10     7     5     9     9     3    21    33    38
    19    10     0     1     0     8     1    38
    20     4     0     6     3     2     2    36    47
    21     7     6     7     0     0     1    41
    22     3     5     8     3     9     2    31    48
    23     8     9     0     0     1     1    35
    24    10     0     8     7     9     3    35    36    45
    25     7     5     1     8    10     1    47
    26     4     3     9     6     0     2    39    41
    27     3     1     3     8     8     3    44    48    58
    28     4     0     8     8     6     1    55
    29     6     4     0     0     0     1    49
    30     2     0    10     6     0     2    45    51
    31     7     5     6     1     7     3    32    38    57
    32     4     0     5     0     3     2    44    49
    33     8     7     0     0     7     2    41    54
    34     8     0     2     8     4     2    37    50
    35     5     0     4     2     8     1    47
    36     1     5     6     5     3     1    42
    37     9     1     7     8     0     2    46    53
    38     3     0     1    10     7     1    56
    39     7     3     3     1     1     1    54
    40     7     0     2     0     6     3    43    49    60
    41     3     3     2     8     4     2    53    56
    42     2     1     1     5     0     3    43    48    51
    43     9     3     3    10    10     1    57
    44     4     2     6     7     4     2    59    60
    45     1     0     6     1     9     2    52    58
    46     6     0    10     0     4     1    57
    47     9     0     1    10     2     1    59
    48     7     5     5     3     6     2    52    55
    49     2     8     8    10     4     1    50
    50     3     0     7     3     0     1    51
    51     2     5     5     8     8     1    52
    52     8     9     5     9     5     1    54
    53     1     2     5     0     0     1    55
    54     9     1     0     5     0     1    56
    55     8     0     2     1     7     1    60
    56     1     0    10     0     3     1    59
    57     5     5     0     9     1     1    58
    58     5     0     8     2     7     1    61
    59     7     9     9     5     1     1    61
    60     5     1    10     0     5     1    61
    61     0     0     0     0     0     0
--------------------------------------------------------------------------------
INFORMATION OF PROJECT 2:
#jobs  release  duedate
    62     0   103
#local resources
     2
R_L1   R_L2   
    17    17
jobnr.  dur.  r_G1  r_G2  r_L1  r_L2  #succ.  successors
     0     0     0     0     0     0     3     1     2     3
     1     9     8     1     0     0     3     4     9    17
     2     1     1     3     4    10     2    11    53
     3     7     7     3     5     5     3     5     7    10
     4     9     4     0     5     3     3     6    13    22
     5     2     0     7     1     6     2     8    30
     6     5     0     4     0     7     3    12    14    47
     7     3    10     2     9     1     3    18    36    41
     8     4     1     2     1     0     1    45
     9     5     6     8    10     2     2    27    48
    10     2     1     0     4     3     2    16    43
    11     5     3    10     5     5     3    28    34    37
    12     3     6     4     7     0     2    38    45
    13     7     8     6    10     2     3    16    18    37
    14     2     0     0     2     0     1    15
    15     2    10     0     3     6     2    20    48
    16     5     9     3     0     0     1    33
    17     6     0     1    10     0     3    19    21    23
    18     7     0    10     8     4     3    24    26    32
    19    10     0     8     1     0     1    31
    20     3     0     8     5     0     1    25
    21     1     9     5     1    10     3    31    39    40
    22     1     7     3     8     3     1    40
    23     4     0     1     5     2     3    29    35    47
    24     2     9     3     3     8     1    56
    25     1     2     9     0     6     1    26
    26     2     5     0     5     0     2    29    30
    27     1    10     2     0     4     2    29    58
    28     3     0     3     0     4     2    38    40
    29     3     0     0     0     6     3    38    53    54
    30    10     8     6     1    10     1    57
    31     7     1     3     2     0     1    49
    32     6     0     1     1     0     2    44    50
    33     3     7     7     0    10     1    39
    34     4     2     3    10     6     3    39    46    52
    35     3     0     8     8     5     3    49    50    60
    36     8     1    10     8     7     2    51    56
    37     2     8     8    10     0     3    43    45    46
    38     4     8     1     8     6     1    55
    39     1     9     4     4     7     2    48    57
    40     9     3    10     2     7     3    44    46    54
    41     7     8     3     0     1     2    42    49
    42     6     0     2    10     0     2    43    44
    43     6     9     0     5     7     2    47    51
    44     6     3     0     5    10     1    55
    45     9     8    10     3     0     1    60
    46     2     6     4     6     2     1    57
    47     8     3     5     9     5     2    50    54
    48     7     2     7     8     4     1    58
    49     4    10     6     7     5     1    51
    50     5     0     6     0     0     2    52    58
    51     6     0     0     5     0     1    52
    52     7     9     3     0     3     1    55
    53     4     8     0     7     9     1    59
    54     3     0     0     0     9     1    56
    55     5     2    10     5     3     1    59
    56    10     2     6    10     1     1    59
    57     2     5     0     8     0     1    60
    58     2     5     0     4     6     1    61
    59     3     5     8     1     1     1    61
    60     9    10     8     8     0     1    61
    61     0     0     0     0     0     0
--------------------------------------------------------------------------------
INFORMATION OF PROJECT 3:
#jobs  release  duedate
    62     0   117
#local resources
     2
R_L1   R_L2   
    18    18
jobnr.  dur.  r_G1  r_G2  r_L1  r_L2  #succ.  successors
     0     0     0     0     0     0     3     1     2     3
     1    10     7     8     2    10     3     4     8    18
     2     8     4     0     0     4     3     5    12    14
     3     8     3     2     8     1     3     7    16    24
     4    10     6     4     8     0     3    13    17    20
     5     9     3     7     0     9     3     6    10    11
     6     8     9     0     0     1     1    37
     7     2     9     0     1    10     2    28    45
     8    10     5     0     9     6     2     9    35
     9     2     5    10     0     3     3    15    38    47
    10     5     6     3    10     6     1    24
    11     6     1     4     4     7     1    21
    12     5     0     1     2     8     2    18    25
    13     8     6     8     3     0     2    22    44
    14     5     7     7     3     1     3    27    29    33
    15     1     8    10     6     5     2    26    48
    16     5     8     9     0    10     3    19    34    49
    17     6     7     1     0     6     1    55
    18     5     5     8     0     5     2    30    31
    19     6     3     0     1     4     3    20    41    45
    20    10     0     5     4     6     2    23    33
    21     7     3     7     0     1     2    25    38
    22    10     0     0     0     5     2    29    42
    23     1     0     2     0     4     3    35    43    53
    24     4     2     5     2     4     1    40
    25     8    10     3     3     8     1    26
    26     2     2     8    10     0     3    30    33    44
    27     5     5     5     7     3     1    39
    28     9     0     7     2     0     3    32    48    50
    29     9     7     7     2     8     2    39    43
    30     7     2     0     4     0     1    53
    31     2     3     8     3     3     2    36    59
    32    10     0     1     0     0     1    41
    33     5     0     5     8     9     2    51    55
    34     8    10     0     8    10     3    35    44    50
    35     3     8    10     0     0     1    54
    36     6     9     5    10     6     1    51
    37     3     1     0     0     0     1    42
    38     8     5    10     9     1     2    46    54
    39     8     8    10     4    10     2    41    52
    40     9     7     0     7     3     3    46    51    52
    41     3     6     9     0     2     2    55    60
    42    10    10     5     5     0     3    45    47    50
    43     2     5     8     8     7     2    46    59
    44     9     9     0    10     0     2    53    59
    45     5     8     9     9     0     1    57
    46     5     4     6     0     0     1    58
    47     2     9     0     0     0     2    49    56
    48     1     7     7     8     7     1    49
    49     7    10     2     7     8     2    52    54
    50     3     9     1     2     1     1    57
    51     4     9     4     3     3     1    60
    52     6     6     0     0     3     1    58
    53     6     6     0     7     8     1    56
    54     1     6     5     4     1     1    57
    55     5     2     9     7     7     1    56
    56     5     0     9    10     7     1    58
    57     8     3     8     5     0     1    60
    58     7     0     6     5     0     1    61
    59     4     6     4     0     0     1    61
    60     2    10     0     0     9     1    61
    61     0     0     0     0     0     0
--------------------------------------------------------------------------------
INFORMATION OF PROJECT 4:
#jobs  release  duedate
    62     0    66
#local resources
     2
R_L1   R_L2   
    36    45
jobnr.  dur.  r_G1  r_G2  r_L1  r_L2  #succ.  successors
     0     0     0     0     0     0     3     1     2     3
     1     6     5     1     7     6     3     6     9    16
     2     2    10     5     1     4     2    24    33
     3     8     5    10     6     7     3     4     5    11
     4     9     9    10     6     7     3    18    43    48
     5     9     2     5     5     1     3     8    15    34
     6     7     1     6     9     4     3     7    10    12
     7     5     2     2    10     2     2    21    40
     8     3     9    10     9     5     2    22    44
     9     4     1     6     9     9     3    13    20    26
    10    10     6     3     9     8     3    27    36    46
    11     3     1     8     3     4     1    48
    12     6     4     5     1     1     3    15    17    42
    13     7     1     8     2     1     2    14    60
    14     4     3     2     7     3     1    54
    15     5     8     1     6    10     1    51
    16     9     4     3     7     6     1    55
    17    10     4     2     1    10     3    19    23    29
    18     6     4     4     6     8     1    36
    19     8     1     3     1     9     2    47    58
    20     1     1     9    10     9     2    25    32
    21     4     3     2     8     6     1    39
    22     1     8     2     3     3     1    42
    23     4     8     2     3     5     2    37    45
    24     7     9    10     4     1     1    45
    25     1     5     2     4    10     1    50
    26     1     7     7     5     1     2    28    56
    27     3     4     5     2     9     1    38
    28     1     7     4     3     8     2    30    31
    29     6     1    10     7     8     1    46
    30     9    10     9     9     4     1    57
    31     1     7     1     6     3     1    44
    32     6     3     6     9     8     1    53
    33     8     2     5     6     6     1    35
    34     6     4     2     5    10     1    35
    35     2     4     3     7     9     1    49
    36     7     6     8     6     7     1    58
    37     8     1     2     1     2     1    47
    38     5     2     5     7     3     1    52
    39     5     3     6     1     1     1    57
    40     4     3     5     1     9     1    41
    41     9     4     6     6     9     2    48    60
    42     1     7     8     8     8     1    45
    43     3     7     3     1     7     1    49
    44     4     9     1     1     3     2    49    50
    45     7     2     2     4     6     1    54
    46     9     6     9     8     5     2    52    55
    47     6     6     8     4    10     1    55
    48     6     3     4     5     1     1    57
    49     5     1     2     9     9     1    60
    50     5     8     9     6     2     1    59
    51     1     2     8     5     1     1    56
    52     2     7    10     5     8     1    53
    53     7    10     2     3     9     1    54
    54     4     4     5     8     7     1    58
    55     2     1    10     4     3     1    56
    56     2     6     6     6     8     1    59
    57     5     8     3     2     8     1    59
    58     2    10    10     1     5     1    61
    59    10     3     2    10     2     1    61
    60     7     3     1     9     4     1    61
    61     0     0     0     0     0     0
--------------------------------------------------------------------------------
INFORMATION OF PROJECT 5:
#jobs  release  duedate
    62     0    66
#local resources
     2
R_L1   R_L2   
    33    37
jobnr.  dur.  r_G1  r_G2  r_L1  r_L2  #succ.  successors
     0     0     0     0     0     0     3     1     2     3
     1     5    10     8     9     2     3     4     6    31
     2     7     6     9     7     8     3     5    11    22
     3     1     3     3    10     2     3    14    19    44
     4    10     5     9     4     8     1    58
     5     1     6     8    10    10     3     7     8     9
     6     6     8     9     4     2     1    13
     7     5     3     2    10     7     2    12    21
     8     2     3     4     2     5     3    13    20    30
     9     2     6     7     9     8     2    10    27
    10     5     9     6     3     3     2    18    41
    11     7     4     8     3     8     2    49    57
    12     3     9     3     7     8     1    39
    13     3     6     1     4     1     2    15    55
    14     9     9     7     4     8     3    16    29    40
    15     7     6     4     2     3     3    17    32    38
    16     9     3     1     5     2     3    37    46    53
    17     9     8    10    10     1     3    23    25    36
    18     3     7     2     4     9     1    48
    19     6     6     7     4     7     1    30
    20     3     5     9    10     7     2    24    46
    21     3     5    10     1     7     1    28
    22     8     3    10     1     1     3    33    34    45
    23     9     8    10     8     5     1    35
    24     6     1    10    10     9     1    26
    25     7     8    10     5     8     1    54
    26     1     5     6     4     9     1    32
    27     8     8     8     7     4     1    48
    28     2     3     2     1     1     1    42
    29     7     2    10     2     3     1    30
    30     1     5     8     6     5     2    50    51
    31     4     8     5     6     3     1    34
    32     5     9     2     3     2     1    47
    33     9     2     1     6     5     1    40
    34     9     9     8     4     1     1    51
    35     9     8     9    10     9     1    52
    36    10     7     1     7    10     1    40
    37     2     6     1     6     2     1    42
    38     1     6    10     2     9     1    43
    39     1     8     8     8     1     1    47
    40     3     6     8     3     1     1    53
    41     5     8     1     4     8     1    59
    42     5     2     8    10     2     1    45
    43     6     6    10     3     3     2    52    54
    44     8     7     2     3    10     1    51
    45     9     3    10     4     3     1    47
    46     5     6     5     9     3     1    55
    47    10     8     9     4     4     1    52
    48     7    10     1    10     9     1    50
    49     2    10     1     1     4     1    50
    50     9     6     9    10     9     1    54
    51     4     3    10     2     1     1    60
    52     3     6     9     2     5     1    57
    53     1    10     4     5     4     1    56
    54     1    10     4     8     7     1    59
    55     6     2     7     6     7     2    58    59
    56     9     7    10     3     5     1    57
    57     2     1     3     5     6     2    58    60
    58     4     2     3     4     2     1    61
    59     5     1     8     8     5     1    61
    60     6     1     7     8     4     1    61
    61     0     0     0     0     0     0
--------------------------------------------------------------------------------
INFORMATION OF PROJECT 6:
#jobs  release  duedate
    62     0   104
#local resources
     2
R_L1   R_L2   
    17    14
jobnr.  dur.  r_G1  r_G2  r_L1  r_L2  #succ.  successors
     0     0     0     0     0     0     3     1     2     3
     1     6     5     4     5     0     3     4     8    10
     2     7     8     7     0     0     3     5     6    34
     3     4     9     9     8     2     3     7    17    26
     4     9    10     5    10    10     2     9    13
     5     5     2     0     1     5     1    20
     6     3     6     5     0     0     1    57
     7     2     7     1     0     1     1    59
     8     2     4     5     7     0     3    11    12    33
     9     3     0     2     1     7     1    51
    10     4     0     6     9     0     2    14    29
    11     1     5     2     9     1     3    18    34    51
    12     5     0     9     2     1     2    27    31
    13     6     4    10     7     3     3    18    28    53
    14     7     9     2     8     0     2    15    16
    15     5     6     7     3     5     2    19    38
    16     4     1     4     8     0     2    21    22
    17     5     0     9     3     0     3    24    47    55
    18     1     8     5     0     7     3    19    46    48
    19     7     5     0     0     0     2    31    43
    20     3     0     8     7     1     3    25    32    38
    21     3     7     9     3     8     1    36
    22     9     8     4     6     1     2    23    27
    23     2     3     5     7     7     3    35    46    60
    24     4    10     0    10     8     1    39
    25     7    10     2     0     6     3    28    37    41
    26     2     6     0     2     6     1    42
    27     2     9     0     0     5     3    37    49    54
    28     8     2     3     7     6     3    30    39    42
    29     5     1     0     0     1     1    52
    30     1     0     4     2     0     3    36    43    44
    31     6     0     5     0     3     1    41
    32     5    10     7     4     1     3    44    45    48
    33     7     7     6     9     3     1    41
    34     1     9     6     6     1     1    42
    35    10     4     0     7     4     3    36    37    40
    36     8     2     7     8     0     1    48
    37     4     2     0    10     9     3    43    45    58
    38     7     6     3    10     6     3    44    47    52
    39     7     0     5     3     9     1    54
    40     5     0     7     6     0     2    45    47
    41     1     1    10     7     2     1    59
    42     6     5     0     0     0     1    54
    43     3     9     1    10     4     1    55
    44     3    10     7    10     3     2    46    57
    45     1     0     5     0     0     1    53
    46     2     1     9     0     0     1    56
    47     9     6     6     0     4     1    51
    48     2     4     3     2     8     2    50    52
    49     6     0     3     0     3     3    50    53    57
    50     4     4     5     8     0     1    56
    51     2     1    10     0     0     1    58
    52     4     7     0     2     3     1    56
    53     6     4    10     1     2     1    55
    54     3    10     6     8     8     1    60
    55     4     0     5     7     0     1    59
    56     6     2     0     7     3     1    58
    57     9     0     2     4     1     1    60
    58     7     4     6     5     8     1    61
    59     9     8     4     4     3     1    61
    60     8     1     0     3     0     1    61
    61     0     0     0     0     0     0
--------------------------------------------------------------------------------
INFORMATION OF PROJECT 7:
#jobs  release  duedate
    62     0   134
#local resources
     2
R_L1   R_L2   
    18    19
jobnr.  dur.  r_G1  r_G2  r_L1  r_L2  #succ.  successors
     0     0     0     0     0     0     3     1     2     3
     1     6     6     4     9     2     3     6     8    14
     2     7     7     4     1     1     3    20    23    40
     3     3    10    10     5     5     3     4     5     7
     4     8     2     3     3     2     3    13    16    26
     5     2     9     8     7    10     3    10    43    57
     6     3     8     3     1    10     3     9    10    27
     7     6     2     3     3     1     3    10    11    20
     8     3     9     8     7     1     2    18    46
     9     1     3     2     8     1     3    21    29    40
    10     6    10     8     2     3     1    53
    11    10     1     6     7     9     3    12    17    28
    12     8     5     2    10     2     1    40
    13     9     2     4     9     8     1    58
    14    10     8     1     4     3     3    15    18    19
    15     8    10     9     9     2     3    30    32    33
    16     9     9     9     4     7     3    29    33    55
    17     3     8     8     2    10     3    22    35    38
    18     7    10     3     9     6     2    44    48
    19     1     8     6     7     9     2    21    41
    20     6     1     7     4     1     3    37    39    50
    21     5     9     7     4     6     3    25    35    39
    22     5     1     5     3     2     2    33    54
    23     7     5     3     7     9     3    24    25    36
    24     2     5     7     4     7     2    30    31
    25     4     1     8     1     8     2    31    49
    26     7     2     8     6     5     3    27    31    37
    27     7     9     1     4     2     3    28    29    51
    28     8     6     6     7     5     2    30    34
    29     8     6     8     4    10     2    34    41
    30     2     2     6     6     7     3    35    44    54
    31     5     2    10     4     4     3    34    46    50
    32     3     8     1     7     1     3    36    44    45
    33     7     1     7     2     2     3    36    43    50
    34     2    10     2     3     8     2    38    47
    35    10     3     2     8    10     3    42    43    49
    36     9     4     8     1     5     3    37    42    60
    37     5     8     3     5     5     2    41    51
    38     5    10     4     6     9     1    56
    39     9     2     3     1     2     2    42    46
    40    10     6    10     9     7     1    45
    41     5     8     8     8    10     2    47    48
    42     8     6     2     4     9     3    48    52    53
    43    10     2     5     1     8     1    45
    44     9     5    10     6     6     2    49    55
    45     5     7     5     8     3     2    47    60
    46     5     5     7     6     6     2    54    55
    47     6     2     7     7     1     1    59
    48     7     4     6     4     8     1    56
    49     8     6     4    10     7     2    52    59
    50     8     6     8     2    10     3    51    53    60
    51     4     3     3    10    10     1    52
    52     5     4     6     1     6     1    56
    53    10     6     5     3     8     1    59
    54     8     7     3     1     1     1    58
    55     2     8     4     4     9     1    57
    56     8     1     4     8     1     1    57
    57     7     3     7     4     3     1    58
    58     4     3     4     7     5     1    61
    59     3     2     7     8     6     1    61
    60     4     6     6     2     9     1    61
    61     0     0     0     0     0     0
--------------------------------------------------------------------------------
INFORMATION OF PROJECT 8:
#jobs  release  duedate
    62     0   119
#local resources
     2
R_L1   R_L2   
    15    15
jobnr.  dur.  r_G1  r_G2  r_L1  r_L2  #succ.  successors
     0     0     0     0     0     0     3     1     2     3
     1     4     0     8     7     8     3     4     7    27
     2     3     7     8     0     2     3     5     6    10
     3     3     0     9     4    10     1    54
     4    10     0     1     8     7     3     6    12    60
     5     2     2     4     7    10     2     8    44
     6     1     4     4     0     1     3     9    28    39
     7     1     1     1     7     0     3    11    32    38
     8     6     2     0     7     5     3    13    20    23
     9     9     5     7     3     3     1    13
    10     8     9     8     3     6     2    17    18
    11     3     6     0     8    10     1    35
    12     9     0     7     0     6     3    14    18    19
    13     2     5     7     5     0     2    25    31
    14     3     6    10     2     1     3    15    16    38
    15     2     4     7     0     5     2    22    47
    16     6     4    10     0    10     3    26    29    37
    17     7     6     0     5     8     3    21    39    54
    18     1     0     1     8     2     2    22    33
    19     3     6     8     2    10     2    40    45
    20     1     2     6    10     5     2    27    40
    21     8     7    10     8     8     3    22    27    33
    22     5     0    10     3     1     1    24
    23     5     1     9     2     9     1    35
    24     5     6     6    10     4     3    32    46    56
    25     7     9     0     4    10     2    30    40
    26     4     1     0     0     0     2    33    36
    27     6     6     2     5     7     3    42    48    50
    28     4    10     9     0     5     2    35    53
    29     6     5     9     3     0     3    34    36    47
    30     2     7     5    10     2     2    43    52
    31     6    10     0     9     0     2    47    54
    32     9     0     1     6     0     2    37    43
    33     6     1     1     6     3     2    50    57
    34     1     2     0     1     0     1    51
    35     7     3     0     4     3     1    55
    36     9     4     4     7     1     3    39    43    46
    37     7     6     9     9     6     2    41    52
    38     1     3     9     0     4     1    42
    39     4     0     0     1     1     1    41
    40     1     0     5     0     9     1    48
    41     4     0     1     3     5     1    53
    42     7     8     9     0     0     1    55
    43     8     8     1     8     0     2    50    51
    44     1     9     1     8     1     1    56
    45     9     0     5     4     0     2    46    48
    46     2     5     8     7     0     1    49
    47     9    10     5     8     0     1    55
    48    10     8     0     5     0     1    57
    49     9     0     6     0     2     2    51    52
    50     5     0     6     7     0     1    53
    51     2    10     0     0     2     1    57
    52     6     7     7    10     1     2    58    59
    53     3     9     6     0     0     1    59
    54     3     0    10     7     2     1    58
    55     1     7     0     3     7     1    56
    56     3    10     6     6     0     1    58
    57    10     1     0     6     7     1    59
    58     7     0     1     1     0     1    61
    59     1     3     0     7     2     1    61
    60     5     3     7     9     4     1    61
    61     0     0     0     0     0     0
--------------------------------------------------------------------------------
INFORMATION OF PROJECT 9:
#jobs  release  duedate
    62     0   128
#local resources
     2
R_L1   R_L2   
    20    16
jobnr.  dur.  r_G1  r_G2  r_L1  r_L2  #succ.  successors
     0     0     0     0     0     0     3     1     2     3
     1     5     9     4     2     5     3     6    17    33
     2     3     9     6     4     2     3     4     9    10
     3     9     2     6     9     3     3    11    14    24
     4     8     7     4     8     4     2     5     7
     5     3     1     8     2     1     2    18    21
     6     4     2     6     2    10     2     8    15
     7    10     8     7     8    10     2    12    54
     8     2     1     9     6     3     3    31    45    55
     9     3     4     5     4     4     1    50
    10     1     4     5     3     9     3    16    23    37
    11    10    10     1    10     1     3    19    41    47
    12     5     9     3     3     2     1    13
    13     1     8     9     4     6     2    31    52
    14     7     5     4     4     9     2    15    33
    15     3     4     5    10     8     3    20    47    57
    16     7     4     2     4     6     3    26    28    33
    17     2    10    10     9     7     1    22
    18     2     5     4     8     8     2    24    35
    19     7     2     1     9     3     2    30    43
    20     2     6    10     2     6     3    27    29    42
    21     2     9     8     8     7     1    49
    22     6     8     6     6     5     2    35    37
    23     7     1     6     8     7     2    35    56
    24     8     4     6     7     2     2    25    36
    25     5     5    10     1     2     1    56
    26     6    10     9     8     1     3    36    38    50
    27    10     7    10     2     5     3    30    40    41
    28     5     2     5     6     2     1    45
    29     9     4     2     3     3     1    48
    30     4     8     8     5     8     2    44    59
    31     2     9    10     2     8     1    32
    32     7     6     7     2     4     2    38    39
    33     3     1    10     8     6     1    34
    34     5     9     5     5     7     3    41    44    47
    35     4    10     3     8    10     2    36    51
    36     6     3     9    10     1     1    52
    37     1     3     2     7     4     2    38    55
    38     4     8     9     4     3     2    40    57
    39     2     6     4     1     6     1    40
    40    10     9     9     5     2     2    44    46
    41     2     6     4     9     4     2    50    59
    42     7     8     6     2     8     2    45    48
    43     4     8     9     8     7     2    48    57
    44     4     2     9     8     6     1    56
    45     3     1     2    10     3     2    51    60
    46     4     9     9     5     5     1    49
    47     9     7     2     9     2     2    53    58
    48     7     8     5     2     4     3    49    52    54
    49     2     9     6     1     6     1    51
    50     7     4     7     4     3     2    53    54
    51     9    10     8     7     2     1    59
    52     4     5     5     6     3     1    53
    53     1     3     3     8     1     1    55
    54     8     9     7     5     8     1    60
    55     9     9     1     6     9     1    60
    56     5     9     5     4     8     1    58
    57     1     9     4     8     1     1    58
    58     5     7     9     8    10     1    61
    59     8     8     8    10     4     1    61
    60     9     2     6     5    10     1    61
    61     0     0     0     0     0     0
--------------------------------------------------------------------------------
INFORMATION OF PROJECT 10:
#jobs  release  duedate
    62     0   126
#local resources
     2
R_L1   R_L2   
    20    21
jobnr.  dur.  r_G1  r_G2  r_L1  r_L2  #succ.  successors
     0     0     0     0     0     0     3     1     2     3
     1    10     9     1     9     8     3     4    29    32
     2     8     5    10     1     2     3     6    13    18
     3     3     1     9     8     8     2    47    56
     4     5     3     7     6     8     2     5    12
     5     9     3     5     4     9     1    42
     6     1    10     2     3     3     3     7     8    23
     7     7     1     6     8     4     3     9    10    16
     8     5    10     2     6     2     2    11    22
     9    10     4    10     8    10     3    14    50    52
    10     7     2     1     4     4     3    15    17    49
    11     8    10     2    10    10     2    30    52
    12     9    10     1     8     8     3    21    50    53
    13     2    10     8     4     9     1    59
    14     2     2     9     2     6     3    19    25    36
    15    10     5     9     1     5     3    20    33    38
    16     4     8     4     7     9     2    21    35
    17     8    10     4     4     5     1    27
    18     1     1     8     9    10     3    23    24    26
    19     1     4     4     6     7     2    20    38
    20     6     2     1     3     5     1    31
    21     1     4     1     1     5     3    34    45    54
    22     7    10    10     4     2     3    28    33    37
    23     3     3     5     4     4     1    53
    24     4     6     4     1     5     2    41    49
    25     4     6     5    10     9     2    27    39
    26     4    10     2     7     7     1    27
    27     2     1     6     9     9     1    35
    28     8     6     7     5     3     2    35    60
    29     6     4     9    10     6     3    41    44    46
    30     9    10     9     5    10     2    34    48
    31     2     9    10     2     3     1    42
    32     7     1     6     9     8     1    47
    33     6     9     1     9     5     3    36    43    52
    34     3     3     1     8     7     2    43    58
    35     8     7     7     8     5     1    48
    36     1     5     4     6     8     1    40
    37    10     6     7     2     1     1    40
    38     8     6     5     9     2     2    42    51
    39     4     5     1     4     4     3    40    41    45
    40     5    10     2     1     9     2    47    54
    41     1     9     3     2     7     1    48
    42     6     3    10    10     7     2    43    46
    43     9    10     1    10     2     1    56
    44     6     6     7     6     7     3    45    49    53
    45    10     2     3     3     3     1    51
    46     7     4     9    10     7     2    55    58
    47     8     6     4     8     9     1    55
    48     2     5     3     8     9     2    54    58
    49     9     4     2     2     9     1    51
    50     2     4     6     9     4     2    59    60
    51     7    10     1     9     4     1    57
    52     7    10     2    10     4     1    55
    53     9     2     2     1     6     1    56
    54     7     6     8     7     7     1    57
    55     7     4     4     3     6     1    57
    56     4     7    10     9    10     1    60
    57     9     7     3     9     1     1    59
    58    10     9     6     9     4     1    61
    59     2     6     4     9     8     1    61
    60     6    10     7     1     1     1    61
    61     0     0     0     0     0     0
--------------------------------------------------------------------------------
INFORMATION OF PROJECT 11:
#jobs  release  duedate
    62     0    87
#local resources
     2
R_L1   R_L2   
    19    18
jobnr.  dur.  r_G1  r_G2  r_L1  r_L2  #succ.  successors
     0     0     0     0     0     0     3     1     2     3
     1     9     0    10     0     5     1    16
     2     8     5    10     0     6     3     4     8    11
     3    10     8     4     7     7     3     7    26    28
     4     6     4     3     0     8     3     5     6    23
     5    10     1     9     1     8     3     9    10    60
     6     9     3     2     1     0     3    12    34    40
     7     1     4     0     8     6     2    15    32
     8    10     4     0     3     1     1    21
     9     2     0     1     6     3     1    41
    10     3     5     1     0     3     1    18
    11     3     5     9     6     2     3    14    16    53
    12     5     4     9     0     3     3    13    17    25
    13     6     4    10     5     0     3    45    50    59
    14     5     8     6    10     2     2    22    47
    15     8     0     2     2     0     1    47
    16     5     9     4     8     4     3    19    20    27
    17     2     1     4     4     5     3    41    46    55
    18     4     9     9     5     0     1    33
    19     7     1     1     0     4     2    35    39
    20     5     1     0     0     0     3    24    29    36
    21    10     4     0     4     0     1    30
    22     1     0    10     1     5     1    38
    23     6     9     6     4     8     1    24
    24     4     3     3     4     2     2    30    31
    25     2    10     0     3     8     1    41
    26     6     6     1     0     0     1    55
    27     4     0    10     7     0     1    46
    28     1     9     8     7     1     2    39    54
    29     7     8     0     1    10     2    49    51
    30     5     0     9    10    10     1    38
    31     4     4     3     1     2     1    57
    32     2    10     9     4     0     1    53
    33    10     9     0     8    10     1    40
    34     4     2    10     2    10     1    42
    35    10     0     1    10     8     1    40
    36     3     7     8     7     6     1    37
    37     5     5     0     7     0     1    49
    38     3     0     2    10     9     1    58
    39     8     0     2     9     0     1    43
    40     3     4     9     0     0     3    43    44    52
    41     1    10     8     6     6     1    45
    42     1     9     0     4    10     1    56
    43     5     6     0     2     8     1    56
    44     7     0     4     1     8     1    47
    45     2     2     2     4     0     1    51
    46     7     0     7     0     0     1    54
    47     5     8     6     9     2     1    48
    48     6     8     0     5     0     1    50
    49     6     4     7     0     8     1    59
    50     1    10     2     1     7     1    54
    51     1    10     0     8     8     1    56
    52     5     8     0     0     2     1    55
    53     2     0     0     2     2     1    60
    54     4     9     0    10     3     1    57
    55     3     0     3     0     4     1    59
    56     5     5     0     9     0     1    58
    57     1     9     9     3     8     1    58
    58     3     8     3     7     4     1    61
    59     2     6     1     1     0     1    61
    60     1     6     5     9     9     1    61
    61     0     0     0     0     0     0
--------------------------------------------------------------------------------
INFORMATION OF PROJECT 12:
#jobs  release  duedate
    62     0    92
#local resources
     2
R_L1   R_L2   
    24    22
jobnr.  dur.  r_G1  r_G2  r_L1  r_L2  #succ.  successors
     0     0     0     0     0     0     3     1     2     3
     1     1     7     0     6     5     3     8    10    24
     2     1     0     7     1     0     3     8    18    21
     3     7     7     9     7    10     3     4     5     6
     4     4     2     2     7     1     3    14    15    33
     5     9     6    10     0     0     3    11    13    16
     6     9     8     1     9     7     3     7    17    18
     7     4    10     0     3     6     3     9    12    25
     8     3     7     6     4     3     3    14    29    51
     9     6     8     8     7     7     3    28    39    59
    10     8     8     4     3     0     3    14    20    58
    11     5     2     0     1     7     3    26    33    55
    12    10     0     2     0     0     3    23    35    51
    13    10     5     6     6     0     3    34    41    46
    14     3     3    10     7     9     1    36
    15     2     1    10     9    10     3    17    30    31
    16     6     9    10     9    10     3    19    22    32
    17    10     7     2     5     0     3    26    35    54
    18     3     1     0     0     7     3    40    47    53
    19     5     0     0     3     7     3    37    39    46
    20     6     9    10     8     8     3    22    27    28
    21     8     6     7     0     9     3    40    44    45
    22     3    10     4     6     8     2    29    37
    23     9     9     3     3     8     3    26    30    43
    24     6    10     4     7     3     3    32    38    48
    25     5     2     9     3     3     3    27    33    43
    26     1     9    10     8     0     1    56
    27     4     0    10     4     6     3    45    46    53
    28     8     4     0     2     3     3    29    41    52
    29     9     0     4     9     8     1    49
    30    10     9     8     0    10     3    34    36    53
    31     2     6     0     3     0     3    32    35    38
    32     2     6     2     7     0     2    36    42
    33     2     3     5     1     0     3    44    45    49
    34    10     0     5     1     2     3    37    47    48
    35     1     7     5     9     7     1    56
    36     4     0     0    10     8     1    49
    37     3     6     0     7     3     2    42    55
    38     6     8     0     0     2     3    44    50    52
    39     5     7     0     6     0     2    40    41
    40     2     0     8     8     3     2    43    50
    41     2     6     0     3     0     1    42
    42     2     8     3     5     4     1    60
    43     3     7     0     6     6     1    48
    44     7     0     0     0     2     1    47
    45     2     0     0    10     0     1    59
    46     4     9     3     3     3     1    50
    47     7     0     0     0     9     1    56
    48     5     0    10     6     8     3    52    54    58
    49    10     5     0     3     2     1    57
    50     1     0     0    10    10     1    51
    51     2    10     4     2     4     1    54
    52     5     1     9     6     6     1    55
    53     3     4     6     4    10     2    59    60
    54     4     3     6     9     9     1    57
    55     1     7     8     1     0     1    57
    56     8    10     0     7     7     1    58
    57     7     7     0     0    10     1    60
    58     1     8     2     5     6     1    61
    59     2    10     0     0     0     1    61
    60    10     7     4     7     4     1    61
    61     0     0     0     0     0     0
--------------------------------------------------------------------------------
INFORMATION OF PROJECT 13:
#jobs  release  duedate
    62     0   104
#local resources
     2
R_L1   R_L2   
    16    20
jobnr.  dur.  r_G1  r_G2  r_L1  r_L2  #succ.  successors
     0     0     0     0     0     0     3     1     2     3
     1     8     0     0     5     6     3     4     6    10
     2     9     5     0     0     9     1    11
     3     3     0     0     6     2     3     5     7    18
     4    10     5    10     1     1     2    22    29
     5     9     5     8     0     1     3    13    40    47
     6     7     9     0     7     4     3     9    27    37
     7     1    10     9     9     3     3     8    20    32
     8     8     3     6     3     0     2    16    26
     9     6     1     8     4    10     3    14    24    25
    10     9     2     6     3    10     3    21    29    30
    11     2    10     0    10     0     3    12    37    56
    12     8     0     6     3     7     1    59
    13     2     4     7     0     6     2    15    48
    14     1     2     5     3     3     1    51
    15     8     7     0     6     1     3    17    51    58
    16     6     9     6     4     2     2    42    55
    17     2     0    10    10     1     2    22    23
    18     7     4     4     0     0     3    19    46    50
    19     3    10     6     9     7     2    32    39
    20     8     9     2     1     9     1    52
    21    10     5     6     4     0     2    44    59
    22     7     3     6     6     7     2    36    53
    23     8     0     6     8     5     2    36    37
    24     2     0     3     6     9     3    36    39    43
    25     9     8     0     0     3     3    28    41    48
    26     8     5     2     0     8     1    34
    27     2    10     2     0     5     3    33    44    49
    28     3     0     7     0     4     3    34    40    55
    29     5     0     5     7     0     2    33    35
    30     6     0     1     0     8     2    31    46
    31     3     3     0     6     5     3    39    41    42
    32     9     0    10     6     9     1    51
    33     4     4     7     2    10     3    34    42    54
    34    10     9     0     2     2     1    57
    35     2     1     8     3     9     1    38
    36     3     4     4     8     3     1    54
    37     2     5     7     0     0     1    53
    38     1     6     0     2     8     2    46    48
    39     2     8     6     1    10     2    40    45
    40     8     0     9     0     6     1    56
    41     7     3     0     7     9     1    45
    42     9     7     5     6     1     1    47
    43    10     1     7     5    10     3    44    47    50
    44     1     4     4     5     2     1    45
    45     9     0     6     4     5     1    52
    46     3     0     1     1     5     1    49
    47     9     0     0    10     0     1    57
    48     9     1     8     0     4     2    50    53
    49     9     2     5     7     6     1    52
    50     1     0     1     0     0     1    54
    51     4    10     0     2     9     1    60
    52     1     3     8     0     6     1    56
    53     7     0     9     8     0     1    60
    54     1     9     2     9     3     2    55    59
    55     2     0     2     3     8     1    60
    56     1    10     6     0     5     1    57
    57     1     0     1     0     1     1    58
    58     8     1     1     9     0     1    61
    59     9     4     0    10     6     1    61
    60     4     5     0     7     2     1    61
    61     0     0     0     0     0     0
--------------------------------------------------------------------------------
INFORMATION OF PROJECT 14:
#jobs  release  duedate
    62     0    95
#local resources
     2
R_L1   R_L2   
    26    25
jobnr.  dur.  r_G1  r_G2  r_L1  r_L2  #succ.  successors
     0     0     0     0     0     0     3     1     2     3
     1     9     6     3    10     7     3    10    20    48
     2    10     3     9     3     7     3     4     5     6
     3     8     9     8     9     2     2    18    56
     4     4     6     8     6     4     3     8    27    47
     5     5     6     8     8     8     3    18    31    54
     6    10     7     1     9     6     3     7    14    26
     7     6     3     3     9     3     3    21    27    47
     8     3     3    10     7     4     3     9    11    16
     9     1     8     6     5     8     2    13    15
    10    10     5     4     9     6     3    14    24    35
    11     9     5     7     5    10     3    12    20    24
    12     6     5     5     5     8     3    13    15    49
    13     3     6     8     8     3     3    29    36    44
    14     8    10     1     1     7     2    17    33
    15     2     3    10     3     5     3    22    23    26
    16     2     9    10     3     8     3    19    28    32
    17     6     1     3     4     2     2    23    36
    18     8     1     9    10     1     2    20    50
    19     4     2     6     9     7     3    25    39    43
    20     2     6     5    10     7     2    39    57
    21     4    10     7    10     1     3    22    24    34
    22     8     3     7     1     3     3    30    32    41
    23     5     3     9     3     3     2    29    53
    24    10     8     9     8     9     3    31    33    45
    25     1     4     1     6     8     3    29    34    35
    26     7    10     3     2     1     3    31    37    45
    27     2     1     7     7     4     3    32    38    46
    28     3     6     8     2     3     3    30    34    51
    29     1     3     6     3     2     3    30    46    58
    30     6     4     5     9     5     2    37    60
    31     6     6     6     1     2     1    55
    32     7     1     7     3     7     3    33    48    59
    33     9     1     4     8     1     2    39    52
    34    10     1     8     6     6     2    42    56
    35     1     9     9     6     9     2    41    42
    36     7     9     3     1    10     3    37    40    43
    37     6     3     6     5     1     1    50
    38     4     2     4     9     6     3    43    44    48
    39     3     6     5     4     9     2    51    60
    40     5     8     3     2     9     1    41
    41     1     4     2     5     2     2    45    53
    42     1     5     5     2     1     3    44    49    50
    43     9     3     4     3     5     2    52    54
    44     2     1     9     5     3     1    59
    45     4     3     3     1     8     2    46    51
    46     5    10     8    10     2     1    55
    47     1     7     5     7     4     1    49
    48     7    10    10     7     7     1    52
    49     1     4     6     6     6     1    53
    50     9     2     8     7     9     1    59
    51     5     7     7     1     9     1    58
    52    10     4     2    10     9     1    55
    53     2     5    10     7     5     2    54    58
    54     7     5    10     6     1     1    57
    55     5     1     5     9     2     1    56
    56     1     7     5     8     6     1    57
    57     4     4     4    10     7     1    60
    58     2     7     9    10     4     1    61
    59     2     1     2    10    10     1    61
    60     9     3     9     1    10     1    61
    61     0     0     0     0     0     0
--------------------------------------------------------------------------------
INFORMATION OF PROJECT 15:
#jobs  release  duedate
    62     0   136
#local resources
     2
R_L1   R_L2   
    15    17
jobnr.  dur.  r_G1  r_G2  r_L1  r_L2  #succ.  successors
     0     0     0     0     0     0     3     1     2     3
     1     5     3     9     9     0     3     4     5     6
     2     6    10     2     0    10     3     8     9    23
     3     9     9     6    10     2     3    10    12    14
     4     8     2    10     4     5     3     7    13    16
     5     8     4     0     0     8     3     7    17    22
     6     4     2     0     5     8     3    15    30    42
     7     9     7     4     1     0     2    23    35
     8     3    10     3     0     4     3    10    25    26
     9     4     2     9     0     1     3    11    15    21
    10     2     1     0     4     4     3    21    39    42
    11    10     8     0     9     2     2    22    25
    12     2     8     9     7     0     3    13    18    20
    13    10    10     8     8     0     3    17    37    43
    14     4     0     9     0     2     3    19    26    41
    15     9     7     0     7     6     3    16    22    38
    16    10     9     0     1     3     2    28    48
    17     5     3     0     2     6     3    27    29    50
    18     2     0     9     4     8     3    24    49    60
    19     9     9     0     0     4     2    32    36
    20     5    10     0     0     8     3    24    45    46
    21     9     9     2     5     6     3    24    44    58
    22     9    10     3    10     2     3    31    36    51
    23     5    10     2     1     9     3    33    40    41
    24     4     5     0     0     2     1    47
    25     4     0     6     0     2     3    39    43    48
    26     5     8     2     6     7     3    37    44    52
    27     6     1     9     8     0     3    35    36    38
    28     6     5    10     3     1     1    43
    29     8     1     1     4    10     2    41    57
    30     1     0     5     4     0     1    34
    31     3     4     3     3     4     3    33    40    45
    32     1     6     3     5     1     3    34    35    40
    33     8     9     4     9     4     2    34    39
    34     8     0     5     9     0     2    47    53
    35    10     4     0     0     7     2    42    51
    36     9     0     5     4     8     1    52
    37     9     9     5     8     3     2    38    50
    38     8    10     2     5     0     3    46    48    53
    39     7     8     8     1     0     2    49    59
    40     4     8     6     3     7     2    49    54
    41     1     0    10     6     0     3    51    56    59
    42     7     0     0     1     2     2    44    45
    43     7     0     9     9     8     2    53    60
    44     7     8     2     2     4     2    46    47
    45     9     3     8     2     1     2    52    56
    46     3     1     5     0     4     1    54
    47     6     0    10     7     6     1    54
    48     8    10     9     0     0     1    55
    49     9     8     5     5     1     1    50
    50     9     0     1     9     0     1    55
    51     6     0     0     4     7     1    58
    52    10    10     4     0     0     1    60
    53     9     0     9     0     4     2    55    57
    54     7     0     1     5     8     1    57
    55     9     7    10     2     3     1    56
    56     4     0     1     7     6     1    58
    57     5     5    10     5     1     1    59
    58     1     0     2     5    10     1    61
    59     4     0     0     4     8     1    61
    60     6     2     0     6    10     1    61
    61     0     0     0     0     0     0
--------------------------------------------------------------------------------
INFORMATION OF PROJECT 16:
#jobs  release  duedate
    62     0   149
#local resources
     2
R_L1   R_L2   
    17    17
jobnr.  dur.  r_G1  r_G2  r_L1  r_L2  #succ.  successors
     0     0     0     0     0     0     3     1     2     3
     1     9    10     1     6     8     3     5     9    12
     2     7     6     6     8     6     3     4    31    60
     3     2    10    10     2     2     3     6    25    49
     4     5     4     2    10    10     3    11    30    37
     5     9     5    10    10     4     3     7    10    20
     6     1     4     2     4     5     3     8    33    39
     7     3     6     7     4     8     3    13    21    24
     8     7     2     2    10     9     3    23    30    41
     9     9     3     6     7    10     3    14    15    17
    10    10     3     8     2     8     3    18    30    46
    11     6     3     8     8     4     3    32    41    44
    12     8     7     5     2     1     1    19
    13     9     3     7     3     2     3    19    33    35
    14     7     5     9     5     1     3    16    48    55
    15     7     4     3     4     8     3    29    39    40
    16     8     1     3     5     7     3    22    34    60
    17     9     8     7     9     5     3    31    36    53
    18     6    10     2     3     6     3    28    33    49
    19     2    10     6     9     3     3    22    34    38
    20     5     7     8     8     3     3    24    26    35
    21     7     5     3     4     2     2    51    58
    22     7     9     3     9     9     1    37
    23     5     4     2     8     3     3    27    36    42
    24     3     2     3     6     7     3    38    39    49
    25     4    10     2     1     2     3    26    29    31
    26    10     1     3     3     3     3    32    38    43
    27    10     1     3     6     4     3    28    37    40
    28     8    10     6     2     8     1    29
    29     5     6     2     3     8     3    35    45    47
    30     9     1     8    10     9     2    32    43
    31     5     8     6     5    10     3    43    44    50
    32     8     5     4     9     2     2    34    45
    33     1    10     4     6     8     2    36    42
    34     8     4     9     4     2     2    40    51
    35     8     3     7     1     4     2    51    55
    36     9     2     3     7     9     1    57
    37     7     1     2     1     2     2    52    53
    38    10     2    10     5     1     2    41    42
    39     6     5     2     4     3     2    44    48
    40     1     5    10     1    10     1    50
    41    10     8     4     4     1     3    46    50    55
    42    10     4     2     4     5     1    47
    43     6     9     7     8     9     1    45
    44    10     1     6     2     4     2    46    56
    45     9    10     8     3     7     1    56
    46     2     6     1     8     1     2    52    58
    47     1    10     8     9    10     2    48    53
    48     9     8     3    10     5     2    57    60
    49     4     6     2     4     4     2    52    54
    50     4     2     9     2     7     1    54
    51     1     3     7     1     3     1    54
    52     7     9     9     9     2     1    59
    53     7    10     2     3     3     1    56
    54     4     6     5     2     3     1    59
    55     2     6     3     1     5     1    57
    56     1     7     8     9     6     1    58
    57    10     9     1     3     4     1    59
    58     8     8     8     1     3     1    61
    59     7     8     9     2     8     1    61
    60    10     9     2     2     9     1    61
    61     0     0     0     0     0     0
--------------------------------------------------------------------------------
INFORMATION OF PROJECT 17:
#jobs  release  duedate
    62     0   111
#local resources
     2
R_L1   R_L2   
    19    20
jobnr.  dur.  r_G1  r_G2  r_L1  r_L2  #succ.  successors
     0     0     0     0     0     0     3     1     2     3
     1     4     9    10     8     3     3     4     5     8
     2     5     1     2     2     9     3    14    27    56
     3     5    10     5     7     8     3     6     7    25
     4     3     5     2     8     9     3    10    13    17
     5     8     5     4     3     8     3    15    16    52
     6     3     4     9     8     5     3    28    34    39
     7     7     3     3     5     8     3     9    12    29
     8     4     3     6     2     5     3    16    34    43
     9     4     7     6     9     8     3    27    39    48
    10     5     4     7     8     6     3    11    18    50
    11     4     5     2     1     5     3    19    20    26
    12     3     7     6     6     7     3    21    24    56
    13     7     9     9     4     5     3    18    25    31
    14     1     3     4     7     1     3    30    35    40
    15     3     7     2     8     4     2    33    45
    16     5     3     3     3     9     3    17    26    41
    17    10     1     1     2     8     1    58
    18     4     6     4     2    10     3    22    27    34
    19     3     3     8     9     3     3    24    37    49
    20     8     4     4     4     6     2    24    29
    21     6     5     3     4     9     3    26    32    49
    22     1     5     5     3     1     3    23    29    37
    23     9     7     4     5     8     3    33    38    42
    24     8    10    10     3     2     3    40    44    60
    25     3     4    10     5     2     3    32    35    37
    26     4     3     1     4     5     1    59
    27     5     7     4     9     6     3    33    44    49
    28     7     9    10     4     8     3    30    35    41
    29    10     3     3    10     3     2    53    57
    30     6     1     7     2     9     2    38    45
    31    10     9     9     3     4     2    38    56
    32     8     5     4     7     5     3    36    44    48
    33     8     6     3    10     1     1    55
    34     5     9     1     1     4     1    46
    35     3    10     4     6     2     2    36    45
    36     7     5     6     7     9     2    43    46
    37     4     3     9     6     3     3    39    40    51
    38     4     1     6     1     4     1    52
    39     2     1     8     6     7     2    54    57
    40     7     2     8     7     4     2    42    43
    41     1     8     4     8     4     2    42    50
    42    10     5     6     1     7     1    47
    43     6     2     6     5     5     1    58
    44     4     9     7     5     7     2    46    47
    45     6     6     8    10     3     3    47    48    53
    46     3     9     4     2     5     2    51    52
    47     6     6     6     3     8     1    55
    48     1     6     3     9     5     1    50
    49     5     5     1     4    10     2    54    57
    50     3     4     4     1     1     2    51    54
    51     6     8     6    10     7     1    59
    52     4     6     7     6     9     1    53
    53     6     3     7    10     2     1    55
    54     8     2     9     3     8     1    60
    55     2     6     8     1     3     1    59
    56    10     1     5     3     6     1    60
    57     2    10     6     3     1     1    58
    58     8     3     4     9     9     1    61
    59     3     7     4     3     8     1    61
    60     3     2     5     2     8     1    61
    61     0     0     0     0     0     0
--------------------------------------------------------------------------------
INFORMATION OF PROJECT 18:
#jobs  release  duedate
    62     0    92
#local resources
     2
R_L1   R_L2   
    22    22
jobnr.  dur.  r_G1  r_G2  r_L1  r_L2  #succ.  successors
     0     0     0     0     0     0     3     1     2     3
     1     1     5     8    10     2     3    10    17    23
     2     7     1     5     5     1     3     7     8    27
     3     1     4     5     9     9     3     4    11    22
     4     5     2    10    10     9     3     5     6    12
     5     6     9     3     7    10     3     9    14    16
     6     9     7     6     4     5     1    25
     7     8    10     9     8     8     3    18    37    57
     8     3     7     2     4     8     1    52
     9    10     1     4     2     3     1    51
    10     9     4     3     5     5     3    13    19    28
    11     8     2     3     1     3     3    13    15    33
    12     5    10     1     3     3     2    25    54
    13     4     9     7     4     5     2    24    36
    14     1     8     3     3     1     1    32
    15     2    10     8     2     8     2    27    42
    16     6     7     4     2     5     3    30    31    35
    17    10     7     9    10     7     1    36
    18     4     3     9     5    10     2    20    26
    19     5     8     3     4     3     1    58
    20     3    10     3    10     4     3    21    38    52
    21     4     9     2     5     1     1    43
    22     8     1     5     5     7     1    37
    23     1     1     1     2     4     1    30
    24     6     1     6     5     9     1    29
    25     6     7     5     1    10     1    51
    26    10     6     8     1     4     2    41    48
    27    10     6     8     5     1     1    45
    28     7     6     7     1     7     1    53
    29     7     5     6     2     9     1    39
    30     5     8     8    10     5     1    58
    31     2     4     9     1     4     2    34    40
    32     6     2     3    10     4     1    36
    33     1    10     6     3     5     1    43
    34     3     3     7     7     9     2    44    58
    35     2     5    10    10    10     1    47
    36     6     9     2     2     6     1    55
    37     7     4     5    10     5     1    45
    38     8     5     9     3     2     1    46
    39     7     8     9     2     8     2    46    50
    40     7     2    10     6     2     1    44
    41     4     4    10    10     4     2    42    49
    42     1     1     1     6    10     1    56
    43     4     8     7     9     3     1    44
    44     6     5     3     5     6     2    54    59
    45     8     7     4     1     5     1    46
    46     1     9     1     4     4     1    59
    47     2     6     6     6     1     1    49
    48     7     4     6     1     7     1    56
    49     8     5     7     7     6     1    50
    50     1     9     9     8     4     1    55
    51     7     7     9     2    10     1    60
    52     8     4     8     3     2     1    55
    53     9     6     9     1     6     1    54
    54     5    10     4     5     1     1    56
    55     1     2     3     7     6     1    60
    56     4     9    10     8     1     1    60
    57     9     5     9     7     3     1    59
    58     2    10     8    10     2     1    61
    59     3     9     9     3     3     1    61
    60     9     3     5     7     3     1    61
    61     0     0     0     0     0     0
--------------------------------------------------------------------------------
INFORMATION OF PROJECT 19:
#jobs  release  duedate
    62     0   117
#local resources
     2
R_L1   R_L2   
    18    22
jobnr.  dur.  r_G1  r_G2  r_L1  r_L2  #succ.  successors
     0     0     0     0     0     0     3     1     2     3
     1     4     6     4     9     8     3     5     7    12
     2     9     5     4     5     6     3     4     6    24
     3     7     2     1     3     4     1     9
     4     2     5     8    10     7     3    15    32    34
     5     1     5    10     9     1     1    30
     6     6    10    10     1     9     3    11    14    35
     7     8     6     1     2     5     3     8    10    23
     8    10     8     2     7     3     1    18
     9     8    10     2    10     9     2    26    53
    10     7     4     6     8     8     3    13    17    27
    11     1     7     3     3     9     2    25    30
    12     2    10     8    10     7     2    16    21
    13     4     3     1     1     3     3    22    37    38
    14     9     1     8     1    10     2    19    31
    15     7     2     1     5     7     1    60
    16     7     5     7     6     3     1    35
    17     6    10     2     3    10     3    20    29    36
    18     3     7     2     8     8     2    19    50
    19     8    10     7     3     7     1    44
    20     6     8     4     1     2     1    40
    21     4     5     9     6     2     1    33
    22    10     2     4    10     5     1    30
    23     4     8     3     8     1     2    43    45
    24     7     6     3     1     8     2    26    46
    25    10     4     5     1     4     2    28    40
    26     2     5     6     8     9     1    47
    27     7     4     7     5    10     1    58
    28     3     6     5     1     2     1    56
    29     1     4     1    10     9     1    45
    30     8    10     3     5     5     1    58
    31     8     9     7     9     5     3    41    42    48
    32     1     2     5     2     4     1    39
    33     5     4     5     4     8     2    44    51
    34     1     6     9     1     3     1    52
    35    10     3     2     4     5     1    54
    36     5     1     3     9     3     1    39
    37     9     9     4     3     3     2    55    57
    38     1    10     7     5     4     1    59
    39     5     5     5    10     8     1    50
    40     7     8     7     5     6     2    45    49
    41     6     3     6     3     6     1    54
    42     9     9     3     2     6     1    53
    43     8     5     9     5     6     1    50
    44     2     4     7     8     3     1    49
    45     1     3     2    10     1     1    52
    46     8     9     3     5     6     1    55
    47     5     9     6     5     4     1    58
    48    10     9     3    10     4     1    60
    49     1     3     3     4     7     2    53    55
    50     7     5    10     6     6     1    51
    51     9    10     2     5     2     1    52
    52     7     1     7     9     8     1    57
    53     1     3    10     5     2     1    54
    54     7     1    10     5     6     1    59
    55    10     9     2     5    10     1    60
    56     3     2     2     6     2     1    57
    57     8     8     2     9     9     1    59
    58     5     5     4     7     4     1    61
    59     3     5     8     1     1     1    61
    60     7     3     2    10     6     1    61
    61     0     0     0     0     0     0
--------------------------------------------------------------------------------
INFORMATION OF PROJECT 20:
#jobs  release  duedate
    62     0   105
#local resources
     2
R_L1   R_L2   
    14    17
jobnr.  dur.  r_G1  r_G2  r_L1  r_L2  #succ.  successors
     0     0     0     0     0     0     3     1     2     3
     1     3     7     0    10     0     2     7    49
     2     6     0     4     9     8     3     4     8    19
     3     3     8     4     8     4     1    38
     4     2     3     0     3     9     3     5    10    31
     5     7     7     2     2     2     3     6     9    13
     6     1     0     2     2     2     3    23    28    54
     7     8     1     4     4     7     3    11    28    59
     8     4     4     4     0     5     1    14
     9     8    10     0     0     0     2    12    15
    10     6     0     1     4     3     1    16
    11     2     3     3     5     3     1    32
    12     7     9     1     8     8     1    17
    13     8     4     0     8     3     2    36    45
    14     8     1     8     5     8     1    26
    15     6     4    10     0     7     3    18    21    22
    16     3     7     0     8     3     3    25    30    35
    17     7     6     4     9     9     1    44
    18     9     8     0     2     0     3    20    24    33
    19     4     5     0     0     6     1    56
    20     9     7     7     5     9     1    50
    21     4     0     3     0     9     2    29    34
    22     6     8     6     5     4     3    37    41    51
    23     6     3     0     6     2     1    41
    24     8     5     1     0     8     2    42    56
    25     4     2     3     4     0     1    27
    26     5     1     4     5     2     1    46
    27     6     0     0     0     9     2    39    53
    28     9     0     0     0     5     2    40    43
    29     4    10     9     0    10     1    52
    30     1     2     8     2    10     1    55
    31     1     7     5     6     6     2    47    52
    32     3     3     8     8     0     1    60
    33     9     8     1     4    10     1    34
    34     3     5     4     0     9     1    36
    35     7     0     0     1     4     1    43
    36     2     8     5     0     7     1    50
    37     9     0     1     0     3     1    43
    38     8     3     6     0     0     2    46    48
    39     7     0     0     1     4     2    45    51
    40     5     6     2     0     6     1    45
    41     9     6     1     3     2     1    46
    42     5     7     0    10     4     1    53
    43     1     0     8     5     2     1    60
    44     2     5     3    10     0     1    54
    45     1     0     4     1     0     1    55
    46     8     5     0     3     2     1    58
    47     1     0    10     8     6     2    51    54
    48     8     4     7     0     0     1    53
    49     1     1     7     3     5     1    52
    50     3     0     2     2     8     2    57    60
    51    10     8     9     8     0     1    56
    52     2     3     9     0     2     1    59
    53     4     0     5     8     2     1    57
    54     1     5     4     2    10     1    55
    55     3     1     0     1     3     1    57
    56    10     7     1     7     8     1    58
    57     9     0     5     7     9     1    58
    58     1     9     1     8     3     1    61
    59     5     0     0     9     5     1    61
    60     3     4     4     4     0     1    61
    61     0     0     0     0     0     0
--------------------------------------------------------------------------------
TRANSFER TIMES OF GLOBAL RESOURCE G1
 DEPOT    P1    P2    P3    P4    P5    P6    P7    P8    P9   P10   P11   P12   P13   P14   P15   P16   P17   P18   P19   P20
     0     8     7    14    10     8     7    10    12     3     9     2     8     6     5    10    11     9    10    13    10
     8     0    11    13    16    10    13    12    19     9    17     9     3     3     4    15     9    13    17    14     2
     7    11     0     9     7    14     5     4    10     4    10     8    12    11     9    16    16    14    10     8    13
    14    13     9     0    14    20    13     5    17    11    17    15    16    15    14    23    22    22    18     2    15
    10    16     7    14     0    16     4    10     4     8     5     9    17    15    14    16    19    14     4    13    18
     8    10    14    20    16     0    13    17    16    10    14     7     7     7     7     6     5     5    14    20    11
     7    13     5    13     4    13     0     8     6     5     6     7    14    12    11    14    17    12     6    12    15
    10    12     4     5    10    17     8     0    13     7    13    11    14    13    12    19    19    18    13     4    14
    12    19    10    17     4    16     6    13     0    10     3    11    19    17    16    15    21    14     3    16    21
     3     9     4    11     8    10     5     7    10     0     9     4    10     8     6    13    13    11     9    11    11
     9    17    10    17     5    14     6    13     3     9     0     8    17    15    14    12    18    11     1    17    19
     2     9     8    15     9     7     7    11    11     4     8     0     9     7     6     9    11     7     9    15    11
     8     3    12    16    17     7    14    14    19    10    17     9     0     2     4    13     6    11    17    16     4
     6     3    11    15    15     7    12    13    17     8    15     7     2     0     2    12     7    11    16    15     4
     5     4     9    14    14     7    11    12    16     6    14     6     4     2     0    11     8    10    14    14     6
    10    15    16    23    16     6    14    19    15    13    12     9    13    12    11     0    10     2    13    23    16
    11     9    16    22    19     5    17    19    21    13    18    11     6     7     8    10     0     9    18    21     9
     9    13    14    22    14     5    12    18    14    11    11     7    11    11    10     2     9     0    12    21    15
    10    17    10    18     4    14     6    13     3     9     1     9    17    16    14    13    18    12     0    17    19
    13    14     8     2    13    20    12     4    16    11    17    15    16    15    14    23    21    21    17     0    15
    10     2    13    15    18    11    15    14    21    11    19    11     4     4     6    16     9    15    19    15     0
--------------------------------------------------------------------------------
TRANSFER TIMES OF GLOBAL RESOURCE G2
 DEPOT    P1    P2    P3    P4    P5    P6    P7    P8    P9   P10   P11   P12   P13   P14   P15   P16   P17   P18   P19   P20
     0     3    11    10     6    11    11     8    11     7     8    10    11    10    11    10     4     9     8     9    12
     3     0    13     8     9    10     9     7    14    10     7     7    14    12    12    12     4    12     7    12    14
    11    13     0    15     6    14    15    18    15     5    13    17     3     2    17    12    10    11    12     6    18
    10     8    15     0    13     4     2    14    21    13     2     3    17    14    20    19     7    18     4    16    21
     6     9     6    13     0    13    13    12    10     2    11    14     6     5    12     7     7     7    10     3    13
    11    10    14     4    13     0     2    17    22    13     4     7    16    13    22    19     8    19     4    16    23
    11     9    15     2    13     2     0    16    22    13     3     5    16    13    21    19     8    19     4    16    22
     8     7    18    14    12    17    16     0    12    13    14    12    17    17     8    11    10    11    14    14     9
    11    14    15    21    10    22    22    12     0    11    19    20    13    14     5     3    14     4    18    10     5
     7    10     5    13     2    13    13    13    11     0    11    14     5     4    13     8     7     8    10     3    14
     8     7    13     2    11     4     3    14    19    11     0     4    15    12    19    17     5    16     2    14    20
    10     7    17     3    14     7     5    12    20    14     4     0    18    15    19    19     8    18     6    17    20
    11    14     3    17     6    16    16    17    13     5    15    18     0     4    16    10    11    10    13     4    17
    10    12     2    14     5    13    13    17    14     4    12    15     4     0    17    11     9    11    10     5    18
    11    12    17    20    12    22    21     8     5    13    19    19    16    17     0     7    14     7    18    12     2
    10    12    12    19     7    19    19    11     3     8    17    19    10    11     7     0    12     1    16     7     7
     4     4    10     7     7     8     8    10    14     7     5     8    11     9    14    12     0    11     5    10    15
     9    12    11    18     7    19    19    11     4     8    16    18    10    11     7     1    11     0    15     6     8
     8     7    12     4    10     4     4    14    18    10     2     6    13    10    18    16     5    15     0    12    19
     9    12     6    16     3    16    16    14    10     3    14    17     4     5    12     7    10     6    12     0    13
    12    14    18    21    13    23    22     9     5    14    20    20    17    18     2     7    15     8    19    13     0
--------------------------------------------------------------------------------
Additional Information: 
global resource strength = 0.5
transfer time factor = 0.2
adapted from RCPSP instances: 
[j6025_4, j6025_5, j6025_6, j6014_9, j6014_3, j6025_9, j6045_8, j6025_1, j6029_7, j6029_3, j609_2, j6042_10, j6025_8, j6046_6, j6041_9, j6045_6, j6045_5, j6013_7, j6013_1, j609_3]
