--------------------------------------------------------------------------------
PORTFOLIO INFORMATION:
#projects
    20
#global resources
     2
R_G1   R_G2   
   118   128
--------------------------------------------------------------------------------
INFORMATION OF PROJECT 1:
#jobs  release  duedate
    62     0   102
#local resources
     2
R_L1   R_L2   
    24    20
jobnr.  dur.  r_G1  r_G2  r_L1  r_L2  #succ.  successors
     0     0     0     0     0     0     3     1     2     3
     1     3     8     1     6     8     3     4     5    39
     2     8     3     6     7     7     3     6     8    17
     3     1     8     8     9     4     3     9    10    13
     4     7     7     2     4     5     1    18
     5     8     5     6     4     6     3     7    11    19
     6     1     4     1     4     1     1    43
     7     3    10     5     4     8     3    15    23    45
     8     7    10     8    10     2     3    16    40    56
     9     6     1     1     3    10     3    14    25    48
    10     7     1     4     8     5     3    12    44    46
    11     8     6     7     7     6     2    21    33
    12     7     2     1     5     8     1    24
    13     9     9     4     7     2     3    34    44    55
    14     6     8     6     4     2     1    34
    15     2     4    10    10     2     1    50
    16     1     5     6     4     3     1    20
    17     5     4     8     4     4     1    33
    18     7     1     3     6     7     3    28    30    31
    19     1     8     7     4     4     1    27
    20     3     2     4     2     5     2    58    60
    21     1     3     9     9    10     1    22
    22     4     3     1     3     5     1    52
    23     2     5     7     8     6     1    26
    24     7    10     8     9     6     1    25
    25     7     8    10    10    10     3    35    37    58
    26     8     1     5     8     6     3    29    41    49
    27    10     6     6    10     1     1    53
    28     3     1     9     8     5     2    36    50
    29     6     6     4     9     7     1    32
    30     1     3     4     1     1     1    38
    31     7     4     2     7     9     1    60
    32     2    10    10     6     7     1    54
    33     3     3     3     8     5     2    44    47
    34     8     3     6     8     3     1    57
    35     1     4     3     1     9     1    42
    36     3     3     9     2     9     1    43
    37     3     8     2     4     1     1    41
    38     3     9     7     5     7     1    56
    39     9     5     9     3     2     1    43
    40     1     5    10     9    10     1    51
    41     9     6     2     1    10     1    51
    42    10     1     2     4     1     1    54
    43     7     6     5     9     5     1    51
    44     4     3     9     6     5     1    53
    45     2     8     7     7    10     1    52
    46     8     6    10     2     6     2    50    55
    47     5     1     1     9     8     1    52
    48     6     7     8     2     4     1    49
    49     9     1     4    10     1     1    54
    50     7     7     7     4     9     2    53    60
    51    10     6     4     1    10     1    57
    52     7     3     9     9     1     1    59
    53    10     4     8     4    10     1    58
    54     2     2     1     8     6     1    56
    55     7     6     4     8     1     1    57
    56     3     8     1     2     4     1    59
    57     2     9     6     7     1     1    59
    58    10     1     1     3     4     1    61
    59     8     7     5     5     5     1    61
    60     9     5     7     9     1     1    61
    61     0     0     0     0     0     0
--------------------------------------------------------------------------------
INFORMATION OF PROJECT 2:
#jobs  release  duedate
    62     0    69
#local resources
     2
R_L1   R_L2   
    36    33
jobnr.  dur.  r_G1  r_G2  r_L1  r_L2  #succ.  successors
     0     0     0     0     0     0     3     1     2     3
     1     6     5     6     7     1     3     6     9    16
     2     2    10     4     1     5     2    24    33
     3     8     5     7     6    10     3     4     5    11
     4     9     9     7     6    10     3    18    43    48
     5     9     2     1     5     5     3     8    15    34
     6     7     1     4     9     6     3     7    10    12
     7     5     2     2    10     2     2    21    40
     8     3     9     5     9    10     2    22    44
     9     4     1     9     9     6     3    13    20    26
    10    10     6     8     9     3     3    27    36    46
    11     3     1     4     3     8     1    48
    12     6     4     1     1     5     3    15    17    42
    13     7     1     1     2     8     2    14    60
    14     4     3     3     7     2     1    54
    15     5     8    10     6     1     1    51
    16     9     4     6     7     3     1    55
    17    10     4    10     1     2     3    19    23    29
    18     6     4     8     6     4     1    36
    19     8     1     9     1     3     2    47    58
    20     1     1     9    10     9     2    25    32
    21     4     3     6     8     2     1    39
    22     1     8     3     3     2     1    42
    23     4     8     5     3     2     2    37    45
    24     7     9     1     4    10     1    45
    25     1     5    10     4     2     1    50
    26     1     7     1     5     7     2    28    56
    27     3     4     9     2     5     1    38
    28     1     7     8     3     4     2    30    31
    29     6     1     8     7    10     1    46
    30     9    10     4     9     9     1    57
    31     1     7     3     6     1     1    44
    32     6     3     8     9     6     1    53
    33     8     2     6     6     5     1    35
    34     6     4    10     5     2     1    35
    35     2     4     9     7     3     1    49
    36     7     6     7     6     8     1    58
    37     8     1     2     1     2     1    47
    38     5     2     3     7     5     1    52
    39     5     3     1     1     6     1    57
    40     4     3     9     1     5     1    41
    41     9     4     9     6     6     2    48    60
    42     1     7     8     8     8     1    45
    43     3     7     7     1     3     1    49
    44     4     9     3     1     1     2    49    50
    45     7     2     6     4     2     1    54
    46     9     6     5     8     9     2    52    55
    47     6     6    10     4     8     1    55
    48     6     3     1     5     4     1    57
    49     5     1     9     9     2     1    60
    50     5     8     2     6     9     1    59
    51     1     2     1     5     8     1    56
    52     2     7     8     5    10     1    53
    53     7    10     9     3     2     1    54
    54     4     4     7     8     5     1    58
    55     2     1     3     4    10     1    56
    56     2     6     8     6     6     1    59
    57     5     8     8     2     3     1    59
    58     2    10     5     1    10     1    61
    59    10     3     2    10     2     1    61
    60     7     3     4     9     1     1    61
    61     0     0     0     0     0     0
--------------------------------------------------------------------------------
INFORMATION OF PROJECT 3:
#jobs  release  duedate
    62     0   152
#local resources
     2
R_L1   R_L2   
    18    18
jobnr.  dur.  r_G1  r_G2  r_L1  r_L2  #succ.  successors
     0     0     0     0     0     0     3     1     2     3
     1     9     4     3    10    10     3    10    11    16
     2     9     3     1     4     2     3     7    24    27
     3     2     7     4     1     2     3     4     5     6
     4     1     8     5     7     6     2    39    40
     5     4    10     8     7     4     3     8    15    20
     6     9     3     1    10     5     3     9    13    23
     7     8     5     9     4    10     3    11    12    19
     8     7     7     1     4     4     3    11    17    21
     9     1     4     8    10     6     3    22    43    45
    10    10     1     6     7     1     3    15    28    31
    11     6     5     1     9     4     3    13    23    49
    12     8     9     4     3     4     3    33    36    54
    13     7     1     4     6     4     3    14    18    28
    14     2     5     3     1     2     2    25    34
    15     9     8    10     4     6     3    34    37    46
    16     5     4     6     2     3     2    30    41
    17     3     5     1     9     4     3    26    30    34
    18     8     9     1     8    10     3    33    37    53
    19     3     5     9     9     8     3    21    40    51
    20     2     9     7     8     8     2    29    31
    21     3     7     6     1     2     3    36    37    39
    22     2     9     2     8     4     3    27    46    47
    23     8     7     4    10    10     3    32    35    38
    24     9     8     1     5     9     2    38    42
    25    10     2    10     5     2     3    30    32    38
    26     9     3     7     9     2     3    29    43    48
    27     9     8     5     6     9     3    28    29    50
    28     2     4     3     5    10     1    44
    29     7     7     1     9     5     3    35    39    42
    30     9     7     8     6     2     3    35    48    55
    31     4     7     3     4     9     1    46
    32     5     1     1     9     7     2    43    47
    33     5     4     9     3     5     1    52
    34     9     1     4     1     3     2    36    40
    35    10     9     7     3    10     1    56
    36     6     5     2     3     1     1    56
    37     2     1     9     5     8     1    48
    38     6     9    10     6     8     3    45    50    54
    39     9     7    10    10     4     2    44    56
    40     8     9     8     3     6     2    44    45
    41     9     3     3     3     6     2    42    50
    42    10    10     9     3     6     3    49    51    60
    43     8     3     1     7     8     1    54
    44     7     2     2     5     4     1    57
    45     9     5     9     7    10     2    47    53
    46     5     9     6     1    10     3    49    51    53
    47     9     6     1     4     3     1    60
    48     9     9     8     2     9     1    59
    49     4     7     7    10    10     2    52    59
    50     2     6     3     3     9     1    55
    51     2     9     1     3    10     1    52
    52     7    10     5    10     6     1    55
    53     2     3     2     4     1     2    57    58
    54     9     5     7     8     3     1    60
    55     1     7     1     2     1     1    58
    56     1    10     3    10     4     2    57    58
    57    10     5     8     6     6     1    59
    58     9     2     3     6     3     1    61
    59     6     7     8     2     3     1    61
    60     7     1     8     9     4     1    61
    61     0     0     0     0     0     0
--------------------------------------------------------------------------------
INFORMATION OF PROJECT 4:
#jobs  release  duedate
    62     0    93
#local resources
     2
R_L1   R_L2   
    26    24
jobnr.  dur.  r_G1  r_G2  r_L1  r_L2  #succ.  successors
     0     0     0     0     0     0     3     1     2     3
     1     9     6    10     2    10     3     7     8    27
     2     1     2    10     2     5     3     5    12    18
     3     1     9     0     0     4     2     4    49
     4     6     5     3    10     4     3     6    11    23
     5     9     0     3     5     0     3    10    47    60
     6    10     5     6     1     1     2    25    32
     7     9     5     2     8     9     3    13    16    26
     8     4     0     5     7     0     3     9    14    29
     9     7     4     8    10     3     1    22
    10     1     7     0     0     6     3    20    31    39
    11     6    10     4    10     5     1    17
    12     4     7     0     9     2     1    35
    13     9     0     0     1     0     1    56
    14     9     9     8     0     9     3    15    21    46
    15     3     7     1     9     7     1    45
    16     7     1     9     3    10     1    24
    17     3     0     9     9     8     1    51
    18     4     0     6     5     8     2    19    46
    19     4     3     7     3     0     2    37    50
    20     5     8     0     6     4     2    27    42
    21    10    10     0     0     0     3    31    33    36
    22     8     5     4     0     3     1    52
    23     1     7     1     6    10     1    48
    24     3     2     8     4     0     2    35    38
    25     8     0     1     4     1     2    40    52
    26     8     0     2     6     0     1    28
    27     8     8     9     3     7     1    38
    28     5    10     8     0    10     1    60
    29     3     8     4     6     4     1    30
    30     7     7     2     4     0     1    34
    31     1     3     5     0     9     1    54
    32     8     5     0     1     1     2    41    44
    33    10     9     7     9     4     1    43
    34     2     6     1     9     5     2    42    47
    35     3     4     4     5     4     1    50
    36     7     6     0     6    10     1    58
    37     1     0     6     7    10     1    45
    38     3     0     5     7     3     2    53    59
    39     2     5    10     8     6     1    45
    40     5     2     7    10     2     1    41
    41     3     0     0     1     0     1    55
    42    10     0     6     8     1     1    55
    43     8     8     0     7     5     1    44
    44     5     3     8     0    10     2    47    54
    45     8     5     3     2     1     1    54
    46     8     6     1     0     0     1    52
    47     2     9     8     0     4     2    48    50
    48     8     8     0     2     0     1    51
    49     6     0     5    10     5     1    57
    50     1     8     9     1     0     1    56
    51     2     2     7     0     4     1    55
    52     6     0     2     7     0     1    59
    53     6     8     9     0     4     1    56
    54     6     7     9     0     7     1    58
    55     9    10     0     5     0     1    59
    56     2     0     7     0     0     1    58
    57     1     0     9     0     5     1    60
    58     8     0     4     2     5     1    61
    59     9     1     0     3     9     1    61
    60     1     9     7     7    10     1    61
    61     0     0     0     0     0     0
--------------------------------------------------------------------------------
INFORMATION OF PROJECT 5:
#jobs  release  duedate
    62     0   116
#local resources
     2
R_L1   R_L2   
    19    18
jobnr.  dur.  r_G1  r_G2  r_L1  r_L2  #succ.  successors
     0     0     0     0     0     0     3     1     2     3
     1     9     7     5     4     7     3    10    13    46
     2     3     4     1     8     9     3     5     8    16
     3    10     3     4     6     5     3     4    24    42
     4     6     2     5     1     3     3    12    28    43
     5     1     1     2    10    10     3     6     7     9
     6     2     6     2     6     4     3    29    36    37
     7     8     1     1     5    10     3    13    17    54
     8     1     5     4     7     4     3    26    37    47
     9     1     4     8     6     4     3    12    22    36
    10     5     5     6     3     4     3    11    19    22
    11     3     2     8     8     2     3    15    23    24
    12     5     5     9     8     1     3    14    38    39
    13    10     5     5     9     1     3    20    28    58
    14     1     7     2     8     7     3    31    34    41
    15     3     1    10     5     8     3    21    35    52
    16     9    10     3     5     4     3    18    28    38
    17     3     6     4     3     5     2    18    51
    18     2     3     3     1    10     2    42    55
    19     3     8     1     2     3     2    20    36
    20     7     2     9     5     9     2    33    41
    21     5     1    10     3     5     3    29    33    47
    22     9     9     6     7     6     3    32    35    57
    23     4     3     1     1     2     2    25    37
    24     1     4     4     8     6     2    32    40
    25     9    10     2     2     9     2    31    48
    26     5    10     8     8     7     3    27    30    33
    27     6     7     2     7     8     3    29    34    46
    28     2     4     4     9     8     1    60
    29     3     8    10     9     1     2    32    50
    30     4     7    10    10     4     3    34    39    52
    31     2    10     5     2     8     2    45    49
    32     7     8     9     2     7     3    41    43    44
    33     1     7     8     8     6     2    39    57
    34     7    10     1     6     1     2    35    45
    35     7     4     9     9     7     2    44    51
    36     3     3     3    10     4     3    38    42    47
    37     1     8     9     1     8     3    40    43    56
    38     7     2     5     8     2     2    40    49
    39    10     2     9     6    10     1    51
    40     6     2     5    10     2     2    44    45
    41     9     6     2     7     1     1    56
    42     3     1    10     6     5     1    48
    43     3     6     8     9     2     1    55
    44     9     8     5     2     7     2    53    58
    45     1     3     3     6     8     1    50
    46     7     2    10     5     6     2    48    49
    47    10     3     3     3     3     2    50    53
    48     5     8     7     6     6     1    60
    49     1     4    10    10     3     1    52
    50     2     5     4     5     4     3    54    57    59
    51     6     7     3     2     9     2    53    56
    52     8     9     9     8     6     1    54
    53     8     2     9     5     7     1    59
    54     8     3     2     8     8     1    55
    55     1     3     4    10     1     1    58
    56     4    10     5     3     1     1    59
    57     1     5     6     6     3     1    60
    58     2     8     9    10     4     1    61
    59     6    10     7     2     2     1    61
    60     4    10     5     8     7     1    61
    61     0     0     0     0     0     0
--------------------------------------------------------------------------------
INFORMATION OF PROJECT 6:
#jobs  release  duedate
    62     0    98
#local resources
     2
R_L1   R_L2   
    25    27
jobnr.  dur.  r_G1  r_G2  r_L1  r_L2  #succ.  successors
     0     0     0     0     0     0     3     1     2     3
     1     9    10     6     7     3     3    10    20    48
     2    10     3     3     7     9     3     4     5     6
     3     8     9     9     2     8     2    18    56
     4     4     6     6     4     8     3     8    27    47
     5     5     8     6     8     8     3    18    31    54
     6    10     9     7     6     1     3     7    14    26
     7     6     9     3     3     3     3    21    27    47
     8     3     7     3     4    10     3     9    11    16
     9     1     5     8     8     6     2    13    15
    10    10     9     5     6     4     3    14    24    35
    11     9     5     5    10     7     3    12    20    24
    12     6     5     5     8     5     3    13    15    49
    13     3     8     6     3     8     3    29    36    44
    14     8     1    10     7     1     2    17    33
    15     2     3     3     5    10     3    22    23    26
    16     2     3     9     8    10     3    19    28    32
    17     6     4     1     2     3     2    23    36
    18     8    10     1     1     9     2    20    50
    19     4     9     2     7     6     3    25    39    43
    20     2    10     6     7     5     2    39    57
    21     4    10    10     1     7     3    22    24    34
    22     8     1     3     3     7     3    30    32    41
    23     5     3     3     3     9     2    29    53
    24    10     8     8     9     9     3    31    33    45
    25     1     6     4     8     1     3    29    34    35
    26     7     2    10     1     3     3    31    37    45
    27     2     7     1     4     7     3    32    38    46
    28     3     2     6     3     8     3    30    34    51
    29     1     3     3     2     6     3    30    46    58
    30     6     9     4     5     5     2    37    60
    31     6     1     6     2     6     1    55
    32     7     3     1     7     7     3    33    48    59
    33     9     8     1     1     4     2    39    52
    34    10     6     1     6     8     2    42    56
    35     1     6     9     9     9     2    41    42
    36     7     1     9    10     3     3    37    40    43
    37     6     5     3     1     6     1    50
    38     4     9     2     6     4     3    43    44    48
    39     3     4     6     9     5     2    51    60
    40     5     2     8     9     3     1    41
    41     1     5     4     2     2     2    45    53
    42     1     2     5     1     5     3    44    49    50
    43     9     3     3     5     4     2    52    54
    44     2     5     1     3     9     1    59
    45     4     1     3     8     3     2    46    51
    46     5    10    10     2     8     1    55
    47     1     7     7     4     5     1    49
    48     7     7    10     7    10     1    52
    49     1     6     4     6     6     1    53
    50     9     7     2     9     8     1    59
    51     5     1     7     9     7     1    58
    52    10    10     4     9     2     1    55
    53     2     7     5     5    10     2    54    58
    54     7     6     5     1    10     1    57
    55     5     9     1     2     5     1    56
    56     1     8     7     6     5     1    57
    57     4    10     4     7     4     1    60
    58     2    10     7     4     9     1    61
    59     2    10     1    10     2     1    61
    60     9     1     3    10     9     1    61
    61     0     0     0     0     0     0
--------------------------------------------------------------------------------
INFORMATION OF PROJECT 7:
#jobs  release  duedate
    62     0   106
#local resources
     2
R_L1   R_L2   
    31    33
jobnr.  dur.  r_G1  r_G2  r_L1  r_L2  #succ.  successors
     0     0     0     0     0     0     3     1     2     3
     1    10     3     1     9     3     2     4     5
     2     8     1     9     8     5     1    25
     3     7     1     8     6     5     3     6    14    20
     4     3    10     2     4    10     2     7    32
     5     1     2     3     3     4     3    15    29    46
     6     2    10     4     7     2     3    12    26    34
     7     4     4    10     9     5     3     8    10    13
     8    10    10     6     4     5     2     9    45
     9     9     3     8     8     3     3    11    23    31
    10     3     8     2    10     6     3    16    25    30
    11     5     5    10     1     4     2    17    44
    12     3     2     7     5     2     2    19    37
    13     9     6     1     9     9     2    36    59
    14     6     9     4     3     9     2    46    49
    15     8     6     1     4     5     3    24    36    60
    16     3     3     1     8     7     3    31    38    51
    17     2     2     4     9     4     2    18    41
    18     1     2    10     1    10     3    27    33    40
    19     9     7     3     3     4     1    28
    20     6    10    10     5     9     2    21    30
    21     9     7     6     9     4     3    22    42    54
    22     6     9     1     5     8     1    24
    23     8     4     8     1     4     1    48
    24     7    10     7    10     6     1    58
    25    10     7     9     5    10     2    26    39
    26     7     7     2     8     9     3    31    41    45
    27     1     2     6     3    10     2    34    36
    28    10     2     2     7     5     3    38    46    47
    29     4     4    10     4     9     1    43
    30     1     1     2     1     4     2    35    39
    31     5     8     6     4     5     1    47
    32    10     8     7     2     7     2    52    57
    33     1     3     6     4    10     2    39    54
    34     7     7     9     6     8     2    37    50
    35     6     4     2     8     4     3    43    44    48
    36     5    10     7     1     6     1    53
    37     6     6     3     3     4     1    52
    38     3     2     7     9     9     1    42
    39     2     6     4     6     7     1    55
    40     6     8     2     5     9     1    48
    41     1     5     4     5     3     3    42    51    52
    42     8     5     5    10     8     1    50
    43     4     4     6    10     9     1    49
    44     9     6     4     8     6     1    55
    45     7    10     5     6     9     2    47    56
    46    10     7     6     8     4     2    53    59
    47     7     2     6     5     6     2    53    59
    48    10     6     1     9     8     1    49
    49     6     4     9     6     8     3    50    51    56
    50     5     6     5     2     9     1    55
    51     6     4     5     1     7     1    54
    52     6     8     8     6     5     1    56
    53     8     8     2     7     9     1    58
    54    10     3     6     9    10     1    57
    55     2     3    10     3     4     1    57
    56     2     3     6     1     9     1    60
    57     9     1     6    10     3     2    58    60
    58     3     8     1     8     2     1    61
    59     9     1     5     2     9     1    61
    60     7     2     7     2     6     1    61
    61     0     0     0     0     0     0
--------------------------------------------------------------------------------
INFORMATION OF PROJECT 8:
#jobs  release  duedate
    62     0   152
#local resources
     2
R_L1   R_L2   
    17    18
jobnr.  dur.  r_G1  r_G2  r_L1  r_L2  #succ.  successors
     0     0     0     0     0     0     3     1     2     3
     1     9     6    10     8     1     3     5     9    12
     2     7     8     6     6     6     3     4    31    60
     3     2     2    10     2    10     3     6    25    49
     4     5    10     4    10     2     3    11    30    37
     5     9    10     5     4    10     3     7    10    20
     6     1     4     4     5     2     3     8    33    39
     7     3     4     6     8     7     3    13    21    24
     8     7    10     2     9     2     3    23    30    41
     9     9     7     3    10     6     3    14    15    17
    10    10     2     3     8     8     3    18    30    46
    11     6     8     3     4     8     3    32    41    44
    12     8     2     7     1     5     1    19
    13     9     3     3     2     7     3    19    33    35
    14     7     5     5     1     9     3    16    48    55
    15     7     4     4     8     3     3    29    39    40
    16     8     5     1     7     3     3    22    34    60
    17     9     9     8     5     7     3    31    36    53
    18     6     3    10     6     2     3    28    33    49
    19     2     9    10     3     6     3    22    34    38
    20     5     8     7     3     8     3    24    26    35
    21     7     4     5     2     3     2    51    58
    22     7     9     9     9     3     1    37
    23     5     8     4     3     2     3    27    36    42
    24     3     6     2     7     3     3    38    39    49
    25     4     1    10     2     2     3    26    29    31
    26    10     3     1     3     3     3    32    38    43
    27    10     6     1     4     3     3    28    37    40
    28     8     2    10     8     6     1    29
    29     5     3     6     8     2     3    35    45    47
    30     9    10     1     9     8     2    32    43
    31     5     5     8    10     6     3    43    44    50
    32     8     9     5     2     4     2    34    45
    33     1     6    10     8     4     2    36    42
    34     8     4     4     2     9     2    40    51
    35     8     1     3     4     7     2    51    55
    36     9     7     2     9     3     1    57
    37     7     1     1     2     2     2    52    53
    38    10     5     2     1    10     2    41    42
    39     6     4     5     3     2     2    44    48
    40     1     1     5    10    10     1    50
    41    10     4     8     1     4     3    46    50    55
    42    10     4     4     5     2     1    47
    43     6     8     9     9     7     1    45
    44    10     2     1     4     6     2    46    56
    45     9     3    10     7     8     1    56
    46     2     8     6     1     1     2    52    58
    47     1     9    10    10     8     2    48    53
    48     9    10     8     5     3     2    57    60
    49     4     4     6     4     2     2    52    54
    50     4     2     2     7     9     1    54
    51     1     1     3     3     7     1    54
    52     7     9     9     2     9     1    59
    53     7     3    10     3     2     1    56
    54     4     2     6     3     5     1    59
    55     2     1     6     5     3     1    57
    56     1     9     7     6     8     1    58
    57    10     3     9     4     1     1    59
    58     8     1     8     3     8     1    61
    59     7     2     8     8     9     1    61
    60    10     2     9     9     2     1    61
    61     0     0     0     0     0     0
--------------------------------------------------------------------------------
INFORMATION OF PROJECT 9:
#jobs  release  duedate
    62     0    90
#local resources
     2
R_L1   R_L2   
    17    18
jobnr.  dur.  r_G1  r_G2  r_L1  r_L2  #succ.  successors
     0     0     0     0     0     0     3     1     2     3
     1     9    10     0     0     5     1    16
     2     8    10     0     5     6     3     4     8    11
     3    10     4     7     8     7     3     7    26    28
     4     6     3     0     4     8     3     5     6    23
     5    10     9     1     1     8     3     9    10    60
     6     9     2     1     3     0     3    12    34    40
     7     1     0     8     4     6     2    15    32
     8    10     0     3     4     1     1    21
     9     2     1     6     0     3     1    41
    10     3     1     0     5     3     1    18
    11     3     9     6     5     2     3    14    16    53
    12     5     9     0     4     3     3    13    17    25
    13     6    10     5     4     0     3    45    50    59
    14     5     6    10     8     2     2    22    47
    15     8     2     2     0     0     1    47
    16     5     4     8     9     4     3    19    20    27
    17     2     4     4     1     5     3    41    46    55
    18     4     9     5     9     0     1    33
    19     7     1     0     1     4     2    35    39
    20     5     0     0     1     0     3    24    29    36
    21    10     0     4     4     0     1    30
    22     1    10     1     0     5     1    38
    23     6     6     4     9     8     1    24
    24     4     3     4     3     2     2    30    31
    25     2     0     3    10     8     1    41
    26     6     1     0     6     0     1    55
    27     4    10     7     0     0     1    46
    28     1     8     7     9     1     2    39    54
    29     7     0     1     8    10     2    49    51
    30     5     9    10     0    10     1    38
    31     4     3     1     4     2     1    57
    32     2     9     4    10     0     1    53
    33    10     0     8     9    10     1    40
    34     4    10     2     2    10     1    42
    35    10     1    10     0     8     1    40
    36     3     8     7     7     6     1    37
    37     5     0     7     5     0     1    49
    38     3     2    10     0     9     1    58
    39     8     2     9     0     0     1    43
    40     3     9     0     4     0     3    43    44    52
    41     1     8     6    10     6     1    45
    42     1     0     4     9    10     1    56
    43     5     0     2     6     8     1    56
    44     7     4     1     0     8     1    47
    45     2     2     4     2     0     1    51
    46     7     7     0     0     0     1    54
    47     5     6     9     8     2     1    48
    48     6     0     5     8     0     1    50
    49     6     7     0     4     8     1    59
    50     1     2     1    10     7     1    54
    51     1     0     8    10     8     1    56
    52     5     0     0     8     2     1    55
    53     2     0     2     0     2     1    60
    54     4     0    10     9     3     1    57
    55     3     3     0     0     4     1    59
    56     5     0     9     5     0     1    58
    57     1     9     3     9     8     1    58
    58     3     3     7     8     4     1    61
    59     2     1     1     6     0     1    61
    60     1     5     9     6     9     1    61
    61     0     0     0     0     0     0
--------------------------------------------------------------------------------
INFORMATION OF PROJECT 10:
#jobs  release  duedate
    62     0    95
#local resources
     2
R_L1   R_L2   
    17    16
jobnr.  dur.  r_G1  r_G2  r_L1  r_L2  #succ.  successors
     0     0     0     0     0     0     3     1     2     3
     1    10     2     4     5     5     3     6    16    28
     2     7     1     4     2    10     2     5    25
     3     1     2     7     8    10     3     4    11    14
     4     1     0     5     0    10     1     7
     5     8     8    10     0     0     3     8     9    31
     6     2     7     0     0     6     1    13
     7     4     7     3     0     7     3    12    17    29
     8    10     3     4     5     3     3    10    38    45
     9     7     0     8     4     0     2    27    43
    10     3     8     1     3     0     1    22
    11     5     6    10     0     0     1    53
    12    10     4     6     6     1     2    24    33
    13     7     4    10     0     4     2    15    47
    14     2     8     0     6     6     1    44
    15    10     3     0     0     2     1    23
    16     2     0     8     1     0     3    18    19    32
    17     4     0     3     2     6     1    40
    18     1     3     0     3     5     3    20    44    59
    19     5     0     7     0     4     3    21    23    54
    20     3     6     6     8     1     2    26    42
    21     8     0     9     9     0     1    35
    22     1     7     4     0     1     1    46
    23     9     6     1    10     4     2    30    57
    24     2     4     0     6     0     2    28    60
    25     2     5     1     6     6     1    30
    26     8     2     7     5     7     1    56
    27     1     1     5    10    10     1    48
    28     9     1     0     8     4     2    34    39
    29     8     6     3     0     8     1    36
    30     4     1     4    10     0     1    49
    31     2     8     3     0     0     1    59
    32     2     4     0     8     6     1    37
    33     1     5     0     5    10     1    51
    34     8     5     1     1     7     2    48    55
    35     2     7     2     0     0     2    39    47
    36     9     0     2     2     1     1    38
    37    10     7    10     1     7     1    46
    38     3     0     2     1     0     1    52
    39     7     4     0     5     3     1    52
    40     3     7     3     1     3     1    41
    41     2     8     3     2     0     3    42    50    57
    42    10     5     5     1     0     1    54
    43     5     5     0     4     1     1    46
    44     1     9     0     8     2     1    58
    45     4     2    10     7     8     2    52    56
    46     7     9     0     9     9     1    47
    47     8     0     2    10     1     1    49
    48    10     7     2     0     0     1    56
    49     6     3     4     1     1     1    50
    50    10     5     1     7     5     1    58
    51     9     1    10     0     6     1    60
    52     1     2     0    10     0     1    55
    53    10    10    10     5     0     2    54    55
    54     5     0     6     1     4     1    60
    55     5     5     0     2    10     1    57
    56     5     6     0     4     2     1    58
    57     5     1     0     7     2     1    59
    58     5     8     3     6     8     1    61
    59     1     1     6     0     1     1    61
    60     1     1     0     6     0     1    61
    61     0     0     0     0     0     0
--------------------------------------------------------------------------------
INFORMATION OF PROJECT 11:
#jobs  release  duedate
    62     0    77
#local resources
     2
R_L1   R_L2   
    37    31
jobnr.  dur.  r_G1  r_G2  r_L1  r_L2  #succ.  successors
     0     0     0     0     0     0     3     1     2     3
     1     2    10     4     1     1     3     6     9    20
     2     4     9     4     7     6     2     4     6
     3     2     7     6     2     9     3    11    28    33
     4     9     4     5     9     7     3     5    10    12
     5     5     2    10     7     5     3    13    17    28
     6     2     3     4     2     4     3     7    11    33
     7     5     8     2     3     8     3     8    15    51
     8     7     8     5     4     2     2    12    48
     9    10     3     4     3     9     3    29    40    46
    10     1     5    10     7     3     3    14    17    38
    11     5     6     1     1     3     3    16    25    30
    12     4     8     4     4     8     3    22    30    34
    13     5     2     2     6     1     3    21    23    31
    14    10     8     3     6     1     3    29    30    34
    15     2     1     7     8     1     3    18    19    32
    16    10    10     9     3     7     3    17    24    36
    17     2     9     5     4     8     3    23    39    41
    18     6    10     4     3     2     3    22    42    45
    19    10     9     8     9     7     3    23    45    53
    20    10     7     1     4     8     2    28    37
    21    10     5     9     9     8     3    35    42    43
    22     8     6     5     8     7     1    36
    23     1     8     1     2     8     3    40    46    47
    24    10     3    10     9     3     3    48    53    57
    25    10     5     4     2     5     3    26    44    51
    26     3     6     6     7     6     3    27    34    55
    27    10     8     6     6     9     1    47
    28     7     3     9    10     6     2    31    54
    29     3     1     9     5     2     3    33    35    57
    30     2     3     4     6     6     2    37    54
    31     9     5     6     7     6     3    42    43    49
    32     4     7     1     4     8     3    35    39    41
    33     7     1     8    10     1     1    56
    34     2     8    10     5     8     2    36    41
    35     3     1     5     6     4     2    37    44
    36     9     3     7     6     1     3    40    46    50
    37     5     2     2     9     4     1    50
    38     7     5     7     4     3     3    39    43    50
    39     8     7     9     6     3     3    44    45    49
    40     4     7     6     7     7     1    49
    41     8     7    10     4    10     1    56
    42     4     2    10     2     7     2    47    55
    43    10     1     8     3     3     2    51    55
    44     1    10     7     5     8     1    54
    45     3     8     2     8     4     2    52    56
    46     3     6     4     5     6     1    60
    47     1     1     8     8    10     1    48
    48     6     7     4     9     9     1    52
    49     6     3    10    10     5     2    52    57
    50     1     3     5     5     6     1    53
    51     1    10     8     5     2     2    58    60
    52     6     8     1     9     9     1    59
    53     8     1     4     9     2     1    60
    54     7     1    10     6     5     1    58
    55     1     2     3     5     7     1    58
    56     5     8     2     8     4     1    59
    57     1     1     7     5     8     1    59
    58     9     5     1     9     7     1    61
    59     5     7     7    10     8     1    61
    60    10     7    10     3     1     1    61
    61     0     0     0     0     0     0
--------------------------------------------------------------------------------
INFORMATION OF PROJECT 12:
#jobs  release  duedate
    62     0   143
#local resources
     2
R_L1   R_L2   
    16    15
jobnr.  dur.  r_G1  r_G2  r_L1  r_L2  #succ.  successors
     0     0     0     0     0     0     3     1     2     3
     1     7     7     4     8     5     3    12    17    33
     2     4     9     0     5     3     3    23    41    48
     3     5     7     9     0     0     3     4     6    11
     4     9     1     3     9     5     3     5    25    27
     5     8     6     3     4     2     3    20    28    34
     6     8     1     0     8     0     3     7    13    14
     7     6     0    10     0     1     3     8    10    15
     8     8     4     5     3     0     3     9    26    38
     9     2    10    10     4     0     2    19    21
    10     9     0     7     0     3     3    25    27    37
    11     9     7     3     4     0     3    17    36    39
    12     9     5     7     1     4     3    19    28    44
    13     2     0     8    10     0     3    15    21    28
    14     1     6     4     2     0     2    16    24
    15     7     4     2     1     1     2    41    43
    16     4     0     9     8     0     2    38    39
    17     4     5     0     3     9     3    18    30    32
    18     4     6     8     1     6     1    34
    19    10     4    10     7     0     3    20    45    49
    20     5     0     7     3     7     3    22    35    37
    21     4     0     1     0     0     3    32    33    42
    22     8     0     4    10     5     3    31    42    47
    23     3     8     4     3     0     2    36    47
    24     1     6     0     0     0     3    29    38    50
    25     6     6     1     9     8     3    32    33    41
    26     9     3     5     8     9     2    29    31
    27     7     9     3     9    10     3    29    40    51
    28     2     0     6     4     3     3    31    45    48
    29    10     1     0     0     0     3    35    46    55
    30     9     0     4     9     5     2    35    43
    31     8     6    10     1     0     1    50
    32     2     1     5     9     1     3    34    40    55
    33     2     9     9     1     5     1    56
    34     2     2     0     1     6     3    49    51    58
    35    10     8     0     3     4     2    54    56
    36     6     5     5     8     3     3    43    53    55
    37     5     0     9     9     4     2    39    47
    38     4     4     3     9     0     1    40
    39     9     5     7     4     0     2    42    52
    40     2     2     1     9     0     3    44    52    53
    41     1     3     8     2     0     3    49    51    52
    42     2     0     1     4    10     1    46
    43     9    10     2     0    10     2    45    59
    44     6     0     7     7    10     1    46
    45     1     8     1     6     0     1    60
    46     3     1     2     3     5     1    48
    47     8     9    10     2     5     1    54
    48     5     8     9     7     0     1    58
    49    10     0     0     3     9     1    50
    50    10     5     0     4     2     1    53
    51     4     9     5     1     0     1    60
    52     8     7     9     3     0     2    54    56
    53     4     4     4     0     1     2    59    60
    54    10     9     0     0     8     1    57
    55     5     4     4     5     5     1    57
    56     8     1    10     0     2     1    57
    57    10     9     0     3     5     2    58    59
    58     9    10     2     8     3     1    61
    59     5     9     1     7     0     1    61
    60     4     0     0     8     2     1    61
    61     0     0     0     0     0     0
--------------------------------------------------------------------------------
INFORMATION OF PROJECT 13:
#jobs  release  duedate
    62     0   141
#local resources
     2
R_L1   R_L2   
    17    16
jobnr.  dur.  r_G1  r_G2  r_L1  r_L2  #succ.  successors
     0     0     0     0     0     0     3     1     2     3
     1     6     1     2     1     9     2    13    50
     2     8     2     4     1     5     2     8    24
     3     8     3     5     6     4     3     4     8    16
     4     3     5     7     8     2     3     5     9    20
     5     9    10     5     7     6     3     6    11    15
     6     6     2     7    10     2     2     7    33
     7     9     1     6     5     6     3    17    21    37
     8     3     9     5     8     2     3    10    12    19
     9     9     2     4     5     5     1    56
    10     3     7     4     6     5     1    18
    11     7     9     9     5     2     3    26    50    58
    12     4     7     3     5     6     3    14    29    44
    13     3     2     2     7     5     3    16    29    39
    14     2    10     8     1    10     2    17    51
    15     1     9     5     4     4     1    17
    16     4     7     1     8     5     1    22
    17     5     7     3     5     1     3    25    28    53
    18     1     2    10     1     2     1    48
    19     8     7     9     9     2     1    45
    20     3     4     2     3     8     2    30    36
    21     9     3     7     1    10     3    23    27    46
    22     8    10     6     9     6     2    32    33
    23     1     6     9    10     4     2    25    30
    24     9     4     5     2     2     3    28    35    40
    25     1     7     4     9     1     2    39    43
    26     6    10     9     9     5     2    31    49
    27     2     6     7     2     6     1    47
    28     4    10     9     2     2     2    43    50
    29     1     7    10     1     6     2    31    36
    30     2     3     6     6    10     2    38    59
    31     7     5     2     7     2     1    59
    32     4     3     4     1     9     3    34    42    54
    33     4     9     9    10     2     2    35    44
    34     7     1     7     6     8     2    49    52
    35     2     9     9     5     3     2    51    55
    36     8     4    10     2     4     3    38    53    54
    37    10     1     3     9     1     1    44
    38    10     7     4     5     3     3    40    45    56
    39    10     6     8     9     4     1    56
    40     2     6     9     2     5     1    41
    41     4     9     1     1     4     1    43
    42     9     3     7     7     8     1    47
    43     8     1     2     3     7     1    57
    44     9    10     8     1     4     3    45    47    48
    45     5    10     1    10    10     1    52
    46     5     6     4     7     8     2    48    55
    47     3     1     2     2    10     2    49    51
    48     2    10     5     8     4     1    53
    49     1     6    10     7     6     2    55    60
    50     4     8     4     8    10     1    54
    51     8     6    10     6     8     2    52    57
    52     8     1     4     9     6     1    60
    53     6     5    10     7     7     1    57
    54     2     9    10     3     7     1    60
    55     2     9     3     7     1     1    59
    56     4     2     4     5     6     1    58
    57     7     4     5     5    10     1    58
    58    10     6     4     4     6     1    61
    59     4     6     8     7     1     1    61
    60     7     8     2     2     4     1    61
    61     0     0     0     0     0     0
--------------------------------------------------------------------------------
INFORMATION OF PROJECT 14:
#jobs  release  duedate
    62     0   123
#local resources
     2
R_L1   R_L2   
    16    18
jobnr.  dur.  r_G1  r_G2  r_L1  r_L2  #succ.  successors
     0     0     0     0     0     0     3     1     2     3
     1     4     7     6     9     7     3     4    12    33
     2    10     0     2     5     0     3     5     6    22
     3     1     0     8     0     9     2    27    40
     4     7    10     5    10     2     3     7     9    11
     5     5     4     7     3    10     3     8    27    28
     6     9     6     3    10     0     3    10    14    30
     7     6     8     2     4     8     1    34
     8     6     0     6     8     2     3    10    40    53
     9     6     5     0     0    10     3    27    39    55
    10    10     2     1     0     4     3    24    26    32
    11    10     9     4     5     2     3    15    20    26
    12     1     8     8     0     1     3    13    24    50
    13     2     0    10     7     5     3    19    21    35
    14     7     2     5     0     3     3    16    20    23
    15     7     8     0    10     3     3    17    29    60
    16     6    10     2     0     3     3    18    29    36
    17     4     0    10     2     9     3    18    28    43
    18     3     6     9     5     1     2    34    48
    19     2     2     0     1     7     3    22    37    39
    20     4     4     0     1     0     3    32    35    40
    21     3     7     0     8     2     3    26    28    31
    22     6     0     2     0     8     3    30    47    55
    23     5     2     6     9     2     1    25
    24     2     0     9     0     3     3    29    39    41
    25     9     3     7     8     8     3    31    43    51
    26     9     9     6     5     5     3    37    42    57
    27     5     5     7     8     0     3    31    34    38
    28     8     0     0     4     1     2    38    48
    29     9     6     9     0     7     3    43    44    49
    30    10     5     5     8     0     1    45
    31     5     9     8     0     8     3    37    46    47
    32     8     0     0     0     8     2    36    45
    33     1     0     0     1     0     3    35    36    38
    34    10     0    10     5     5     2    42    44
    35     3     0     9     0    10     3    44    47    59
    36     2     4     3     7     5     2    41    58
    37     5     8     2     2     6     1    56
    38     5     0     0    10     9     1    49
    39     5     1     5     0    10     2    42    46
    40     8     1     9     0     2     3    45    51    52
    41     5    10     0     0     0     2    46    51
    42     3     6     5     8     0     1    49
    43     9     0     6     4     9     1    59
    44     5     0     5     5     2     1    58
    45    10     2     5     6     7     3    48    54    56
    46     6     1     1     6     1     1    52
    47     3     4     2     0     7     2    52    53
    48     8     0     6     4     8     1    59
    49     4     7     3     5     4     1    58
    50    10     5     5    10     0     1    53
    51     3     2     3     9     3     2    54    55
    52     9     1     6     4     3     1    56
    53     3     0     5     5    10     1    54
    54     5     0    10     5    10     1    57
    55     4    10     6    10     3     1    57
    56     3     5     9     1     9     1    60
    57     9     0     0     1     4     1    60
    58     6     0     9     0     3     1    61
    59    10     0     4     2     1     1    61
    60     2     1     0     9     6     1    61
    61     0     0     0     0     0     0
--------------------------------------------------------------------------------
INFORMATION OF PROJECT 15:
#jobs  release  duedate
    62     0    86
#local resources
     2
R_L1   R_L2   
    28    30
jobnr.  dur.  r_G1  r_G2  r_L1  r_L2  #succ.  successors
     0     0     0     0     0     0     3     1     2     3
     1     2     5     7     2     3     3    20    21    47
     2     8    10     9     1     6     3     5     8    13
     3     1     9     3    10     6     3     4    13    16
     4     3     4     6     9     6     3    11    26    27
     5     6     8     2     1     1     3     6     7    10
     6     8     3     6     4     5     3    35    41    44
     7     5     2     8     1     8     3    12    15    23
     8     6     8     4     5     2     3     9    14    24
     9     3    10     7     3     1     3    36    39    40
    10     2     6     2     6     7     3    23    31    40
    11     1     6     6     2     2     3    12    31    43
    12     3     9     9     5     2     2    37    38
    13     8     9     7     5     7     2    18    22
    14     4     3     4     5     9     3    22    36    46
    15     4    10     5     4     5     3    17    22    50
    16     8     2    10     1     1     3    19    27    52
    17     9    10     1     3     2     3    18    25    41
    18     3    10     2     1     6     3    32    33    45
    19     3     9     2     8    10     3    20    45    54
    20     7     2    10     5     7     2    25    60
    21     7     8    10    10     2     3    23    28    31
    22     6     3     8    10     5     3    27    30    51
    23     7     8     4    10     3     2    29    33
    24     1     7    10     6     2     3    25    41    43
    25     1     5     5     9     4     1    58
    26     3     6     3     4     7     1    42
    27     4     1     1     5     2     3    35    37    38
    28    10     6     4     7     3     3    30    37    44
    29    10     8     3     5     9     3    34    49    56
    30     4     7     6     8    10     1    33
    31     2     8     1     4     4     2    39    55
    32     6    10     4     2     3     3    36    46    59
    33     6     7     6     4     2     3    34    48    60
    34     5     1     2    10     9     2    35    57
    35     7     4    10     8     3     1    59
    36     8     3     5    10     9     2    38    47
    37     6     6     5     8     7     2    39    53
    38     6     4     6     9     8     1    55
    39     3     1     6     8    10     1    49
    40     1     1     9    10     5     3    42    43    44
    41     8     1     4    10     8     2    42    47
    42    10    10    10     6     6     2    48    51
    43     5    10     4     8     3     2    50    52
    44     7     7     7     7    10     2    45    50
    45     9     1     1     5     7     2    46    56
    46     7     3     2     9     4     1    57
    47     5     6     6     2     7     2    49    55
    48     1    10     8     3     5     2    52    58
    49     3     9     8     1     2     1    54
    50     7    10     9     8     9     2    51    53
    51     4     8     1    10     9     1    54
    52     8     6     2     3     3     1    53
    53     6     7     3     8     7     1    56
    54     6     5    10     4     4     1    60
    55     2     8     8     6     2     1    57
    56     4     7     6     7     1     1    59
    57     5     5     5     2     3     1    58
    58     5     7     5     2     7     1    61
    59     6     4     6     8     9     1    61
    60     5     4     9     6     5     1    61
    61     0     0     0     0     0     0
--------------------------------------------------------------------------------
INFORMATION OF PROJECT 16:
#jobs  release  duedate
    62     0   110
#local resources
     2
R_L1   R_L2   
    24    21
jobnr.  dur.  r_G1  r_G2  r_L1  r_L2  #succ.  successors
     0     0     0     0     0     0     3     1     2     3
     1     2     3     4    10    10     2    11    20
     2     1     5     2     4     7     3     4     5    22
     3     8     1     2     9     5     3     8    14    21
     4    10     6     4     1     3     1     8
     5    10     9     6     9     2     3     6     7     9
     6     1     6     6    10     9     2    13    34
     7     7     6     4     5     2     1    39
     8     4    10     1    10    10     3    10    24    26
     9     2     8     9     9     7     3    23    43    48
    10     2     4     7    10     5     1    12
    11     5     2     7     3     2     3    15    35    60
    12     1     9     9     1     1     1    19
    13     3    10     3     9     2     3    16    33    36
    14     2     6    10     3     2     1    29
    15     1     7     2     1     3     1    27
    16     1     9    10    10     3     2    17    18
    17     2     4     8     3     8     2    30    31
    18     3     2     2    10     8     3    40    43    50
    19    10     1     4     4     9     1    25
    20     6     2     3     2     8     1    29
    21    10     4     7     4     9     1    28
    22     7     8    10     9    10     1    55
    23     9     7     8     9     1     1    37
    24     2     5    10     9     4     1    41
    25     3     2    10     4     1     1    33
    26     6     5    10     9     1     2    32    40
    27     8     9     7     7     5     1    40
    28     9     3     6     5     6     2    45    57
    29     7     5    10     1     9     1    41
    30     8    10    10     4     2     1    38
    31     1    10     5     7     5     1    46
    32    10     5     6    10     7     2    41    51
    33     2     5     1     3     9     1    47
    34     8     5     4     7     3     2    49    54
    35     2     9     4     1     6     1    47
    36     7     4    10     3     4     3    45    53    58
    37     5     7     6     8     9     2    42    52
    38     2    10     1     4     7     1    49
    39     8     6     2    10    10     1    49
    40    10     6     3    10     3     1    53
    41     7    10     9     9     6     2    45    56
    42     3     9     8     9     9     2    54    60
    43     7     9     7     8     6     1    44
    44     5     8    10     8     3     1    60
    45    10     8     7     1     3     1    46
    46     9     1     5     6     6     1    59
    47     5     3     8     1     4     1    52
    48    10     6     2     4    10     1    56
    49     9     8     5     1     7     1    59
    50     5     5     4     3     1     2    53    58
    51     6     8     2    10     1     1    54
    52    10     4     1     2    10     1    55
    53     9     5     3     3     3     1    59
    54     7     3     6     4     4     1    55
    55     4     3     8     9     2     1    57
    56     7     2     7     3     3     1    57
    57    10     3     5     2     5     1    58
    58     5     7     4     1     6     1    61
    59    10     1     1     3     9     1    61
    60     6     9     1     4     8     1    61
    61     0     0     0     0     0     0
--------------------------------------------------------------------------------
INFORMATION OF PROJECT 17:
#jobs  release  duedate
    62     0   107
#local resources
     2
R_L1   R_L2   
    21    19
jobnr.  dur.  r_G1  r_G2  r_L1  r_L2  #succ.  successors
     0     0     0     0     0     0     3     1     2     3
     1     9     0     0     8     0     3    10    13    15
     2     2     0     5     7     2     1     4
     3     6     5     6     7     9     3     6     8    11
     4     6     9     5     8     7     3     5    21    29
     5     7     0     3     0     4     3     7    32    37
     6     5     0     6     9     1     3     9    14    44
     7     5     3     0     4     8     2    12    47
     8     8     2     0     1     7     2    28    45
     9     2     1     1     0     0     2    16    19
    10     3     9     3     0     1     2    33    43
    11     3     5     0     4     0     3    31    42    53
    12     9     0     9     4     8     2    20    30
    13     8     1     0     7     0     1    59
    14     3     2     6     4     2     1    23
    15     8     1     1    10     2     3    17    36    38
    16    10     3     7     4     1     3    26    27    41
    17     5     0     8     8     7     1    18
    18     5     9     0     1    10     2    22    48
    19    10     0     5     3     4     1    23
    20     9     9     1     6     1     1    22
    21     1     0    10     0     2     2    25    57
    22     5     3     6     4     0     1    24
    23     6     9     9     8     6     1    39
    24     6     6     0    10     8     1    34
    25     8     9     0     6     7     1    40
    26     9     8     8     7     5     1    28
    27     6     7     7     2     0     1    35
    28    10     9     0     3     8     2    51    60
    29     6     0     7     2     0     2    34    49
    30     8     2     1     0     8     1    51
    31     1     5     2     5     0     1    59
    32     7     0     0     0     7     1    46
    33     9     5     5     5     2     1    34
    34     7     7    10     0     6     3    39    54    55
    35     6     4     0     9     0     1    40
    36     5     4     0     0     2     1    48
    37     4     5     0     1     6     1    39
    38     4     9     4     5     0     1    56
    39    10     0     5     2     6     1    52
    40     1     1     4     0     2     1    52
    41     4     2     8     0     2     1    55
    42     7     2     7     5     8     1    54
    43     2     9     4     2     3     1    56
    44     7     0     0     8     0     1    52
    45     6     2     9     7     9     2    46    55
    46     8     4    10     0     1     1    57
    47     2     5     0    10     2     1    51
    48     6     7     2     1     3     1    58
    49     5     6     3     5     0     2    50    60
    50    10     9     7     7     0     1    53
    51     6     8     0     4     1     1    53
    52     4     0     1     5     7     1    56
    53     6     8     5     8     0     1    54
    54     4     6     0     0     9     2    57    59
    55     2     2     4     0    10     1    60
    56     2     5     0     8     7     1    58
    57     8     8     8     3     5     1    58
    58     8    10     4     9     5     1    61
    59     7     7     3     1     0     1    61
    60     9     2     9     5     7     1    61
    61     0     0     0     0     0     0
--------------------------------------------------------------------------------
INFORMATION OF PROJECT 18:
#jobs  release  duedate
    62     0   106
#local resources
     2
R_L1   R_L2   
    17    17
jobnr.  dur.  r_G1  r_G2  r_L1  r_L2  #succ.  successors
     0     0     0     0     0     0     3     1     2     3
     1     9     0     8     0     1     3     4     9    17
     2     1    10     1     4     3     2    11    53
     3     7     5     7     5     3     3     5     7    10
     4     9     3     4     5     0     3     6    13    22
     5     2     6     0     1     7     2     8    30
     6     5     7     0     0     4     3    12    14    47
     7     3     1    10     9     2     3    18    36    41
     8     4     0     1     1     2     1    45
     9     5     2     6    10     8     2    27    48
    10     2     3     1     4     0     2    16    43
    11     5     5     3     5    10     3    28    34    37
    12     3     0     6     7     4     2    38    45
    13     7     2     8    10     6     3    16    18    37
    14     2     0     0     2     0     1    15
    15     2     6    10     3     0     2    20    48
    16     5     0     9     0     3     1    33
    17     6     0     0    10     1     3    19    21    23
    18     7     4     0     8    10     3    24    26    32
    19    10     0     0     1     8     1    31
    20     3     0     0     5     8     1    25
    21     1    10     9     1     5     3    31    39    40
    22     1     3     7     8     3     1    40
    23     4     2     0     5     1     3    29    35    47
    24     2     8     9     3     3     1    56
    25     1     6     2     0     9     1    26
    26     2     0     5     5     0     2    29    30
    27     1     4    10     0     2     2    29    58
    28     3     4     0     0     3     2    38    40
    29     3     6     0     0     0     3    38    53    54
    30    10    10     8     1     6     1    57
    31     7     0     1     2     3     1    49
    32     6     0     0     1     1     2    44    50
    33     3    10     7     0     7     1    39
    34     4     6     2    10     3     3    39    46    52
    35     3     5     0     8     8     3    49    50    60
    36     8     7     1     8    10     2    51    56
    37     2     0     8    10     8     3    43    45    46
    38     4     6     8     8     1     1    55
    39     1     7     9     4     4     2    48    57
    40     9     7     3     2    10     3    44    46    54
    41     7     1     8     0     3     2    42    49
    42     6     0     0    10     2     2    43    44
    43     6     7     9     5     0     2    47    51
    44     6    10     3     5     0     1    55
    45     9     0     8     3    10     1    60
    46     2     2     6     6     4     1    57
    47     8     5     3     9     5     2    50    54
    48     7     4     2     8     7     1    58
    49     4     5    10     7     6     1    51
    50     5     0     0     0     6     2    52    58
    51     6     0     0     5     0     1    52
    52     7     3     9     0     3     1    55
    53     4     9     8     7     0     1    59
    54     3     9     0     0     0     1    56
    55     5     3     2     5    10     1    59
    56    10     1     2    10     6     1    59
    57     2     0     5     8     0     1    60
    58     2     6     5     4     0     1    61
    59     3     1     5     1     8     1    61
    60     9     0    10     8     8     1    61
    61     0     0     0     0     0     0
--------------------------------------------------------------------------------
INFORMATION OF PROJECT 19:
#jobs  release  duedate
    62     0   142
#local resources
     2
R_L1   R_L2   
    15    16
jobnr.  dur.  r_G1  r_G2  r_L1  r_L2  #succ.  successors
     0     0     0     0     0     0     3     1     2     3
     1     4     1     5     0     0     3     4     7    15
     2    10     0     4     5     8     3     5     6    13
     3    10     3     4     9     3     2    19    28
     4     6     9    10     8     0     3    11    20    24
     5     9     8     9     7     6     3     9    11    27
     6     1     0     6     8     1     2     8    17
     7     6     0     6     6     2     3     8    12    14
     8     2     3     7     5     1     2    10    25
     9    10     8     0     7     1     3    22    28    32
    10    10     0     1     3     0     3    19    27    47
    11     9     6     0     5     8     2    16    18
    12     1     0     3     0     6     3    19    44    55
    13     3     3     8     9     7     3    16    21    42
    14    10    10     7     3     9     2    48    57
    15     8     0     0     0     4     2    21    43
    16     3    10     1     5     9     3    17    23    38
    17     5     8     1     8     4     3    33    40    41
    18     3     6     0     0     4     2    23    37
    19     3     1     0     3     0     2    20    36
    20    10     7     1     4     5     3    30    45    50
    21     2     1     3     5     4     3    30    35    45
    22     7     6     0    10    10     2    31    37
    23     5     3    10     2     7     3    25    26    34
    24     6     6     9    10     8     3    35    47    53
    25     4     0     2     6     8     2    29    39
    26     7     0     9     0    10     3    35    39    49
    27     8     0     2     3     8     3    30    33    37
    28     6    10     9     4     0     2    29    40
    29     1     5     5     2     2     3    33    41    52
    30     8     6     0     0     0     2    57    59
    31     3     0    10     7     1     2    34    36
    32     7     6     9     9     6     3    34    44    49
    33     8     6     5     0     0     1    58
    34     4     8     9     8     2     3    40    47    52
    35     7     5     6     0     0     2    48    60
    36     1     1     5     3    10     2    38    43
    37    10     9     6     4     6     3    38    39    43
    38     2     1     4    10     0     2    49    52
    39     1     4     2     4     0     2    41    50
    40     1     0     9     7     9     2    46    48
    41     3     1     0     3     6     2    46    55
    42     1     5     6     8     5     2    44    58
    43     3     5     2     8     0     2    45    46
    44     9     7     3     0     0     1    56
    45    10     0     9     7     0     1    51
    46    10     0     1     0     9     2    51    54
    47     4     0     5     6     2     2    54    60
    48     8    10     3     0     5     1    55
    49     2     1     7     0     4     2    50    51
    50     8     8     2     4     0     2    54    56
    51     6     3     7     9     1     1    53
    52     7     2     3     0    10     1    53
    53     4    10     9     0     0     1    56
    54     9     1     0     6     4     1    58
    55     7     3     0    10     5     1    59
    56     1     5     6     1     3     2    57    59
    57    10     4     7     9     5     1    60
    58     6     0     7    10     0     1    61
    59     9     0    10     5     0     1    61
    60     1     0     1     3     0     1    61
    61     0     0     0     0     0     0
--------------------------------------------------------------------------------
INFORMATION OF PROJECT 20:
#jobs  release  duedate
    62     0    98
#local resources
     2
R_L1   R_L2   
    16    18
jobnr.  dur.  r_G1  r_G2  r_L1  r_L2  #succ.  successors
     0     0     0     0     0     0     3     1     2     3
     1     8     0     0     6     5     3     8    10    23
     2     6     1     6     2     0     1     5
     3     8     0    10     1     0     3     4    24    25
     4     3     9     3     0     9     3     6    12    31
     5     1     0     1     0     6     3    37    53    54
     6    10     1     0     5     3     3     7    11    13
     7     6     7     3     7     2     3    45    51    55
     8     8     0     7     2     6     3     9    15    18
     9    10     3     7     0     0     1    42
    10     7     0    10     3     0     1    43
    11     8     9     0     0     8     3    20    26    50
    12     4     2     8     9    10     3    14    38    39
    13     6    10     4     6     2     1    21
    14     1     2     4    10     7     3    16    22    34
    15     4     8     2     0     0     3    17    20    30
    16     5     8     0     4     6     3    19    29    32
    17     3     2     4     2     9     3    28    38    45
    18     4     0     0     3     4     3    24    49    56
    19     1     5     4     8    10     3    40    48    59
    20     5     9     7     8     0     2    28    32
    21     5     7     3     8     0     1    27
    22     6     8     9     6     2     2    44    47
    23     4    10     1     8     2     2    32    35
    24     8     6     0     4     9     1    26
    25     2     0     3     4    10     2    33    47
    26     5    10     7     4     5     1    34
    27     3     0     7     3     6     2    35    60
    28     4    10     0     0     7     3    39    42    46
    29     1     5     0     8     6     3    30    46    55
    30     2    10    10     9     0     1    47
    31     1     3    10     0     9     1    37
    32     6     4     7     9     2     1    48
    33     2     4     6     9     3     2    41    60
    34     5     1     6     1     8     2    36    40
    35     2     6     9     6     0     3    36    45    49
    36     2     5     0     5     0     1    41
    37     5    10     0     6     6     1    57
    38     7    10     5     7     4     1    41
    39    10     0     2     2     1     3    48    51    55
    40     9     0     2     0     0     2    42    58
    41     5    10     6     0     9     1    54
    42     4     9     0     3     0     1    57
    43     2     9     3     3     0     2    44    53
    44     5     4     2     1    10     1    51
    45     2     0     4     4     9     1    52
    46     1     4     0     0     8     1    49
    47     1     7     2     0     0     2    50    58
    48     6     5     8     3     0     1    53
    49     6     0     0     9     1     2    54    58
    50     4     2     3     3     4     1    52
    51     6     2     0     0     0     1    52
    52     3     4     8     7     6     1    56
    53     1     2     1     3     0     1    57
    54    10     9    10     4     8     1    59
    55     7     9     8     0     7     1    56
    56     8     0     2     7     8     1    59
    57     1     5     4     4    10     1    60
    58     6     5     6     8    10     1    61
    59     1     0    10     5     0     1    61
    60     7     2     6     8     5     1    61
    61     0     0     0     0     0     0
--------------------------------------------------------------------------------
TRANSFER TIMES OF GLOBAL RESOURCE G1
 DEPOT    P1    P2    P3    P4    P5    P6    P7    P8    P9   P10   P11   P12   P13   P14   P15   P16   P17   P18   P19   P20
     0    24    22    27    27    21     7    21    12    17    16    15    15    29    25    25    27    26    30    25    25
    24     0    33    48    20     8    28    13    31    22    11    36    16    46    43    12    42    42    23    32    46
    22    33     0    21    46    36    27    38    13    12    32    32    34    48    43    41    10    46    49     7    23
    27    48    21     0    54    47    28    47    17    29    42    27    42    41    36    51    14    41    56    27     6
    27    20    46    54     0    13    27     8    38    36    15    32    12    35    35     9    53    31     4    46    50
    21     8    36    47    13     0    24     6    30    25     6    31     9    39    37     6    44    35    16    35    45
     7    28    27    28    27    24     0    22    16    24    19     9    16    23    18    27    31    20    29    31    24
    21    13    38    47     8     6    22     0    31    28     7    29     6    35    33     5    46    31    12    38    45
    12    31    13    17    38    30    16    31     0    14    25    20    26    36    31    35    16    34    41    17    17
    17    22    12    29    36    25    24    28    14     0    22    31    26    46    41    30    21    43    40    10    30
    16    11    32    42    15     6    19     7    25    22     0    26     6    36    33    10    39    32    18    32    40
    15    36    32    27    32    31     9    29    20    31    26     0    23    17    11    34    34    15    34    37    22
    15    16    34    42    12     9    16     6    26    26     6    23     0    31    28    11    41    27    15    35    39
    29    46    48    41    35    39    23    35    36    46    36    17    31     0     6    40    50     5    36    52    36
    25    43    43    36    35    37    18    33    31    41    33    11    28     6     0    38    44     6    35    47    31
    25    12    41    51     9     6    27     5    35    30    10    34    11    40    38     0    49    36    12    40    49
    27    42    10    14    53    44    31    46    16    21    39    34    41    50    44    49     0    49    56    15    19
    26    42    46    41    31    35    20    31    34    43    32    15    27     5     6    36    49     0    32    50    36
    30    23    49    56     4    16    29    12    41    40    18    34    15    36    35    12    56    32     0    49    53
    25    32     7    27    46    35    31    38    17    10    32    37    35    52    47    40    15    50    49     0    29
    25    46    23     6    50    45    24    45    17    30    40    22    39    36    31    49    19    36    53    29     0
--------------------------------------------------------------------------------
TRANSFER TIMES OF GLOBAL RESOURCE G2
 DEPOT    P1    P2    P3    P4    P5    P6    P7    P8    P9   P10   P11   P12   P13   P14   P15   P16   P17   P18   P19   P20
     0    23    12    11     9    20     7    15    27    25    15    18    32    20    22    26    24    10    19    13     1
    23     0    30    14    31    18    29    17     6    46    36    39    54    34     1    47    16    15    33    34    23
    12    30     0    17    15    32    12    15    32    16    19    11    34    30    29    27    24    16    28    19    11
    11    14    17     0    20    19    17     9    17    33    25    26    43    27    13    36    15     1    26    23    10
     9    31    15    20     0    25     3    24    35    22     6    14    24    16    30    17    33    19    14     5    10
    20    18    32    19    25     0    25    27    23    45    28    37    43    19    17    39    30    19    20    26    21
     7    29    12    17     3    25     0    21    33    21     9    14    26    18    28    19    30    16    16     7     8
    15    17    15     9    24    27    21     0    18    31    30    26    47    34    16    39    10     9    33    28    15
    27     6    32    17    35    23    33    18     0    48    41    42    58    39     7    52    13    18    39    38    26
    25    46    16    33    22    45    21    31    48     0    23     8    30    37    45    23    39    32    35    24    25
    15    36    19    25     6    28     9    30    41    23     0    16    18    15    35    12    38    24    13     3    16
    18    39    11    26    14    37    14    26    42     8    16     0    26    30    38    19    35    25    28    17    18
    32    54    34    43    24    43    26    47    58    30    18    26     0    26    53     8    56    42    24    20    33
    20    34    30    27    16    19    18    34    39    37    15    30    26     0    33    23    41    26     3    14    21
    22     1    29    13    30    17    28    16     7    45    35    38    53    33     0    47    15    14    33    33    22
    26    47    27    36    17    39    19    39    52    23    12    19     8    23    47     0    49    35    21    14    26
    24    16    24    15    33    30    30    10    13    39    38    35    56    41    15    49     0    15    40    37    23
    10    15    16     1    19    19    16     9    18    32    24    25    42    26    14    35    15     0    25    22     9
    19    33    28    26    14    20    16    33    39    35    13    28    24     3    33    21    40    25     0    12    20
    13    34    19    23     5    26     7    28    38    24     3    17    20    14    33    14    37    22    12     0    14
     1    23    11    10    10    21     8    15    26    25    16    18    33    21    22    26    23     9    20    14     0
--------------------------------------------------------------------------------
Additional Information: 
global resource strength = 0.2
transfer time factor = 0.5
adapted from RCPSP instances: 
[j6013_6, j6014_9, j6045_2, j6010_1, j6045_4, j6046_6, j6030_9, j6045_6, j609_2, j609_4, j6046_9, j6041_8, j6029_2, j6041_5, j6046_7, j6013_9, j609_9, j6025_5, j6041_6, j6025_7]
