--------------------------------------------------------------------------------
PORTFOLIO INFORMATION:
#projects
    20
#global resources
     2
R_G1   R_G2   
   232   234
--------------------------------------------------------------------------------
INFORMATION OF PROJECT 1:
#jobs  release  duedate
    62     0   136
#local resources
     2
R_L1   R_L2   
    15    16
jobnr.  dur.  r_G1  r_G2  r_L1  r_L2  #succ.  successors
     0     0     0     0     0     0     3     1     2     3
     1     5     0     3     9     9     3     4     5     6
     2     6    10    10     0     2     3     8     9    23
     3     9     2     9    10     6     3    10    12    14
     4     8     5     2     4    10     3     7    13    16
     5     8     8     4     0     0     3     7    17    22
     6     4     8     2     5     0     3    15    30    42
     7     9     0     7     1     4     2    23    35
     8     3     4    10     0     3     3    10    25    26
     9     4     1     2     0     9     3    11    15    21
    10     2     4     1     4     0     3    21    39    42
    11    10     2     8     9     0     2    22    25
    12     2     0     8     7     9     3    13    18    20
    13    10     0    10     8     8     3    17    37    43
    14     4     2     0     0     9     3    19    26    41
    15     9     6     7     7     0     3    16    22    38
    16    10     3     9     1     0     2    28    48
    17     5     6     3     2     0     3    27    29    50
    18     2     8     0     4     9     3    24    49    60
    19     9     4     9     0     0     2    32    36
    20     5     8    10     0     0     3    24    45    46
    21     9     6     9     5     2     3    24    44    58
    22     9     2    10    10     3     3    31    36    51
    23     5     9    10     1     2     3    33    40    41
    24     4     2     5     0     0     1    47
    25     4     2     0     0     6     3    39    43    48
    26     5     7     8     6     2     3    37    44    52
    27     6     0     1     8     9     3    35    36    38
    28     6     1     5     3    10     1    43
    29     8    10     1     4     1     2    41    57
    30     1     0     0     4     5     1    34
    31     3     4     4     3     3     3    33    40    45
    32     1     1     6     5     3     3    34    35    40
    33     8     4     9     9     4     2    34    39
    34     8     0     0     9     5     2    47    53
    35    10     7     4     0     0     2    42    51
    36     9     8     0     4     5     1    52
    37     9     3     9     8     5     2    38    50
    38     8     0    10     5     2     3    46    48    53
    39     7     0     8     1     8     2    49    59
    40     4     7     8     3     6     2    49    54
    41     1     0     0     6    10     3    51    56    59
    42     7     2     0     1     0     2    44    45
    43     7     8     0     9     9     2    53    60
    44     7     4     8     2     2     2    46    47
    45     9     1     3     2     8     2    52    56
    46     3     4     1     0     5     1    54
    47     6     6     0     7    10     1    54
    48     8     0    10     0     9     1    55
    49     9     1     8     5     5     1    50
    50     9     0     0     9     1     1    55
    51     6     7     0     4     0     1    58
    52    10     0    10     0     4     1    60
    53     9     4     0     0     9     2    55    57
    54     7     8     0     5     1     1    57
    55     9     3     7     2    10     1    56
    56     4     6     0     7     1     1    58
    57     5     1     5     5    10     1    59
    58     1    10     0     5     2     1    61
    59     4     8     0     4     0     1    61
    60     6    10     2     6     0     1    61
    61     0     0     0     0     0     0
--------------------------------------------------------------------------------
INFORMATION OF PROJECT 2:
#jobs  release  duedate
    62     0    83
#local resources
     2
R_L1   R_L2   
    34    28
jobnr.  dur.  r_G1  r_G2  r_L1  r_L2  #succ.  successors
     0     0     0     0     0     0     3     1     2     3
     1     2     5     3     7     2     3    20    21    47
     2     8    10     6     9     1     3     5     8    13
     3     1     9     6     3    10     3     4    13    16
     4     3     4     6     6     9     3    11    26    27
     5     6     8     1     2     1     3     6     7    10
     6     8     3     5     6     4     3    35    41    44
     7     5     2     8     8     1     3    12    15    23
     8     6     8     2     4     5     3     9    14    24
     9     3    10     1     7     3     3    36    39    40
    10     2     6     7     2     6     3    23    31    40
    11     1     6     2     6     2     3    12    31    43
    12     3     9     2     9     5     2    37    38
    13     8     9     7     7     5     2    18    22
    14     4     3     9     4     5     3    22    36    46
    15     4    10     5     5     4     3    17    22    50
    16     8     2     1    10     1     3    19    27    52
    17     9    10     2     1     3     3    18    25    41
    18     3    10     6     2     1     3    32    33    45
    19     3     9    10     2     8     3    20    45    54
    20     7     2     7    10     5     2    25    60
    21     7     8     2    10    10     3    23    28    31
    22     6     3     5     8    10     3    27    30    51
    23     7     8     3     4    10     2    29    33
    24     1     7     2    10     6     3    25    41    43
    25     1     5     4     5     9     1    58
    26     3     6     7     3     4     1    42
    27     4     1     2     1     5     3    35    37    38
    28    10     6     3     4     7     3    30    37    44
    29    10     8     9     3     5     3    34    49    56
    30     4     7    10     6     8     1    33
    31     2     8     4     1     4     2    39    55
    32     6    10     3     4     2     3    36    46    59
    33     6     7     2     6     4     3    34    48    60
    34     5     1     9     2    10     2    35    57
    35     7     4     3    10     8     1    59
    36     8     3     9     5    10     2    38    47
    37     6     6     7     5     8     2    39    53
    38     6     4     8     6     9     1    55
    39     3     1    10     6     8     1    49
    40     1     1     5     9    10     3    42    43    44
    41     8     1     8     4    10     2    42    47
    42    10    10     6    10     6     2    48    51
    43     5    10     3     4     8     2    50    52
    44     7     7    10     7     7     2    45    50
    45     9     1     7     1     5     2    46    56
    46     7     3     4     2     9     1    57
    47     5     6     7     6     2     2    49    55
    48     1    10     5     8     3     2    52    58
    49     3     9     2     8     1     1    54
    50     7    10     9     9     8     2    51    53
    51     4     8     9     1    10     1    54
    52     8     6     3     2     3     1    53
    53     6     7     7     3     8     1    56
    54     6     5     4    10     4     1    60
    55     2     8     2     8     6     1    57
    56     4     7     1     6     7     1    59
    57     5     5     3     5     2     1    58
    58     5     7     7     5     2     1    61
    59     6     4     9     6     8     1    61
    60     5     4     5     9     6     1    61
    61     0     0     0     0     0     0
--------------------------------------------------------------------------------
INFORMATION OF PROJECT 3:
#jobs  release  duedate
    62     0   139
#local resources
     2
R_L1   R_L2   
    18    18
jobnr.  dur.  r_G1  r_G2  r_L1  r_L2  #succ.  successors
     0     0     0     0     0     0     3     1     2     3
     1    10     6     7    10     4     3    13    15    16
     2     8     2     1     9     9     3     5     8    18
     3     8    10     6     1     3     3     4     6     9
     4     3     3     7     2     2     2    15    32
     5     6     6     3     3     1     3    19    34    46
     6     9     3     6     6     5     3     7    10    14
     7    10     3    10     4    10     3    21    31    45
     8     8     5     9     1     9     3    26    41    58
     9     4     3     4     2     4     1    29
    10     1     2     9     6     4     2    11    12
    11     3     1     9     4     7     3    15    17    24
    12     8     2     6     7     1     3    28    42    59
    13     4     8     7     8     4     2    47    51
    14    10    10     2     9     2     2    23    26
    15     4     6     1     3     2     2    25    35
    16     8     5     5    10     8     1    57
    17     9     9     9     8     2     2    38    40
    18     4     3     1     5     4     1    20
    19     8     5     9     3     1     3    22    23    57
    20     2     7     7     6     5     1    49
    21     9     4     4    10     9     3    23    34    53
    22     5     9     5     2    10     1    33
    23     7     6     2     2     9     1    49
    24     7     6     9     7     7     3    36    42    51
    25     4     6     9     5     6     1    43
    26     2     6     4     5     8     3    27    30    33
    27    10     4     8     1     6     3    29    50    54
    28     2     1     3     4     3     2    35    44
    29     7     1     4     2    10     1    35
    30     4     6     5     6     9     1    51
    31     6     6     8    10     6     2    33    46
    32     6    10     9     3    10     3    44    52    55
    33     3     9     9     1     1     2    38    40
    34     4     3    10     1     4     2    42    47
    35     4     7     8     4    10     1    38
    36     4     1     4     3     1     3    37    41    44
    37     4     4     8     6     8     2    39    55
    38     8     6     8     6     3     1    60
    39     8     1     4     7     1     1    54
    40     5     1     4     3     1     2    47    48
    41     6     9    10     5     6     3    46    54    56
    42     8     2     2     1     5     1    48
    43     1    10    10     9     2     1    45
    44     4     4     7     1     5     1    53
    45     7     8     3     3     1     2    52    53
    46     5     1     8     9     4     1    48
    47    10    10     2    10     1     2    50    52
    48     4     2     8     6     1     1    50
    49     1     7     6     1     1     1    55
    50     7     3    10     1     4     1    60
    51     5     9     3    10     4     1    56
    52     4     7     6    10     2     1    56
    53     6     1     6     7     7     1    57
    54    10    10     3    10     7     1    59
    55     7     3    10     2     3     1    58
    56    10     7     7    10     3     2    59    60
    57     2     3     2     4     3     1    58
    58     8    10     1     2     7     1    61
    59    10     7     4     2     6     1    61
    60     7     2     5     5    10     1    61
    61     0     0     0     0     0     0
--------------------------------------------------------------------------------
INFORMATION OF PROJECT 4:
#jobs  release  duedate
    62     0   119
#local resources
     2
R_L1   R_L2   
    21    21
jobnr.  dur.  r_G1  r_G2  r_L1  r_L2  #succ.  successors
     0     0     0     0     0     0     3     1     2     3
     1     1     2     4     9     5     3    13    14    39
     2     4     3     8     5     9     3     6     7     8
     3     3     5    10     5     1     3     4     9    36
     4     1     5    10     6     9     3     5    21    24
     5    10     8    10     7    10     3    29    40    44
     6    10     2     7     9     5     3    11    12    27
     7     9     4     7     3     5     3    19    35    36
     8     4     2    10    10     6     3    10    14    41
     9     2     3     6     1     2     3    18    22    39
    10     2     2     1     7     9     3    15    25    58
    11     2     8    10     9     2     3    18    20    28
    12     6     7     6     6     9     3    16    25    34
    13     4     2     1     6     4     3    25    26    32
    14     8     6     5     7     8     3    24    33    54
    15     3     3     9     5    10     3    17    36    43
    16     1     9    10    10     1     3    18    19    45
    17     4     6     5     6     9     3    24    29    37
    18     8     4     2     4    10     3    32    35    55
    19     2     9     3    10     3     2    48    53
    20     6     5    10     1     2     3    39    46    53
    21    10     5     4     9     9     3    30    44    49
    22     5     4     3     2     1     3    23    48    53
    23     4     9     3     3     7     3    27    28    33
    24     1    10     5     7     3     2    42    45
    25     1    10     5     2     1     3    28    37    42
    26     3     8     8     2     1     2    27    43
    27     6     6     2    10     8     2    31    38
    28     9     3     5     8     2     2    29    57
    29     8    10     4     2    10     3    46    51    54
    30     6     2     5     8     4     3    37    38    47
    31     1    10     5     6     1     3    35    41    44
    32     6     2     5     6     8     1    54
    33     3     5    10     7     1     2    34    42
    34     4     4     3     2     8     3    38    43    46
    35     8     3     3     8     5     1    49
    36     4    10     6     4     8     1    40
    37     9     4     2     7     8     1    51
    38     5     8    10    10     9     1    58
    39     7     5     3     6     2     3    40    45    49
    40     6     2     4     7     8     2    48    50
    41     7     4     5    10     9     2    47    50
    42     5    10     3     7     6     1    50
    43     1     7     3     5     1     2    52    56
    44     4     3     2     5    10     1    47
    45     9     1     6     7     6     1    60
    46     8     4     5     9     7     2    55    56
    47     3     6    10     5    10     1    58
    48     1     4     5     3     2     1    51
    49     9     7     4    10     9     1    57
    50     8    10     3    10     3     2    52    57
    51     9     6     8     5     3     2    52    56
    52     3     7     2     4     7     1    55
    53     8     6     2     1     6     1    60
    54     6     7     6     4     3     1    59
    55     4     4    10     2     9     1    60
    56     6     4    10     3     3     1    59
    57     9     6     9     6     5     1    59
    58     6     4     6     3     3     1    61
    59     6    10     9     5     2     1    61
    60     4     5     7     5     5     1    61
    61     0     0     0     0     0     0
--------------------------------------------------------------------------------
INFORMATION OF PROJECT 5:
#jobs  release  duedate
    62     0    74
#local resources
     2
R_L1   R_L2   
    33    37
jobnr.  dur.  r_G1  r_G2  r_L1  r_L2  #succ.  successors
     0     0     0     0     0     0     3     1     2     3
     1     5     2    10     5    10     3     4     5    26
     2     4     2     6     1     5     3    11    31    32
     3     4     1     6     9     3     3    10    12    40
     4     7     8     2     2     1     2     6    42
     5    10     1     6     6     8     3     7    21    27
     6     3     1     4     8     7     2     9    14
     7     7     7     6     2     4     3     8    17    19
     8    10     3    10     7    10     2    29    48
     9     6     6    10     4     6     1    37
    10     5     4     1     9     1     1    22
    11     2     1     4     9     3     2    19    25
    12     7    10     3     8     1     3    13    15    30
    13     5     5     3     1     6     1    16
    14     2     3    10     5     8     2    28    36
    15     6     4     7     1     8     1    16
    16    10     4     4     9    10     1    24
    17    10     6     9     4     8     1    18
    18     7     3     5     7    10     2    41    45
    19     1    10     6     5     2     1    20
    20     1    10     8     2     5     2    23    51
    21     6     3     7    10     4     3    29    34    52
    22     1    10     7     7     2     1    39
    23     6     4     2     3    10     1    40
    24     1     4     7     6     7     1    37
    25     4    10     3     7     8     1    40
    26     2     6     7     5    10     1    55
    27     4     4    10    10     6     1    35
    28     3     3    10     9     4     2    33    48
    29     5     4     8     7     7     1    59
    30     1     2     5     8     2     1    44
    31     9     1     8     7    10     1    58
    32     7     3     1     3    10     1    57
    33     5     1     8     8     3     1    56
    34     4     6     5     1     3     1    49
    35     6    10     5     4    10     2    38    41
    36    10     7     7     9     3     1    51
    37     6     4     9    10     8     1    45
    38     4     7     6     6     4     1    56
    39     3     4     1     4     7     3    43    46    53
    40     7     1     4     4     4     2    47    60
    41     2     5    10     4     6     1    44
    42    10     1     4     2     2     1    43
    43     4     4     2     2     6     1    58
    44    10     4     3     1     7     1    60
    45     2     7     6     3     6     3    49    50    57
    46     9     4     1     1     4     1    51
    47     5     7     4     1     8     2    54    56
    48     3     9     3     6    10     1    54
    49     5     2     1    10     5     1    55
    50    10     2     7     7     8     2    52    55
    51     3     6     8     2     9     1    52
    52     7     1     3     4     9     1    54
    53     1     6     9     8     3     1    57
    54     8    10     9     1     5     1    58
    55     4     4     1     3     7     1    60
    56     2     3     3     6    10     1    59
    57    10     1     1     9     3     1    59
    58     3     9     7     8     9     1    61
    59     2     4     2     6     5     1    61
    60     9     9     3     1     7     1    61
    61     0     0     0     0     0     0
--------------------------------------------------------------------------------
INFORMATION OF PROJECT 6:
#jobs  release  duedate
    62     0   104
#local resources
     2
R_L1   R_L2   
    17    17
jobnr.  dur.  r_G1  r_G2  r_L1  r_L2  #succ.  successors
     0     0     0     0     0     0     3     1     2     3
     1     6     4     0     5     5     3     4     8    10
     2     7     7     0     0     8     3     5     6    34
     3     4     9     2     8     9     3     7    17    26
     4     9     5    10    10    10     2     9    13
     5     5     0     5     1     2     1    20
     6     3     5     0     0     6     1    57
     7     2     1     1     0     7     1    59
     8     2     5     0     7     4     3    11    12    33
     9     3     2     7     1     0     1    51
    10     4     6     0     9     0     2    14    29
    11     1     2     1     9     5     3    18    34    51
    12     5     9     1     2     0     2    27    31
    13     6    10     3     7     4     3    18    28    53
    14     7     2     0     8     9     2    15    16
    15     5     7     5     3     6     2    19    38
    16     4     4     0     8     1     2    21    22
    17     5     9     0     3     0     3    24    47    55
    18     1     5     7     0     8     3    19    46    48
    19     7     0     0     0     5     2    31    43
    20     3     8     1     7     0     3    25    32    38
    21     3     9     8     3     7     1    36
    22     9     4     1     6     8     2    23    27
    23     2     5     7     7     3     3    35    46    60
    24     4     0     8    10    10     1    39
    25     7     2     6     0    10     3    28    37    41
    26     2     0     6     2     6     1    42
    27     2     0     5     0     9     3    37    49    54
    28     8     3     6     7     2     3    30    39    42
    29     5     0     1     0     1     1    52
    30     1     4     0     2     0     3    36    43    44
    31     6     5     3     0     0     1    41
    32     5     7     1     4    10     3    44    45    48
    33     7     6     3     9     7     1    41
    34     1     6     1     6     9     1    42
    35    10     0     4     7     4     3    36    37    40
    36     8     7     0     8     2     1    48
    37     4     0     9    10     2     3    43    45    58
    38     7     3     6    10     6     3    44    47    52
    39     7     5     9     3     0     1    54
    40     5     7     0     6     0     2    45    47
    41     1    10     2     7     1     1    59
    42     6     0     0     0     5     1    54
    43     3     1     4    10     9     1    55
    44     3     7     3    10    10     2    46    57
    45     1     5     0     0     0     1    53
    46     2     9     0     0     1     1    56
    47     9     6     4     0     6     1    51
    48     2     3     8     2     4     2    50    52
    49     6     3     3     0     0     3    50    53    57
    50     4     5     0     8     4     1    56
    51     2    10     0     0     1     1    58
    52     4     0     3     2     7     1    56
    53     6    10     2     1     4     1    55
    54     3     6     8     8    10     1    60
    55     4     5     0     7     0     1    59
    56     6     0     3     7     2     1    58
    57     9     2     1     4     0     1    60
    58     7     6     8     5     4     1    61
    59     9     4     3     4     8     1    61
    60     8     0     0     3     1     1    61
    61     0     0     0     0     0     0
--------------------------------------------------------------------------------
INFORMATION OF PROJECT 7:
#jobs  release  duedate
    62     0    87
#local resources
     2
R_L1   R_L2   
    19    18
jobnr.  dur.  r_G1  r_G2  r_L1  r_L2  #succ.  successors
     0     0     0     0     0     0     3     1     2     3
     1     9     0    10     0     5     1    16
     2     8     5    10     0     6     3     4     8    11
     3    10     8     4     7     7     3     7    26    28
     4     6     4     3     0     8     3     5     6    23
     5    10     1     9     1     8     3     9    10    60
     6     9     3     2     1     0     3    12    34    40
     7     1     4     0     8     6     2    15    32
     8    10     4     0     3     1     1    21
     9     2     0     1     6     3     1    41
    10     3     5     1     0     3     1    18
    11     3     5     9     6     2     3    14    16    53
    12     5     4     9     0     3     3    13    17    25
    13     6     4    10     5     0     3    45    50    59
    14     5     8     6    10     2     2    22    47
    15     8     0     2     2     0     1    47
    16     5     9     4     8     4     3    19    20    27
    17     2     1     4     4     5     3    41    46    55
    18     4     9     9     5     0     1    33
    19     7     1     1     0     4     2    35    39
    20     5     1     0     0     0     3    24    29    36
    21    10     4     0     4     0     1    30
    22     1     0    10     1     5     1    38
    23     6     9     6     4     8     1    24
    24     4     3     3     4     2     2    30    31
    25     2    10     0     3     8     1    41
    26     6     6     1     0     0     1    55
    27     4     0    10     7     0     1    46
    28     1     9     8     7     1     2    39    54
    29     7     8     0     1    10     2    49    51
    30     5     0     9    10    10     1    38
    31     4     4     3     1     2     1    57
    32     2    10     9     4     0     1    53
    33    10     9     0     8    10     1    40
    34     4     2    10     2    10     1    42
    35    10     0     1    10     8     1    40
    36     3     7     8     7     6     1    37
    37     5     5     0     7     0     1    49
    38     3     0     2    10     9     1    58
    39     8     0     2     9     0     1    43
    40     3     4     9     0     0     3    43    44    52
    41     1    10     8     6     6     1    45
    42     1     9     0     4    10     1    56
    43     5     6     0     2     8     1    56
    44     7     0     4     1     8     1    47
    45     2     2     2     4     0     1    51
    46     7     0     7     0     0     1    54
    47     5     8     6     9     2     1    48
    48     6     8     0     5     0     1    50
    49     6     4     7     0     8     1    59
    50     1    10     2     1     7     1    54
    51     1    10     0     8     8     1    56
    52     5     8     0     0     2     1    55
    53     2     0     0     2     2     1    60
    54     4     9     0    10     3     1    57
    55     3     0     3     0     4     1    59
    56     5     5     0     9     0     1    58
    57     1     9     9     3     8     1    58
    58     3     8     3     7     4     1    61
    59     2     6     1     1     0     1    61
    60     1     6     5     9     9     1    61
    61     0     0     0     0     0     0
--------------------------------------------------------------------------------
INFORMATION OF PROJECT 8:
#jobs  release  duedate
    62     0   114
#local resources
     2
R_L1   R_L2   
    18    19
jobnr.  dur.  r_G1  r_G2  r_L1  r_L2  #succ.  successors
     0     0     0     0     0     0     3     1     2     3
     1     4     6     0     9     0     3    17    29    31
     2     8     1     9     1     0     3     4     6    16
     3    10     7     8     4     6     3     7    11    45
     4     7     0     9     8     0     3     5    19    39
     5     9     0     8     0     2     2    13    14
     6    10     0    10     5     3     2     8    10
     7     3     8     7     3     1     3     9    12    30
     8     3     0     4     9     6     1    23
     9     5    10     4     8     0     1    56
    10     3     1     5     0     1     1    21
    11     2     3     5     0     7     3    20    25    26
    12     1     0     6     3     5     2    28    50
    13     4     2     8     5    10     3    18    41    53
    14     7     0    10     8    10     1    15
    15     4     8     6     9     7     2    28    52
    16     9     2     2     4     7     2    46    50
    17     7     0     8     1     6     2    42    46
    18     5     1     4     9     0     1    32
    19     8    10     7     0     3     1    55
    20     5    10     2     0     8     1    22
    21     4     2     8     0     2     1    42
    22     1     2     9     7     0     1    57
    23    10    10     3     2     5     2    24    32
    24     8     5    10     8    10     2    33    35
    25     8     0     0     8     6     3    27    34    53
    26     6     5     5     0     4     1    44
    27     4     1     0     8     1     1    54
    28    10     9     4     8     0     1    40
    29     7     0     6     7     7     2    37    38
    30     7     8     0    10     2     1    41
    31     8     6     7     0     6     2    36    43
    32     9     0     3     7     9     2    48    54
    33     4     7     0     3     9     1    49
    34     3     0     1     5     6     1    51
    35    10     7     0     1     8     1    49
    36     5     0     3     5     0     1    44
    37    10     8     4     0     2     1    57
    38     3     8     4     0     8     1    56
    39     2     3     7     0     0     1    54
    40     1     0     0     7     9     1    49
    41     5     0     9     7     6     1    43
    42     5     9     0    10     4     1    47
    43     9     4     6     9     5     1    44
    44     4     0     0     4     8     1    51
    45     6     6     1     1    10     2    47    51
    46    10     1     0     2    10     1    56
    47     5     9     0     6     9     1    55
    48     3     0     6     0     1     1    59
    49     3     4     3     6     3     1    60
    50     5     0     0     6     2     1    52
    51    10     5     0     3     8     1    55
    52     1     9     3     6     7     1    53
    53     6     4     7     0     7     2    58    59
    54     7     0     8     3     2     1    58
    55     2     9     5     0    10     2    57    60
    56     3     6     0     0     6     1    60
    57     7     3     1    10     6     1    59
    58     7     6     7     8     6     1    61
    59     9     6     0    10     0     1    61
    60    10     0     1     3     3     1    61
    61     0     0     0     0     0     0
--------------------------------------------------------------------------------
INFORMATION OF PROJECT 9:
#jobs  release  duedate
    62     0    92
#local resources
     2
R_L1   R_L2   
    22    22
jobnr.  dur.  r_G1  r_G2  r_L1  r_L2  #succ.  successors
     0     0     0     0     0     0     3     1     2     3
     1     1     5     8    10     2     3    10    17    23
     2     7     1     5     5     1     3     7     8    27
     3     1     4     5     9     9     3     4    11    22
     4     5     2    10    10     9     3     5     6    12
     5     6     9     3     7    10     3     9    14    16
     6     9     7     6     4     5     1    25
     7     8    10     9     8     8     3    18    37    57
     8     3     7     2     4     8     1    52
     9    10     1     4     2     3     1    51
    10     9     4     3     5     5     3    13    19    28
    11     8     2     3     1     3     3    13    15    33
    12     5    10     1     3     3     2    25    54
    13     4     9     7     4     5     2    24    36
    14     1     8     3     3     1     1    32
    15     2    10     8     2     8     2    27    42
    16     6     7     4     2     5     3    30    31    35
    17    10     7     9    10     7     1    36
    18     4     3     9     5    10     2    20    26
    19     5     8     3     4     3     1    58
    20     3    10     3    10     4     3    21    38    52
    21     4     9     2     5     1     1    43
    22     8     1     5     5     7     1    37
    23     1     1     1     2     4     1    30
    24     6     1     6     5     9     1    29
    25     6     7     5     1    10     1    51
    26    10     6     8     1     4     2    41    48
    27    10     6     8     5     1     1    45
    28     7     6     7     1     7     1    53
    29     7     5     6     2     9     1    39
    30     5     8     8    10     5     1    58
    31     2     4     9     1     4     2    34    40
    32     6     2     3    10     4     1    36
    33     1    10     6     3     5     1    43
    34     3     3     7     7     9     2    44    58
    35     2     5    10    10    10     1    47
    36     6     9     2     2     6     1    55
    37     7     4     5    10     5     1    45
    38     8     5     9     3     2     1    46
    39     7     8     9     2     8     2    46    50
    40     7     2    10     6     2     1    44
    41     4     4    10    10     4     2    42    49
    42     1     1     1     6    10     1    56
    43     4     8     7     9     3     1    44
    44     6     5     3     5     6     2    54    59
    45     8     7     4     1     5     1    46
    46     1     9     1     4     4     1    59
    47     2     6     6     6     1     1    49
    48     7     4     6     1     7     1    56
    49     8     5     7     7     6     1    50
    50     1     9     9     8     4     1    55
    51     7     7     9     2    10     1    60
    52     8     4     8     3     2     1    55
    53     9     6     9     1     6     1    54
    54     5    10     4     5     1     1    56
    55     1     2     3     7     6     1    60
    56     4     9    10     8     1     1    60
    57     9     5     9     7     3     1    59
    58     2    10     8    10     2     1    61
    59     3     9     9     3     3     1    61
    60     9     3     5     7     3     1    61
    61     0     0     0     0     0     0
--------------------------------------------------------------------------------
INFORMATION OF PROJECT 10:
#jobs  release  duedate
    62     0    83
#local resources
     2
R_L1   R_L2   
    26    24
jobnr.  dur.  r_G1  r_G2  r_L1  r_L2  #succ.  successors
     0     0     0     0     0     0     3     1     2     3
     1     5     7     0     7     1     3    10    13    38
     2     4     4     0     0     0     3     5     7    23
     3     3     9     6     0     5     3     4    16    20
     4    10     5     6     7     2     3     9    12    54
     5     5     0     4    10     2     3     6     8    17
     6     1     6     7     0     0     2    14    22
     7     3     8     9     6     9     2    17    18
     8     1     0     7     1     4     2    32    33
     9     7     6    10     9     6     3    11    44    47
    10     7    10     1    10     3     3    19    21    26
    11     4     0    10     2     7     3    29    30    49
    12     9     4     1     8     0     3    15    18    27
    13     1     1     4     0     5     3    16    17    36
    14     1     0     0     4     0     1    20
    15     9    10     3     9     3     3    32    37    49
    16     5     7     6     0     0     3    26    31    51
    17     8     0     7     0     0     2    20    30
    18     9     0     2     0    10     3    33    39    42
    19     4     1     4     0     9     2    23    25
    20     3     3     5     0     9     1    29
    21     5     9     8     7    10     3    23    24    30
    22     3     9     6     0     4     3    24    28    39
    23     6     6     4     3     7     3    28    31    33
    24     5     0     0     9     4     2    27    31
    25    10     2     0     7     1     3    35    40    41
    26     8     7     6     4     9     3    28    37    46
    27     2     5     0     1     2     3    34    36    42
    28     8     3    10     5     0     3    44    45    54
    29     5     1     5     4     8     2    34    48
    30     5     1     3     6     0     2    35    53
    31     1     4     0     8     0     3    35    54    56
    32     7     5     6     4     0     2    34    38
    33     6    10     6     4     6     3    49    53    55
    34     7     7     4     0     0     2    50    58
    35     5     9     8     8     7     1    48
    36     2     0     8     6     2     2    37    47
    37     6     4     4     1     2     3    48    57    59
    38     8     4     6     3     0     2    41    55
    39     7     8     0     6    10     3    41    45    46
    40     7     0     1    10     6     3    42    43    45
    41     7     0     0    10     9     2    44    53
    42     2     1     3     1     2     1    58
    43     5     0     0     8     9     3    46    50    51
    44     4     7     8     7     1     1    50
    45     6     9     7     3     4     1    57
    46    10     8     2     0    10     2    47    55
    47     7     0     0    10     0     2    52    57
    48     8     6     0     3     5     1    58
    49     6     6     6     0     5     2    51    56
    50     2     9     7     0     8     1    52
    51     2     2     7     4     7     1    52
    52     4     2     9     5     7     1    59
    53     3     7    10     8     8     1    56
    54    10     0     1     9     1     1    59
    55     9     0     4     3     9     1    60
    56     4     5     1     7     0     1    60
    57    10    10     2     8     4     1    60
    58     5     0     0     7     5     1    61
    59    10     0     6     5     0     1    61
    60     2     4     0     9     5     1    61
    61     0     0     0     0     0     0
--------------------------------------------------------------------------------
INFORMATION OF PROJECT 11:
#jobs  release  duedate
    62     0   103
#local resources
     2
R_L1   R_L2   
    31    33
jobnr.  dur.  r_G1  r_G2  r_L1  r_L2  #succ.  successors
     0     0     0     0     0     0     3     1     2     3
     1    10     9     1     3     3     2     4     5
     2     8     8     9     1     5     1    25
     3     7     6     8     1     5     3     6    14    20
     4     3     4     2    10    10     2     7    32
     5     1     3     3     2     4     3    15    29    46
     6     2     7     4    10     2     3    12    26    34
     7     4     9    10     4     5     3     8    10    13
     8    10     4     6    10     5     2     9    45
     9     9     8     8     3     3     3    11    23    31
    10     3    10     2     8     6     3    16    25    30
    11     5     1    10     5     4     2    17    44
    12     3     5     7     2     2     2    19    37
    13     9     9     1     6     9     2    36    59
    14     6     3     4     9     9     2    46    49
    15     8     4     1     6     5     3    24    36    60
    16     3     8     1     3     7     3    31    38    51
    17     2     9     4     2     4     2    18    41
    18     1     1    10     2    10     3    27    33    40
    19     9     3     3     7     4     1    28
    20     6     5    10    10     9     2    21    30
    21     9     9     6     7     4     3    22    42    54
    22     6     5     1     9     8     1    24
    23     8     1     8     4     4     1    48
    24     7    10     7    10     6     1    58
    25    10     5     9     7    10     2    26    39
    26     7     8     2     7     9     3    31    41    45
    27     1     3     6     2    10     2    34    36
    28    10     7     2     2     5     3    38    46    47
    29     4     4    10     4     9     1    43
    30     1     1     2     1     4     2    35    39
    31     5     4     6     8     5     1    47
    32    10     2     7     8     7     2    52    57
    33     1     4     6     3    10     2    39    54
    34     7     6     9     7     8     2    37    50
    35     6     8     2     4     4     3    43    44    48
    36     5     1     7    10     6     1    53
    37     6     3     3     6     4     1    52
    38     3     9     7     2     9     1    42
    39     2     6     4     6     7     1    55
    40     6     5     2     8     9     1    48
    41     1     5     4     5     3     3    42    51    52
    42     8    10     5     5     8     1    50
    43     4    10     6     4     9     1    49
    44     9     8     4     6     6     1    55
    45     7     6     5    10     9     2    47    56
    46    10     8     6     7     4     2    53    59
    47     7     5     6     2     6     2    53    59
    48    10     9     1     6     8     1    49
    49     6     6     9     4     8     3    50    51    56
    50     5     2     5     6     9     1    55
    51     6     1     5     4     7     1    54
    52     6     6     8     8     5     1    56
    53     8     7     2     8     9     1    58
    54    10     9     6     3    10     1    57
    55     2     3    10     3     4     1    57
    56     2     1     6     3     9     1    60
    57     9    10     6     1     3     2    58    60
    58     3     8     1     8     2     1    61
    59     9     2     5     1     9     1    61
    60     7     2     7     2     6     1    61
    61     0     0     0     0     0     0
--------------------------------------------------------------------------------
INFORMATION OF PROJECT 12:
#jobs  release  duedate
    62     0   119
#local resources
     2
R_L1   R_L2   
    15    15
jobnr.  dur.  r_G1  r_G2  r_L1  r_L2  #succ.  successors
     0     0     0     0     0     0     3     1     2     3
     1     4     7     8     0     8     3     4     7    27
     2     3     0     8     7     2     3     5     6    10
     3     3     4     9     0    10     1    54
     4    10     8     1     0     7     3     6    12    60
     5     2     7     4     2    10     2     8    44
     6     1     0     4     4     1     3     9    28    39
     7     1     7     1     1     0     3    11    32    38
     8     6     7     0     2     5     3    13    20    23
     9     9     3     7     5     3     1    13
    10     8     3     8     9     6     2    17    18
    11     3     8     0     6    10     1    35
    12     9     0     7     0     6     3    14    18    19
    13     2     5     7     5     0     2    25    31
    14     3     2    10     6     1     3    15    16    38
    15     2     0     7     4     5     2    22    47
    16     6     0    10     4    10     3    26    29    37
    17     7     5     0     6     8     3    21    39    54
    18     1     8     1     0     2     2    22    33
    19     3     2     8     6    10     2    40    45
    20     1    10     6     2     5     2    27    40
    21     8     8    10     7     8     3    22    27    33
    22     5     3    10     0     1     1    24
    23     5     2     9     1     9     1    35
    24     5    10     6     6     4     3    32    46    56
    25     7     4     0     9    10     2    30    40
    26     4     0     0     1     0     2    33    36
    27     6     5     2     6     7     3    42    48    50
    28     4     0     9    10     5     2    35    53
    29     6     3     9     5     0     3    34    36    47
    30     2    10     5     7     2     2    43    52
    31     6     9     0    10     0     2    47    54
    32     9     6     1     0     0     2    37    43
    33     6     6     1     1     3     2    50    57
    34     1     1     0     2     0     1    51
    35     7     4     0     3     3     1    55
    36     9     7     4     4     1     3    39    43    46
    37     7     9     9     6     6     2    41    52
    38     1     0     9     3     4     1    42
    39     4     1     0     0     1     1    41
    40     1     0     5     0     9     1    48
    41     4     3     1     0     5     1    53
    42     7     0     9     8     0     1    55
    43     8     8     1     8     0     2    50    51
    44     1     8     1     9     1     1    56
    45     9     4     5     0     0     2    46    48
    46     2     7     8     5     0     1    49
    47     9     8     5    10     0     1    55
    48    10     5     0     8     0     1    57
    49     9     0     6     0     2     2    51    52
    50     5     7     6     0     0     1    53
    51     2     0     0    10     2     1    57
    52     6    10     7     7     1     2    58    59
    53     3     0     6     9     0     1    59
    54     3     7    10     0     2     1    58
    55     1     3     0     7     7     1    56
    56     3     6     6    10     0     1    58
    57    10     6     0     1     7     1    59
    58     7     1     1     0     0     1    61
    59     1     7     0     3     2     1    61
    60     5     9     7     3     4     1    61
    61     0     0     0     0     0     0
--------------------------------------------------------------------------------
INFORMATION OF PROJECT 13:
#jobs  release  duedate
    62     0   120
#local resources
     2
R_L1   R_L2   
    18    18
jobnr.  dur.  r_G1  r_G2  r_L1  r_L2  #succ.  successors
     0     0     0     0     0     0     3     1     2     3
     1     4     7     9     7     6     3     4    12    33
     2    10     0     5     0     2     3     5     6    22
     3     1     0     0     9     8     2    27    40
     4     7    10    10     2     5     3     7     9    11
     5     5     4     3    10     7     3     8    27    28
     6     9     6    10     0     3     3    10    14    30
     7     6     8     4     8     2     1    34
     8     6     0     8     2     6     3    10    40    53
     9     6     5     0    10     0     3    27    39    55
    10    10     2     0     4     1     3    24    26    32
    11    10     9     5     2     4     3    15    20    26
    12     1     8     0     1     8     3    13    24    50
    13     2     0     7     5    10     3    19    21    35
    14     7     2     0     3     5     3    16    20    23
    15     7     8    10     3     0     3    17    29    60
    16     6    10     0     3     2     3    18    29    36
    17     4     0     2     9    10     3    18    28    43
    18     3     6     5     1     9     2    34    48
    19     2     2     1     7     0     3    22    37    39
    20     4     4     1     0     0     3    32    35    40
    21     3     7     8     2     0     3    26    28    31
    22     6     0     0     8     2     3    30    47    55
    23     5     2     9     2     6     1    25
    24     2     0     0     3     9     3    29    39    41
    25     9     3     8     8     7     3    31    43    51
    26     9     9     5     5     6     3    37    42    57
    27     5     5     8     0     7     3    31    34    38
    28     8     0     4     1     0     2    38    48
    29     9     6     0     7     9     3    43    44    49
    30    10     5     8     0     5     1    45
    31     5     9     0     8     8     3    37    46    47
    32     8     0     0     8     0     2    36    45
    33     1     0     1     0     0     3    35    36    38
    34    10     0     5     5    10     2    42    44
    35     3     0     0    10     9     3    44    47    59
    36     2     4     7     5     3     2    41    58
    37     5     8     2     6     2     1    56
    38     5     0    10     9     0     1    49
    39     5     1     0    10     5     2    42    46
    40     8     1     0     2     9     3    45    51    52
    41     5    10     0     0     0     2    46    51
    42     3     6     8     0     5     1    49
    43     9     0     4     9     6     1    59
    44     5     0     5     2     5     1    58
    45    10     2     6     7     5     3    48    54    56
    46     6     1     6     1     1     1    52
    47     3     4     0     7     2     2    52    53
    48     8     0     4     8     6     1    59
    49     4     7     5     4     3     1    58
    50    10     5    10     0     5     1    53
    51     3     2     9     3     3     2    54    55
    52     9     1     4     3     6     1    56
    53     3     0     5    10     5     1    54
    54     5     0     5    10    10     1    57
    55     4    10    10     3     6     1    57
    56     3     5     1     9     9     1    60
    57     9     0     1     4     0     1    60
    58     6     0     0     3     9     1    61
    59    10     0     2     1     4     1    61
    60     2     1     9     6     0     1    61
    61     0     0     0     0     0     0
--------------------------------------------------------------------------------
INFORMATION OF PROJECT 14:
#jobs  release  duedate
    62     0    75
#local resources
     2
R_L1   R_L2   
    32    30
jobnr.  dur.  r_G1  r_G2  r_L1  r_L2  #succ.  successors
     0     0     0     0     0     0     3     1     2     3
     1     7     8     4     5     1     3    10    32    48
     2     8     1     2     5     5     3     5     8    11
     3     2     5     7     8    10     2     4    40
     4     7     9     8     5     9     3     9    14    33
     5     2     2     5     6     3     3     6    23    34
     6    10     1     4     6     1     1     7
     7     2     8     9     5     1     2    36    37
     8     3     1     6     7     2     1    16
     9     1     5     2     2     2     3    12    13    22
    10     8     5     6     6     8     2    44    47
    11     8    10     4     7     4     2    19    25
    12     7     7     1     8     1     2    18    32
    13     9     3     2     6     1     3    31    39    53
    14     4     1     7     3     2     3    15    42    52
    15     4     9    10     2     3     3    20    24    26
    16     5     2     5     6    10     3    17    21    52
    17     5     7     1     7     3     1    41
    18     9     7     3     3     4     2    25    57
    19     7     9     6     1     8     2    47    57
    20     7     5     4     4     4     3    27    45    54
    21     5     2     7     5     2     3    22    51    55
    22     4     8     3     3     9     1    42
    23     6     3     7     1     5     3    31    44    47
    24    10     1     4     5     6     3    34    36    46
    25     1     4     4    10     1     3    28    29    30
    26     9     6    10     3     8     3    31    38    43
    27     4     4     5     2     4     2    29    32
    28     1     9     7     9     8     1    48
    29     3     4     7     6     9     2    34    50
    30     7     5     7     7     7     2    39    60
    31     1     1     8     5     6     1    46
    32     8     7    10     7     3     2    38    44
    33     3     9     6    10     4     1    45
    34     7     5     1     8    10     1    35
    35     6    10     9     9     2     2    38    56
    36     4    10     4     7     3     1    50
    37     8     1     1     3     9     1    59
    38     2     3     3     5     3     1    55
    39     6     1     4     2     3     1    41
    40     8     6    10     1     8     1    45
    41     4     4    10    10     8     1    43
    42     1     1     8     1     2     1    48
    43    10     6     8     9     8     2    55    59
    44     5     2     9     7     8     1    51
    45     2     1     4     8     9     1    46
    46     5     5     4     6     2     2    49    51
    47     6     8     6     2     1     2    49    54
    48     6     9     8     8     9     2    49    50
    49     6     8     2     5     2     1    58
    50     1     2     3     2     2     2    53    56
    51     4     2     2     6     1     1    57
    52     5    10     6     6     9     2    53    54
    53    10     3     6     8     6     1    58
    54    10     9     2     8     4     2    56    60
    55     7     1     5     2     3     1    58
    56     1     5     3     6     3     1    59
    57     7     5     9     6     7     1    60
    58     4     1     9     3     3     1    61
    59     6     2    10     7     5     1    61
    60    10     6    10     6     2     1    61
    61     0     0     0     0     0     0
--------------------------------------------------------------------------------
INFORMATION OF PROJECT 15:
#jobs  release  duedate
    62     0   113
#local resources
     2
R_L1   R_L2   
    21    19
jobnr.  dur.  r_G1  r_G2  r_L1  r_L2  #succ.  successors
     0     0     0     0     0     0     3     1     2     3
     1     9     8     3     0    10     2     7     8
     2     7     8     3     0     7     3     6     8    10
     3     9     5     0     0     6     3     4    17    47
     4     3     4     5     3     8     3     5     9    10
     5     3     9     1     2     0     1    35
     6     3     5     0     3     1     3    11    17    31
     7     1     4     0     5     8     2    11    21
     8     9     1     0     1     7     1    24
     9     9     2     8     5     0     1    25
    10     9     2     1     4     2     2    37    54
    11     8     9     5     0     2     3    12    13    25
    12     7     5     0     0    10     3    15    19    23
    13     2     2     3     9     4     3    14    16    33
    14     6     0     3     0     0     3    28    30    41
    15     9     0     9     7     7     3    18    55    59
    16    10     2     6    10     1     3    24    29    43
    17     9     0     1     8     2     2    35    60
    18     3     0     5     9     9     3    22    45    49
    19     2     9     0    10     3     3    20    29    50
    20     7     9     7     5    10     1    40
    21     8     4     8     3     2     3    23    27    51
    22     9     6     5     0     3     3    26    34    43
    23    10     0     4     5     6     1    39
    24     4     4     3     6     1     2    30    37
    25     5     9     9     4     0     2    29    46
    26     8    10     5     8     2     1    53
    27     7     7     3     3     6     3    31    32    46
    28     8     2     1     7     5     1    34
    29     2     6     3     0     4     3    51    52    55
    30    10     0     0     2     7     1    36
    31     1     3     6     2     7     2    36    43
    32     3     6     2     9     0     1    41
    33     7     0     7     9     3     3    35    37    38
    34     5     7     4     1     3     3    38    39    40
    35     8    10     0     4    10     2    44    56
    36     2     5     0     0     2     2    40    48
    37     7    10     2     3     0     1    50
    38     3     1     4     8     8     1    52
    39     2     0    10     0     7     1    54
    40     8     1     0     1     4     1    58
    41     3    10     0     7     2     1    42
    42     9     5     6     0     9     1    47
    43     7    10     0     8     1     1    44
    44    10     8     0     7     4     1    57
    45     9     5     0     1     6     1    48
    46     7     0     0     9     3     1    60
    47     7     6     0     2     3     1    59
    48     7     4     0     2     0     1    53
    49     5     6     7     1     1     2    52    57
    50     4     0     8     9     2     2    51    55
    51     1     0     8     0     8     2    56    59
    52     2     1     7     4     5     1    53
    53     8     5     0     5     5     1    54
    54     4     0     0     2     0     1    56
    55     2     7     7     5     9     2    57    60
    56     1     0     4     2     0     1    58
    57     8     1     7     0     2     1    58
    58     6     0     0     2     0     1    61
    59     8     0    10     9     3     1    61
    60     2     4     0     6     8     1    61
    61     0     0     0     0     0     0
--------------------------------------------------------------------------------
INFORMATION OF PROJECT 16:
#jobs  release  duedate
    62     0   107
#local resources
     2
R_L1   R_L2   
    22    26
jobnr.  dur.  r_G1  r_G2  r_L1  r_L2  #succ.  successors
     0     0     0     0     0     0     3     1     2     3
     1     2    10    10     3     4     2    11    20
     2     1     4     7     5     2     3     4     5    22
     3     8     9     5     1     2     3     8    14    21
     4    10     1     3     6     4     1     8
     5    10     9     2     9     6     3     6     7     9
     6     1    10     9     6     6     2    13    34
     7     7     5     2     6     4     1    39
     8     4    10    10    10     1     3    10    24    26
     9     2     9     7     8     9     3    23    43    48
    10     2    10     5     4     7     1    12
    11     5     3     2     2     7     3    15    35    60
    12     1     1     1     9     9     1    19
    13     3     9     2    10     3     3    16    33    36
    14     2     3     2     6    10     1    29
    15     1     1     3     7     2     1    27
    16     1    10     3     9    10     2    17    18
    17     2     3     8     4     8     2    30    31
    18     3    10     8     2     2     3    40    43    50
    19    10     4     9     1     4     1    25
    20     6     2     8     2     3     1    29
    21    10     4     9     4     7     1    28
    22     7     9    10     8    10     1    55
    23     9     9     1     7     8     1    37
    24     2     9     4     5    10     1    41
    25     3     4     1     2    10     1    33
    26     6     9     1     5    10     2    32    40
    27     8     7     5     9     7     1    40
    28     9     5     6     3     6     2    45    57
    29     7     1     9     5    10     1    41
    30     8     4     2    10    10     1    38
    31     1     7     5    10     5     1    46
    32    10    10     7     5     6     2    41    51
    33     2     3     9     5     1     1    47
    34     8     7     3     5     4     2    49    54
    35     2     1     6     9     4     1    47
    36     7     3     4     4    10     3    45    53    58
    37     5     8     9     7     6     2    42    52
    38     2     4     7    10     1     1    49
    39     8    10    10     6     2     1    49
    40    10    10     3     6     3     1    53
    41     7     9     6    10     9     2    45    56
    42     3     9     9     9     8     2    54    60
    43     7     8     6     9     7     1    44
    44     5     8     3     8    10     1    60
    45    10     1     3     8     7     1    46
    46     9     6     6     1     5     1    59
    47     5     1     4     3     8     1    52
    48    10     4    10     6     2     1    56
    49     9     1     7     8     5     1    59
    50     5     3     1     5     4     2    53    58
    51     6    10     1     8     2     1    54
    52    10     2    10     4     1     1    55
    53     9     3     3     5     3     1    59
    54     7     4     4     3     6     1    55
    55     4     9     2     3     8     1    57
    56     7     3     3     2     7     1    57
    57    10     2     5     3     5     1    58
    58     5     1     6     7     4     1    61
    59    10     3     9     1     1     1    61
    60     6     4     8     9     1     1    61
    61     0     0     0     0     0     0
--------------------------------------------------------------------------------
INFORMATION OF PROJECT 17:
#jobs  release  duedate
    62     0   108
#local resources
     2
R_L1   R_L2   
    18    19
jobnr.  dur.  r_G1  r_G2  r_L1  r_L2  #succ.  successors
     0     0     0     0     0     0     3     1     2     3
     1     3     7     1     7     5     3     5    13    20
     2     5     8     2     6     1     3     4     7     9
     3     3    10     4     3     6     3     6    11    40
     4    10     8     9     2     7     3     8    33    52
     5     5     4     5     5     4     3    10    21    42
     6     9     5     5     3     4     2    21    45
     7     9    10     7     4     1     2    15    28
     8     3     1    10     1     7     1    16
     9     9     5    10     2     8     3    17    43    44
    10     4     7     1     1     1     1    14
    11     5     9     6     4     8     3    12    14    29
    12     2     7     9     3     4     1    41
    13     5     5     8     9     5     3    22    28    35
    14     7     4     5     1    10     1    15
    15     6     1     7     3     7     3    19    36    55
    16     6     5     4     4    10     3    18    26    31
    17    10     4     5     7     9     3    23    38    47
    18     1     5     8    10     2     1    27
    19     3     3     5     9     7     3    34    52    60
    20     6     9     8     6     8     3    24    27    47
    21     6     4     9     9     3     3    23    25    43
    22     1     5     2     6     1     2    24    43
    23     5     5     2     4     1     1    39
    24    10    10     2     8     6     1    46
    25     1     5    10     4     2     1    44
    26     2     4     7     7    10     1    41
    27     6     8     8     1     4     2    30    39
    28     2     7     8     3     9     3    38    48    54
    29     9     3     8     8     4     2    38    50
    30     1    10    10     6     3     2    34    60
    31     6     7     3     1     1     1    32
    32     8     6     7     4     2     1    55
    33     5    10    10     8     5     1    42
    34     5     1     8     2     3     2    41    53
    35     7     7     7     2     4     2    37    42
    36     5     2     2     3     7     3    45    46    56
    37     1     2     2     7     4     2    40    44
    38     5     9     8     1     1     1    51
    39     9     7     4     6     8     2    51    60
    40     4     1     1     3     5     1    49
    41    10     1    10     3     2     1    45
    42     2    10     4     9     4     1    57
    43     9     4     8     7     5     2    49    52
    44     1     3     3    10     1     1    53
    45     6     9     5     2     6     2    54    57
    46     7     2    10     4    10     1    50
    47    10     1     4     8     4     2    48    54
    48     4     5     4     4     8     3    49    50    51
    49     6     1     9     5     1     1    58
    50     5     8     7     6     7     1    59
    51     9     4     6     5     6     2    55    56
    52     5     2     7     8     6     1    53
    53     4     3     4    10     8     1    56
    54     1     7     6     5     2     1    58
    55     7     4     7     8     7     2    58    59
    56     3     5     6    10     9     1    57
    57     3     6     3     6     4     1    59
    58     1     5     9     8     7     1    61
    59     3     1     2     6     8     1    61
    60     2     8     9     6    10     1    61
    61     0     0     0     0     0     0
--------------------------------------------------------------------------------
INFORMATION OF PROJECT 18:
#jobs  release  duedate
    62     0   104
#local resources
     2
R_L1   R_L2   
    16    18
jobnr.  dur.  r_G1  r_G2  r_L1  r_L2  #succ.  successors
     0     0     0     0     0     0     3     1     2     3
     1     8     0     6     5     0     3     4     6    10
     2     9     5     9     0     0     1    11
     3     3     0     2     6     0     3     5     7    18
     4    10     5     1     1    10     2    22    29
     5     9     5     1     0     8     3    13    40    47
     6     7     9     4     7     0     3     9    27    37
     7     1    10     3     9     9     3     8    20    32
     8     8     3     0     3     6     2    16    26
     9     6     1    10     4     8     3    14    24    25
    10     9     2    10     3     6     3    21    29    30
    11     2    10     0    10     0     3    12    37    56
    12     8     0     7     3     6     1    59
    13     2     4     6     0     7     2    15    48
    14     1     2     3     3     5     1    51
    15     8     7     1     6     0     3    17    51    58
    16     6     9     2     4     6     2    42    55
    17     2     0     1    10    10     2    22    23
    18     7     4     0     0     4     3    19    46    50
    19     3    10     7     9     6     2    32    39
    20     8     9     9     1     2     1    52
    21    10     5     0     4     6     2    44    59
    22     7     3     7     6     6     2    36    53
    23     8     0     5     8     6     2    36    37
    24     2     0     9     6     3     3    36    39    43
    25     9     8     3     0     0     3    28    41    48
    26     8     5     8     0     2     1    34
    27     2    10     5     0     2     3    33    44    49
    28     3     0     4     0     7     3    34    40    55
    29     5     0     0     7     5     2    33    35
    30     6     0     8     0     1     2    31    46
    31     3     3     5     6     0     3    39    41    42
    32     9     0     9     6    10     1    51
    33     4     4    10     2     7     3    34    42    54
    34    10     9     2     2     0     1    57
    35     2     1     9     3     8     1    38
    36     3     4     3     8     4     1    54
    37     2     5     0     0     7     1    53
    38     1     6     8     2     0     2    46    48
    39     2     8    10     1     6     2    40    45
    40     8     0     6     0     9     1    56
    41     7     3     9     7     0     1    45
    42     9     7     1     6     5     1    47
    43    10     1    10     5     7     3    44    47    50
    44     1     4     2     5     4     1    45
    45     9     0     5     4     6     1    52
    46     3     0     5     1     1     1    49
    47     9     0     0    10     0     1    57
    48     9     1     4     0     8     2    50    53
    49     9     2     6     7     5     1    52
    50     1     0     0     0     1     1    54
    51     4    10     9     2     0     1    60
    52     1     3     6     0     8     1    56
    53     7     0     0     8     9     1    60
    54     1     9     3     9     2     2    55    59
    55     2     0     8     3     2     1    60
    56     1    10     5     0     6     1    57
    57     1     0     1     0     1     1    58
    58     8     1     0     9     1     1    61
    59     9     4     6    10     0     1    61
    60     4     5     2     7     0     1    61
    61     0     0     0     0     0     0
--------------------------------------------------------------------------------
INFORMATION OF PROJECT 19:
#jobs  release  duedate
    62     0   101
#local resources
     2
R_L1   R_L2   
    23    21
jobnr.  dur.  r_G1  r_G2  r_L1  r_L2  #succ.  successors
     0     0     0     0     0     0     3     1     2     3
     1     1     8     2     1     8     3     4     9    10
     2     4     7    10     4     9     3    34    41    42
     3     4     1     1     2     4     3     6     8    35
     4     1     3     6     7     5     3     5    22    52
     5     1     4     7     7     5     3    12    16    25
     6     5     6     3    10    10     3     7    13    31
     7     1    10     3    10     7     3    11    20    21
     8     1     6     5     4     1     3    16    18    21
     9     8     9    10     7     3     3    14    19    38
    10     9     9     7     7     1     3    15    38    50
    11     4     9     1     5     5     1    48
    12     8     1     3     8     9     3    17    27    38
    13     9     6    10     5     2     3    20    24    54
    14     6    10     2     2     9     3    26    33    37
    15     5     1     3     4     8     3    29    40    53
    16    10     2     5    10     5     3    17    20    34
    17     6     2     9     2     4     3    19    31    32
    18     4     8     2     3     5     3    23    24    27
    19     6     8     4     1     1     1    48
    20     3     9     2     6     4     2    28    39
    21    10     1     6     7     5     3    30    42    43
    22     7     4     5     8     3     3    25    29    36
    23     6     4     3    10    10     3    28    39    47
    24     4     7     1     4    10     3    26    29    30
    25     2     3    10     8     8     2    31    57
    26     7     4     1     6     6     3    34    42    43
    27     6     8     9     5     1     3    28    32    49
    28     4     2     7     8     1     1    30
    29     3     4     4     3     9     3    32    33    56
    30    10     7     1     7     6     2    33    44
    31     9    10     2     6     3     1    48
    32     4     8     2     3    10     1    60
    33     7     1    10     6     5     1    51
    34     2     6     4    10    10     2    36    40
    35     6     7     5     6    10     3    36    37    56
    36     6     3     2     4     9     1    51
    37     1    10     7     1     1     3    44    52    54
    38     2     8     3    10     1     1    39
    39     7     2     7     1     3     2    40    53
    40     1    10     7    10     8     2    49    59
    41     7     6     6     8     4     3    46    47    54
    42    10     4     6     2     7     2    46    49
    43     8     1     4     9     2     3    44    45    55
    44     8     7     7     8     4     1    53
    45     5     8     2     8     3     2    46    47
    46     3     3     6     2     5     1    50
    47     5     9     4     1     4     2    50    58
    48     1     3     5     4     4     1    59
    49     4     4     1     6     8     2    51    55
    50     8     2     4     5     6     2    52    56
    51     1     9     9     8    10     1    58
    52    10     8     8     3     5     1    59
    53     4     8     3    10     2     1    60
    54     2     3     5    10     1     2    55    58
    55     8     1     9     2     2     1    57
    56     2     2     8     3     2     1    57
    57     4     4     1     6     9     1    60
    58     4     9    10     8     7     1    61
    59     6     6     8     4     1     1    61
    60     5     3    10     7     5     1    61
    61     0     0     0     0     0     0
--------------------------------------------------------------------------------
INFORMATION OF PROJECT 20:
#jobs  release  duedate
    62     0   122
#local resources
     2
R_L1   R_L2   
    20    22
jobnr.  dur.  r_G1  r_G2  r_L1  r_L2  #succ.  successors
     0     0     0     0     0     0     3     1     2     3
     1     3    10     5     1     1     3     4    17    23
     2     1     4    10     2     2     3     5    11    12
     3    10     2     2     3     7     1    43
     4     5     8     6     6     8     2     9    32
     5     5     1     5     5     8     3     6     7    29
     6     5     5     2    10     4     3     8    10    16
     7    10     6     3     4     3     2    34    44
     8     2     2     1     6     5     1    50
     9     9     9     6    10     3     3    13    14    19
    10     4     7    10     5     9     3    19    21    26
    11     6     4     3     9     3     1    36
    12    10     6    10     7     8     1    15
    13     4     6     3     4    10     3    42    50    59
    14     2     2     2     1     4     1    21
    15     4     3     8     5     3     1    58
    16    10     7     9     8     5     3    18    25    38
    17     3     8    10     8     7     2    30    45
    18     6     1     7     4     6     3    20    24    27
    19    10     2     3     3     5     2    31    47
    20     6     8    10     6     6     2    22    54
    21     9     3     2     9     7     1    50
    22     8     4     7     1     5     1    49
    23     9     2     2     6    10     1    35
    24     4     3     1     7     7     1    45
    25     8     2     3     1     5     1    58
    26     8     5     7     9     5     2    28    48
    27     5     4     8     3     1     1    33
    28     9     6     3     3     9     2    36    56
    29     4     9     5     4     9     1    40
    30     1     7     4     9     2     1    44
    31    10     2     2     6     6     1    42
    32     6     4     5     3     7     2    41    53
    33     4     9     8     7     5     1    39
    34     1     9     4     9     8     2    37    57
    35     2     5     4     4     7     1    45
    36     7     9     9    10     8     1    43
    37     8     7     1     6     9     1    38
    38     3     2     1     3     3     3    41    51    55
    39     1     4     2     6     9     1    51
    40     4     2    10     9    10     1    46
    41     2     1     3     3     8     1    52
    42     9     5     1     9     1     1    54
    43     5     8     8     9     6     1    54
    44    10     6     7     6     2     1    46
    45     9     1     5     2    10     1    49
    46     7    10     1     1    10     1    49
    47    10     6     5    10     7     1    56
    48     7     7     4     7     9     2    52    60
    49     1     8     1     2    10     1    58
    50    10     1    10     9     3     1    51
    51    10     4     4    10     7     1    53
    52     7     5    10    10    10     1    59
    53     5     9     1     8     1     1    60
    54     3     7    10     1     8     1    55
    55     3     2     9     2     2     1    60
    56     4    10     5     9     3     1    57
    57     8     5     1     9     4     1    59
    58     2     3     5     4    10     1    61
    59     6     4     9     5     8     1    61
    60    10     2     4     8     7     1    61
    61     0     0     0     0     0     0
--------------------------------------------------------------------------------
TRANSFER TIMES OF GLOBAL RESOURCE G1
 DEPOT    P1    P2    P3    P4    P5    P6    P7    P8    P9   P10   P11   P12   P13   P14   P15   P16   P17   P18   P19   P20
     0     9    11    12     7    10     9    11     6     8     7    11    10    12    14     2     7    10    11     5     9
     9     0    14     4    10    11     2    12     7    13    16    12    16    12    16    10    14    19    17     9    17
    11    14     0    17    18     4    14     3    15    19    13    21    20     3     3    12    18    14    21    16    10
    12     4    17     0    12    14     4    15     9    14    19    12    18    15    19    13    16    22    19    11    20
     7    10    18    12     0    16     9    17     4     3    12     4     7    17    20     6     5    15     8     2    15
    10    11     4    14    16     0    11     2    13    18    13    19    19     2     6    11    17    15    20    14    12
     9     2    14     4     9    11     0    12     6    11    15    10    15    13    16     9    13    19    16     8    16
    11    12     3    15    17     2    12     0    14    19    15    20    20     1     5    13    18    16    22    15    13
     6     7    15     9     4    13     6    14     0     6    12     7    10    14    17     5     7    15    11     3    14
     8    13    19    14     3    18    11    19     6     0    11     5     5    19    21     7     4    15     6     4    15
     7    16    13    19    12    13    15    15    12    11     0    15     9    15    15     7     8     4    10    10     4
    11    12    21    12     4    19    10    20     7     5    15     0     9    21    24    10     8    19    10     6    18
    10    16    20    18     7    19    15    20    10     5     9     9     0    21    22     8     3    12     2     7    13
    12    12     3    15    17     2    13     1    14    19    15    21    21     0     5    13    18    16    22    16    13
    14    16     3    19    20     6    16     5    17    21    15    24    22     5     0    15    20    15    23    18    12
     2    10    12    13     6    11     9    13     5     7     7    10     8    13    15     0     6    11    10     4     9
     7    14    18    16     5    17    13    18     7     4     8     8     3    18    20     6     0    12     4     5    12
    10    19    14    22    15    15    19    16    15    15     4    19    12    16    15    11    12     0    13    14     4
    11    17    21    19     8    20    16    22    11     6    10    10     2    22    23    10     4    13     0     9    14
     5     9    16    11     2    14     8    15     3     4    10     6     7    16    18     4     5    14     9     0    13
     9    17    10    20    15    12    16    13    14    15     4    18    13    13    12     9    12     4    14    13     0
--------------------------------------------------------------------------------
TRANSFER TIMES OF GLOBAL RESOURCE G2
 DEPOT    P1    P2    P3    P4    P5    P6    P7    P8    P9   P10   P11   P12   P13   P14   P15   P16   P17   P18   P19   P20
     0     5     9    10     8    10     9     8    13    11     8    12     3    11     9     7     4    12    10     7     5
     5     0     5     9    12    14    11    11     9    11     5     8     7    13     7     3     4    11     6     7     9
     9     5     0     6    17    18    15    14     5    14     4     4    12    14    10     3     8    14     7     8    13
    10     9     6     0    18    18    19    11     9    19     4    10    13     9    15     7    12    19    13     5    12
     8    12    17    18     0     7     7    11    21    12    15    19     6    16    13    15     9    13    15    14     7
    10    14    18    18     7     0    13     8    23    18    16    22     8    13    18    16    13    18    19    13     6
     9    11    15    19     7    13     0    16    18     6    16    17     9    20     8    14     8     6    11    16    11
     8    11    14    11    11     8    16     0    18    19    11    18     7     5    17    12    11    20    17     7     5
    13     9     5     9    21    23    18    18     0    16     8     2    16    17    12     7    12    16     9    12    17
    11    11    14    19    12    18     6    19    16     0    16    14    12    22     5    13     9     1     8    17    15
     8     5     4     4    15    16    16    11     8    16     0     8    10    10    12     3     8    16    10     5    11
    12     8     4    10    19    22    17    18     2    14     8     0    15    17    10     6    11    14     7    12    16
     3     7    12    13     6     8     9     7    16    12    10    15     0    11    11    10     6    13    12     8     3
    11    13    14     9    16    13    20     5    17    22    10    17    11     0    19    12    14    23    19     6     9
     9     7    10    15    13    18     8    17    12     5    12    10    11    19     0     9     6     5     4    14    13
     7     3     3     7    15    16    14    12     7    13     3     6    10    12     9     0     7    13     7     7    11
     4     4     8    12     9    13     8    11    12     9     8    11     6    14     6     7     0     9     7     9     8
    12    11    14    19    13    18     6    20    16     1    16    14    13    23     5    13     9     0     8    18    15
    10     6     7    13    15    19    11    17     9     8    10     7    12    19     4     7     7     8     0    13    14
     7     7     8     5    14    13    16     7    12    17     5    12     8     6    14     7     9    18    13     0     8
     5     9    13    12     7     6    11     5    17    15    11    16     3     9    13    11     8    15    14     8     0
--------------------------------------------------------------------------------
Additional Information: 
global resource strength = 0.5
transfer time factor = 0.2
adapted from RCPSP instances: 
[j6041_9, j6046_7, j6029_4, j6045_10, j6014_7, j6025_9, j609_2, j609_7, j6013_7, j6042_3, j6030_9, j6025_1, j6041_5, j6030_2, j6025_10, j6013_9, j6029_1, j6025_8, j6045_1, j6013_10]
