--------------------------------------------------------------------------------
PORTFOLIO INFORMATION:
#projects
     2
#global resources
     2
R_G1   R_G2   
    39    41
--------------------------------------------------------------------------------
INFORMATION OF PROJECT 1:
#jobs  release  duedate
    62     0    73
#local resources
     2
R_L1   R_L2   
    32    34
jobnr.  dur.  r_G1  r_G2  r_L1  r_L2  #succ.  successors
     0     0     0     0     0     0     3     1     2     3
     1     3     4     5     6     6     1     7
     2     9     8     2     1     3     1    17
     3     6     9     2     5     3     3     4     5     6
     4     5     4     9     4     6     3     8    10    53
     5     7     5     2     5     6     3    11    35    53
     6     3     4     9     1     1     1    39
     7     2    10     5     2     3     3    12    15    28
     8     5     2     7     5     7     2     9    18
     9     6     5     2     5     5     2    22    24
    10     1     1     7     6     6     3    13    14    36
    11     6     7     2     5     5     3    32    56    60
    12     8     5     4     8     2     1    16
    13    10     9     9     6     5     3    19    27    31
    14     6     6     4     3     1     1    45
    15     3     3     9     9     6     1    44
    16    10     4    10     5     1     1    24
    17     4    10     5    10     8     3    19    21    47
    18     6     9     7     4     1     1    20
    19     2     5     3     8     1     1    23
    20     2     4     5     2     2     2    26    57
    21     7     1     5    10     8     2    25    37
    22     7     2     6     6     2     1    42
    23     1     6     1    10     5     1    26
    24     2    10     7     2     4     1    39
    25    10     3     7     8    10     1    29
    26     2     3    10     7     8     1    32
    27     2     3     4     6     5     1    50
    28     8     6     8     3     3     1    49
    29     7     4     2     2     1     3    30    34    52
    30     4     7     3     6     7     1    56
    31    10     9     5     3     1     1    56
    32     8     8     7     5     6     1    33
    33     4     4     1     4     6     2    41    49
    34     8     6     3     9     7     2    43    50
    35     7     7    10     3     6     1    38
    36     9     1     6     2    10     2    40    55
    37     6     6     7     1     8     2    42    59
    38     6     4     6    10     6     1    42
    39     9     9     8     3     8     1    47
    40    10     5     8     2     9     3    43    46    48
    41     4     4     2     4     5     1    48
    42     9     5     8     6     9     1    46
    43     3     8     6     3     9     1    60
    44     2     5     1     2     8     1    54
    45     9     9     3     3     6     2    46    55
    46     3     6     3     4     6     1    57
    47     6     3     8     7     4     1    51
    48     1     6     5     1     9     1    54
    49     1     9     5     5     7     2    51    58
    50     8     6     5     6     4     1    54
    51     9     1     4     9     3     1    59
    52     3     4    10     3     4     1    55
    53     3     4     9     1     8     1    60
    54     9     3     9     7     9     1    59
    55     8    10     7     7     2     1    57
    56     9     5     4     1     1     1    58
    57     1     8     2     6     9     1    58
    58     6     6     2     5     3     1    61
    59     3     6     7     8     5     1    61
    60     8     4     4     2     1     1    61
    61     0     0     0     0     0     0
--------------------------------------------------------------------------------
INFORMATION OF PROJECT 2:
#jobs  release  duedate
    62     0   107
#local resources
     2
R_L1   R_L2   
    18    20
jobnr.  dur.  r_G1  r_G2  r_L1  r_L2  #succ.  successors
     0     0     0     0     0     0     3     1     2     3
     1     9     8     0     0     0     3    10    13    15
     2     2     7     2     0     5     1     4
     3     6     7     9     5     6     3     6     8    11
     4     6     8     7     9     5     3     5    21    29
     5     7     0     4     0     3     3     7    32    37
     6     5     9     1     0     6     3     9    14    44
     7     5     4     8     3     0     2    12    47
     8     8     1     7     2     0     2    28    45
     9     2     0     0     1     1     2    16    19
    10     3     0     1     9     3     2    33    43
    11     3     4     0     5     0     3    31    42    53
    12     9     4     8     0     9     2    20    30
    13     8     7     0     1     0     1    59
    14     3     4     2     2     6     1    23
    15     8    10     2     1     1     3    17    36    38
    16    10     4     1     3     7     3    26    27    41
    17     5     8     7     0     8     1    18
    18     5     1    10     9     0     2    22    48
    19    10     3     4     0     5     1    23
    20     9     6     1     9     1     1    22
    21     1     0     2     0    10     2    25    57
    22     5     4     0     3     6     1    24
    23     6     8     6     9     9     1    39
    24     6    10     8     6     0     1    34
    25     8     6     7     9     0     1    40
    26     9     7     5     8     8     1    28
    27     6     2     0     7     7     1    35
    28    10     3     8     9     0     2    51    60
    29     6     2     0     0     7     2    34    49
    30     8     0     8     2     1     1    51
    31     1     5     0     5     2     1    59
    32     7     0     7     0     0     1    46
    33     9     5     2     5     5     1    34
    34     7     0     6     7    10     3    39    54    55
    35     6     9     0     4     0     1    40
    36     5     0     2     4     0     1    48
    37     4     1     6     5     0     1    39
    38     4     5     0     9     4     1    56
    39    10     2     6     0     5     1    52
    40     1     0     2     1     4     1    52
    41     4     0     2     2     8     1    55
    42     7     5     8     2     7     1    54
    43     2     2     3     9     4     1    56
    44     7     8     0     0     0     1    52
    45     6     7     9     2     9     2    46    55
    46     8     0     1     4    10     1    57
    47     2    10     2     5     0     1    51
    48     6     1     3     7     2     1    58
    49     5     5     0     6     3     2    50    60
    50    10     7     0     9     7     1    53
    51     6     4     1     8     0     1    53
    52     4     5     7     0     1     1    56
    53     6     8     0     8     5     1    54
    54     4     0     9     6     0     2    57    59
    55     2     0    10     2     4     1    60
    56     2     8     7     5     0     1    58
    57     8     3     5     8     8     1    58
    58     8     9     5    10     4     1    61
    59     7     1     0     7     3     1    61
    60     9     5     7     2     9     1    61
    61     0     0     0     0     0     0
--------------------------------------------------------------------------------
TRANSFER TIMES OF GLOBAL RESOURCE G1
 DEPOT    P1    P2
     0    19    12
    19     0    16
    12    16     0
--------------------------------------------------------------------------------
TRANSFER TIMES OF GLOBAL RESOURCE G2
 DEPOT    P1    P2
     0    17    20
    17     0    10
    20    10     0
--------------------------------------------------------------------------------
Additional Information: 
global resource strength = 0.2
transfer time factor = 0.5
adapted from RCPSP instances: 
[j6014_4, j609_9]
