--------------------------------------------------------------------------------
PORTFOLIO INFORMATION:
#projects
     2
#global resources
     2
R_G1   R_G2   
    47    49
--------------------------------------------------------------------------------
INFORMATION OF PROJECT 1:
#jobs  release  duedate
    62     0   105
#local resources
     2
R_L1   R_L2   
    14    17
jobnr.  dur.  r_G1  r_G2  r_L1  r_L2  #succ.  successors
     0     0     0     0     0     0     3     1     2     3
     1     3    10     7     0     0     2     7    49
     2     6     9     0     4     8     3     4     8    19
     3     3     8     8     4     4     1    38
     4     2     3     3     0     9     3     5    10    31
     5     7     2     7     2     2     3     6     9    13
     6     1     2     0     2     2     3    23    28    54
     7     8     4     1     4     7     3    11    28    59
     8     4     0     4     4     5     1    14
     9     8     0    10     0     0     2    12    15
    10     6     4     0     1     3     1    16
    11     2     5     3     3     3     1    32
    12     7     8     9     1     8     1    17
    13     8     8     4     0     3     2    36    45
    14     8     5     1     8     8     1    26
    15     6     0     4    10     7     3    18    21    22
    16     3     8     7     0     3     3    25    30    35
    17     7     9     6     4     9     1    44
    18     9     2     8     0     0     3    20    24    33
    19     4     0     5     0     6     1    56
    20     9     5     7     7     9     1    50
    21     4     0     0     3     9     2    29    34
    22     6     5     8     6     4     3    37    41    51
    23     6     6     3     0     2     1    41
    24     8     0     5     1     8     2    42    56
    25     4     4     2     3     0     1    27
    26     5     5     1     4     2     1    46
    27     6     0     0     0     9     2    39    53
    28     9     0     0     0     5     2    40    43
    29     4     0    10     9    10     1    52
    30     1     2     2     8    10     1    55
    31     1     6     7     5     6     2    47    52
    32     3     8     3     8     0     1    60
    33     9     4     8     1    10     1    34
    34     3     0     5     4     9     1    36
    35     7     1     0     0     4     1    43
    36     2     0     8     5     7     1    50
    37     9     0     0     1     3     1    43
    38     8     0     3     6     0     2    46    48
    39     7     1     0     0     4     2    45    51
    40     5     0     6     2     6     1    45
    41     9     3     6     1     2     1    46
    42     5    10     7     0     4     1    53
    43     1     5     0     8     2     1    60
    44     2    10     5     3     0     1    54
    45     1     1     0     4     0     1    55
    46     8     3     5     0     2     1    58
    47     1     8     0    10     6     2    51    54
    48     8     0     4     7     0     1    53
    49     1     3     1     7     5     1    52
    50     3     2     0     2     8     2    57    60
    51    10     8     8     9     0     1    56
    52     2     0     3     9     2     1    59
    53     4     8     0     5     2     1    57
    54     1     2     5     4    10     1    55
    55     3     1     1     0     3     1    57
    56    10     7     7     1     8     1    58
    57     9     7     0     5     9     1    58
    58     1     8     9     1     3     1    61
    59     5     9     0     0     5     1    61
    60     3     4     4     4     0     1    61
    61     0     0     0     0     0     0
--------------------------------------------------------------------------------
INFORMATION OF PROJECT 2:
#jobs  release  duedate
    62     0    66
#local resources
     2
R_L1   R_L2   
    39    47
jobnr.  dur.  r_G1  r_G2  r_L1  r_L2  #succ.  successors
     0     0     0     0     0     0     3     1     2     3
     1     6     6     6    10     8     1    18
     2     1     5     6     8     8     1     4
     3    10    10     6     6     8     3     7     8    16
     4     2     7     5     3     1     3     5     6    10
     5    10     3     4     5     4     3     9    13    23
     6     8    10     3    10     8     3    11    21    31
     7     9     4     9     3     8     2    19    60
     8    10     1    10     2     6     3    12    15    20
     9     4     8     2     3     7     2    17    28
    10     1     8     4     5     3     1    29
    11     4     3     7     5     5     2    14    17
    12     4     7     6     2     4     3    42    44    45
    13     5     6     7     7     7     2    40    57
    14     6     6     7     3     9     1    30
    15     3     9     2     9     2     1    32
    16     9     8    10     6     7     2    24    25
    17     6     2    10     7     7     1    18
    18     9    10     7     7     3     1    56
    19     1     2     7     2     2     2    27    35
    20     7     7    10     5     2     2    39    48
    21     4     1     4     9     1     3    22    34    47
    22     1     7     9     2     8     1    28
    23    10     1     1     9     9     2    26    59
    24     9     5     1     6     1     1    53
    25     4     8     6     2     4     1    27
    26    10     5     8     5     7     1    38
    27     8     7     7     3     7     3    33    49    50
    28     1     5     2     7     8     2    37    43
    29     7     7     4     7     1     1    50
    30     2    10     7     6    10     1    36
    31     8     7     6     6    10     1    35
    32     2     2     2     3     3     1    51
    33     1     1     4     3     6     1    52
    34    10     8     2     6     2     1    37
    35     2    10     2     8     2     1    52
    36     1     3    10     5     6     2    41    44
    37     3     6     3     7     2     1    46
    38     1     8     5     3     7     1    44
    39     4     1     5     1     9     2    50    54
    40    10     2     1     8     9     1    41
    41     2     5    10    10     8     1    43
    42     8     2    10     6     6     2    46    56
    43     9     3     7     5     6     1    55
    44     2     9     1     5     1     1    49
    45     9     9     2     3     1     1    53
    46     5     1     6     9     6     3    54    55    58
    47     5     6     7     9    10     1    53
    48     4     8     4     1     8     1    49
    49     4     2     9     9     1     1    56
    50     9     1     6     9     6     1    57
    51     3     3    10     4     3     1    57
    52     7     4     7     2     4     1    59
    53     8    10     7     1     1     1    54
    54     8     6     6    10    10     1    60
    55     2    10     9     3     5     1    60
    56    10     4     3     7     5     1    58
    57     4    10    10     2     7     1    58
    58     9     6     6     3     6     1    61
    59    10     3     2     9     6     1    61
    60     1     9     7     6     6     1    61
    61     0     0     0     0     0     0
--------------------------------------------------------------------------------
TRANSFER TIMES OF GLOBAL RESOURCE G1
 DEPOT    P1    P2
     0    16    27
    16     0    42
    27    42     0
--------------------------------------------------------------------------------
TRANSFER TIMES OF GLOBAL RESOURCE G2
 DEPOT    P1    P2
     0    24    12
    24     0    35
    12    35     0
--------------------------------------------------------------------------------
Additional Information: 
global resource strength = 0.5
transfer time factor = 0.5
adapted from RCPSP instances: 
[j609_3, j6014_1]
