--------------------------------------------------------------------------------
PORTFOLIO INFORMATION:
#projects
     2
#global resources
     2
R_G1   R_G2   
    30    28
--------------------------------------------------------------------------------
INFORMATION OF PROJECT 1:
#jobs  release  duedate
    62     0   131
#local resources
     2
R_L1   R_L2   
    19    20
jobnr.  dur.  r_G1  r_G2  r_L1  r_L2  #succ.  successors
     0     0     0     0     0     0     3     1     2     3
     1    10     9     4     4    10     3     4     5    12
     2     6     7     7     6     6     3     8    11    17
     3     5     1     4     5     1     3     6    16    23
     4     8     6     8     1     9     3     7    10    21
     5     3     9     9     1     3     3    11    19    49
     6     6     3     7     7     6     3     9    13    22
     7     6     1     3     6     6     3    14    26    49
     8    10     7     3     1    10     3     9    21    36
     9     9     5     1     4     9     3    18    28    33
    10     6     5     8     2     4     3    17    18    25
    11     1     5     5     6     4     3    15    30    31
    12     7     4     9     3     3     3    29    41    57
    13     6     2     6    10     6     3    18    42    43
    14     2     6     7     7     3     1    50
    15     9     4     3     7     4     3    32    41    57
    16     9     5     4     1     7     3    26    39    42
    17     3     2     4     2     7     1    31
    18     3     9     7     3     9     3    38    39    51
    19     9     9     1     1     6     2    20    43
    20     5     1     1    10     7     3    28    34    56
    21     4     4     3     1     2     3    24    32    40
    22     2     3     5     7     8     1    24
    23     9    10     1     7     6     2    33    36
    24     4     6     3     9     2     3    28    35    37
    25     3     8     5     2     4     3    27    34    50
    26     2     4    10    10     6     2    33    48
    27     9     5     8     4    10     3    32    36    49
    28     7     7     7     9    10     1    41
    29     4     6     6     8     7     3    31    35    50
    30     3    10     5    10     2     3    37    46    52
    31     9     4     8    10     9     2    40    45
    32     8     7     6     2     2     2    38    53
    33     8     6    10     9     3     2    37    40
    34     1    10     5    10     9     3    35    44    53
    35     9     7     6     8     3     1    38
    36    10    10     4     3     6     3    39    46    47
    37     3     6     8    10     3     3    43    45    55
    38     6     2     8     9     3     1    47
    39     6     7     5    10     3     2    44    55
    40     3     5     7     9     4     1    59
    41     1     5     1     7     4     3    44    47    59
    42     5     3     6     6     8     3    45    46    48
    43     2     6     9     6     4     2    51    54
    44     2     9     3     1     7     1    52
    45     6    10     2    10     2     2    53    56
    46     6     8     3     4     6     1    51
    47    10     7     4     3     1     2    48    58
    48     4     7     5     4     5     1    52
    49     1     7     2     3     1     2    54    55
    50    10     3     9     9     8     2    54    58
    51     4     4     7     2     4     1    57
    52     9     1     9     1     8     1    60
    53     2     9     8     2     1     1    60
    54     9     1     6     8     7     1    60
    55     2     7     6    10     9     1    56
    56     2     9    10    10     5     1    59
    57     2     8     8     1     4     1    58
    58     4     2     8     6     3     1    61
    59     9     1     8     6     9     1    61
    60     5    10     8     8     4     1    61
    61     0     0     0     0     0     0
--------------------------------------------------------------------------------
INFORMATION OF PROJECT 2:
#jobs  release  duedate
    62     0   110
#local resources
     2
R_L1   R_L2   
    22    21
jobnr.  dur.  r_G1  r_G2  r_L1  r_L2  #succ.  successors
     0     0     0     0     0     0     3     1     2     3
     1     2     4    10     3    10     2    11    20
     2     1     2     4     5     7     3     4     5    22
     3     8     2     9     1     5     3     8    14    21
     4    10     4     1     6     3     1     8
     5    10     6     9     9     2     3     6     7     9
     6     1     6    10     6     9     2    13    34
     7     7     4     5     6     2     1    39
     8     4     1    10    10    10     3    10    24    26
     9     2     9     9     8     7     3    23    43    48
    10     2     7    10     4     5     1    12
    11     5     7     3     2     2     3    15    35    60
    12     1     9     1     9     1     1    19
    13     3     3     9    10     2     3    16    33    36
    14     2    10     3     6     2     1    29
    15     1     2     1     7     3     1    27
    16     1    10    10     9     3     2    17    18
    17     2     8     3     4     8     2    30    31
    18     3     2    10     2     8     3    40    43    50
    19    10     4     4     1     9     1    25
    20     6     3     2     2     8     1    29
    21    10     7     4     4     9     1    28
    22     7    10     9     8    10     1    55
    23     9     8     9     7     1     1    37
    24     2    10     9     5     4     1    41
    25     3    10     4     2     1     1    33
    26     6    10     9     5     1     2    32    40
    27     8     7     7     9     5     1    40
    28     9     6     5     3     6     2    45    57
    29     7    10     1     5     9     1    41
    30     8    10     4    10     2     1    38
    31     1     5     7    10     5     1    46
    32    10     6    10     5     7     2    41    51
    33     2     1     3     5     9     1    47
    34     8     4     7     5     3     2    49    54
    35     2     4     1     9     6     1    47
    36     7    10     3     4     4     3    45    53    58
    37     5     6     8     7     9     2    42    52
    38     2     1     4    10     7     1    49
    39     8     2    10     6    10     1    49
    40    10     3    10     6     3     1    53
    41     7     9     9    10     6     2    45    56
    42     3     8     9     9     9     2    54    60
    43     7     7     8     9     6     1    44
    44     5    10     8     8     3     1    60
    45    10     7     1     8     3     1    46
    46     9     5     6     1     6     1    59
    47     5     8     1     3     4     1    52
    48    10     2     4     6    10     1    56
    49     9     5     1     8     7     1    59
    50     5     4     3     5     1     2    53    58
    51     6     2    10     8     1     1    54
    52    10     1     2     4    10     1    55
    53     9     3     3     5     3     1    59
    54     7     6     4     3     4     1    55
    55     4     8     9     3     2     1    57
    56     7     7     3     2     3     1    57
    57    10     5     2     3     5     1    58
    58     5     4     1     7     6     1    61
    59    10     1     3     1     9     1    61
    60     6     1     4     9     8     1    61
    61     0     0     0     0     0     0
--------------------------------------------------------------------------------
TRANSFER TIMES OF GLOBAL RESOURCE G1
 DEPOT    P1    P2
     0    11     3
    11     0    10
     3    10     0
--------------------------------------------------------------------------------
TRANSFER TIMES OF GLOBAL RESOURCE G2
 DEPOT    P1    P2
     0     8     4
     8     0     9
     4     9     0
--------------------------------------------------------------------------------
Additional Information: 
global resource strength = 0.2
transfer time factor = 0.2
adapted from RCPSP instances: 
[j6045_9, j6013_9]
