--------------------------------------------------------------------------------
PORTFOLIO INFORMATION:
#projects
     4
#global resources
     2
R_G1   R_G2   
    50    48
--------------------------------------------------------------------------------
INFORMATION OF PROJECT 1:
#jobs  release  duedate
    62     0   117
#local resources
     2
R_L1   R_L2   
    19    18
jobnr.  dur.  r_G1  r_G2  r_L1  r_L2  #succ.  successors
     0     0     0     0     0     0     3     1     2     3
     1    10     2     8     7    10     3     4     8    18
     2     8     0     0     4     4     3     5    12    14
     3     8     8     2     3     1     3     7    16    24
     4    10     8     4     6     0     3    13    17    20
     5     9     0     7     3     9     3     6    10    11
     6     8     0     0     9     1     1    37
     7     2     1     0     9    10     2    28    45
     8    10     9     0     5     6     2     9    35
     9     2     0    10     5     3     3    15    38    47
    10     5    10     3     6     6     1    24
    11     6     4     4     1     7     1    21
    12     5     2     1     0     8     2    18    25
    13     8     3     8     6     0     2    22    44
    14     5     3     7     7     1     3    27    29    33
    15     1     6    10     8     5     2    26    48
    16     5     0     9     8    10     3    19    34    49
    17     6     0     1     7     6     1    55
    18     5     0     8     5     5     2    30    31
    19     6     1     0     3     4     3    20    41    45
    20    10     4     5     0     6     2    23    33
    21     7     0     7     3     1     2    25    38
    22    10     0     0     0     5     2    29    42
    23     1     0     2     0     4     3    35    43    53
    24     4     2     5     2     4     1    40
    25     8     3     3    10     8     1    26
    26     2    10     8     2     0     3    30    33    44
    27     5     7     5     5     3     1    39
    28     9     2     7     0     0     3    32    48    50
    29     9     2     7     7     8     2    39    43
    30     7     4     0     2     0     1    53
    31     2     3     8     3     3     2    36    59
    32    10     0     1     0     0     1    41
    33     5     8     5     0     9     2    51    55
    34     8     8     0    10    10     3    35    44    50
    35     3     0    10     8     0     1    54
    36     6    10     5     9     6     1    51
    37     3     0     0     1     0     1    42
    38     8     9    10     5     1     2    46    54
    39     8     4    10     8    10     2    41    52
    40     9     7     0     7     3     3    46    51    52
    41     3     0     9     6     2     2    55    60
    42    10     5     5    10     0     3    45    47    50
    43     2     8     8     5     7     2    46    59
    44     9    10     0     9     0     2    53    59
    45     5     9     9     8     0     1    57
    46     5     0     6     4     0     1    58
    47     2     0     0     9     0     2    49    56
    48     1     8     7     7     7     1    49
    49     7     7     2    10     8     2    52    54
    50     3     2     1     9     1     1    57
    51     4     3     4     9     3     1    60
    52     6     0     0     6     3     1    58
    53     6     7     0     6     8     1    56
    54     1     4     5     6     1     1    57
    55     5     7     9     2     7     1    56
    56     5    10     9     0     7     1    58
    57     8     5     8     3     0     1    60
    58     7     5     6     0     0     1    61
    59     4     0     4     6     0     1    61
    60     2     0     0    10     9     1    61
    61     0     0     0     0     0     0
--------------------------------------------------------------------------------
INFORMATION OF PROJECT 2:
#jobs  release  duedate
    62     0   118
#local resources
     2
R_L1   R_L2   
    16    16
jobnr.  dur.  r_G1  r_G2  r_L1  r_L2  #succ.  successors
     0     0     0     0     0     0     3     1     2     3
     1     8     3     4     9     0     1     7
     2     2     0     8     3     5     3     4     6    34
     3     2     4     8     3     8     2    32    42
     4     6     6     6     0     1     2     5     9
     5     8     3     9    10     6     2     8    17
     6     7    10     0     6     0     3    14    15    31
     7    10     0     3     0     3     3    12    16    17
     8     8     5     0     2     1     3    10    13    21
     9     6     2     1     4     7     1    18
    10     1     7     0     8     3     3    11    19    26
    11     3     4     2     9     8     2    33    50
    12    10     0    10     8     8     3    22    28    34
    13     3     3     9     0     0     3    22    37    48
    14     2     3     4     0     5     3    20    25    33
    15     8     0     3     3    10     1    52
    16     5     0    10     4     1     3    20    29    54
    17     5     2     6     2     5     3    23    45    58
    18     6     0     0     2     2     1    39
    19     4     4     0     4     9     3    24    33    41
    20     9    10     1     7     2     1    23
    21     8     1     8     3     2     3    35    36    43
    22     9     9    10     8     8     3    44    47    52
    23     7     0     9     3     0     3    27    43    48
    24     3     9     0     0     1     2    50    60
    25     9     0     0     4     9     2    30    35
    26     8     0     5     0     5     1    38
    27     8     6     0    10     4     1    59
    28     9     5     0     3     9     2    29    30
    29     3     5     7     0     9     2    35    37
    30     3     6     0     0    10     2    40    42
    31     2     8     9     0     9     1    49
    32     9     7     4     9     0     2    36    38
    33     4     3    10     2     4     1    56
    34    10     3     9     8     1     3    43    46    53
    35     7     2     0     0    10     2    39    49
    36    10     3     1     4     0     1    48
    37     6     3     6     9     2     1    56
    38    10     4     3     0     2     1    44
    39     5     1     1     8     0     1    40
    40     1     1     3     2     0     1    55
    41     8     9    10     0     0     1    54
    42    10     0     0     7     6     2    45    51
    43     4     6    10     3     0     1    56
    44    10     3     4     7     4     3    45    46    54
    45     6     5     1     0     0     2    50    57
    46     9     6     6     0     0     3    49    57    58
    47     6     6     7     1     0     1    55
    48     1     1     9     8     3     3    51    52    57
    49     8    10     6     2     3     1    51
    50     1    10     2     9     2     1    53
    51     3     8     0     8     2     1    55
    52     6     6     2     5     2     1    53
    53     6     8     7     8     5     1    59
    54     4     0     0     7     5     1    58
    55     8     5     0     6     2     1    59
    56     4     7     0     0     5     1    60
    57     4     0     0     2     8     1    60
    58     5     4     4     2     7     1    61
    59     9     2     3     5     5     1    61
    60     2     0     0     6     4     1    61
    61     0     0     0     0     0     0
--------------------------------------------------------------------------------
INFORMATION OF PROJECT 3:
#jobs  release  duedate
    62     0   101
#local resources
     2
R_L1   R_L2   
    20    19
jobnr.  dur.  r_G1  r_G2  r_L1  r_L2  #succ.  successors
     0     0     0     0     0     0     3     1     2     3
     1     1     1     8     8     2     3     4     9    10
     2     4     4     9     7    10     3    34    41    42
     3     4     2     4     1     1     3     6     8    35
     4     1     7     5     3     6     3     5    22    52
     5     1     7     5     4     7     3    12    16    25
     6     5    10    10     6     3     3     7    13    31
     7     1    10     7    10     3     3    11    20    21
     8     1     4     1     6     5     3    16    18    21
     9     8     7     3     9    10     3    14    19    38
    10     9     7     1     9     7     3    15    38    50
    11     4     5     5     9     1     1    48
    12     8     8     9     1     3     3    17    27    38
    13     9     5     2     6    10     3    20    24    54
    14     6     2     9    10     2     3    26    33    37
    15     5     4     8     1     3     3    29    40    53
    16    10    10     5     2     5     3    17    20    34
    17     6     2     4     2     9     3    19    31    32
    18     4     3     5     8     2     3    23    24    27
    19     6     1     1     8     4     1    48
    20     3     6     4     9     2     2    28    39
    21    10     7     5     1     6     3    30    42    43
    22     7     8     3     4     5     3    25    29    36
    23     6    10    10     4     3     3    28    39    47
    24     4     4    10     7     1     3    26    29    30
    25     2     8     8     3    10     2    31    57
    26     7     6     6     4     1     3    34    42    43
    27     6     5     1     8     9     3    28    32    49
    28     4     8     1     2     7     1    30
    29     3     3     9     4     4     3    32    33    56
    30    10     7     6     7     1     2    33    44
    31     9     6     3    10     2     1    48
    32     4     3    10     8     2     1    60
    33     7     6     5     1    10     1    51
    34     2    10    10     6     4     2    36    40
    35     6     6    10     7     5     3    36    37    56
    36     6     4     9     3     2     1    51
    37     1     1     1    10     7     3    44    52    54
    38     2    10     1     8     3     1    39
    39     7     1     3     2     7     2    40    53
    40     1    10     8    10     7     2    49    59
    41     7     8     4     6     6     3    46    47    54
    42    10     2     7     4     6     2    46    49
    43     8     9     2     1     4     3    44    45    55
    44     8     8     4     7     7     1    53
    45     5     8     3     8     2     2    46    47
    46     3     2     5     3     6     1    50
    47     5     1     4     9     4     2    50    58
    48     1     4     4     3     5     1    59
    49     4     6     8     4     1     2    51    55
    50     8     5     6     2     4     2    52    56
    51     1     8    10     9     9     1    58
    52    10     3     5     8     8     1    59
    53     4    10     2     8     3     1    60
    54     2    10     1     3     5     2    55    58
    55     8     2     2     1     9     1    57
    56     2     3     2     2     8     1    57
    57     4     6     9     4     1     1    60
    58     4     8     7     9    10     1    61
    59     6     4     1     6     8     1    61
    60     5     7     5     3    10     1    61
    61     0     0     0     0     0     0
--------------------------------------------------------------------------------
INFORMATION OF PROJECT 4:
#jobs  release  duedate
    62     0   101
#local resources
     2
R_L1   R_L2   
    18    20
jobnr.  dur.  r_G1  r_G2  r_L1  r_L2  #succ.  successors
     0     0     0     0     0     0     3     1     2     3
     1     4     3     0     5     0     3     4     9    12
     2     4     3     3     9     2     1    42
     3     3     8     9     7     0     3    14    16    34
     4     5     9     3     5     8     3     5    17    21
     5     1     6     5     0     5     3     6     7     8
     6    10     0     1     6     1     2    10    53
     7     9     0     5    10     1     1    11
     8     7     6     1     1     5     3    15    36    55
     9     5     1     4     4     4     2    22    25
    10     1     0     3     3     8     1    50
    11     3     3     1     1     0     2    13    20
    12     8     0     8     1     0     3    27    35    45
    13     7     8     3     9     7     1    18
    14     8     6     4     0     6     1    28
    15     1     9     7     0     6     2    19    33
    16     6    10     5     5     7     3    19    29    43
    17     1     2     0     6     5     2    37    41
    18    10    10     0     9     9     1    26
    19     8     4     0     0    10     2    44    54
    20    10     8     4     2     5     2    25    50
    21     4     8     8     8    10     3    22    24    28
    22     8     0     0     8     4     2    23    52
    23     3     7     4     0     9     2    38    58
    24     6    10     1     7     0     1    30
    25     9     5     0     8     1     1    31
    26     9     9     0     2     9     1    59
    27     4     3     4     1     0     1    46
    28     7     2     3     0     0     1    31
    29     1     8     5     6     4     1    40
    30     5     0     7     0     2     1    44
    31     4     2     1     4     1     1    32
    32     2     0     1     0     5     1    48
    33     6     1     5     0     8     1    38
    34     1     0    10     0     9     1    40
    35     3     3     0     5     9     2    39    49
    36     9     3     0     0     0     1    56
    37     1     9    10     0     0     1    44
    38    10     5     4     8     7     1    49
    39     3     3     8     8     0     2    42    57
    40     3     7     7     1     0     1    58
    41     3     0     1     1     0     1    47
    42     9     8     2     7     4     1    51
    43     7    10     8     9     4     1    55
    44     1     2     9     2     9     3    46    48    49
    45     7     8     9     1     0     1    53
    46     7     0     4     1     9     2    50    60
    47     8     1     0     0     2     1    48
    48    10     2     4     6     4     1    59
    49     6     6     0     7     2     1    56
    50     8     1     0     0     7     1    57
    51     4     0     2     3     7     1    56
    52     7     0    10     3     8     1    54
    53     4     2     1     7     5     1    55
    54     9     0    10     5     6     1    57
    55     3     8    10     8     0     1    59
    56     9     6     0     7     7     1    60
    57     7     0     5     6    10     1    58
    58     8     0     4     5     7     1    61
    59     8     0     0     0     7     1    61
    60     7     7     3     4     6     1    61
    61     0     0     0     0     0     0
--------------------------------------------------------------------------------
TRANSFER TIMES OF GLOBAL RESOURCE G1
 DEPOT    P1    P2    P3    P4
     0     4     5     8    12
     4     0     4    11    15
     5     4     0    13    16
     8    11    13     0     6
    12    15    16     6     0
--------------------------------------------------------------------------------
TRANSFER TIMES OF GLOBAL RESOURCE G2
 DEPOT    P1    P2    P3    P4
     0    10    10     8    10
    10     0     3     4    17
    10     3     0     2    18
     8     4     2     0    17
    10    17    18    17     0
--------------------------------------------------------------------------------
Additional Information: 
global resource strength = 0.5
transfer time factor = 0.2
adapted from RCPSP instances: 
[j6025_6, j6025_3, j6045_1, j609_8]
