--------------------------------------------------------------------------------
PORTFOLIO INFORMATION:
#projects
     4
#global resources
     2
R_G1   R_G2   
    42    49
--------------------------------------------------------------------------------
INFORMATION OF PROJECT 1:
#jobs  release  duedate
    62     0    73
#local resources
     2
R_L1   R_L2   
    35    34
jobnr.  dur.  r_G1  r_G2  r_L1  r_L2  #succ.  successors
     0     0     0     0     0     0     3     1     2     3
     1     3     6     5     4     6     1     7
     2     9     1     2     8     3     1    17
     3     6     5     2     9     3     3     4     5     6
     4     5     4     9     4     6     3     8    10    53
     5     7     5     2     5     6     3    11    35    53
     6     3     1     9     4     1     1    39
     7     2     2     5    10     3     3    12    15    28
     8     5     5     7     2     7     2     9    18
     9     6     5     2     5     5     2    22    24
    10     1     6     7     1     6     3    13    14    36
    11     6     5     2     7     5     3    32    56    60
    12     8     8     4     5     2     1    16
    13    10     6     9     9     5     3    19    27    31
    14     6     3     4     6     1     1    45
    15     3     9     9     3     6     1    44
    16    10     5    10     4     1     1    24
    17     4    10     5    10     8     3    19    21    47
    18     6     4     7     9     1     1    20
    19     2     8     3     5     1     1    23
    20     2     2     5     4     2     2    26    57
    21     7    10     5     1     8     2    25    37
    22     7     6     6     2     2     1    42
    23     1    10     1     6     5     1    26
    24     2     2     7    10     4     1    39
    25    10     8     7     3    10     1    29
    26     2     7    10     3     8     1    32
    27     2     6     4     3     5     1    50
    28     8     3     8     6     3     1    49
    29     7     2     2     4     1     3    30    34    52
    30     4     6     3     7     7     1    56
    31    10     3     5     9     1     1    56
    32     8     5     7     8     6     1    33
    33     4     4     1     4     6     2    41    49
    34     8     9     3     6     7     2    43    50
    35     7     3    10     7     6     1    38
    36     9     2     6     1    10     2    40    55
    37     6     1     7     6     8     2    42    59
    38     6    10     6     4     6     1    42
    39     9     3     8     9     8     1    47
    40    10     2     8     5     9     3    43    46    48
    41     4     4     2     4     5     1    48
    42     9     6     8     5     9     1    46
    43     3     3     6     8     9     1    60
    44     2     2     1     5     8     1    54
    45     9     3     3     9     6     2    46    55
    46     3     4     3     6     6     1    57
    47     6     7     8     3     4     1    51
    48     1     1     5     6     9     1    54
    49     1     5     5     9     7     2    51    58
    50     8     6     5     6     4     1    54
    51     9     9     4     1     3     1    59
    52     3     3    10     4     4     1    55
    53     3     1     9     4     8     1    60
    54     9     7     9     3     9     1    59
    55     8     7     7    10     2     1    57
    56     9     1     4     5     1     1    58
    57     1     6     2     8     9     1    58
    58     6     5     2     6     3     1    61
    59     3     8     7     6     5     1    61
    60     8     2     4     4     1     1    61
    61     0     0     0     0     0     0
--------------------------------------------------------------------------------
INFORMATION OF PROJECT 2:
#jobs  release  duedate
    62     0   128
#local resources
     2
R_L1   R_L2   
    15    19
jobnr.  dur.  r_G1  r_G2  r_L1  r_L2  #succ.  successors
     0     0     0     0     0     0     3     1     2     3
     1     8     3     1     6     4     3     4     6    16
     2     9     1     5     5     3     2     5    13
     3     7     4     3     4     9     2    11    39
     4     5     5     1     4     2     3     7    20    26
     5     1     2     6     3     5     2    15    41
     6     9     5     5     2     8     2    17    22
     7     9     4     7     4    10     2     8     9
     8     6     7     5     6     5     3    10    14    18
     9     7     3    10     3     9     1    49
    10     8     5     1     6     5     3    12    23    28
    11     8    10     1     7     5     1    21
    12     8     9    10     1     8     1    30
    13     5     2     6     4     4     2    59    60
    14     1     1     4     9    10     3    24    40    45
    15     2     2     5     9     2     3    35    44    51
    16     2     4     2     6     8     1    25
    17     2    10     1     5     2     3    19    34    45
    18     9     5     2     1     2     1    25
    19     7     6     4    10    10     1    51
    20     6     8     8     4     9     1    38
    21     9     5     9     6    10     3    27    32    36
    22     8     4     7     7     7     1    49
    23     4     1     7    10     9     1    40
    24     5     6     6     3     1     1    38
    25     7     2     7     4     1     1    55
    26     1     4     3     3     8     1    41
    27     5     7     2     7     1     3    29    31    42
    28     5     6     8     4     9     1    43
    29     3     2     4     8     7     2    35    58
    30     1     1     7     3     1     2    37    54
    31    10     9    10     2     3     2    52    54
    32     7     3     3     2     9     1    33
    33     8     2    10     2     6     2    35    43
    34     2     1     6     2     6     1    55
    35     9     4     7     1     2     1    52
    36     9     5     3     1     7     1    47
    37     9     1     3    10     4     1    55
    38     3     6     5     1     3     1    39
    39     5     6     6     6     6     1    42
    40     5     9     7     9     6     1    48
    41     4     4     2     5     6     1    50
    42     7     7     6     1     2     2    50    52
    43     7     5     5     1     9     2    46    53
    44     5     9     7     8     9     1    45
    45     5     3     1     5     4     1    57
    46     3     4     2     8    10     1    58
    47     9     6     6     7     3     1    49
    48     8     9     1    10     5     1    56
    49     4     7     5     5     7     1    58
    50     3     3     6     1     9     1    57
    51    10     8     6     1     2     1    56
    52     1     7     8     2     5     1    56
    53     2     4     6     4     4     1    57
    54     1     2     2     2     7     1    60
    55     6     8     9     4     4     1    59
    56     1     2     8     3    10     1    60
    57     7     5     1     1    10     1    59
    58     9     6     1     2     1     1    61
    59     9     1     7    10     6     1    61
    60     9     5     5     2     8     1    61
    61     0     0     0     0     0     0
--------------------------------------------------------------------------------
INFORMATION OF PROJECT 3:
#jobs  release  duedate
    62     0   106
#local resources
     2
R_L1   R_L2   
    18    19
jobnr.  dur.  r_G1  r_G2  r_L1  r_L2  #succ.  successors
     0     0     0     0     0     0     3     1     2     3
     1     2     2     1     0     5     3     5    12    20
     2     1     2     8     0     1     3     4     7    27
     3     8    10     1     2     7     3    18    36    38
     4     6     8     1     4     0     3     6    10    15
     5     9     7     9     3    10     3     8    17    19
     6     3     0     6     8    10     3    16    21    56
     7     7     0     1     0     8     3     9    33    47
     8     4     4     3     0     9     3    11    31    51
     9     6     0    10     9     6     3    21    49    57
    10     1     0     5     2     4     3    14    18    45
    11     2     1     9     6     0     3    26    28    34
    12     6     8     2    10     0     3    13    22    29
    13     1     0     3     0     0     3    23    27    33
    14     6     1     7     0     6     3    19    21    40
    15     1     9     9     8     4     3    23    30    49
    16    10     4     8     5     1     3    24    26    32
    17     7     3     6     3     7     3    27    31    43
    18     1     0     8    10     3     3    37    44    54
    19     9     5     0     3     0     3    25    30    44
    20     8     7     5     0     4     2    28    58
    21     5     7     4     1     0     3    24    26    29
    22     6     6     8     2     9     3    33    35    38
    23     8     2     3     4    10     3    34    43    59
    24     3     5     4    10     7     3    31    41    52
    25     2     4     3     0     0     3    36    41    46
    26     8     7     2     3    10     1    59
    27     7     0    10     8     8     3    45    52    54
    28     8     0     9     3     7     3    30    32    47
    29     3     6     8     7     4     2    32    41
    30     5     1    10     7     5     1    53
    31     2     5     1     7     0     1    55
    32     2     2     0     0    10     2    39    44
    33     4     2     7     7     5     3    34    36    48
    34     7     5     0     2     0     2    42    45
    35    10     2     0     1     0     3    37    39    42
    36    10     3     6    10     0     2    42    50
    37     2     0    10     0     9     3    40    47    50
    38     9     8     9     0     5     3    39    46    55
    39     8     6     8     9     5     1    60
    40     8    10     2     8     5     3    43    46    57
    41     7     9     0     0     2     1    55
    42     3     6     6     5     8     1    54
    43     4    10     0     7     2     1    51
    44     1     0     3     8     3     1    60
    45     7     9     9     0     7     1    57
    46     3     8     1     8     0     1    48
    47     7     0     0     7     2     1    48
    48    10     0     8     5     6     1    49
    49     1     8     9    10     5     2    52    53
    50     7     0     3     8     0     1    51
    51     3     0    10     2     7     1    53
    52     6     0     5     4     0     1    59
    53     1    10     7     0     0     1    56
    54     3    10     8     4     6     1    56
    55     9     0     1     0     7     1    58
    56     1     2     3     9     3     1    60
    57     4     8     0     7     0     1    58
    58     1     1     2     0     6     1    61
    59     4    10     9     0     0     1    61
    60     7    10     0     6     6     1    61
    61     0     0     0     0     0     0
--------------------------------------------------------------------------------
INFORMATION OF PROJECT 4:
#jobs  release  duedate
    62     0   120
#local resources
     2
R_L1   R_L2   
    19    22
jobnr.  dur.  r_G1  r_G2  r_L1  r_L2  #succ.  successors
     0     0     0     0     0     0     3     1     2     3
     1     4     9     6     4     8     3     5     7    12
     2     9     5     5     4     6     3     4     6    24
     3     7     3     2     1     4     1     9
     4     2    10     5     8     7     3    15    32    34
     5     1     9     5    10     1     1    30
     6     6     1    10    10     9     3    11    14    35
     7     8     2     6     1     5     3     8    10    23
     8    10     7     8     2     3     1    18
     9     8    10    10     2     9     2    26    53
    10     7     8     4     6     8     3    13    17    27
    11     1     3     7     3     9     2    25    30
    12     2    10    10     8     7     2    16    21
    13     4     1     3     1     3     3    22    37    38
    14     9     1     1     8    10     2    19    31
    15     7     5     2     1     7     1    60
    16     7     6     5     7     3     1    35
    17     6     3    10     2    10     3    20    29    36
    18     3     8     7     2     8     2    19    50
    19     8     3    10     7     7     1    44
    20     6     1     8     4     2     1    40
    21     4     6     5     9     2     1    33
    22    10    10     2     4     5     1    30
    23     4     8     8     3     1     2    43    45
    24     7     1     6     3     8     2    26    46
    25    10     1     4     5     4     2    28    40
    26     2     8     5     6     9     1    47
    27     7     5     4     7    10     1    58
    28     3     1     6     5     2     1    56
    29     1    10     4     1     9     1    45
    30     8     5    10     3     5     1    58
    31     8     9     9     7     5     3    41    42    48
    32     1     2     2     5     4     1    39
    33     5     4     4     5     8     2    44    51
    34     1     1     6     9     3     1    52
    35    10     4     3     2     5     1    54
    36     5     9     1     3     3     1    39
    37     9     3     9     4     3     2    55    57
    38     1     5    10     7     4     1    59
    39     5    10     5     5     8     1    50
    40     7     5     8     7     6     2    45    49
    41     6     3     3     6     6     1    54
    42     9     2     9     3     6     1    53
    43     8     5     5     9     6     1    50
    44     2     8     4     7     3     1    49
    45     1    10     3     2     1     1    52
    46     8     5     9     3     6     1    55
    47     5     5     9     6     4     1    58
    48    10    10     9     3     4     1    60
    49     1     4     3     3     7     2    53    55
    50     7     6     5    10     6     1    51
    51     9     5    10     2     2     1    52
    52     7     9     1     7     8     1    57
    53     1     5     3    10     2     1    54
    54     7     5     1    10     6     1    59
    55    10     5     9     2    10     1    60
    56     3     6     2     2     2     1    57
    57     8     9     8     2     9     1    59
    58     5     7     5     4     4     1    61
    59     3     1     5     8     1     1    61
    60     7    10     3     2     6     1    61
    61     0     0     0     0     0     0
--------------------------------------------------------------------------------
TRANSFER TIMES OF GLOBAL RESOURCE G1
 DEPOT    P1    P2    P3    P4
     0     6    10     6    10
     6     0     7     8     6
    10     7     0    14    10
     6     8    14     0    11
    10     6    10    11     0
--------------------------------------------------------------------------------
TRANSFER TIMES OF GLOBAL RESOURCE G2
 DEPOT    P1    P2    P3    P4
     0     5     5     8     4
     5     0     4    10     7
     5     4     0     7     5
     8    10     7     0     4
     4     7     5     4     0
--------------------------------------------------------------------------------
Additional Information: 
global resource strength = 0.2
transfer time factor = 0.2
adapted from RCPSP instances: 
[j6014_4, j6013_8, j6041_3, j6013_1]
