--------------------------------------------------------------------------------
PORTFOLIO INFORMATION:
#projects
     4
#global resources
     2
R_G1   R_G2   
    40    35
--------------------------------------------------------------------------------
INFORMATION OF PROJECT 1:
#jobs  release  duedate
    62     0   116
#local resources
     2
R_L1   R_L2   
    17    18
jobnr.  dur.  r_G1  r_G2  r_L1  r_L2  #succ.  successors
     0     0     0     0     0     0     3     1     2     3
     1     6     0     6     0     7     3     5     6    23
     2     9     1     9     0     1     2    33    44
     3     2     9     0     2     1     3     4    15    27
     4    10     4     0     6     6     3     6     7    10
     5    10     4     0     9     2     3     9    10    13
     6     5     5     0     3     4     3     8    11    12
     7     7     5     1     8     9     1    24
     8     5     3     0     2     1     3    14    31    45
     9     3     7     0     8     0     1    11
    10     1     5     2     8     1     3    29    43    53
    11     7     4     4     7     8     3    20    25    30
    12     6     3    10     6     7     3    28    34    35
    13     8     5    10     7     8     2    16    19
    14     1     9     0     4     0     2    18    39
    15     9     8     5     0     0     2    17    22
    16     8     0     9     3     0     3    22    26    36
    17     5     2     0     3     8     2    26    40
    18    10     7     9     5     9     3    21    33    38
    19    10     0     8     1     0     1    38
    20     4     0     2     6     3     2    36    47
    21     7     6     0     7     0     1    41
    22     3     5     9     8     3     2    31    48
    23     8     9     1     0     0     1    35
    24    10     0     9     8     7     3    35    36    45
    25     7     5    10     1     8     1    47
    26     4     3     0     9     6     2    39    41
    27     3     1     8     3     8     3    44    48    58
    28     4     0     6     8     8     1    55
    29     6     4     0     0     0     1    49
    30     2     0     0    10     6     2    45    51
    31     7     5     7     6     1     3    32    38    57
    32     4     0     3     5     0     2    44    49
    33     8     7     7     0     0     2    41    54
    34     8     0     4     2     8     2    37    50
    35     5     0     8     4     2     1    47
    36     1     5     3     6     5     1    42
    37     9     1     0     7     8     2    46    53
    38     3     0     7     1    10     1    56
    39     7     3     1     3     1     1    54
    40     7     0     6     2     0     3    43    49    60
    41     3     3     4     2     8     2    53    56
    42     2     1     0     1     5     3    43    48    51
    43     9     3    10     3    10     1    57
    44     4     2     4     6     7     2    59    60
    45     1     0     9     6     1     2    52    58
    46     6     0     4    10     0     1    57
    47     9     0     2     1    10     1    59
    48     7     5     6     5     3     2    52    55
    49     2     8     4     8    10     1    50
    50     3     0     0     7     3     1    51
    51     2     5     8     5     8     1    52
    52     8     9     5     5     9     1    54
    53     1     2     0     5     0     1    55
    54     9     1     0     0     5     1    56
    55     8     0     7     2     1     1    60
    56     1     0     3    10     0     1    59
    57     5     5     1     0     9     1    58
    58     5     0     7     8     2     1    61
    59     7     9     1     9     5     1    61
    60     5     1     5    10     0     1    61
    61     0     0     0     0     0     0
--------------------------------------------------------------------------------
INFORMATION OF PROJECT 2:
#jobs  release  duedate
    62     0    93
#local resources
     2
R_L1   R_L2   
    26    25
jobnr.  dur.  r_G1  r_G2  r_L1  r_L2  #succ.  successors
     0     0     0     0     0     0     3     1     2     3
     1     9     6    10     2    10     3     7     8    27
     2     1     2     5     2    10     3     5    12    18
     3     1     9     4     0     0     2     4    49
     4     6     5     4    10     3     3     6    11    23
     5     9     0     0     5     3     3    10    47    60
     6    10     5     1     1     6     2    25    32
     7     9     5     9     8     2     3    13    16    26
     8     4     0     0     7     5     3     9    14    29
     9     7     4     3    10     8     1    22
    10     1     7     6     0     0     3    20    31    39
    11     6    10     5    10     4     1    17
    12     4     7     2     9     0     1    35
    13     9     0     0     1     0     1    56
    14     9     9     9     0     8     3    15    21    46
    15     3     7     7     9     1     1    45
    16     7     1    10     3     9     1    24
    17     3     0     8     9     9     1    51
    18     4     0     8     5     6     2    19    46
    19     4     3     0     3     7     2    37    50
    20     5     8     4     6     0     2    27    42
    21    10    10     0     0     0     3    31    33    36
    22     8     5     3     0     4     1    52
    23     1     7    10     6     1     1    48
    24     3     2     0     4     8     2    35    38
    25     8     0     1     4     1     2    40    52
    26     8     0     0     6     2     1    28
    27     8     8     7     3     9     1    38
    28     5    10    10     0     8     1    60
    29     3     8     4     6     4     1    30
    30     7     7     0     4     2     1    34
    31     1     3     9     0     5     1    54
    32     8     5     1     1     0     2    41    44
    33    10     9     4     9     7     1    43
    34     2     6     5     9     1     2    42    47
    35     3     4     4     5     4     1    50
    36     7     6    10     6     0     1    58
    37     1     0    10     7     6     1    45
    38     3     0     3     7     5     2    53    59
    39     2     5     6     8    10     1    45
    40     5     2     2    10     7     1    41
    41     3     0     0     1     0     1    55
    42    10     0     1     8     6     1    55
    43     8     8     5     7     0     1    44
    44     5     3    10     0     8     2    47    54
    45     8     5     1     2     3     1    54
    46     8     6     0     0     1     1    52
    47     2     9     4     0     8     2    48    50
    48     8     8     0     2     0     1    51
    49     6     0     5    10     5     1    57
    50     1     8     0     1     9     1    56
    51     2     2     4     0     7     1    55
    52     6     0     0     7     2     1    59
    53     6     8     4     0     9     1    56
    54     6     7     7     0     9     1    58
    55     9    10     0     5     0     1    59
    56     2     0     0     0     7     1    58
    57     1     0     5     0     9     1    60
    58     8     0     5     2     4     1    61
    59     9     1     9     3     0     1    61
    60     1     9    10     7     7     1    61
    61     0     0     0     0     0     0
--------------------------------------------------------------------------------
INFORMATION OF PROJECT 3:
#jobs  release  duedate
    62     0   129
#local resources
     2
R_L1   R_L2   
    20    21
jobnr.  dur.  r_G1  r_G2  r_L1  r_L2  #succ.  successors
     0     0     0     0     0     0     3     1     2     3
     1    10     9     1     9     8     3     4    29    32
     2     8     1    10     5     2     3     6    13    18
     3     3     8     9     1     8     2    47    56
     4     5     6     7     3     8     2     5    12
     5     9     4     5     3     9     1    42
     6     1     3     2    10     3     3     7     8    23
     7     7     8     6     1     4     3     9    10    16
     8     5     6     2    10     2     2    11    22
     9    10     8    10     4    10     3    14    50    52
    10     7     4     1     2     4     3    15    17    49
    11     8    10     2    10    10     2    30    52
    12     9     8     1    10     8     3    21    50    53
    13     2     4     8    10     9     1    59
    14     2     2     9     2     6     3    19    25    36
    15    10     1     9     5     5     3    20    33    38
    16     4     7     4     8     9     2    21    35
    17     8     4     4    10     5     1    27
    18     1     9     8     1    10     3    23    24    26
    19     1     6     4     4     7     2    20    38
    20     6     3     1     2     5     1    31
    21     1     1     1     4     5     3    34    45    54
    22     7     4    10    10     2     3    28    33    37
    23     3     4     5     3     4     1    53
    24     4     1     4     6     5     2    41    49
    25     4    10     5     6     9     2    27    39
    26     4     7     2    10     7     1    27
    27     2     9     6     1     9     1    35
    28     8     5     7     6     3     2    35    60
    29     6    10     9     4     6     3    41    44    46
    30     9     5     9    10    10     2    34    48
    31     2     2    10     9     3     1    42
    32     7     9     6     1     8     1    47
    33     6     9     1     9     5     3    36    43    52
    34     3     8     1     3     7     2    43    58
    35     8     8     7     7     5     1    48
    36     1     6     4     5     8     1    40
    37    10     2     7     6     1     1    40
    38     8     9     5     6     2     2    42    51
    39     4     4     1     5     4     3    40    41    45
    40     5     1     2    10     9     2    47    54
    41     1     2     3     9     7     1    48
    42     6    10    10     3     7     2    43    46
    43     9    10     1    10     2     1    56
    44     6     6     7     6     7     3    45    49    53
    45    10     3     3     2     3     1    51
    46     7    10     9     4     7     2    55    58
    47     8     8     4     6     9     1    55
    48     2     8     3     5     9     2    54    58
    49     9     2     2     4     9     1    51
    50     2     9     6     4     4     2    59    60
    51     7     9     1    10     4     1    57
    52     7    10     2    10     4     1    55
    53     9     1     2     2     6     1    56
    54     7     7     8     6     7     1    57
    55     7     3     4     4     6     1    57
    56     4     9    10     7    10     1    60
    57     9     9     3     7     1     1    59
    58    10     9     6     9     4     1    61
    59     2     9     4     6     8     1    61
    60     6     1     7    10     1     1    61
    61     0     0     0     0     0     0
--------------------------------------------------------------------------------
INFORMATION OF PROJECT 4:
#jobs  release  duedate
    62     0    95
#local resources
     2
R_L1   R_L2   
    20    21
jobnr.  dur.  r_G1  r_G2  r_L1  r_L2  #succ.  successors
     0     0     0     0     0     0     3     1     2     3
     1    10     5     5     2     4     3     6    16    28
     2     7     2    10     1     4     2     5    25
     3     1     8    10     2     7     3     4    11    14
     4     1     0    10     0     5     1     7
     5     8     0     0     8    10     3     8     9    31
     6     2     0     6     7     0     1    13
     7     4     0     7     7     3     3    12    17    29
     8    10     5     3     3     4     3    10    38    45
     9     7     4     0     0     8     2    27    43
    10     3     3     0     8     1     1    22
    11     5     0     0     6    10     1    53
    12    10     6     1     4     6     2    24    33
    13     7     0     4     4    10     2    15    47
    14     2     6     6     8     0     1    44
    15    10     0     2     3     0     1    23
    16     2     1     0     0     8     3    18    19    32
    17     4     2     6     0     3     1    40
    18     1     3     5     3     0     3    20    44    59
    19     5     0     4     0     7     3    21    23    54
    20     3     8     1     6     6     2    26    42
    21     8     9     0     0     9     1    35
    22     1     0     1     7     4     1    46
    23     9    10     4     6     1     2    30    57
    24     2     6     0     4     0     2    28    60
    25     2     6     6     5     1     1    30
    26     8     5     7     2     7     1    56
    27     1    10    10     1     5     1    48
    28     9     8     4     1     0     2    34    39
    29     8     0     8     6     3     1    36
    30     4    10     0     1     4     1    49
    31     2     0     0     8     3     1    59
    32     2     8     6     4     0     1    37
    33     1     5    10     5     0     1    51
    34     8     1     7     5     1     2    48    55
    35     2     0     0     7     2     2    39    47
    36     9     2     1     0     2     1    38
    37    10     1     7     7    10     1    46
    38     3     1     0     0     2     1    52
    39     7     5     3     4     0     1    52
    40     3     1     3     7     3     1    41
    41     2     2     0     8     3     3    42    50    57
    42    10     1     0     5     5     1    54
    43     5     4     1     5     0     1    46
    44     1     8     2     9     0     1    58
    45     4     7     8     2    10     2    52    56
    46     7     9     9     9     0     1    47
    47     8    10     1     0     2     1    49
    48    10     0     0     7     2     1    56
    49     6     1     1     3     4     1    50
    50    10     7     5     5     1     1    58
    51     9     0     6     1    10     1    60
    52     1    10     0     2     0     1    55
    53    10     5     0    10    10     2    54    55
    54     5     1     4     0     6     1    60
    55     5     2    10     5     0     1    57
    56     5     4     2     6     0     1    58
    57     5     7     2     1     0     1    59
    58     5     6     8     8     3     1    61
    59     1     0     1     1     6     1    61
    60     1     6     0     1     0     1    61
    61     0     0     0     0     0     0
--------------------------------------------------------------------------------
TRANSFER TIMES OF GLOBAL RESOURCE G1
 DEPOT    P1    P2    P3    P4
     0     7     9    12     7
     7     0     2    18    13
     9     2     0    19    14
    12    18    19     0    13
     7    13    14    13     0
--------------------------------------------------------------------------------
TRANSFER TIMES OF GLOBAL RESOURCE G2
 DEPOT    P1    P2    P3    P4
     0     6     8    10     5
     6     0     6    14    10
     8     6     0    18    12
    10    14    18     0     9
     5    10    12     9     0
--------------------------------------------------------------------------------
Additional Information: 
global resource strength = 0.2
transfer time factor = 0.2
adapted from RCPSP instances: 
[j6025_4, j6010_1, j6029_3, j609_4]
