--------------------------------------------------------------------------------
PORTFOLIO INFORMATION:
#projects
     6
#global resources
     2
R_G1   R_G2   
   105   101
--------------------------------------------------------------------------------
INFORMATION OF PROJECT 1:
#jobs  release  duedate
    62     0    66
#local resources
     2
R_L1   R_L2   
    33    37
jobnr.  dur.  r_G1  r_G2  r_L1  r_L2  #succ.  successors
     0     0     0     0     0     0     3     1     2     3
     1     5    10     8     9     2     3     4     6    31
     2     7     6     9     7     8     3     5    11    22
     3     1     3     3    10     2     3    14    19    44
     4    10     5     9     4     8     1    58
     5     1     6     8    10    10     3     7     8     9
     6     6     8     9     4     2     1    13
     7     5     3     2    10     7     2    12    21
     8     2     3     4     2     5     3    13    20    30
     9     2     6     7     9     8     2    10    27
    10     5     9     6     3     3     2    18    41
    11     7     4     8     3     8     2    49    57
    12     3     9     3     7     8     1    39
    13     3     6     1     4     1     2    15    55
    14     9     9     7     4     8     3    16    29    40
    15     7     6     4     2     3     3    17    32    38
    16     9     3     1     5     2     3    37    46    53
    17     9     8    10    10     1     3    23    25    36
    18     3     7     2     4     9     1    48
    19     6     6     7     4     7     1    30
    20     3     5     9    10     7     2    24    46
    21     3     5    10     1     7     1    28
    22     8     3    10     1     1     3    33    34    45
    23     9     8    10     8     5     1    35
    24     6     1    10    10     9     1    26
    25     7     8    10     5     8     1    54
    26     1     5     6     4     9     1    32
    27     8     8     8     7     4     1    48
    28     2     3     2     1     1     1    42
    29     7     2    10     2     3     1    30
    30     1     5     8     6     5     2    50    51
    31     4     8     5     6     3     1    34
    32     5     9     2     3     2     1    47
    33     9     2     1     6     5     1    40
    34     9     9     8     4     1     1    51
    35     9     8     9    10     9     1    52
    36    10     7     1     7    10     1    40
    37     2     6     1     6     2     1    42
    38     1     6    10     2     9     1    43
    39     1     8     8     8     1     1    47
    40     3     6     8     3     1     1    53
    41     5     8     1     4     8     1    59
    42     5     2     8    10     2     1    45
    43     6     6    10     3     3     2    52    54
    44     8     7     2     3    10     1    51
    45     9     3    10     4     3     1    47
    46     5     6     5     9     3     1    55
    47    10     8     9     4     4     1    52
    48     7    10     1    10     9     1    50
    49     2    10     1     1     4     1    50
    50     9     6     9    10     9     1    54
    51     4     3    10     2     1     1    60
    52     3     6     9     2     5     1    57
    53     1    10     4     5     4     1    56
    54     1    10     4     8     7     1    59
    55     6     2     7     6     7     2    58    59
    56     9     7    10     3     5     1    57
    57     2     1     3     5     6     2    58    60
    58     4     2     3     4     2     1    61
    59     5     1     8     8     5     1    61
    60     6     1     7     8     4     1    61
    61     0     0     0     0     0     0
--------------------------------------------------------------------------------
INFORMATION OF PROJECT 2:
#jobs  release  duedate
    62     0   116
#local resources
     2
R_L1   R_L2   
    20    18
jobnr.  dur.  r_G1  r_G2  r_L1  r_L2  #succ.  successors
     0     0     0     0     0     0     3     1     2     3
     1     9     5     0     8     1     3     5     7     9
     2     7     8     9     3     4     3     4     6     8
     3     9     0     0     8     6     1    52
     4    10     6     5     5     0     3    12    16    24
     5     6     1    10     0     1     2    23    25
     6     8     0     7    10     2     2    13    33
     7     8     0     6    10    10     2    27    40
     8     1     0     4     0     1     3    10    11    14
     9     7     8     0     9    10     1    29
    10     9     0     9     8     0     1    23
    11     4     1     0     7     4     1    15
    12     6     8     8     2     1     3    17    32    52
    13     6     6     2     2    10     1    18
    14     9     1     8     7     6     2    20    28
    15     2     5     5     7     0     2    27    45
    16     7     3     0     2    10     1    57
    17     2     5    10     5     7     2    19    21
    18     9     4     0     1     2     1    31
    19     9     7     6     1     0     1    22
    20     9    10     0     5     9     1    26
    21     5     8     1     9     5     1    30
    22     2     0     3     1     0     1    44
    23    10     7     6     0     0     1    48
    24     7     1     0     2     2     1    41
    25     5     0     9     3     2     3    54    56    60
    26     1     9    10     1     0     3    29    37    43
    27     5     0     3     8     4     1    29
    28    10     0     0     2     1     1    36
    29     9    10     8     7     0     1    58
    30     5     5     5     5     8     2    37    47
    31     9     1    10     4     5     3    34    35    56
    32     9     0     0     7     0     1    35
    33     2     0     0    10     5     2    35    41
    34     8     5     1     9     2     1    39
    35     5     1     0     0     6     1    38
    36     4     9    10     0    10     3    39    46    49
    37     6     7     7     8     0     2    42    50
    38     7     1     6     2    10     1    59
    39     4     7     6     7     5     2    51    53
    40     2     8     7     3     4     1    43
    41     9     9     6     6     0     1    42
    42     1     0     6     2     3     1    55
    43     7     7     4     8     6     1    55
    44     8     0     2     1     0     1    47
    45     6     0     0     6     9     1    53
    46     4     0     0     0     5     1    51
    47     9     4     5     2     0     1    49
    48    10     4     0    10    10     1    50
    49    10     3     6     0     6     1    56
    50     7     0     6     1     0     2    53    57
    51     9     1     1     9     3     2    52    60
    52     2     1     0     7     9     1    55
    53     8     1     3     2     6     1    60
    54     6    10     8     7     3     1    59
    55     5     0     9     0     9     1    59
    56    10     0     2     3     0     1    57
    57     8     6     3     4     0     1    58
    58     9     5     8     0     7     1    61
    59     4     8     3     1     3     1    61
    60     6     9     1     8     8     1    61
    61     0     0     0     0     0     0
--------------------------------------------------------------------------------
INFORMATION OF PROJECT 3:
#jobs  release  duedate
    62     0   108
#local resources
     2
R_L1   R_L2   
    24    23
jobnr.  dur.  r_G1  r_G2  r_L1  r_L2  #succ.  successors
     0     0     0     0     0     0     3     1     2     3
     1     8     9     7     7     6     2    34    39
     2     8    10     7     4     8     3     4     9    24
     3     8     6     7     6     1     3     5     8    11
     4     6     5     5     9     8     2     7    18
     5     8     9     2     9     5     3     6    13    27
     6     7     2     8    10    10     3    40    48    60
     7     9     6    10     7     7     3    12    14    21
     8     8     4     5     4     5     3    10    17    22
     9    10     2     5     8     1     2    23    30
    10     1     4     7     2     4     1    25
    11     7     1     4     1     9     1    28
    12     1     4     9     7     9     1    20
    13     7     1     9     6     9     2    35    44
    14     1    10     5     7     4     3    15    16    45
    15     9     1     8     4     7     1    38
    16    10     5     7     2     2     2    37    46
    17     8    10     8    10     3     3    19    26    29
    18     4     9    10     3     7     1    51
    19     1     3     6     1     1     1    48
    20     2     8     8     6     5     1    27
    21    10     9     6     7     4     1    49
    22     7     3    10     4     7     2    33    47
    23     5     4     2     5     4     2    54    57
    24     8     2     6     6     7     1    37
    25     9    10     4     9     6     2    28    58
    26    10     8     1    10     7     1    49
    27     4    10     8     8     7     1    31
    28     4     4     6     4     5     1    30
    29    10     3     9     7    10     1    32
    30     7    10     4     9     7     1    59
    31     5     6     5     1     4     2    42    50
    32     1     2     2     9    10     2    38    55
    33     5     7    10     6     1     2    36    43
    34     5     8     5     6     2     1    50
    35     4     8     5     2     4     1    55
    36    10    10     5    10     8     1    56
    37     5     2     6     2     7     1    49
    38     6     3     6     7     3     2    52    59
    39     3     4     3     8     3     2    40    53
    40     3     2     2     9     4     1    41
    41     8     5     5     6    10     1    56
    42     4     8     1     6     1     1    57
    43     7     3     9     7     6     2    52    57
    44     4     1     7     7     2     1    58
    45     6     9     1     4     2     1    48
    46    10     9     3     3     2     1    56
    47     7     7     7     4     8     1    52
    48     7    10     1     6     6     1    51
    49     5     9    10     1    10     1    54
    50     3     2    10     2     4     1    53
    51     2     1     4     5     2     1    54
    52     9     1     3     5     9     1    53
    53     5     2     3    10     8     1    60
    54     5     2     8     3     5     1    55
    55     3     7     3     3     5     1    59
    56    10     2     7     5     1     1    58
    57     2     8     3     1     1     1    60
    58     8     2     6     6     3     1    61
    59     4     6     4     4     3     1    61
    60     7    10     7     7     8     1    61
    61     0     0     0     0     0     0
--------------------------------------------------------------------------------
INFORMATION OF PROJECT 4:
#jobs  release  duedate
    62     0    83
#local resources
     2
R_L1   R_L2   
    34    30
jobnr.  dur.  r_G1  r_G2  r_L1  r_L2  #succ.  successors
     0     0     0     0     0     0     3     1     2     3
     1     2     5     2     7     3     3    20    21    47
     2     8    10     1     9     6     3     5     8    13
     3     1     9    10     3     6     3     4    13    16
     4     3     4     9     6     6     3    11    26    27
     5     6     8     1     2     1     3     6     7    10
     6     8     3     4     6     5     3    35    41    44
     7     5     2     1     8     8     3    12    15    23
     8     6     8     5     4     2     3     9    14    24
     9     3    10     3     7     1     3    36    39    40
    10     2     6     6     2     7     3    23    31    40
    11     1     6     2     6     2     3    12    31    43
    12     3     9     5     9     2     2    37    38
    13     8     9     5     7     7     2    18    22
    14     4     3     5     4     9     3    22    36    46
    15     4    10     4     5     5     3    17    22    50
    16     8     2     1    10     1     3    19    27    52
    17     9    10     3     1     2     3    18    25    41
    18     3    10     1     2     6     3    32    33    45
    19     3     9     8     2    10     3    20    45    54
    20     7     2     5    10     7     2    25    60
    21     7     8    10    10     2     3    23    28    31
    22     6     3    10     8     5     3    27    30    51
    23     7     8    10     4     3     2    29    33
    24     1     7     6    10     2     3    25    41    43
    25     1     5     9     5     4     1    58
    26     3     6     4     3     7     1    42
    27     4     1     5     1     2     3    35    37    38
    28    10     6     7     4     3     3    30    37    44
    29    10     8     5     3     9     3    34    49    56
    30     4     7     8     6    10     1    33
    31     2     8     4     1     4     2    39    55
    32     6    10     2     4     3     3    36    46    59
    33     6     7     4     6     2     3    34    48    60
    34     5     1    10     2     9     2    35    57
    35     7     4     8    10     3     1    59
    36     8     3    10     5     9     2    38    47
    37     6     6     8     5     7     2    39    53
    38     6     4     9     6     8     1    55
    39     3     1     8     6    10     1    49
    40     1     1    10     9     5     3    42    43    44
    41     8     1    10     4     8     2    42    47
    42    10    10     6    10     6     2    48    51
    43     5    10     8     4     3     2    50    52
    44     7     7     7     7    10     2    45    50
    45     9     1     5     1     7     2    46    56
    46     7     3     9     2     4     1    57
    47     5     6     2     6     7     2    49    55
    48     1    10     3     8     5     2    52    58
    49     3     9     1     8     2     1    54
    50     7    10     8     9     9     2    51    53
    51     4     8    10     1     9     1    54
    52     8     6     3     2     3     1    53
    53     6     7     8     3     7     1    56
    54     6     5     4    10     4     1    60
    55     2     8     6     8     2     1    57
    56     4     7     7     6     1     1    59
    57     5     5     2     5     3     1    58
    58     5     7     2     5     7     1    61
    59     6     4     8     6     9     1    61
    60     5     4     6     9     5     1    61
    61     0     0     0     0     0     0
--------------------------------------------------------------------------------
INFORMATION OF PROJECT 5:
#jobs  release  duedate
    62     0   103
#local resources
     2
R_L1   R_L2   
    18    21
jobnr.  dur.  r_G1  r_G2  r_L1  r_L2  #succ.  successors
     0     0     0     0     0     0     3     1     2     3
     1     8     7     6     3     0     2     7    48
     2     2     0     4     4     6     3    15    25    38
     3     6     2     9     0     7     3     4     5     6
     4     9     7     0     0     8     3    12    21    31
     5     2     8     1     2     0     3     8    24    31
     6     8     4     7     6     9     2    19    45
     7     2     5     6     2     9     3     9    27    39
     8     1     9     0     3    10     3    10    14    22
     9     9     1     4     9    10     3    11    35    40
    10    10     9     1     0     0     3    13    17    28
    11    10     1     3     2     8     2    32    36
    12     9    10     7     0     8     3    20    30    59
    13     7     6     0     5     7     3    26    37    53
    14     7     0     0     6     3     3    16    18    37
    15     4     0    10     3     7     1    27
    16     6     5     0     2     1     1    56
    17     9     3     3     0     1     2    42    52
    18     4     0     6     0     9     2    25    29
    19     2     8     5     3     0     3    31    34    55
    20     9     2     0     8     9     2    51    54
    21     7     0     3     0     6     3    26    30    57
    22     9     4     1     5    10     1    23
    23     5     2     8     6     1     3    32    33    39
    24     5     6    10    10     4     1    38
    25     3     0     4     3     2     2    43    51
    26     4     3     6    10     6     2    48    58
    27    10    10     1     4     6     2    41    44
    28     8     8     8     6     1     1    30
    29     5     1     5     0     8     1    57
    30     2     2     9     6     0     3    38    42    54
    31    10     3     0     3     2     2    43    44
    32     5     7     5     8     1     1    50
    33     7     5     6     4    10     2    37    52
    34     8     9     7     6     5     2    44    46
    35     8     6     2     3     7     1    41
    36     3     2     0     8    10     2    49    54
    37    10    10     0     0     9     1    47
    38     4     0     0     2     8     2    43    45
    39     4    10     7    10     0     1    58
    40     7     0     1     2     1     1    42
    41     2     0     9     7     0     2    45    47
    42     6     0    10     1     0     1    46
    43     3     5     0     7     0     1    46
    44     4     4     7     9     0     2    50    57
    45     9     5     0     3     0     2    49    51
    46     9     8     5     8    10     2    53    60
    47     1     0     6     9     6     1    55
    48     3     6     7     6     4     1    55
    49     1     5     0     0     2     1    50
    50    10     0     9     2     4     1    56
    51     7     5     3     1     0     2    52    53
    52     1     0    10     2     3     1    56
    53    10     5     7     2     0     1    58
    54     5     4     0     7     5     1    60
    55     5     0     5     6     0     1    59
    56     6     7     1    10     0     1    60
    57     5     0     0     3     5     1    59
    58     6     0     7     2     7     1    61
    59     2     5     0     7     0     1    61
    60    10     8     6     2     0     1    61
    61     0     0     0     0     0     0
--------------------------------------------------------------------------------
INFORMATION OF PROJECT 6:
#jobs  release  duedate
    62     0    84
#local resources
     2
R_L1   R_L2   
    27    32
jobnr.  dur.  r_G1  r_G2  r_L1  r_L2  #succ.  successors
     0     0     0     0     0     0     3     1     2     3
     1     9     2     6    10     7     3     4     5     9
     2    10     1     2     4     6     3     8    17    24
     3     1     3     9     2     6     3     6     7    10
     4     4     9     5     6     6     3    12    16    48
     5     1     6     3     7     9     3     7    11    42
     6     6     2     8     7     7     3    17    27    34
     7     2     2    10     6     1     3    14    32    52
     8     7     1     4     8    10     2    11    27
     9     4     2     9     9     7     3    21    46    55
    10     1     2     3     8     4     3    14    15    31
    11     3     6     8     3     3     2    13    59
    12    10     8     2     6     8     3    19    20    23
    13     4     9     8     6     2     1    49
    14     7     9     6     5     5     2    16    29
    15     9     1     1     9     1     3    18    26    30
    16     2     6     9     9     8     3    33    45    47
    17     3    10    10     6     1     3    22    48    55
    18     9     9     6     2    10     3    44    45    49
    19     5     8     6     2     3     3    22    26    34
    20     1    10    10     2     7     3    22    28    41
    21     8     5     6     4     7     3    25    31    49
    22     5     8     4     3    10     3    33    35    36
    23    10     2     5     2     3     3    24    38    46
    24    10     8     2     6     4     3    30    35    36
    25     4    10     8     7     4     3    32    35    37
    26     7    10     9     2     4     3    32    40    50
    27     5     2     4     5     6     2    29    48
    28     4    10     4     2    10     1    33
    29     9     2     4     2    10     3    39    45    50
    30     8     4     7     2     7     3    43    52    55
    31     4     6     2     8    10     3    34    36    42
    32    10     8     3     1     1     3    38    51    56
    33     3     3     2     4     5     3    37    50    58
    34     8     6    10     1     4     3    37    39    44
    35     7    10     2     8    10     2    42    54
    36     7     1     1     9     1     2    40    60
    37     5     1     2     9     8     1    38
    38    10     3     1     5     9     1    43
    39     7     7     9     8     8     3    40    43    56
    40     4     6     6     9    10     1    53
    41     6     9     7     8     5     2    46    53
    42     3     3     3    10     1     1    44
    43     1     6     1     1     6     1    54
    44     7     5     1     2    10     1    47
    45     8     2     7     4     8     1    54
    46     1     3     6     7    10     2    47    52
    47     8     2     4    10     8     1    57
    48     4     8     1    10     1     1    51
    49    10     4     1     1     8     1    57
    50     1     8     3    10    10     2    51    60
    51     6     1     6     3     5     1    53
    52     4     8     1     5     8     1    57
    53     1     2     3     2    10     1    59
    54     2     9     4     3     2     1    59
    55     6     6     7     1     9     1    56
    56     3     4    10     6     8     2    58    60
    57     2     6     8     3     4     1    58
    58     9     4     7     1     4     1    61
    59     5     5     5     5    10     1    61
    60     1     2    10    10     2     1    61
    61     0     0     0     0     0     0
--------------------------------------------------------------------------------
TRANSFER TIMES OF GLOBAL RESOURCE G1
 DEPOT    P1    P2    P3    P4    P5    P6
     0    21    24    29    32    20     7
    21     0     8    34    39    20    22
    24     8     0    41    45    15    22
    29    34    41     0     6    45    35
    32    39    45     6     0    49    38
    20    20    15    45    49     0    15
     7    22    22    35    38    15     0
--------------------------------------------------------------------------------
TRANSFER TIMES OF GLOBAL RESOURCE G2
 DEPOT    P1    P2    P3    P4    P5    P6
     0    25    17    14    23    29    18
    25     0    13    34    39    53    40
    17    13     0    29    37    43    34
    14    34    29     0    11    27     6
    23    39    37    11     0    34    11
    29    53    43    27    34     0    24
    18    40    34     6    11    24     0
--------------------------------------------------------------------------------
Additional Information: 
global resource strength = 0.5
transfer time factor = 0.5
adapted from RCPSP instances: 
[j6014_3, j609_6, j6013_4, j6046_7, j6025_2, j6046_3]
