--------------------------------------------------------------------------------
PORTFOLIO INFORMATION:
#projects
     8
#global resources
     2
R_G1   R_G2   
    63    65
--------------------------------------------------------------------------------
INFORMATION OF PROJECT 1:
#jobs  release  duedate
    62     0   110
#local resources
     2
R_L1   R_L2   
    26    24
jobnr.  dur.  r_G1  r_G2  r_L1  r_L2  #succ.  successors
     0     0     0     0     0     0     3     1     2     3
     1     2     3    10     4    10     2    11    20
     2     1     5     7     2     4     3     4     5    22
     3     8     1     5     2     9     3     8    14    21
     4    10     6     3     4     1     1     8
     5    10     9     2     6     9     3     6     7     9
     6     1     6     9     6    10     2    13    34
     7     7     6     2     4     5     1    39
     8     4    10    10     1    10     3    10    24    26
     9     2     8     7     9     9     3    23    43    48
    10     2     4     5     7    10     1    12
    11     5     2     2     7     3     3    15    35    60
    12     1     9     1     9     1     1    19
    13     3    10     2     3     9     3    16    33    36
    14     2     6     2    10     3     1    29
    15     1     7     3     2     1     1    27
    16     1     9     3    10    10     2    17    18
    17     2     4     8     8     3     2    30    31
    18     3     2     8     2    10     3    40    43    50
    19    10     1     9     4     4     1    25
    20     6     2     8     3     2     1    29
    21    10     4     9     7     4     1    28
    22     7     8    10    10     9     1    55
    23     9     7     1     8     9     1    37
    24     2     5     4    10     9     1    41
    25     3     2     1    10     4     1    33
    26     6     5     1    10     9     2    32    40
    27     8     9     5     7     7     1    40
    28     9     3     6     6     5     2    45    57
    29     7     5     9    10     1     1    41
    30     8    10     2    10     4     1    38
    31     1    10     5     5     7     1    46
    32    10     5     7     6    10     2    41    51
    33     2     5     9     1     3     1    47
    34     8     5     3     4     7     2    49    54
    35     2     9     6     4     1     1    47
    36     7     4     4    10     3     3    45    53    58
    37     5     7     9     6     8     2    42    52
    38     2    10     7     1     4     1    49
    39     8     6    10     2    10     1    49
    40    10     6     3     3    10     1    53
    41     7    10     6     9     9     2    45    56
    42     3     9     9     8     9     2    54    60
    43     7     9     6     7     8     1    44
    44     5     8     3    10     8     1    60
    45    10     8     3     7     1     1    46
    46     9     1     6     5     6     1    59
    47     5     3     4     8     1     1    52
    48    10     6    10     2     4     1    56
    49     9     8     7     5     1     1    59
    50     5     5     1     4     3     2    53    58
    51     6     8     1     2    10     1    54
    52    10     4    10     1     2     1    55
    53     9     5     3     3     3     1    59
    54     7     3     4     6     4     1    55
    55     4     3     2     8     9     1    57
    56     7     2     3     7     3     1    57
    57    10     3     5     5     2     1    58
    58     5     7     6     4     1     1    61
    59    10     1     9     1     3     1    61
    60     6     9     8     1     4     1    61
    61     0     0     0     0     0     0
--------------------------------------------------------------------------------
INFORMATION OF PROJECT 2:
#jobs  release  duedate
    62     0   116
#local resources
     2
R_L1   R_L2   
    17    17
jobnr.  dur.  r_G1  r_G2  r_L1  r_L2  #succ.  successors
     0     0     0     0     0     0     3     1     2     3
     1     9     0    10     8     3     2     7     8
     2     7     0     7     8     3     3     6     8    10
     3     9     0     6     5     0     3     4    17    47
     4     3     3     8     4     5     3     5     9    10
     5     3     2     0     9     1     1    35
     6     3     3     1     5     0     3    11    17    31
     7     1     5     8     4     0     2    11    21
     8     9     1     7     1     0     1    24
     9     9     5     0     2     8     1    25
    10     9     4     2     2     1     2    37    54
    11     8     0     2     9     5     3    12    13    25
    12     7     0    10     5     0     3    15    19    23
    13     2     9     4     2     3     3    14    16    33
    14     6     0     0     0     3     3    28    30    41
    15     9     7     7     0     9     3    18    55    59
    16    10    10     1     2     6     3    24    29    43
    17     9     8     2     0     1     2    35    60
    18     3     9     9     0     5     3    22    45    49
    19     2    10     3     9     0     3    20    29    50
    20     7     5    10     9     7     1    40
    21     8     3     2     4     8     3    23    27    51
    22     9     0     3     6     5     3    26    34    43
    23    10     5     6     0     4     1    39
    24     4     6     1     4     3     2    30    37
    25     5     4     0     9     9     2    29    46
    26     8     8     2    10     5     1    53
    27     7     3     6     7     3     3    31    32    46
    28     8     7     5     2     1     1    34
    29     2     0     4     6     3     3    51    52    55
    30    10     2     7     0     0     1    36
    31     1     2     7     3     6     2    36    43
    32     3     9     0     6     2     1    41
    33     7     9     3     0     7     3    35    37    38
    34     5     1     3     7     4     3    38    39    40
    35     8     4    10    10     0     2    44    56
    36     2     0     2     5     0     2    40    48
    37     7     3     0    10     2     1    50
    38     3     8     8     1     4     1    52
    39     2     0     7     0    10     1    54
    40     8     1     4     1     0     1    58
    41     3     7     2    10     0     1    42
    42     9     0     9     5     6     1    47
    43     7     8     1    10     0     1    44
    44    10     7     4     8     0     1    57
    45     9     1     6     5     0     1    48
    46     7     9     3     0     0     1    60
    47     7     2     3     6     0     1    59
    48     7     2     0     4     0     1    53
    49     5     1     1     6     7     2    52    57
    50     4     9     2     0     8     2    51    55
    51     1     0     8     0     8     2    56    59
    52     2     4     5     1     7     1    53
    53     8     5     5     5     0     1    54
    54     4     2     0     0     0     1    56
    55     2     5     9     7     7     2    57    60
    56     1     2     0     0     4     1    58
    57     8     0     2     1     7     1    58
    58     6     2     0     0     0     1    61
    59     8     9     3     0    10     1    61
    60     2     6     8     4     0     1    61
    61     0     0     0     0     0     0
--------------------------------------------------------------------------------
INFORMATION OF PROJECT 3:
#jobs  release  duedate
    62     0    95
#local resources
     2
R_L1   R_L2   
    20    16
jobnr.  dur.  r_G1  r_G2  r_L1  r_L2  #succ.  successors
     0     0     0     0     0     0     3     1     2     3
     1    10     5     4     2     5     3     6    16    28
     2     7     2     4     1    10     2     5    25
     3     1     8     7     2    10     3     4    11    14
     4     1     0     5     0    10     1     7
     5     8     0    10     8     0     3     8     9    31
     6     2     0     0     7     6     1    13
     7     4     0     3     7     7     3    12    17    29
     8    10     5     4     3     3     3    10    38    45
     9     7     4     8     0     0     2    27    43
    10     3     3     1     8     0     1    22
    11     5     0    10     6     0     1    53
    12    10     6     6     4     1     2    24    33
    13     7     0    10     4     4     2    15    47
    14     2     6     0     8     6     1    44
    15    10     0     0     3     2     1    23
    16     2     1     8     0     0     3    18    19    32
    17     4     2     3     0     6     1    40
    18     1     3     0     3     5     3    20    44    59
    19     5     0     7     0     4     3    21    23    54
    20     3     8     6     6     1     2    26    42
    21     8     9     9     0     0     1    35
    22     1     0     4     7     1     1    46
    23     9    10     1     6     4     2    30    57
    24     2     6     0     4     0     2    28    60
    25     2     6     1     5     6     1    30
    26     8     5     7     2     7     1    56
    27     1    10     5     1    10     1    48
    28     9     8     0     1     4     2    34    39
    29     8     0     3     6     8     1    36
    30     4    10     4     1     0     1    49
    31     2     0     3     8     0     1    59
    32     2     8     0     4     6     1    37
    33     1     5     0     5    10     1    51
    34     8     1     1     5     7     2    48    55
    35     2     0     2     7     0     2    39    47
    36     9     2     2     0     1     1    38
    37    10     1    10     7     7     1    46
    38     3     1     2     0     0     1    52
    39     7     5     0     4     3     1    52
    40     3     1     3     7     3     1    41
    41     2     2     3     8     0     3    42    50    57
    42    10     1     5     5     0     1    54
    43     5     4     0     5     1     1    46
    44     1     8     0     9     2     1    58
    45     4     7    10     2     8     2    52    56
    46     7     9     0     9     9     1    47
    47     8    10     2     0     1     1    49
    48    10     0     2     7     0     1    56
    49     6     1     4     3     1     1    50
    50    10     7     1     5     5     1    58
    51     9     0    10     1     6     1    60
    52     1    10     0     2     0     1    55
    53    10     5    10    10     0     2    54    55
    54     5     1     6     0     4     1    60
    55     5     2     0     5    10     1    57
    56     5     4     0     6     2     1    58
    57     5     7     0     1     2     1    59
    58     5     6     3     8     8     1    61
    59     1     0     6     1     1     1    61
    60     1     6     0     1     0     1    61
    61     0     0     0     0     0     0
--------------------------------------------------------------------------------
INFORMATION OF PROJECT 4:
#jobs  release  duedate
    62     0    96
#local resources
     2
R_L1   R_L2   
    27    26
jobnr.  dur.  r_G1  r_G2  r_L1  r_L2  #succ.  successors
     0     0     0     0     0     0     3     1     2     3
     1     2     4     1    10     9     3     4     8    10
     2     6     1     9    10     7     3     5     6    34
     3     8     9     7     1     6     2     7    31
     4     2     4     8     9     8     3     9    15    22
     5     4    10     3     8     1     1    30
     6     2     2     3     6     1     1    52
     7     4     3     9     1     7     3    18    20    51
     8     5     9     2     8     7     2    22    28
     9    10     2     8     4     3     3    11    16    19
    10     3     2     6     2     3     3    12    24    35
    11     8     9    10     9     2     2    13    44
    12     8     1     8     7     8     1    57
    13     3     4     1     1     5     2    14    39
    14    10     6     1     9     1     3    21    28    47
    15    10    10     4     8     3     3    17    23    25
    16     4     3     9     9     3     1    31
    17     2     1     4     7     6     1    32
    18     9     3     1     8    10     1    53
    19     3     2     8     2     9     2    27    30
    20     8     1     7     3    10     1    26
    21     3     5     1     7    10     1    57
    22     5     3    10     5     6     3    29    33    52
    23     5     5     6     9     1     1    56
    24     6     9     4     4     2     2    38    49
    25     6     6     2     7     1     1    46
    26     8     1     4     1     4     1    28
    27     6     3     1     2     6     1    40
    28    10     4     7     8     7     1    42
    29    10     1     4     8     5     1    45
    30     7     1     2     5    10     1    40
    31     3     7     8     4     7     1    43
    32     2     3     8     8     1     2    37    59
    33     8     7     9     6     5     2    41    53
    34     7    10     3     3     1     1    36
    35     6     5     7     3     7     1    56
    36    10     8     2     8    10     2    40    41
    37     8     4     8     2     6     1    39
    38    10     4     9     4     7     1    57
    39     2     9     3     7     9     1    48
    40     3     6     8     3     5     2    43    56
    41     4     6     7     2     2     1    50
    42     5     6     8     7     5     1    50
    43    10     8    10     3     8     1    58
    44     6     6     2    10     7     1    47
    45     7     2     8     1     8     1    55
    46     4     7     1    10     9     2    48    55
    47     7     5     8     1     4     1    54
    48     2     9     2    10     2     1    50
    49     4     8     2     5     5     2    52    59
    50     2     8     1     3     1     1    54
    51     2     1     9    10     7     1    59
    52     4     1     3     8     5     1    54
    53     1     8     9     5     1     1    60
    54     2     6    10     8     4     1    58
    55    10     6     5     1     3     1    58
    56     7     8     5     4     7     1    60
    57     4     8    10     7     8     1    60
    58     3     9     9    10     2     1    61
    59     5     2     3     4     7     1    61
    60     6     6     8     9     5     1    61
    61     0     0     0     0     0     0
--------------------------------------------------------------------------------
INFORMATION OF PROJECT 5:
#jobs  release  duedate
    62     0    90
#local resources
     2
R_L1   R_L2   
    19    18
jobnr.  dur.  r_G1  r_G2  r_L1  r_L2  #succ.  successors
     0     0     0     0     0     0     3     1     2     3
     1     9     0    10     0     5     1    16
     2     8     5    10     0     6     3     4     8    11
     3    10     8     4     7     7     3     7    26    28
     4     6     4     3     0     8     3     5     6    23
     5    10     1     9     1     8     3     9    10    60
     6     9     3     2     1     0     3    12    34    40
     7     1     4     0     8     6     2    15    32
     8    10     4     0     3     1     1    21
     9     2     0     1     6     3     1    41
    10     3     5     1     0     3     1    18
    11     3     5     9     6     2     3    14    16    53
    12     5     4     9     0     3     3    13    17    25
    13     6     4    10     5     0     3    45    50    59
    14     5     8     6    10     2     2    22    47
    15     8     0     2     2     0     1    47
    16     5     9     4     8     4     3    19    20    27
    17     2     1     4     4     5     3    41    46    55
    18     4     9     9     5     0     1    33
    19     7     1     1     0     4     2    35    39
    20     5     1     0     0     0     3    24    29    36
    21    10     4     0     4     0     1    30
    22     1     0    10     1     5     1    38
    23     6     9     6     4     8     1    24
    24     4     3     3     4     2     2    30    31
    25     2    10     0     3     8     1    41
    26     6     6     1     0     0     1    55
    27     4     0    10     7     0     1    46
    28     1     9     8     7     1     2    39    54
    29     7     8     0     1    10     2    49    51
    30     5     0     9    10    10     1    38
    31     4     4     3     1     2     1    57
    32     2    10     9     4     0     1    53
    33    10     9     0     8    10     1    40
    34     4     2    10     2    10     1    42
    35    10     0     1    10     8     1    40
    36     3     7     8     7     6     1    37
    37     5     5     0     7     0     1    49
    38     3     0     2    10     9     1    58
    39     8     0     2     9     0     1    43
    40     3     4     9     0     0     3    43    44    52
    41     1    10     8     6     6     1    45
    42     1     9     0     4    10     1    56
    43     5     6     0     2     8     1    56
    44     7     0     4     1     8     1    47
    45     2     2     2     4     0     1    51
    46     7     0     7     0     0     1    54
    47     5     8     6     9     2     1    48
    48     6     8     0     5     0     1    50
    49     6     4     7     0     8     1    59
    50     1    10     2     1     7     1    54
    51     1    10     0     8     8     1    56
    52     5     8     0     0     2     1    55
    53     2     0     0     2     2     1    60
    54     4     9     0    10     3     1    57
    55     3     0     3     0     4     1    59
    56     5     5     0     9     0     1    58
    57     1     9     9     3     8     1    58
    58     3     8     3     7     4     1    61
    59     2     6     1     1     0     1    61
    60     1     6     5     9     9     1    61
    61     0     0     0     0     0     0
--------------------------------------------------------------------------------
INFORMATION OF PROJECT 6:
#jobs  release  duedate
    62     0    93
#local resources
     2
R_L1   R_L2   
    20    18
jobnr.  dur.  r_G1  r_G2  r_L1  r_L2  #succ.  successors
     0     0     0     0     0     0     3     1     2     3
     1     9     6     6     6    10     3     6     7    13
     2     7     7     0     0     5     1    54
     3     3     5     3     5     9     2     4    10
     4     6     0     4     0     7     3     5    11    25
     5     4     1     2     8     0     3     8    12    21
     6     5     8     3     0     6     1    22
     7     7     6     9     0     0     3     9    18    33
     8     7     2     4     2     2     2    20    32
     9     2     8     0     4    10     1    23
    10     9     3     5     9     0     3    15    24    33
    11     5     0     3     7     6     1    39
    12     6    10     0     3     0     1    36
    13     1     5     2     0     6     3    14    16    19
    14     4     7     7     7     1     1    60
    15     4     9     4     6     0     3    17    23    27
    16     5     0     7     6     5     1    44
    17     2     3     8    10     0     2    43    45
    18     4     0    10     7    10     3    34    37    38
    19     5     8     3     5    10     2    30    53
    20     3     5     7    10     3     3    28    41    50
    21     7     0     1     6     0     1    26
    22     2     0     8    10     0     1    58
    23    10     7     2     0     5     1    36
    24     1     0     6     0     5     1    29
    25     7     3     1    10     1     2    40    49
    26     5     4     3     0     0     1    30
    27     7    10     9     8     0     1    30
    28     4     2     8     0     6     1    49
    29     6     0     9     9     5     1    57
    30     3     9     6     7     5     3    31    35    47
    31     5     0     8     7    10     1    46
    32     9     8     0     3    10     3    42    46    47
    33     1     0     5     4     2     1    56
    34     6     0     2     6    10     1    41
    35     6     8     5     7     3     1    57
    36     5     3     9     0     6     1    55
    37     5     2     0     5     4     1    39
    38     9     5     4     0     1     1    59
    39     2     7     6     9     3     1    43
    40     9     1     0     0     3     1    42
    41     8     3     5     2     0     1    52
    42     7     0     0     7     9     1    53
    43     3     6     0     2    10     1    57
    44     7     0     0     6     0     2    51    53
    45     9     3     0     6     5     1    55
    46     5    10     0     8     2     2    48    49
    47     8     0     8     8     4     1    51
    48     2     0     5     6     1     1    56
    49     3     2     2     3    10     2    51    52
    50     8     0     2     4     4     1    52
    51     3     0     4     8     5     1    59
    52     4     4     3     0     9     1    55
    53     5    10     7     5     3     1    59
    54     4     0    10     5     0     1    60
    55     3    10     9     8     3     1    58
    56     5     4     0     3     9     1    58
    57     6     4     7     8     9     1    60
    58     4     6     0     3    10     1    61
    59     2     1     6     8     3     1    61
    60     5     8     0     0     5     1    61
    61     0     0     0     0     0     0
--------------------------------------------------------------------------------
INFORMATION OF PROJECT 7:
#jobs  release  duedate
    62     0    84
#local resources
     2
R_L1   R_L2   
    34    39
jobnr.  dur.  r_G1  r_G2  r_L1  r_L2  #succ.  successors
     0     0     0     0     0     0     3     1     2     3
     1     6     2    10     1     5     3     4    15    24
     2    10     1     7     2     1     3     7    18    21
     3     9     5     5     7     8     3     5     6     8
     4     9     7     3     3     2     2    36    37
     5     9    10     7     9     9     3    20    23    29
     6     1     3     5     3     6     3    13    47    52
     7     7     2     1     7     3     3    23    25    47
     8     5     6     5     1    10     2     9    12
     9     3     8     4     4     1     2    10    16
    10     9    10    10    10     2     3    11    17    32
    11     8     9     5     6     9     3    30    45    55
    12     4     3     7     1     6     2    14    16
    13     8     2    10     4     6     2    51    59
    14     7     5     3     7     2     1    21
    15     8     5     2     8     6     2    41    58
    16     6     7     5     2     6     2    30    33
    17     6     1     9     8     6     3    19    25    50
    18     7     3     2    10     7     1    39
    19     8     1     9     5     3     1    35
    20    10     5     2     5     6     2    31    46
    21     7     9     4     6     3     2    22    27
    22    10     7     9     6     7     2    37    55
    23     6     2     5     1     6     2    27    28
    24     8     6     3    10     4     2    26    29
    25     1     9     2     9    10     2    38    49
    26     4     5     1     9     3     2    35    50
    27     1     7     5     1     7     2    38    43
    28     8     8     6     8    10     1    34
    29     3     1     3     2     6     3    34    40    50
    30     1     7     6     5     4     2    43    48
    31     8     8    10     8    10     2    32    42
    32     8     7     6     9     5     1    49
    33     9     3     8     9     7     1    60
    34     6     9     6     4     5     3    44    45    53
    35     6     4     9     3     1     1    40
    36     9     8    10     7     3     3    39    48    51
    37     7     2     4     6     3     2    43    45
    38     3     7     5     3     4     1    44
    39     2     2     8     9     2     2    40    42
    40     6     7     3     5     2     2    47    52
    41     9     8     8     1     7     2    44    56
    42     9     7     3     8     4     2    59    60
    43     5     1     1     5     7     1    56
    44    10    10     6     4     9     1    54
    45     4     3     8     3     4     2    46    48
    46     4     2     8     3    10     2    49    59
    47     3     1    10    10    10     1    54
    48     5     7     2     9     8     1    54
    49     8     2     1     3     1     1    58
    50    10     9    10     9    10     2    53    57
    51     1     9     4     2     7     1    55
    52     8    10     1     7    10     1    53
    53     3    10     8     4    10     1    58
    54     9     3     1     9     9     1    57
    55     2     7    10     3     2     1    56
    56     7     4     6     9     2     1    57
    57     1     6     6     1     5     1    60
    58     5     1     7     2     8     1    61
    59     3     6     2     6     6     1    61
    60     4     5    10    10    10     1    61
    61     0     0     0     0     0     0
--------------------------------------------------------------------------------
INFORMATION OF PROJECT 8:
#jobs  release  duedate
    62     0   131
#local resources
     2
R_L1   R_L2   
    19    20
jobnr.  dur.  r_G1  r_G2  r_L1  r_L2  #succ.  successors
     0     0     0     0     0     0     3     1     2     3
     1    10     4     9     4    10     3     4     5    12
     2     6     6     7     7     6     3     8    11    17
     3     5     5     1     4     1     3     6    16    23
     4     8     1     6     8     9     3     7    10    21
     5     3     1     9     9     3     3    11    19    49
     6     6     7     3     7     6     3     9    13    22
     7     6     6     1     3     6     3    14    26    49
     8    10     1     7     3    10     3     9    21    36
     9     9     4     5     1     9     3    18    28    33
    10     6     2     5     8     4     3    17    18    25
    11     1     6     5     5     4     3    15    30    31
    12     7     3     4     9     3     3    29    41    57
    13     6    10     2     6     6     3    18    42    43
    14     2     7     6     7     3     1    50
    15     9     7     4     3     4     3    32    41    57
    16     9     1     5     4     7     3    26    39    42
    17     3     2     2     4     7     1    31
    18     3     3     9     7     9     3    38    39    51
    19     9     1     9     1     6     2    20    43
    20     5    10     1     1     7     3    28    34    56
    21     4     1     4     3     2     3    24    32    40
    22     2     7     3     5     8     1    24
    23     9     7    10     1     6     2    33    36
    24     4     9     6     3     2     3    28    35    37
    25     3     2     8     5     4     3    27    34    50
    26     2    10     4    10     6     2    33    48
    27     9     4     5     8    10     3    32    36    49
    28     7     9     7     7    10     1    41
    29     4     8     6     6     7     3    31    35    50
    30     3    10    10     5     2     3    37    46    52
    31     9    10     4     8     9     2    40    45
    32     8     2     7     6     2     2    38    53
    33     8     9     6    10     3     2    37    40
    34     1    10    10     5     9     3    35    44    53
    35     9     8     7     6     3     1    38
    36    10     3    10     4     6     3    39    46    47
    37     3    10     6     8     3     3    43    45    55
    38     6     9     2     8     3     1    47
    39     6    10     7     5     3     2    44    55
    40     3     9     5     7     4     1    59
    41     1     7     5     1     4     3    44    47    59
    42     5     6     3     6     8     3    45    46    48
    43     2     6     6     9     4     2    51    54
    44     2     1     9     3     7     1    52
    45     6    10    10     2     2     2    53    56
    46     6     4     8     3     6     1    51
    47    10     3     7     4     1     2    48    58
    48     4     4     7     5     5     1    52
    49     1     3     7     2     1     2    54    55
    50    10     9     3     9     8     2    54    58
    51     4     2     4     7     4     1    57
    52     9     1     1     9     8     1    60
    53     2     2     9     8     1     1    60
    54     9     8     1     6     7     1    60
    55     2    10     7     6     9     1    56
    56     2    10     9    10     5     1    59
    57     2     1     8     8     4     1    58
    58     4     6     2     8     3     1    61
    59     9     6     1     8     9     1    61
    60     5     8    10     8     4     1    61
    61     0     0     0     0     0     0
--------------------------------------------------------------------------------
TRANSFER TIMES OF GLOBAL RESOURCE G1
 DEPOT    P1    P2    P3    P4    P5    P6    P7    P8
     0     7    10     8     9    12     6     7     8
     7     0     6    11     4     9    10    13     6
    10     6     0    10     8    14    15    16    11
     8    11    10     0    14    18    14     9    15
     9     4     8    14     0     6    10    16     4
    12     9    14    18     6     0     9    17     4
     6    10    15    14    10     9     0     9     7
     7    13    16     9    16    17     9     0    14
     8     6    11    15     4     4     7    14     0
--------------------------------------------------------------------------------
TRANSFER TIMES OF GLOBAL RESOURCE G2
 DEPOT    P1    P2    P3    P4    P5    P6    P7    P8
     0     7    12     6     2     8    11     5     8
     7     0    18    10     8    13     4     6     3
    12    18     0    14    12    14    21    13    18
     6    10    14     0     4     3    13     9    11
     2     8    12     4     0     6    11     6     9
     8    13    14     3     6     0    16    12    14
    11     4    21    13    11    16     0     8     4
     5     6    13     9     6    12     8     0     5
     8     3    18    11     9    14     4     5     0
--------------------------------------------------------------------------------
Additional Information: 
global resource strength = 0.2
transfer time factor = 0.2
adapted from RCPSP instances: 
[j6013_9, j6025_10, j609_4, j6013_3, j609_2, j609_5, j6030_5, j6045_9]
